7344.9972091	7499.9984178	7499.6820801	-2.0000667	-2.0000667	0.0192402	0.2504058	0.1604729	0.0000000	7345.0000000
7344.9972091	7494.9851784	7494.7226807	-2.0000667	-2.0000667	0.0218063	0.2499083	0.1644138	0.0000000	0.0000000
7344.9972091	7489.9851278	7489.7632813	-2.0000667	-2.0000667	0.0230178	0.2492042	0.1602708	0.0000000	0.0000000
7344.9972091	7484.9878658	7484.8038818	-2.0000667	-2.0000667	0.0241719	0.2508105	0.1629271	0.0000000	0.0000000
7344.9972091	7479.9855080	7479.8981445	-2.0000667	-2.0000667	0.0257599	0.2512189	0.1650533	0.0000000	0.0000000
7344.9972091	7474.9849184	7474.9977734	-2.0000667	-2.0000667	0.0270957	0.2523883	0.1610448	0.0000000	0.0000000
7344.9972091	7469.9894082	7469.6519141	-2.0000667	-2.0000667	0.0272542	0.2494188	0.1611603	0.0000000	0.0000000
7344.9972091	7464.9852369	7464.7515430	-2.0000667	-2.0000667	0.0295104	0.2535571	0.1611603	0.0000000	0.0000000
7344.9972091	7459.9859450	7459.8511719	-2.0000667	-2.0000667	0.0304493	0.2528647	0.1600585	0.0000000	0.0000000
7344.9972091	7454.9837915	7454.9508008	-2.0000667	-2.0000667	0.0325118	0.2519330	0.1616167	0.0000000	0.0000000
7344.9972091	7449.9909928	7449.6049414	-2.0000667	-2.0000667	0.0329534	0.2518728	0.1655358	0.0000000	0.0000000
7344.9972091	7444.9822808	7444.7045703	-2.0000667	-2.0000667	0.0338015	0.2489080	0.1642672	0.0000000	0.0000000
7344.9972091	7439.9825665	7439.8041992	-2.0000667	-2.0000667	0.0342572	0.2501255	0.1648318	0.0000000	0.0000000
7344.9972091	7434.9858514	7434.9618359	-2.0000667	-2.0000667	0.0367279	0.2509227	0.1669357	0.0000000	0.0000000
7344.9972091	7429.9906461	7429.6792578	-2.0000667	-2.0000667	0.0383320	0.2491641	0.1696539	0.0000000	0.0000000
7344.9972091	7424.9840682	7424.8368945	-2.0000667	-2.0000667	0.0397069	0.2518835	0.1692588	0.0000000	0.0000000
7344.9972091	7419.9832450	7419.9945313	-2.0000667	-2.0000667	0.0404067	0.2462388	0.1722566	0.0000000	0.0000000
7344.9972091	7414.9852991	7414.7119531	-2.0000667	-2.0000667	0.0434647	0.2505105	0.1684667	0.0000000	0.0000000
7344.9972091	7409.9893015	7409.8695898	-2.0000667	-2.0000667	0.0465459	0.2515485	0.1725013	0.0000000	0.0000000
7344.9972091	7404.9855505	7404.5870117	-2.0000667	-2.0000667	0.0486060	0.2525073	0.1734568	0.0000000	0.0000000
7344.9972091	7399.9893051	7399.7446484	-2.0000667	-2.0000667	0.0475896	0.2508575	0.1740253	0.0000000	0.0000000
7344.9972091	7394.9884007	7394.9126367	-2.0000667	-2.0000667	0.0479065	0.2489531	0.1724791	0.0000000	0.0000000
7344.9972091	7389.9873611	7389.6921680	-2.0000667	-2.0000667	0.0479386	0.2467328	0.1733857	0.0000000	0.0000000
7344.9972091	7384.9891170	7384.9067383	-2.0000667	-2.0000667	0.0515388	0.2506152	0.1782395	0.0000000	0.0000000
7344.9972091	7379.9891067	7379.6862695	-2.0000667	-2.0000667	0.0538539	0.2491143	0.1758854	0.0000000	0.0000000
7344.9972091	7374.9819628	7374.9008398	-2.0000667	-2.0000667	0.0550573	0.2503781	0.1777886	0.0000000	0.0000000
7344.9972091	7369.9839616	7369.6803711	-2.0000667	-2.0000667	0.0579685	0.2514884	0.1792861	0.0000000	0.0000000
7344.9972091	7364.9814683	7364.8949414	-2.0000667	-2.0000667	0.0572446	0.2493779	0.1817620	0.0000000	0.0000000
7344.9972091	7359.9861795	7359.6744727	-2.0000667	-2.0000667	0.0593184	0.2491876	0.1833933	0.0000000	0.0000000
7344.9972091	7354.9814419	7354.8890430	-2.0000667	-2.0000667	0.0687018	0.2511002	0.1808571	0.0000000	0.0000000
7344.9972091	7349.9874287	7349.6991016	-2.0000667	-2.0000667	0.0667424	0.2510604	0.1796321	0.0000000	0.0000000
7344.9972091	7344.9860594	7344.9696387	-2.0000667	-2.0000667	0.0653757	0.2523972	0.1758816	0.0000000	0.0000000
7344.9972091	7339.9906619	7339.8102246	-2.0000667	-2.0000667	0.0634821	0.2509645	0.1780756	0.0000000	0.0000000
7344.9972091	7334.9876819	7334.6508105	-2.0000667	-2.0000667	0.0631084	0.2505797	0.1816688	0.0000000	0.0000000
7344.9972091	7329.9862695	7329.9213477	-2.0000667	-2.0000667	0.0665197	0.2507318	0.1890983	0.0000000	0.0000000
7344.9972091	7324.9878305	7324.7619336	-2.0000667	-2.0000667	0.0652380	0.2509839	0.1857297	0.0000000	0.0000000
7344.9972091	7319.9871533	7319.6025195	-2.0000667	-2.0000667	0.0652218	0.2480485	0.1882019	0.0000000	0.0000000
7344.9972091	7314.9856062	7314.8730566	-2.0000667	-2.0000667	0.0639886	0.2485623	0.1877985	0.0000000	0.0000000
7344.9972091	7309.9868361	7309.7136426	-2.0000667	-2.0000667	0.0649325	0.2501178	0.1896488	0.0000000	0.0000000
7344.9972091	7304.9850290	7304.6092822	-2.0000667	-2.0000667	0.0632936	0.2487137	0.1863145	0.0000000	0.0000000
7344.9972091	7299.9832770	7299.9348730	-2.0000667	-2.0000667	0.0639586	0.2502799	0.1879895	0.0000000	0.0000000
7344.9972091	7294.9829595	7294.8355176	-2.0000667	-2.0000667	0.0633495	0.2491222	0.1907059	0.0000000	0.0000000
7344.9972091	7289.9893932	7289.7361621	-2.0000667	-2.0000667	0.0638153	0.2487906	0.1924423	0.0000000	0.0000000
7344.9972091	7284.9854524	7284.6368066	-2.0000667	-2.0000667	0.0635741	0.2487689	0.1942441	0.0000000	0.0000000
7344.9972091	7279.9884279	7279.9623975	-2.0000667	-2.0000667	0.0634904	0.2492653	0.1927616	0.0000000	0.0000000
7344.9972091	7274.9872494	7274.8630420	-2.0000667	-2.0000667	0.0638431	0.2489229	0.1915670	0.0000000	0.0000000
7344.9972091	7269.9840093	7269.7636865	-2.0000667	-2.0000667	0.0622188	0.2501489	0.1918621	0.0000000	0.0000000
7344.9972091	7264.9876701	7264.6888672	-2.0000667	-2.0000667	0.0652913	0.2516008	0.1918854	0.0000000	0.0000000
7344.9972091	7259.9859215	7259.6483984	-2.0000667	-2.0000667	0.0648445	0.2497887	0.1912996	0.0000000	0.0000000
7344.9972091	7254.9850358	7254.6079297	-2.0000667	-2.0000667	0.0644827	0.2508389	0.1903599	0.0000000	0.0000000
7344.9972091	7249.9873132	7249.9875000	-2.0000667	-2.0000667	0.0644241	0.2502793	0.1888278	0.0000000	0.0000000
7344.9972091	7244.9864276	7244.9470313	-2.0000667	-2.0000667	0.0625883	0.2517551	0.1901041	0.0000000	0.0000000
7344.9972091	7239.9880707	7239.9065625	-2.0000667	-2.0000667	0.0612817	0.2519381	0.1899237	0.0000000	0.0000000
7344.9972091	7234.9891235	7234.8660938	-2.0000667	-2.0000667	0.0626606	0.2512838	0.1921030	0.0000000	0.0000000
7344.9972091	7229.9871902	7229.8256250	-2.0000667	-2.0000667	0.0636254	0.2521011	0.1915132	0.0000000	0.0000000
7344.9972091	7224.9850300	7224.7851563	-2.0000667	-2.0000667	0.0639595	0.2510441	0.1897826	0.0000000	0.0000000
7344.9972091	7219.9867826	7219.8026367	-2.0000667	-2.0000667	0.0634086	0.2536289	0.1898937	0.0000000	0.0000000
7344.9972091	7214.9827535	7214.8201172	-2.0000667	-2.0000667	0.0646659	0.2528881	0.1934667	0.0000000	0.0000000
7344.9972091	7209.9867265	7209.8375977	-2.0000667	-2.0000667	0.0616718	0.2538516	0.1899105	0.0000000	0.0000000
7344.9972091	7204.9856049	7204.8550781	-2.0000667	-2.0000667	0.0604297	0.2519725	0.1887858	0.0000000	0.0000000
7344.9972091	7199.9844833	7199.8725586	-2.0000667	-2.0000667	0.0594562	0.2515378	0.1878048	0.0000000	0.0000000
7344.9972091	7194.9897404	7194.8900391	-2.0000667	-2.0000667	0.0610657	0.2526428	0.1875343	0.0000000	0.0000000
7344.9972091	7189.9844123	7189.9075195	-2.0000667	-2.0000667	0.0586959	0.2528193	0.1896572	0.0000000	0.0000000
7344.9972091	7184.9857226	7184.9250000	-2.0000667	-2.0000667	0.0606255	0.2485444	0.1962365	0.0000000	0.0000000
7344.9972091	7179.9835760	7179.9804492	-2.0000667	-2.0000667	0.0552740	0.2490742	0.1952734	0.0000000	0.0000000
7344.9972091	7174.9840016	7174.6444189	-2.0000667	-2.0000667	0.0547550	0.2494982	0.1958514	0.0000000	0.0000000
7344.9972091	7169.9844272	7169.7188525	-2.0000667	-2.0000667	0.0521777	0.2482300	0.1955673	0.0000000	0.0000000
7344.9972091	7164.9848528	7164.7932861	-2.0000667	-2.0000667	0.0514650	0.2488114	0.1953008	0.0000000	0.0000000
7344.9972091	7159.9842183	7159.8677197	-2.0000667	-2.0000667	0.0486704	0.2492937	0.1971470	0.0000000	0.0000000
7344.9972091	7154.9859714	7154.9421533	-2.0000667	-2.0000667	0.0487023	0.2518939	0.1961499	0.0000000	0.0000000
7344.9972091	7149.9845143	7149.6061230	-2.0000667	-2.0000667	0.0465029	0.2511898	0.1993494	0.0000000	0.0000000
7344.9972091	7144.9847639	7144.6805566	-2.0000667	-2.0000667	0.0447672	0.2500941	0.1971356	0.0000000	0.0000000
7344.9972091	7139.9856218	7139.7829688	-2.0000667	-2.0000667	0.0440436	0.2504272	0.1970161	0.0000000	0.0000000
7344.9972091	7134.9864797	7134.9133594	-2.0000667	-2.0000667	0.0424408	0.2523196	0.1964087	0.0000000	0.0000000
7344.9972091	7129.9863643	7129.6379492	-2.0000667	-2.0000667	0.0418762	0.2532369	0.1944141	0.0000000	0.0000000
7344.9972091	7124.9850629	7124.7683398	-2.0000667	-2.0000667	0.0404397	0.2521000	0.1952683	0.0000000	0.0000000
7344.9972091	7119.9869188	7119.8987305	-2.0000667	-2.0000667	0.0386229	0.2521562	0.1912246	0.0000000	0.0000000
7344.9972091	7114.9856174	7114.6233203	-2.0000667	-2.0000667	0.0356700	0.2522203	0.1929150	0.0000000	0.0000000
7344.9972091	7109.9882914	7109.7537109	-2.0000667	-2.0000667	0.0365453	0.2519518	0.1925864	0.0000000	0.0000000
7344.9972091	7104.9825351	7104.8841016	-2.0000667	-2.0000667	0.0346809	0.2509325	0.1935178	0.0000000	0.0000000
7344.9972091	7099.9837702	7099.6316406	-2.0000667	-2.0000667	0.0335140	0.2496328	0.1950166	0.0000000	0.0000000
7344.9972091	7094.9817088	7094.8171094	-2.0000667	-2.0000667	0.0310571	0.2503544	0.1928041	0.0000000	0.0000000
7344.9972091	7089.9874198	7089.6013672	-2.0000667	-2.0000667	0.0307522	0.2504005	0.1926294	0.0000000	0.0000000
7344.9972091	7084.9855810	7084.7868359	-2.0000667	-2.0000667	0.0289948	0.2516992	0.1941313	0.0000000	0.0000000
7344.9972091	7079.9837421	7079.9723047	-2.0000667	-2.0000667	0.0263325	0.2507615	0.1951392	0.0000000	0.0000000
7344.9972091	7074.9849890	7074.7565625	-2.0000667	-2.0000667	0.0247954	0.2519269	0.1928370	0.0000000	0.0000000
7344.9972091	7069.9882576	7069.9420313	-2.0000667	-2.0000667	0.0231376	0.2474504	0.1944138	0.0000000	0.0000000
7344.9972091	7064.9842688	7064.7262891	-2.0000667	-2.0000667	0.0230602	0.2450719	0.1956830	0.0000000	0.0000000
7344.9972091	7059.9851958	7059.9297656	-2.0000667	-2.0000667	0.0191538	0.2433572	0.1966964	0.0000000	0.0000000
7344.9972091	7054.9845719	7054.7725488	-2.0000667	-2.0000667	0.0241533	0.2446831	0.1909709	0.0000000	0.0000000
7344.9972091	7049.9839480	7049.6153320	-2.0000667	-2.0000667	0.0177810	0.2478451	0.1936013	0.0000000	0.0000000
7344.9972091	7044.9839562	7044.8548242	-2.0000667	-2.0000667	0.0172910	0.2461312	0.1929651	0.0000000	0.0000000
7344.9972091	7039.9847173	7039.6976074	-2.0000667	-2.0000667	0.0163097	0.2485659	0.1935325	0.0000000	0.0000000
7344.9972091	7034.9887891	7034.9370996	-2.0000667	-2.0000667	0.0151841	0.2479222	0.1932281	0.0000000	0.0000000
7344.9972091	7029.9865333	7029.7798828	-2.0000667	-2.0000667	0.0137725	0.2498152	0.1925691	0.0000000	0.0000000
7344.9972091	7024.9874950	7024.6226660	-2.0000667	-2.0000667	0.0139181	0.2494806	0.1920313	0.0000000	0.0000000
7344.9972091	7019.9852022	7019.8843262	-2.0000667	-2.0000667	0.0127184	0.2492134	0.1935778	0.0000000	0.0000000
7344.9972091	7014.9861162	7014.7847461	-2.0000667	-2.0000667	0.0140662	0.2498872	0.1938029	0.0000000	0.0000000
7344.9972091	7009.9855214	7009.6851660	-2.0000667	-2.0000667	0.0103835	0.2515918	0.1937250	0.0000000	0.0000000
7344.9972091	7004.9816281	7004.9778613	-2.0000667	-2.0000667	0.0111549	0.2501820	0.1913567	0.0000000	0.0000000
7344.9972091	7000.0292969	6999.8782813	-2.0000667	-2.0000667	0.0090106	0.2506051	0.1915083	0.0000000	0.0000000
