7494.9960085	7499.9984178	7499.6820801	-2.0000667	-2.0000667	0.0051975	0.2621582	0.1604324	0.0000000	7495.0000000
7494.9960085	7494.9935444	7494.7226807	-2.0000667	-2.0000667	0.0067061	0.2613813	0.1608022	0.0000000	0.0000000
7494.9960085	7489.9879164	7489.7632813	-2.0000667	-2.0000667	0.0048887	0.2613219	0.1646563	0.0000000	0.0000000
7494.9960085	7484.9878658	7484.8038818	-2.0000667	-2.0000667	0.0044633	0.2624270	0.1632697	0.0000000	0.0000000
7494.9960085	7479.9905873	7479.8981445	-2.0000667	-2.0000667	0.0054061	0.2615123	0.1629076	0.0000000	0.0000000
7494.9960085	7474.9874581	7474.9977734	-2.0000667	-2.0000667	0.0066947	0.2614745	0.1652493	0.0000000	0.0000000
7494.9960085	7469.9894082	7469.6519141	-2.0000667	-2.0000667	0.0343839	0.2623625	0.1639880	0.0000000	0.0000000
7494.9960085	7464.9852369	7464.7515430	-2.0000667	-2.0000667	0.0043091	0.2631714	0.1606791	0.0000000	0.0000000
7494.9960085	7459.9859450	7459.8511719	-2.0000667	-2.0000667	0.0043116	0.2622545	0.1632574	0.0000000	0.0000000
7494.9960085	7454.9866531	7454.9508008	-2.0000667	-2.0000667	0.0042039	0.2624075	0.1634548	0.0000000	0.0000000
7494.9960085	7449.9849944	7449.6049414	-2.0000667	-2.0000667	0.0046978	0.2607748	0.1706686	0.0000000	0.0000000
7494.9960085	7444.9852800	7444.7045703	-2.0000667	-2.0000667	0.0063699	0.2625278	0.1648654	0.0000000	0.0000000
7494.9960085	7439.9825665	7439.8041992	-2.0000667	-2.0000667	0.0102994	0.2615878	0.1677570	0.0000000	0.0000000
7494.9960085	7434.9858514	7434.9618359	-2.0000667	-2.0000667	0.0084170	0.2623531	0.1666648	0.0000000	0.0000000
7494.9960085	7429.9877688	7429.6792578	-2.0000667	-2.0000667	0.0050280	0.2639086	0.1658561	0.0000000	0.0000000
7494.9960085	7424.9840682	7424.8368945	-2.0000667	-2.0000667	0.0060106	0.2620146	0.1680801	0.0000000	0.0000000
7494.9960085	7419.9889997	7419.9945313	-2.0000667	-2.0000667	0.0047461	0.2627177	0.1657804	0.0000000	0.0000000
7494.9960085	7414.9852991	7414.7119531	-2.0000667	-2.0000667	0.0134452	0.2616692	0.1669895	0.0000000	0.0000000
7494.9960085	7409.9893015	7409.8695898	-2.0000667	-2.0000667	0.0049983	0.2611389	0.1677550	0.0000000	0.0000000
7494.9960085	7404.9855505	7404.5870117	-2.0000667	-2.0000667	0.0064858	0.2618763	0.1694692	0.0000000	0.0000000
7494.9960085	7399.9868032	7399.7446484	-2.0000667	-2.0000667	0.0119812	0.2619471	0.1667372	0.0000000	0.0000000
7494.9960085	7394.9856052	7394.9126367	-2.0000667	-2.0000667	0.0144626	0.2632047	0.1672872	0.0000000	0.0000000
7494.9960085	7389.9873611	7389.6921680	-2.0000667	-2.0000667	0.0107394	0.2617731	0.1683671	0.0000000	0.0000000
7494.9960085	7384.9891170	7384.9067383	-2.0000667	-2.0000667	0.0073456	0.2623490	0.1652012	0.0000000	0.0000000
7494.9960085	7379.9891067	7379.6862695	-2.0000667	-2.0000667	0.0208516	0.2612491	0.1682340	0.0000000	0.0000000
7494.9960085	7374.9850104	7374.9008398	-2.0000667	-2.0000667	0.0162639	0.2628260	0.1696917	0.0000000	0.0000000
7494.9960085	7369.9839616	7369.6803711	-2.0000667	-2.0000667	0.0105432	0.2621832	0.1703369	0.0000000	0.0000000
7494.9960085	7364.9814683	7364.8949414	-2.0000667	-2.0000667	0.0208898	0.2626235	0.1698815	0.0000000	0.0000000
7494.9960085	7359.9861795	7359.6744727	-2.0000667	-2.0000667	0.0093673	0.2612659	0.1715396	0.0000000	0.0000000
7494.9960085	7354.9814419	7354.8890430	-2.0000667	-2.0000667	0.0122603	0.2612344	0.1719819	0.0000000	0.0000000
7494.9960085	7349.9814569	7349.6991016	-2.0000667	-2.0000667	0.0175927	0.2615084	0.1752070	0.0000000	0.0000000
7494.9960085	7344.9860594	7344.9696387	-2.0000667	-2.0000667	0.0188180	0.2613584	0.1730907	0.0000000	0.0000000
7494.9960085	7339.9876760	7339.8102246	-2.0000667	-2.0000667	0.0084039	0.2616558	0.1725608	0.0000000	0.0000000
7494.9960085	7334.9906554	7334.6508105	-2.0000667	-2.0000667	0.0114528	0.2625428	0.1706495	0.0000000	0.0000000
7494.9960085	7329.9862695	7329.9213477	-2.0000667	-2.0000667	0.0110753	0.2609595	0.1756892	0.0000000	0.0000000
7494.9960085	7324.9878305	7324.7619336	-2.0000667	-2.0000667	0.0116514	0.2600913	0.1730192	0.0000000	0.0000000
7494.9960085	7319.9843762	7319.6025195	-2.0000667	-2.0000667	0.0165145	0.2616792	0.1714617	0.0000000	0.0000000
7494.9960085	7314.9883833	7314.8730566	-2.0000667	-2.0000667	0.0076405	0.2630200	0.1744994	0.0000000	0.0000000
7494.9960085	7309.9868361	7309.7136426	-2.0000667	-2.0000667	0.0078865	0.2628589	0.1761147	0.0000000	0.0000000
7494.9960085	7304.9850290	7304.6092822	-2.0000667	-2.0000667	0.0097975	0.2622527	0.1718787	0.0000000	0.0000000
7494.9960085	7299.9890361	7299.9348730	-2.0000667	-2.0000667	0.0094087	0.2611047	0.1751029	0.0000000	0.0000000
7494.9960085	7294.9829595	7294.8355176	-2.0000667	-2.0000667	0.0099393	0.2613953	0.1757278	0.0000000	0.0000000
7494.9960085	7289.9893932	7289.7361621	-2.0000667	-2.0000667	0.0094692	0.2618585	0.1773684	0.0000000	0.0000000
7494.9960085	7284.9854524	7284.6368066	-2.0000667	-2.0000667	0.0082515	0.2623240	0.1766090	0.0000000	0.0000000
7494.9960085	7279.9849698	7279.9623975	-2.0000667	-2.0000667	0.0081409	0.2636089	0.1779067	0.0000000	0.0000000
7494.9960085	7274.9837989	7274.8630420	-2.0000667	-2.0000667	0.0088998	0.2624053	0.1764240	0.0000000	0.0000000
7494.9960085	7269.9840093	7269.7636865	-2.0000667	-2.0000667	0.0213187	0.2618613	0.1768315	0.0000000	0.0000000
7494.9960085	7264.9876701	7264.6888672	-2.0000667	-2.0000667	0.0133585	0.2628212	0.1783402	0.0000000	0.0000000
7494.9960085	7259.9859215	7259.6483984	-2.0000667	-2.0000667	0.0094359	0.2623275	0.1787603	0.0000000	0.0000000
7494.9960085	7254.9850358	7254.6079297	-2.0000667	-2.0000667	0.0104747	0.2620380	0.1788937	0.0000000	0.0000000
7494.9960085	7249.9873132	7249.9875000	-2.0000667	-2.0000667	0.0088328	0.2630317	0.1774315	0.0000000	0.0000000
7494.9960085	7244.9864276	7244.9470313	-2.0000667	-2.0000667	0.0092197	0.2619716	0.1780233	0.0000000	0.0000000
7494.9960085	7239.9880707	7239.9065625	-2.0000667	-2.0000667	0.0102582	0.2594050	0.1843616	0.0000000	0.0000000
7494.9960085	7234.9861373	7234.8660938	-2.0000667	-2.0000667	0.0108890	0.2617109	0.1826692	0.0000000	0.0000000
7494.9960085	7229.9871902	7229.8256250	-2.0000667	-2.0000667	0.0088184	0.2619456	0.1812253	0.0000000	0.0000000
7494.9960085	7224.9879209	7224.7851563	-2.0000667	-2.0000667	0.0087889	0.2618995	0.1816809	0.0000000	0.0000000
7494.9960085	7219.9867826	7219.8026367	-2.0000667	-2.0000667	0.0084839	0.2618743	0.1798232	0.0000000	0.0000000
7494.9960085	7214.9856444	7214.8201172	-2.0000667	-2.0000667	0.0082416	0.2618389	0.1803800	0.0000000	0.0000000
7494.9960085	7209.9867265	7209.8375977	-2.0000667	-2.0000667	0.0093446	0.2600715	0.1812994	0.0000000	0.0000000
7494.9960085	7204.9823763	7204.8550781	-2.0000667	-2.0000667	0.0087108	0.2609495	0.1824431	0.0000000	0.0000000
7494.9960085	7199.9844833	7199.8725586	-2.0000667	-2.0000667	0.0069626	0.2626885	0.1830625	0.0000000	0.0000000
7494.9960085	7194.9864212	7194.8900391	-2.0000667	-2.0000667	0.0067294	0.2612889	0.1826023	0.0000000	0.0000000
7494.9960085	7189.9844123	7189.9075195	-2.0000667	-2.0000667	0.0072974	0.2619591	0.1833638	0.0000000	0.0000000
7494.9960085	7184.9857226	7184.9250000	-2.0000667	-2.0000667	0.0083608	0.2600845	0.1837434	0.0000000	0.0000000
7494.9960085	7179.9835760	7179.9804492	-2.0000667	-2.0000667	0.0090034	0.2624353	0.1833964	0.0000000	0.0000000
7494.9960085	7174.9840016	7174.6444189	-2.0000667	-2.0000667	0.0110231	0.2621674	0.1844327	0.0000000	0.0000000
7494.9960085	7169.9844272	7169.7188525	-2.0000667	-2.0000667	0.0078469	0.2615767	0.1863401	0.0000000	0.0000000
7494.9960085	7164.9848528	7164.7932861	-2.0000667	-2.0000667	0.0079401	0.2610934	0.1863032	0.0000000	0.0000000
7494.9960085	7159.9842183	7159.8677197	-2.0000667	-2.0000667	0.0074535	0.2609919	0.1866378	0.0000000	0.0000000
7494.9960085	7154.9859714	7154.9421533	-2.0000667	-2.0000667	0.0075039	0.2615588	0.1847056	0.0000000	0.0000000
7494.9960085	7149.9845143	7149.6061230	-2.0000667	-2.0000667	0.0058352	0.2625936	0.1846528	0.0000000	0.0000000
7494.9960085	7144.9847639	7144.6805566	-2.0000667	-2.0000667	0.0058470	0.2616604	0.1841733	0.0000000	0.0000000
7494.9960085	7139.9856218	7139.7829688	-2.0000667	-2.0000667	0.0066815	0.2608857	0.1845129	0.0000000	0.0000000
7494.9960085	7134.9864797	7134.9133594	-2.0000667	-2.0000667	0.0051599	0.2622079	0.1885413	0.0000000	0.0000000
7494.9960085	7129.9863643	7129.6379492	-2.0000667	-2.0000667	0.0053195	0.2615682	0.1890443	0.0000000	0.0000000
7494.9960085	7124.9850629	7124.7683398	-2.0000667	-2.0000667	0.0048661	0.2628311	0.1856764	0.0000000	0.0000000
7494.9960085	7119.9869188	7119.8987305	-2.0000667	-2.0000667	0.0050527	0.2618083	0.1863142	0.0000000	0.0000000
7494.9960085	7114.9856174	7114.6233203	-2.0000667	-2.0000667	0.0076520	0.2606292	0.1873950	0.0000000	0.0000000
7494.9960085	7109.9882914	7109.7537109	-2.0000667	-2.0000667	0.0043811	0.2606785	0.1895171	0.0000000	0.0000000
7494.9960085	7104.9825351	7104.8841016	-2.0000667	-2.0000667	0.0047286	0.2594757	0.1896011	0.0000000	0.0000000
7494.9960085	7099.9872658	7099.6316406	-2.0000667	-2.0000667	0.0043414	0.2609613	0.1863645	0.0000000	0.0000000
7494.9960085	7094.9817088	7094.8171094	-2.0000667	-2.0000667	0.0118882	0.2607274	0.1876140	0.0000000	0.0000000
7494.9960085	7089.9874198	7089.6013672	-2.0000667	-2.0000667	0.0040902	0.2613710	0.1889495	0.0000000	0.0000000
7494.9960085	7084.9893560	7084.7868359	-2.0000667	-2.0000667	0.0037965	0.2618872	0.1897095	0.0000000	0.0000000
7494.9960085	7079.9875171	7079.9723047	-2.0000667	-2.0000667	0.0036458	0.2630562	0.1874348	0.0000000	0.0000000
7494.9960085	7074.9849890	7074.7565625	-2.0000667	-2.0000667	0.0040244	0.2621285	0.1853191	0.0000000	0.0000000
7494.9960085	7069.9846289	7069.9420313	-2.0000667	-2.0000667	0.0035055	0.2622836	0.1863236	0.0000000	0.0000000
7494.9960085	7064.9842688	7064.7262891	-2.0000667	-2.0000667	0.0031694	0.2621337	0.1862061	0.0000000	0.0000000
7494.9960085	7059.9884642	7059.9297656	-2.0000667	-2.0000667	0.0031248	0.2615507	0.1869390	0.0000000	0.0000000
7494.9960085	7054.9878403	7054.7725488	-2.0000667	-2.0000667	0.0033843	0.2617422	0.1889080	0.0000000	0.0000000
7494.9960085	7049.9839480	7049.6153320	-2.0000667	-2.0000667	0.0030530	0.2617529	0.1898743	0.0000000	0.0000000
7494.9960085	7044.9839562	7044.8548242	-2.0000667	-2.0000667	0.0030940	0.2618022	0.1866354	0.0000000	0.0000000
7494.9960085	7039.9880280	7039.6976074	-2.0000667	-2.0000667	0.0032054	0.2613181	0.1895941	0.0000000	0.0000000
7494.9960085	7034.9887891	7034.9370996	-2.0000667	-2.0000667	0.0029045	0.2624094	0.1904419	0.0000000	0.0000000
7494.9960085	7029.9897879	7029.7798828	-2.0000667	-2.0000667	0.0020291	0.2621875	0.1859965	0.0000000	0.0000000
7494.9960085	7024.9874950	7024.6226660	-2.0000667	-2.0000667	0.0026914	0.2626287	0.1864680	0.0000000	0.0000000
7494.9960085	7019.9852022	7019.8843262	-2.0000667	-2.0000667	0.0024993	0.2624904	0.1877935	0.0000000	0.0000000
7494.9960085	7014.9894147	7014.7847461	-2.0000667	-2.0000667	0.0141354	0.2623235	0.1879160	0.0000000	0.0000000
7494.9960085	7009.9855214	7009.6851660	-2.0000667	-2.0000667	0.0023983	0.2606843	0.1917301	0.0000000	0.0000000
7494.9960085	7004.9849267	7004.9778613	-2.0000667	-2.0000667	0.0018125	0.2612764	0.1930381	0.0000000	0.0000000
7494.9960085	7000.0292969	6999.8782813	-2.0000667	-2.0000667	0.0022397	0.2617748	0.1907635	0.0000000	0.0000000
