7039.9952460	7499.9984178	7499.6820801	-2.0000667	-2.0000667	0.0005416	0.2988125	0.1325891	0.0000000	7040.0000000
7039.9952460	7494.9907557	7494.7226807	-2.0000667	-2.0000667	0.0003655	0.2995845	0.1231312	0.0000000	0.0000000
7039.9952460	7489.9879164	7489.7632813	-2.0000667	-2.0000667	0.0003806	0.2990096	0.1144075	0.0000000	0.0000000
7039.9952460	7484.9878658	7484.8038818	-2.0000667	-2.0000667	0.0005559	0.2988411	0.1206399	0.0000000	0.0000000
7039.9952460	7479.9931269	7479.8981445	-2.0000667	-2.0000667	0.0011619	0.2993473	0.1341818	0.0000000	0.0000000
7039.9952460	7474.9874581	7474.9977734	-2.0000667	-2.0000667	0.0011370	0.2984427	0.1303940	0.0000000	0.0000000
7039.9952460	7469.9919479	7469.6519141	-2.0000667	-2.0000667	0.0016143	0.2992449	0.1326268	0.0000000	0.0000000
7039.9952460	7464.9852369	7464.7515430	-2.0000667	-2.0000667	0.0013173	0.2992212	0.1293359	0.0000000	0.0000000
7039.9952460	7459.9859450	7459.8511719	-2.0000667	-2.0000667	0.0012098	0.2981393	0.1326589	0.0000000	0.0000000
7039.9952460	7454.9895148	7454.9508008	-2.0000667	-2.0000667	0.0019087	0.2999315	0.1343992	0.0000000	0.0000000
7039.9952460	7450.0329820	7449.6049414	-2.0000667	-2.0000667	0.0022584	0.2988943	0.1353986	0.0000000	0.0000000
7039.9952460	7444.9822808	7444.7045703	-2.0000667	-2.0000667	0.0022294	0.2984421	0.1371672	0.0000000	0.0000000
7039.9952460	7440.0275549	7439.8041992	-2.0000667	-2.0000667	0.0021322	0.2993790	0.1347715	0.0000000	0.0000000
7039.9952460	7435.0248414	7434.9618359	-2.0000667	-2.0000667	0.0015842	0.2994191	0.1295923	0.0000000	0.0000000
7039.9952460	7429.9848914	7429.6792578	-2.0000667	-2.0000667	0.0013994	0.2988728	0.1204360	0.0000000	0.0000000
7039.9952460	7424.9840682	7424.8368945	-2.0000667	-2.0000667	0.0021083	0.2966106	0.1299979	0.0000000	0.0000000
7039.9952460	7419.9889997	7419.9945313	-2.0000667	-2.0000667	0.0031089	0.2979092	0.1338011	0.0000000	0.0000000
7039.9952460	7414.9852991	7414.7119531	-2.0000667	-2.0000667	0.0031132	0.2998607	0.1285552	0.0000000	0.0000000
7039.9952460	7409.9893015	7409.8695898	-2.0000667	-2.0000667	0.0049781	0.3003579	0.1349807	0.0000000	0.0000000
7039.9952460	7404.9830486	7404.5870117	-2.0000667	-2.0000667	0.0052618	0.2972672	0.1328865	0.0000000	0.0000000
7039.9952460	7399.9868032	7399.7446484	-2.0000667	-2.0000667	0.0092076	0.2993093	0.1458258	0.0000000	0.0000000
7039.9952460	7394.9856052	7394.9126367	-2.0000667	-2.0000667	0.0098453	0.2971699	0.1448401	0.0000000	0.0000000
7039.9952460	7389.9845657	7389.6921680	-2.0000667	-2.0000667	0.0054686	0.2994558	0.1294963	0.0000000	0.0000000
7039.9952460	7384.9891170	7384.9067383	-2.0000667	-2.0000667	0.0098558	0.3011061	0.1385182	0.0000000	0.0000000
7039.9952460	7380.0378677	7379.6862695	-2.0000667	-2.0000667	0.0110977	0.2967034	0.1411047	0.0000000	0.0000000
7039.9952460	7375.0246287	7374.9008398	-2.0000667	-2.0000667	0.0120071	0.2974197	0.1389967	0.0000000	0.0000000
7039.9952460	7370.0205324	7369.6803711	-2.0000667	-2.0000667	0.0094718	0.2985740	0.1285215	0.0000000	0.0000000
7039.9952460	7365.0192636	7364.8949414	-2.0000667	-2.0000667	0.0097377	0.2985249	0.1376071	0.0000000	0.0000000
7039.9952460	7360.0145260	7359.6744727	-2.0000667	-2.0000667	0.0122017	0.2995483	0.1359938	0.0000000	0.0000000
7039.9952460	7355.0192372	7354.8890430	-2.0000667	-2.0000667	0.0143798	0.2988673	0.1367848	0.0000000	0.0000000
7039.9952460	7350.0262452	7349.6991016	-2.0000667	-2.0000667	0.0174059	0.2981881	0.1386400	0.0000000	0.0000000
7039.9952460	7344.9860594	7344.9696387	-2.0000667	-2.0000667	0.0199873	0.2986654	0.1393854	0.0000000	0.0000000
7039.9952460	7340.0354503	7339.8102246	-2.0000667	-2.0000667	0.0278951	0.2981986	0.1434834	0.0000000	0.0000000
7039.9952460	7335.0293108	7334.6508105	-2.0000667	-2.0000667	0.0292510	0.2964535	0.1464570	0.0000000	0.0000000
7039.9952460	7330.0278983	7329.9213477	-2.0000667	-2.0000667	0.0335535	0.2953060	0.1461742	0.0000000	0.0000000
7039.9952460	7325.0294594	7324.7619336	-2.0000667	-2.0000667	0.0368724	0.2991703	0.1456438	0.0000000	0.0000000
7039.9952460	7319.9843762	7319.6025195	-2.0000667	-2.0000667	0.0459648	0.2984404	0.1489143	0.0000000	0.0000000
7039.9952460	7314.9856062	7314.8730566	-2.0000667	-2.0000667	0.0457234	0.2994700	0.1507798	0.0000000	0.0000000
7039.9952460	7309.9868361	7309.7136426	-2.0000667	-2.0000667	0.0418062	0.2964274	0.1471764	0.0000000	0.0000000
7039.9952460	7304.9850290	7304.6092822	-2.0000667	-2.0000667	0.0413800	0.3002158	0.1482622	0.0000000	0.0000000
7039.9952460	7299.9890361	7299.9348730	-2.0000667	-2.0000667	0.0438657	0.3009003	0.1429122	0.0000000	0.0000000
7039.9952460	7295.0417481	7294.8355176	-2.0000667	-2.0000667	0.0390052	0.3013937	0.1368644	0.0000000	0.0000000
7039.9952460	7289.9859351	7289.7361621	-2.0000667	-2.0000667	0.0467971	0.3017251	0.1405931	0.0000000	0.0000000
7039.9952460	7284.9854524	7284.6368066	-2.0000667	-2.0000667	0.0452849	0.3023555	0.1362198	0.0000000	0.0000000
7039.9952460	7279.9849698	7279.9623975	-2.0000667	-2.0000667	0.0559915	0.3026415	0.1455681	0.0000000	0.0000000
7039.9952460	7274.9941504	7274.8630420	-2.0000667	-2.0000667	0.0660337	0.2972079	0.1519451	0.0000000	0.0000000
7039.9952460	7269.9840093	7269.7636865	-2.0000667	-2.0000667	0.0706313	0.2990416	0.1519448	0.0000000	0.0000000
7039.9952460	7264.9876701	7264.6888672	-2.0000667	-2.0000667	0.0793353	0.3031650	0.1526313	0.0000000	0.0000000
7039.9952460	7259.9922477	7259.6483984	-2.0000667	-2.0000667	0.0823988	0.3008437	0.1495056	0.0000000	0.0000000
7039.9952460	7255.0198301	7254.6079297	-2.0000667	-2.0000667	0.0824185	0.2990074	0.1441447	0.0000000	0.0000000
7039.9952460	7250.0252706	7249.9875000	-2.0000667	-2.0000667	0.0680999	0.2994246	0.1325554	0.0000000	0.0000000
7039.9952460	7245.0180587	7244.9470313	-2.0000667	-2.0000667	0.0783800	0.3028671	0.1385679	0.0000000	0.0000000
7039.9952460	7240.0239054	7239.9065625	-2.0000667	-2.0000667	0.0714231	0.3018254	0.1367251	0.0000000	0.0000000
7039.9952460	7235.0219721	7234.8660938	-2.0000667	-2.0000667	0.0790209	0.3029358	0.1388054	0.0000000	0.0000000
7039.9952460	7229.9871902	7229.8256250	-2.0000667	-2.0000667	0.0977683	0.2999248	0.1467953	0.0000000	0.0000000
7039.9952460	7224.9850300	7224.7851563	-2.0000667	-2.0000667	0.0918289	0.2979613	0.1447411	0.0000000	0.0000000
7039.9952460	7219.9838918	7219.8026367	-2.0000667	-2.0000667	0.1013171	0.2987277	0.1490757	0.0000000	0.0000000
7039.9952460	7214.9827535	7214.8201172	-2.0000667	-2.0000667	0.0931549	0.2995258	0.1413485	0.0000000	0.0000000
7039.9952460	7210.0254699	7209.8375977	-2.0000667	-2.0000667	0.1049114	0.2983986	0.1488425	0.0000000	0.0000000
7039.9952460	7204.9952908	7204.8550781	-2.0000667	-2.0000667	0.1105005	0.2999114	0.1454075	0.0000000	0.0000000
7039.9952460	7200.0038550	7199.8725586	-2.0000667	-2.0000667	0.1228267	0.2978358	0.1502512	0.0000000	0.0000000
7039.9952460	7195.0063363	7194.8900391	-2.0000667	-2.0000667	0.1332494	0.2962969	0.1533846	0.0000000	0.0000000
7039.9952460	7190.0076466	7189.9075195	-2.0000667	-2.0000667	0.1514258	0.2975421	0.1566007	0.0000000	0.0000000
7039.9952460	7185.0023185	7184.9250000	-2.0000667	-2.0000667	0.1266249	0.2969257	0.1493451	0.0000000	0.0000000
7039.9952460	7179.9978097	7179.9804492	-2.0000667	-2.0000667	0.1217396	0.2994811	0.1478795	0.0000000	0.0000000
7039.9952460	7174.9840016	7174.6444189	-2.0000667	-2.0000667	0.1304084	0.2989277	0.1507281	0.0000000	0.0000000
7039.9952460	7169.9844272	7169.7188525	-2.0000667	-2.0000667	0.1484565	0.2995729	0.1482280	0.0000000	0.0000000
7039.9952460	7164.9812944	7164.7932861	-2.0000667	-2.0000667	0.1331044	0.3016245	0.1370502	0.0000000	0.0000000
7039.9952460	7159.9938488	7159.8677197	-2.0000667	-2.0000667	0.1606276	0.3019274	0.1479479	0.0000000	0.0000000
7039.9952460	7155.0084426	7154.9421533	-2.0000667	-2.0000667	0.1959247	0.3008639	0.1543922	0.0000000	0.0000000
7039.9952460	7150.0134059	7149.6061230	-2.0000667	-2.0000667	0.1877191	0.3001743	0.1514370	0.0000000	0.0000000
7039.9952460	7145.0160476	7144.6805566	-2.0000667	-2.0000667	0.1777107	0.2978693	0.1494889	0.0000000	0.0000000
7039.9952460	7140.0169055	7139.7829688	-2.0000667	-2.0000667	0.1692629	0.2965270	0.1458788	0.0000000	0.0000000
7039.9952460	7135.0146351	7134.9133594	-2.0000667	-2.0000667	0.2045930	0.3014443	0.1512712	0.0000000	0.0000000
7039.9952460	7130.0337251	7129.6379492	-2.0000667	-2.0000667	0.2091892	0.3000026	0.1491852	0.0000000	0.0000000
7039.9952460	7125.0071646	7124.7683398	-2.0000667	-2.0000667	0.1951796	0.2982142	0.1481984	0.0000000	0.0000000
7039.9952460	7120.0248075	7119.8987305	-2.0000667	-2.0000667	0.2111896	0.2971566	0.1497971	0.0000000	0.0000000
7039.9952460	7115.0235060	7114.6233203	-2.0000667	-2.0000667	0.1881699	0.3001208	0.1436034	0.0000000	0.0000000
7039.9952460	7109.9847957	7109.7537109	-2.0000667	-2.0000667	0.1826278	0.3000239	0.1411547	0.0000000	0.0000000
7039.9952460	7104.9825351	7104.8841016	-2.0000667	-2.0000667	0.2157788	0.2992690	0.1496859	0.0000000	0.0000000
7039.9952460	7099.9837702	7099.6316406	-2.0000667	-2.0000667	0.2146136	0.2988569	0.1486929	0.0000000	0.0000000
7039.9952460	7094.9817088	7094.8171094	-2.0000667	-2.0000667	0.1932142	0.2987615	0.1417163	0.0000000	0.0000000
7039.9952460	7089.9836449	7089.6013672	-2.0000667	-2.0000667	0.2323441	0.3007052	0.1467338	0.0000000	0.0000000
7039.9952460	7084.9855810	7084.7868359	-2.0000667	-2.0000667	0.2217939	0.3000127	0.1450759	0.0000000	0.0000000
7039.9952460	7079.9837421	7079.9723047	-2.0000667	-2.0000667	0.2101439	0.3003774	0.1441759	0.0000000	0.0000000
7039.9952460	7074.9849890	7074.7565625	-2.0000667	-2.0000667	0.1956949	0.2998607	0.1383651	0.0000000	0.0000000
7039.9952460	7069.9846289	7069.9420313	-2.0000667	-2.0000667	0.2334128	0.2996029	0.1466617	0.0000000	0.0000000
7039.9952460	7064.9842688	7064.7262891	-2.0000667	-2.0000667	0.2653279	0.3019456	0.1499198	0.0000000	0.0000000
7039.9952460	7059.9851958	7059.9297656	-2.0000667	-2.0000667	0.2609054	0.3002145	0.1497451	0.0000000	0.0000000
7039.9952460	7055.0041822	7054.7725488	-2.0000667	-2.0000667	0.2373635	0.2986720	0.1470204	0.0000000	0.0000000
7039.9952460	7050.0035583	7049.6153320	-2.0000667	-2.0000667	0.2206874	0.3014722	0.1403037	0.0000000	0.0000000
7039.9952460	7045.0038207	7044.8548242	-2.0000667	-2.0000667	0.1959059	0.2992213	0.1354369	0.0000000	0.0000000
7039.9952460	7039.9814065	7039.6976074	-2.0000667	-2.0000667	0.2287991	0.3006882	0.1415322	0.0000000	0.0000000
7039.9952460	7034.9887891	7034.9370996	-2.0000667	-2.0000667	0.2552576	0.2975630	0.1498214	0.0000000	0.0000000
7039.9952460	7029.9865333	7029.7798828	-2.0000667	-2.0000667	0.2636040	0.2992903	0.1492848	0.0000000	0.0000000
7039.9952460	7024.9809858	7024.6226660	-2.0000667	-2.0000667	0.2436040	0.3031525	0.1457372	0.0000000	0.0000000
7039.9952460	7019.9852022	7019.8843262	-2.0000667	-2.0000667	0.2406323	0.3009869	0.1482107	0.0000000	0.0000000
7039.9952460	7014.9861162	7014.7847461	-2.0000667	-2.0000667	0.2593175	0.3017404	0.1530562	0.0000000	0.0000000
7039.9952460	7009.9855214	7009.6851660	-2.0000667	-2.0000667	0.2501659	0.3010734	0.1508751	0.0000000	0.0000000
7039.9952460	7004.9816281	7004.9778613	-2.0000667	-2.0000667	0.2467971	0.3007073	0.1515164	0.0000000	0.0000000
7039.9952460	7000.0292969	6999.8782813	-2.0000667	-2.0000667	0.2542925	0.3003870	0.1524346	0.0000000	0.0000000
