7284.9921684	7499.9984178	7499.6820801	-2.0000667	-2.0000667	0.0265826	0.2568219	0.1546949	0.0000000	7285.0000000
7284.9921684	7494.9851784	7494.7226807	-2.0000667	-2.0000667	0.0248949	0.2576576	0.1540310	0.0000000	0.0000000
7284.9921684	7489.9851278	7489.7632813	-2.0000667	-2.0000667	0.0261356	0.2578572	0.1522152	0.0000000	0.0000000
7284.9921684	7484.9906544	7484.8038818	-2.0000667	-2.0000667	0.0277827	0.2597755	0.1527452	0.0000000	0.0000000
7284.9921684	7479.9931269	7479.8981445	-2.0000667	-2.0000667	0.0302510	0.2601964	0.1539633	0.0000000	0.0000000
7284.9921684	7474.9849184	7474.9977734	-2.0000667	-2.0000667	0.0307423	0.2592646	0.1542949	0.0000000	0.0000000
7284.9921684	7469.9894082	7469.6519141	-2.0000667	-2.0000667	0.0341915	0.2577958	0.1570219	0.0000000	0.0000000
7284.9921684	7464.9880985	7464.7515430	-2.0000667	-2.0000667	0.0353987	0.2593271	0.1570095	0.0000000	0.0000000
7284.9921684	7459.9830834	7459.8511719	-2.0000667	-2.0000667	0.0368927	0.2593303	0.1579392	0.0000000	0.0000000
7284.9921684	7454.9895148	7454.9508008	-2.0000667	-2.0000667	0.0367662	0.2587689	0.1591554	0.0000000	0.0000000
7284.9921684	7449.9879936	7449.6049414	-2.0000667	-2.0000667	0.0372108	0.2588501	0.1562012	0.0000000	0.0000000
7284.9921684	7444.9822808	7444.7045703	-2.0000667	-2.0000667	0.0395912	0.2585095	0.1576840	0.0000000	0.0000000
7284.9921684	7439.9825665	7439.8041992	-2.0000667	-2.0000667	0.0406433	0.2601696	0.1601519	0.0000000	0.0000000
7284.9921684	7434.9828522	7434.9618359	-2.0000667	-2.0000667	0.0460508	0.2591218	0.1615487	0.0000000	0.0000000
7284.9921684	7429.9906461	7429.6792578	-2.0000667	-2.0000667	0.0481757	0.2573491	0.1617799	0.0000000	0.0000000
7284.9921684	7424.9840682	7424.8368945	-2.0000667	-2.0000667	0.0526636	0.2569589	0.1675635	0.0000000	0.0000000
7284.9921684	7419.9889997	7419.9945313	-2.0000667	-2.0000667	0.0522585	0.2585980	0.1626093	0.0000000	0.0000000
7284.9921684	7414.9852991	7414.7119531	-2.0000667	-2.0000667	0.0552529	0.2602260	0.1667682	0.0000000	0.0000000
7284.9921684	7409.9893015	7409.8695898	-2.0000667	-2.0000667	0.0588776	0.2591082	0.1673114	0.0000000	0.0000000
7284.9921684	7404.9880524	7404.5870117	-2.0000667	-2.0000667	0.0573740	0.2598445	0.1632770	0.0000000	0.0000000
7284.9921684	7399.9893051	7399.7446484	-2.0000667	-2.0000667	0.0591814	0.2591208	0.1609807	0.0000000	0.0000000
7284.9921684	7394.9884007	7394.9126367	-2.0000667	-2.0000667	0.0616136	0.2596156	0.1621293	0.0000000	0.0000000
7284.9921684	7389.9845657	7389.6921680	-2.0000667	-2.0000667	0.0646526	0.2598788	0.1646614	0.0000000	0.0000000
7284.9921684	7384.9891170	7384.9067383	-2.0000667	-2.0000667	0.0651617	0.2600278	0.1639071	0.0000000	0.0000000
7284.9921684	7379.9860592	7379.6862695	-2.0000667	-2.0000667	0.0691721	0.2587469	0.1665153	0.0000000	0.0000000
7284.9921684	7374.9819628	7374.9008398	-2.0000667	-2.0000667	0.0734585	0.2592839	0.1700607	0.0000000	0.0000000
7284.9921684	7369.9839616	7369.6803711	-2.0000667	-2.0000667	0.0755393	0.2590029	0.1695605	0.0000000	0.0000000
7284.9921684	7364.9814683	7364.8949414	-2.0000667	-2.0000667	0.0784202	0.2591158	0.1716180	0.0000000	0.0000000
7284.9921684	7359.9861795	7359.6744727	-2.0000667	-2.0000667	0.0782156	0.2571816	0.1717458	0.0000000	0.0000000
7284.9921684	7354.9814419	7354.8890430	-2.0000667	-2.0000667	0.0804091	0.2573351	0.1680656	0.0000000	0.0000000
7284.9921684	7349.9844428	7349.6991016	-2.0000667	-2.0000667	0.0864537	0.2584326	0.1741984	0.0000000	0.0000000
7284.9921684	7344.9830735	7344.9696387	-2.0000667	-2.0000667	0.0869755	0.2577969	0.1716807	0.0000000	0.0000000
7284.9921684	7339.9876760	7339.8102246	-2.0000667	-2.0000667	0.0883423	0.2578517	0.1707836	0.0000000	0.0000000
7284.9921684	7334.9906554	7334.6508105	-2.0000667	-2.0000667	0.0907020	0.2590559	0.1733652	0.0000000	0.0000000
7284.9921684	7329.9862695	7329.9213477	-2.0000667	-2.0000667	0.0893301	0.2575562	0.1696688	0.0000000	0.0000000
7284.9921684	7324.9878305	7324.7619336	-2.0000667	-2.0000667	0.0910070	0.2587463	0.1689791	0.0000000	0.0000000
7284.9921684	7319.9843762	7319.6025195	-2.0000667	-2.0000667	0.0947860	0.2578754	0.1719142	0.0000000	0.0000000
7284.9921684	7314.9856062	7314.8730566	-2.0000667	-2.0000667	0.0939781	0.2584764	0.1700601	0.0000000	0.0000000
7284.9921684	7309.9868361	7309.7136426	-2.0000667	-2.0000667	0.0969246	0.2575214	0.1766549	0.0000000	0.0000000
7284.9921684	7304.9879085	7304.6092822	-2.0000667	-2.0000667	0.0976709	0.2590219	0.1759417	0.0000000	0.0000000
7284.9921684	7299.9861565	7299.9348730	-2.0000667	-2.0000667	0.1071681	0.2593185	0.1817614	0.0000000	0.0000000
7284.9921684	7294.9829595	7294.8355176	-2.0000667	-2.0000667	0.1067529	0.2581250	0.1808746	0.0000000	0.0000000
7284.9921684	7289.9859351	7289.7361621	-2.0000667	-2.0000667	0.1110603	0.2571194	0.1847546	0.0000000	0.0000000
7284.9921684	7284.9854524	7284.6368066	-2.0000667	-2.0000667	0.1126118	0.2577106	0.1850012	0.0000000	0.0000000
7284.9921684	7279.9884279	7279.9623975	-2.0000667	-2.0000667	0.1135071	0.2567858	0.1858777	0.0000000	0.0000000
7284.9921684	7274.9803484	7274.8630420	-2.0000667	-2.0000667	0.1102290	0.2569625	0.1876620	0.0000000	0.0000000
7284.9921684	7269.9840093	7269.7636865	-2.0000667	-2.0000667	0.1079758	0.2582301	0.1865872	0.0000000	0.0000000
7284.9921684	7264.9842196	7264.6888672	-2.0000667	-2.0000667	0.1079851	0.2579316	0.1819205	0.0000000	0.0000000
7284.9921684	7259.9859215	7259.6483984	-2.0000667	-2.0000667	0.1093423	0.2572893	0.1813962	0.0000000	0.0000000
7284.9921684	7254.9818727	7254.6079297	-2.0000667	-2.0000667	0.1114188	0.2578789	0.1801890	0.0000000	0.0000000
7284.9921684	7249.9873132	7249.9875000	-2.0000667	-2.0000667	0.1114000	0.2597040	0.1810074	0.0000000	0.0000000
7284.9921684	7244.9832645	7244.9470313	-2.0000667	-2.0000667	0.1081704	0.2587378	0.1755105	0.0000000	0.0000000
7284.9921684	7239.9880707	7239.9065625	-2.0000667	-2.0000667	0.1092755	0.2592145	0.1743933	0.0000000	0.0000000
7284.9921684	7234.9891235	7234.8660938	-2.0000667	-2.0000667	0.1094961	0.2598805	0.1738370	0.0000000	0.0000000
7284.9921684	7229.9901764	7229.8256250	-2.0000667	-2.0000667	0.1085087	0.2590510	0.1761248	0.0000000	0.0000000
7284.9921684	7224.9850300	7224.7851563	-2.0000667	-2.0000667	0.1108682	0.2583898	0.1744204	0.0000000	0.0000000
7284.9921684	7219.9838918	7219.8026367	-2.0000667	-2.0000667	0.1109203	0.2590438	0.1764248	0.0000000	0.0000000
7284.9921684	7214.9856444	7214.8201172	-2.0000667	-2.0000667	0.1107090	0.2584755	0.1755566	0.0000000	0.0000000
7284.9921684	7209.9834979	7209.8375977	-2.0000667	-2.0000667	0.1099193	0.2590314	0.1752402	0.0000000	0.0000000
7284.9921684	7204.9856049	7204.8550781	-2.0000667	-2.0000667	0.1142805	0.2595341	0.1781516	0.0000000	0.0000000
7284.9921684	7199.9844833	7199.8725586	-2.0000667	-2.0000667	0.1127168	0.2600385	0.1784513	0.0000000	0.0000000
7284.9921684	7194.9897404	7194.8900391	-2.0000667	-2.0000667	0.1114579	0.2597509	0.1806864	0.0000000	0.0000000
7284.9921684	7189.9844123	7189.9075195	-2.0000667	-2.0000667	0.1122627	0.2602771	0.1820767	0.0000000	0.0000000
7284.9921684	7184.9857226	7184.9250000	-2.0000667	-2.0000667	0.1081543	0.2569202	0.1836910	0.0000000	0.0000000
7284.9921684	7179.9835760	7179.9804492	-2.0000667	-2.0000667	0.1052682	0.2553591	0.1832098	0.0000000	0.0000000
7284.9921684	7174.9875601	7174.6444189	-2.0000667	-2.0000667	0.1028110	0.2551018	0.1894176	0.0000000	0.0000000
7284.9921684	7169.9879856	7169.7188525	-2.0000667	-2.0000667	0.1039513	0.2543593	0.1847928	0.0000000	0.0000000
7284.9921684	7164.9848528	7164.7932861	-2.0000667	-2.0000667	0.1033512	0.2529441	0.1867821	0.0000000	0.0000000
7284.9921684	7159.9810081	7159.8677197	-2.0000667	-2.0000667	0.0998125	0.2565364	0.1853278	0.0000000	0.0000000
7284.9921684	7154.9859714	7154.9421533	-2.0000667	-2.0000667	0.1015188	0.2575715	0.1847598	0.0000000	0.0000000
7284.9921684	7149.9845143	7149.6061230	-2.0000667	-2.0000667	0.0985742	0.2581467	0.1816920	0.0000000	0.0000000
7284.9921684	7144.9847639	7144.6805566	-2.0000667	-2.0000667	0.0970206	0.2579991	0.1811387	0.0000000	0.0000000
7284.9921684	7139.9824934	7139.7829688	-2.0000667	-2.0000667	0.0939353	0.2593511	0.1783430	0.0000000	0.0000000
7284.9921684	7134.9864797	7134.9133594	-2.0000667	-2.0000667	0.0931578	0.2587771	0.1770615	0.0000000	0.0000000
7284.9921684	7129.9832069	7129.6379492	-2.0000667	-2.0000667	0.0912349	0.2578350	0.1766536	0.0000000	0.0000000
7284.9921684	7124.9850629	7124.7683398	-2.0000667	-2.0000667	0.0919790	0.2602952	0.1771449	0.0000000	0.0000000
7284.9921684	7119.9869188	7119.8987305	-2.0000667	-2.0000667	0.0896843	0.2590657	0.1720029	0.0000000	0.0000000
7284.9921684	7114.9824600	7114.6233203	-2.0000667	-2.0000667	0.0844552	0.2574149	0.1777072	0.0000000	0.0000000
7284.9921684	7109.9847957	7109.7537109	-2.0000667	-2.0000667	0.0847174	0.2553474	0.1814454	0.0000000	0.0000000
7284.9921684	7104.9825351	7104.8841016	-2.0000667	-2.0000667	0.0761191	0.2559514	0.1836724	0.0000000	0.0000000
7284.9921684	7099.9837702	7099.6316406	-2.0000667	-2.0000667	0.0737198	0.2584376	0.1840780	0.0000000	0.0000000
7284.9921684	7094.9817088	7094.8171094	-2.0000667	-2.0000667	0.0709496	0.2559934	0.1840299	0.0000000	0.0000000
7284.9921684	7089.9836449	7089.6013672	-2.0000667	-2.0000667	0.0726122	0.2562395	0.1840188	0.0000000	0.0000000
7284.9921684	7084.9818060	7084.7868359	-2.0000667	-2.0000667	0.0669774	0.2580269	0.1831781	0.0000000	0.0000000
7284.9921684	7079.9837421	7079.9723047	-2.0000667	-2.0000667	0.0654939	0.2577469	0.1791532	0.0000000	0.0000000
7284.9921684	7074.9849890	7074.7565625	-2.0000667	-2.0000667	0.0662109	0.2567852	0.1767485	0.0000000	0.0000000
7284.9921684	7069.9846289	7069.9420313	-2.0000667	-2.0000667	0.0621670	0.2572134	0.1786306	0.0000000	0.0000000
7284.9921684	7064.9842688	7064.7262891	-2.0000667	-2.0000667	0.0593230	0.2577719	0.1791897	0.0000000	0.0000000
7284.9921684	7059.9851958	7059.9297656	-2.0000667	-2.0000667	0.0574828	0.2583474	0.1773096	0.0000000	0.0000000
7284.9921684	7054.9845719	7054.7725488	-2.0000667	-2.0000667	0.0537456	0.2580526	0.1759708	0.0000000	0.0000000
7284.9921684	7049.9839480	7049.6153320	-2.0000667	-2.0000667	0.0515969	0.2584512	0.1778092	0.0000000	0.0000000
7284.9921684	7044.9806454	7044.8548242	-2.0000667	-2.0000667	0.0479718	0.2592504	0.1775367	0.0000000	0.0000000
7284.9921684	7039.9814065	7039.6976074	-2.0000667	-2.0000667	0.0480281	0.2597946	0.1783781	0.0000000	0.0000000
7284.9921684	7034.9887891	7034.9370996	-2.0000667	-2.0000667	0.0448455	0.2580767	0.1780328	0.0000000	0.0000000
7284.9921684	7029.9865333	7029.7798828	-2.0000667	-2.0000667	0.0450146	0.2580713	0.1787457	0.0000000	0.0000000
7284.9921684	7024.9842404	7024.6226660	-2.0000667	-2.0000667	0.0411771	0.2572411	0.1758864	0.0000000	0.0000000
7284.9921684	7019.9852022	7019.8843262	-2.0000667	-2.0000667	0.0394490	0.2576215	0.1754525	0.0000000	0.0000000
7284.9921684	7014.9894147	7014.7847461	-2.0000667	-2.0000667	0.0362819	0.2594164	0.1761881	0.0000000	0.0000000
7284.9921684	7009.9822229	7009.6851660	-2.0000667	-2.0000667	0.0340156	0.2587317	0.1779027	0.0000000	0.0000000
7284.9921684	7004.9816281	7004.9778613	-2.0000667	-2.0000667	0.0319816	0.2581733	0.1776772	0.0000000	0.0000000
7284.9921684	7000.0292969	6999.8782813	-2.0000667	-2.0000667	0.0303485	0.2549515	0.1770854	0.0000000	0.0000000
