7224.9949570	7499.9984178	7499.6820801	-2.0000667	-2.0000667	0.0231803	0.2694611	0.1508728	0.0000000	7225.0000000
7224.9949570	7494.9907557	7494.7226807	-2.0000667	-2.0000667	0.0245732	0.2698463	0.1527886	0.0000000	0.0000000
7224.9949570	7489.9851278	7489.7632813	-2.0000667	-2.0000667	0.0292052	0.2681873	0.1606869	0.0000000	0.0000000
7224.9949570	7484.9906544	7484.8038818	-2.0000667	-2.0000667	0.0320693	0.2667031	0.1581696	0.0000000	0.0000000
7224.9949570	7479.9905873	7479.8981445	-2.0000667	-2.0000667	0.0345491	0.2675876	0.1607534	0.0000000	0.0000000
7224.9949570	7474.9874581	7474.9977734	-2.0000667	-2.0000667	0.0364882	0.2673651	0.1618728	0.0000000	0.0000000
7224.9949570	7469.9894082	7469.6519141	-2.0000667	-2.0000667	0.0386039	0.2679474	0.1639448	0.0000000	0.0000000
7224.9949570	7464.9880985	7464.7515430	-2.0000667	-2.0000667	0.0407410	0.2678594	0.1669551	0.0000000	0.0000000
7224.9949570	7459.9888066	7459.8511719	-2.0000667	-2.0000667	0.0396254	0.2696455	0.1602047	0.0000000	0.0000000
7224.9949570	7454.9895148	7454.9508008	-2.0000667	-2.0000667	0.0393312	0.2690293	0.1559687	0.0000000	0.0000000
7224.9949570	7450.0389805	7449.6049414	-2.0000667	-2.0000667	0.0405032	0.2706440	0.1568911	0.0000000	0.0000000
7224.9949570	7445.0272693	7444.7045703	-2.0000667	-2.0000667	0.0418654	0.2701349	0.1586526	0.0000000	0.0000000
7224.9949570	7440.0305542	7439.8041992	-2.0000667	-2.0000667	0.0421987	0.2693762	0.1550132	0.0000000	0.0000000
7224.9949570	7435.0308398	7434.9618359	-2.0000667	-2.0000667	0.0456284	0.2680159	0.1584863	0.0000000	0.0000000
7224.9949570	7429.9906461	7429.6792578	-2.0000667	-2.0000667	0.0522200	0.2686412	0.1633838	0.0000000	0.0000000
7224.9949570	7424.9840682	7424.8368945	-2.0000667	-2.0000667	0.0554529	0.2677637	0.1646310	0.0000000	0.0000000
7224.9949570	7419.9889997	7419.9945313	-2.0000667	-2.0000667	0.0577125	0.2698223	0.1637975	0.0000000	0.0000000
7224.9949570	7414.9852991	7414.7119531	-2.0000667	-2.0000667	0.0613286	0.2682159	0.1612627	0.0000000	0.0000000
7224.9949570	7409.9893015	7409.8695898	-2.0000667	-2.0000667	0.0647278	0.2675364	0.1671969	0.0000000	0.0000000
7224.9949570	7404.9880524	7404.5870117	-2.0000667	-2.0000667	0.0652159	0.2682737	0.1648662	0.0000000	0.0000000
7224.9949570	7399.9893051	7399.7446484	-2.0000667	-2.0000667	0.0673575	0.2689250	0.1685262	0.0000000	0.0000000
7224.9949570	7394.9884007	7394.9126367	-2.0000667	-2.0000667	0.0675508	0.2684277	0.1643812	0.0000000	0.0000000
7224.9949570	7389.9873611	7389.6921680	-2.0000667	-2.0000667	0.0745035	0.2674849	0.1695099	0.0000000	0.0000000
7224.9949570	7384.9891170	7384.9067383	-2.0000667	-2.0000667	0.0757358	0.2693333	0.1606407	0.0000000	0.0000000
7224.9949570	7380.0348201	7379.6862695	-2.0000667	-2.0000667	0.0791537	0.2684729	0.1635300	0.0000000	0.0000000
7224.9949570	7375.0246287	7374.9008398	-2.0000667	-2.0000667	0.0841917	0.2674452	0.1665897	0.0000000	0.0000000
7224.9949570	7370.0205324	7369.6803711	-2.0000667	-2.0000667	0.0867466	0.2673188	0.1668713	0.0000000	0.0000000
7224.9949570	7365.0192636	7364.8949414	-2.0000667	-2.0000667	0.0911162	0.2692737	0.1689298	0.0000000	0.0000000
7224.9949570	7360.0239748	7359.6744727	-2.0000667	-2.0000667	0.0963075	0.2702209	0.1712476	0.0000000	0.0000000
7224.9949570	7355.0160876	7354.8890430	-2.0000667	-2.0000667	0.0968097	0.2685914	0.1715721	0.0000000	0.0000000
7224.9949570	7350.0202735	7349.6991016	-2.0000667	-2.0000667	0.1020748	0.2688069	0.1710564	0.0000000	0.0000000
7224.9949570	7345.0308478	7344.9696387	-2.0000667	-2.0000667	0.1007491	0.2687645	0.1662157	0.0000000	0.0000000
7224.9949570	7340.0264926	7339.8102246	-2.0000667	-2.0000667	0.1092872	0.2676053	0.1707958	0.0000000	0.0000000
7224.9949570	7335.0263373	7334.6508105	-2.0000667	-2.0000667	0.1101809	0.2681829	0.1692004	0.0000000	0.0000000
7224.9949570	7329.9862695	7329.9213477	-2.0000667	-2.0000667	0.1177141	0.2690375	0.1719968	0.0000000	0.0000000
7224.9949570	7325.0235124	7324.7619336	-2.0000667	-2.0000667	0.1245474	0.2682183	0.1740004	0.0000000	0.0000000
7224.9949570	7319.9843762	7319.6025195	-2.0000667	-2.0000667	0.1277847	0.2680291	0.1750625	0.0000000	0.0000000
7224.9949570	7314.9856062	7314.8730566	-2.0000667	-2.0000667	0.1218842	0.2690508	0.1686056	0.0000000	0.0000000
7224.9949570	7309.9896132	7309.7136426	-2.0000667	-2.0000667	0.1326865	0.2683876	0.1727520	0.0000000	0.0000000
7224.9949570	7305.0311015	7304.6092822	-2.0000667	-2.0000667	0.1338217	0.2691461	0.1749287	0.0000000	0.0000000
7224.9949570	7299.9890361	7299.9348730	-2.0000667	-2.0000667	0.1358062	0.2697892	0.1757448	0.0000000	0.0000000
7224.9949570	7294.9795014	7294.8355176	-2.0000667	-2.0000667	0.1355916	0.2689868	0.1754232	0.0000000	0.0000000
7224.9949570	7289.9859351	7289.7361621	-2.0000667	-2.0000667	0.1392758	0.2692501	0.1758502	0.0000000	0.0000000
7224.9949570	7284.9854524	7284.6368066	-2.0000667	-2.0000667	0.1431477	0.2698904	0.1766350	0.0000000	0.0000000
7224.9949570	7279.9884279	7279.9623975	-2.0000667	-2.0000667	0.1460647	0.2691055	0.1773175	0.0000000	0.0000000
7224.9949570	7274.9872494	7274.8630420	-2.0000667	-2.0000667	0.1465281	0.2693384	0.1744149	0.0000000	0.0000000
7224.9949570	7269.9840093	7269.7636865	-2.0000667	-2.0000667	0.1453773	0.2703075	0.1717864	0.0000000	0.0000000
7224.9949570	7264.9876701	7264.6888672	-2.0000667	-2.0000667	0.1484998	0.2709315	0.1706866	0.0000000	0.0000000
7224.9949570	7259.9859215	7259.6483984	-2.0000667	-2.0000667	0.1553605	0.2688953	0.1744626	0.0000000	0.0000000
7224.9949570	7255.0261563	7254.6079297	-2.0000667	-2.0000667	0.1583585	0.2692745	0.1732278	0.0000000	0.0000000
7224.9949570	7250.0252706	7249.9875000	-2.0000667	-2.0000667	0.1620537	0.2672581	0.1766492	0.0000000	0.0000000
7224.9949570	7245.0212218	7244.9470313	-2.0000667	-2.0000667	0.1646006	0.2673864	0.1799740	0.0000000	0.0000000
7224.9949570	7240.0298779	7239.9065625	-2.0000667	-2.0000667	0.1693364	0.2679626	0.1798083	0.0000000	0.0000000
7224.9949570	7235.0279445	7234.8660938	-2.0000667	-2.0000667	0.1715283	0.2667775	0.1787496	0.0000000	0.0000000
7224.9949570	7230.0230249	7229.8256250	-2.0000667	-2.0000667	0.1711141	0.2666962	0.1795063	0.0000000	0.0000000
7224.9949570	7224.9937025	7224.7851563	-2.0000667	-2.0000667	0.1724265	0.2681077	0.1753947	0.0000000	0.0000000
7224.9949570	7219.9867826	7219.8026367	-2.0000667	-2.0000667	0.1742828	0.2694626	0.1754539	0.0000000	0.0000000
7224.9949570	7214.9856444	7214.8201172	-2.0000667	-2.0000667	0.1711445	0.2683143	0.1709359	0.0000000	0.0000000
7224.9949570	7210.0125554	7209.8375977	-2.0000667	-2.0000667	0.1730834	0.2680070	0.1750900	0.0000000	0.0000000
7224.9949570	7205.0017480	7204.8550781	-2.0000667	-2.0000667	0.1751946	0.2679741	0.1764009	0.0000000	0.0000000
7224.9949570	7200.0070836	7199.8725586	-2.0000667	-2.0000667	0.1755306	0.2667966	0.1763046	0.0000000	0.0000000
7224.9949570	7195.0063363	7194.8900391	-2.0000667	-2.0000667	0.1739591	0.2690645	0.1740858	0.0000000	0.0000000
7224.9949570	7189.9976891	7189.9075195	-2.0000667	-2.0000667	0.1764653	0.2678022	0.1751841	0.0000000	0.0000000
7224.9949570	7185.0089569	7184.9250000	-2.0000667	-2.0000667	0.1719357	0.2670023	0.1774369	0.0000000	0.0000000
7224.9949570	7180.0049265	7179.9804492	-2.0000667	-2.0000667	0.1681775	0.2678819	0.1770201	0.0000000	0.0000000
7224.9949570	7174.9840016	7174.6444189	-2.0000667	-2.0000667	0.1705164	0.2669418	0.1772385	0.0000000	0.0000000
7224.9949570	7169.9844272	7169.7188525	-2.0000667	-2.0000667	0.1713108	0.2678462	0.1737295	0.0000000	0.0000000
7224.9949570	7164.9884112	7164.7932861	-2.0000667	-2.0000667	0.1718727	0.2680844	0.1738503	0.0000000	0.0000000
7224.9949570	7159.9970590	7159.8677197	-2.0000667	-2.0000667	0.1715487	0.2674993	0.1733827	0.0000000	0.0000000
7224.9949570	7155.0180732	7154.9421533	-2.0000667	-2.0000667	0.1703851	0.2684871	0.1744487	0.0000000	0.0000000
7224.9949570	7150.0037754	7149.6061230	-2.0000667	-2.0000667	0.1719611	0.2679617	0.1743485	0.0000000	0.0000000
7224.9949570	7145.0160476	7144.6805566	-2.0000667	-2.0000667	0.1662288	0.2680818	0.1726528	0.0000000	0.0000000
7224.9949570	7140.0200339	7139.7829688	-2.0000667	-2.0000667	0.1669792	0.2677375	0.1717413	0.0000000	0.0000000
7224.9949570	7135.0177634	7134.9133594	-2.0000667	-2.0000667	0.1647338	0.2683162	0.1734854	0.0000000	0.0000000
7224.9949570	7130.0305677	7129.6379492	-2.0000667	-2.0000667	0.1648569	0.2674191	0.1777572	0.0000000	0.0000000
7224.9949570	7125.0229515	7124.7683398	-2.0000667	-2.0000667	0.1605032	0.2679543	0.1782037	0.0000000	0.0000000
7224.9949570	7120.0216501	7119.8987305	-2.0000667	-2.0000667	0.1565480	0.2672948	0.1731323	0.0000000	0.0000000
7224.9949570	7115.0266634	7114.6233203	-2.0000667	-2.0000667	0.1553271	0.2670646	0.1762383	0.0000000	0.0000000
7224.9949570	7109.9952826	7109.7537109	-2.0000667	-2.0000667	0.1506630	0.2691229	0.1760084	0.0000000	0.0000000
7224.9949570	7104.9930221	7104.8841016	-2.0000667	-2.0000667	0.1469478	0.2685499	0.1734662	0.0000000	0.0000000
7224.9949570	7099.9942571	7099.6316406	-2.0000667	-2.0000667	0.1466879	0.2700990	0.1741526	0.0000000	0.0000000
7224.9949570	7094.9817088	7094.8171094	-2.0000667	-2.0000667	0.1409172	0.2707863	0.1738251	0.0000000	0.0000000
7224.9949570	7089.9836449	7089.6013672	-2.0000667	-2.0000667	0.1396052	0.2700969	0.1708762	0.0000000	0.0000000
7224.9949570	7084.9855810	7084.7868359	-2.0000667	-2.0000667	0.1354717	0.2669426	0.1717700	0.0000000	0.0000000
7224.9949570	7079.9875171	7079.9723047	-2.0000667	-2.0000667	0.1302218	0.2681309	0.1691079	0.0000000	0.0000000
7224.9949570	7074.9849890	7074.7565625	-2.0000667	-2.0000667	0.1315323	0.2668199	0.1709609	0.0000000	0.0000000
7224.9949570	7069.9846289	7069.9420313	-2.0000667	-2.0000667	0.1244047	0.2665940	0.1725928	0.0000000	0.0000000
7224.9949570	7064.9806401	7064.7262891	-2.0000667	-2.0000667	0.1169598	0.2667500	0.1763035	0.0000000	0.0000000
7224.9949570	7059.9851958	7059.9297656	-2.0000667	-2.0000667	0.1133436	0.2666583	0.1728530	0.0000000	0.0000000
7224.9949570	7055.0009138	7054.7725488	-2.0000667	-2.0000667	0.1123413	0.2673488	0.1688346	0.0000000	0.0000000
7224.9949570	7050.0035583	7049.6153320	-2.0000667	-2.0000667	0.1100524	0.2674559	0.1661263	0.0000000	0.0000000
7224.9949570	7045.0203745	7044.8548242	-2.0000667	-2.0000667	0.1069297	0.2666235	0.1688561	0.0000000	0.0000000
7224.9949570	7040.0145141	7039.6976074	-2.0000667	-2.0000667	0.1035479	0.2671429	0.1659762	0.0000000	0.0000000
7224.9949570	7035.0152751	7034.9370996	-2.0000667	-2.0000667	0.1005753	0.2682428	0.1651970	0.0000000	0.0000000
7224.9949570	7029.9865333	7029.7798828	-2.0000667	-2.0000667	0.0964919	0.2688752	0.1650544	0.0000000	0.0000000
7224.9949570	7024.9842404	7024.6226660	-2.0000667	-2.0000667	0.0911401	0.2692992	0.1627065	0.0000000	0.0000000
7224.9949570	7019.9884567	7019.8843262	-2.0000667	-2.0000667	0.0889001	0.2688433	0.1627205	0.0000000	0.0000000
7224.9949570	7014.9861162	7014.7847461	-2.0000667	-2.0000667	0.0858694	0.2683813	0.1613408	0.0000000	0.0000000
7224.9949570	7009.9855214	7009.6851660	-2.0000667	-2.0000667	0.0807424	0.2692491	0.1633622	0.0000000	0.0000000
7224.9949570	7004.9816281	7004.9778613	-2.0000667	-2.0000667	0.0756135	0.2691929	0.1707450	0.0000000	0.0000000
7224.9949570	7000.0292969	6999.8782813	-2.0000667	-2.0000667	0.0716383	0.2686544	0.1735752	0.0000000	0.0000000
