7394.9924295	7499.9956981	7499.6820801	-2.0000667	-2.0000667	0.0176287	0.2670862	0.1637135	0.0000000	7395.0000000
7394.9924295	7494.9879671	7494.7226807	-2.0000667	-2.0000667	0.0184644	0.2667848	0.1631075	0.0000000	0.0000000
7394.9924295	7489.9879164	7489.7632813	-2.0000667	-2.0000667	0.0214150	0.2672960	0.1642903	0.0000000	0.0000000
7394.9924295	7484.9878658	7484.8038818	-2.0000667	-2.0000667	0.0199661	0.2678773	0.1638846	0.0000000	0.0000000
7394.9924295	7479.9880476	7479.8981445	-2.0000667	-2.0000667	0.0215414	0.2661423	0.1645073	0.0000000	0.0000000
7394.9924295	7474.9849184	7474.9977734	-2.0000667	-2.0000667	0.0210173	0.2666411	0.1657653	0.0000000	0.0000000
7394.9924295	7469.9919479	7469.6519141	-2.0000667	-2.0000667	0.0247190	0.2636532	0.1649325	0.0000000	0.0000000
7394.9924295	7464.9880985	7464.7515430	-2.0000667	-2.0000667	0.0269282	0.2662434	0.1660944	0.0000000	0.0000000
7394.9924295	7459.9859450	7459.8511719	-2.0000667	-2.0000667	0.0255314	0.2641753	0.1649059	0.0000000	0.0000000
7394.9924295	7454.9837915	7454.9508008	-2.0000667	-2.0000667	0.0289115	0.2640394	0.1663396	0.0000000	0.0000000
7394.9924295	7449.9879936	7449.6049414	-2.0000667	-2.0000667	0.0304474	0.2659868	0.1666218	0.0000000	0.0000000
7394.9924295	7444.9882793	7444.7045703	-2.0000667	-2.0000667	0.0305673	0.2656488	0.1678007	0.0000000	0.0000000
7394.9924295	7439.9825665	7439.8041992	-2.0000667	-2.0000667	0.0302479	0.2645374	0.1681425	0.0000000	0.0000000
7394.9924295	7434.9888506	7434.9618359	-2.0000667	-2.0000667	0.0325415	0.2664602	0.1689380	0.0000000	0.0000000
7394.9924295	7429.9906461	7429.6792578	-2.0000667	-2.0000667	0.0362112	0.2665963	0.1689071	0.0000000	0.0000000
7394.9924295	7424.9898229	7424.8368945	-2.0000667	-2.0000667	0.0359448	0.2665521	0.1689939	0.0000000	0.0000000
7394.9924295	7419.9889997	7419.9945313	-2.0000667	-2.0000667	0.0356313	0.2663983	0.1671641	0.0000000	0.0000000
7394.9924295	7414.9881765	7414.7119531	-2.0000667	-2.0000667	0.0342615	0.2659193	0.1657764	0.0000000	0.0000000
7394.9924295	7409.9893015	7409.8695898	-2.0000667	-2.0000667	0.0395992	0.2667473	0.1677328	0.0000000	0.0000000
7394.9924295	7404.9855505	7404.5870117	-2.0000667	-2.0000667	0.0403165	0.2649366	0.1646563	0.0000000	0.0000000
7394.9924295	7399.9893051	7399.7446484	-2.0000667	-2.0000667	0.0385125	0.2639509	0.1671525	0.0000000	0.0000000
7394.9924295	7394.9884007	7394.9126367	-2.0000667	-2.0000667	0.0450222	0.2643330	0.1667701	0.0000000	0.0000000
7394.9924295	7389.9873611	7389.6921680	-2.0000667	-2.0000667	0.0476515	0.2664718	0.1698282	0.0000000	0.0000000
7394.9924295	7384.9891170	7384.9067383	-2.0000667	-2.0000667	0.0494097	0.2645732	0.1697411	0.0000000	0.0000000
7394.9924295	7379.9891067	7379.6862695	-2.0000667	-2.0000667	0.0459817	0.2652961	0.1709363	0.0000000	0.0000000
7394.9924295	7374.9850104	7374.9008398	-2.0000667	-2.0000667	0.0460216	0.2663302	0.1701609	0.0000000	0.0000000
7394.9924295	7369.9839616	7369.6803711	-2.0000667	-2.0000667	0.0475105	0.2646106	0.1699655	0.0000000	0.0000000
7394.9924295	7364.9846179	7364.8949414	-2.0000667	-2.0000667	0.0473463	0.2636167	0.1690536	0.0000000	0.0000000
7394.9924295	7359.9861795	7359.6744727	-2.0000667	-2.0000667	0.0460150	0.2650408	0.1713309	0.0000000	0.0000000
7394.9924295	7354.9814419	7354.8890430	-2.0000667	-2.0000667	0.0500540	0.2656644	0.1735063	0.0000000	0.0000000
7394.9924295	7349.9844428	7349.6991016	-2.0000667	-2.0000667	0.0518995	0.2651760	0.1729868	0.0000000	0.0000000
7394.9924295	7344.9830735	7344.9696387	-2.0000667	-2.0000667	0.0499447	0.2652406	0.1730731	0.0000000	0.0000000
7394.9924295	7339.9906619	7339.8102246	-2.0000667	-2.0000667	0.0522570	0.2668152	0.1758147	0.0000000	0.0000000
7394.9924295	7334.9876819	7334.6508105	-2.0000667	-2.0000667	0.0524575	0.2650619	0.1751434	0.0000000	0.0000000
7394.9924295	7329.9862695	7329.9213477	-2.0000667	-2.0000667	0.0562737	0.2652050	0.1765654	0.0000000	0.0000000
7394.9924295	7324.9878305	7324.7619336	-2.0000667	-2.0000667	0.0557263	0.2656200	0.1763507	0.0000000	0.0000000
7394.9924295	7319.9843762	7319.6025195	-2.0000667	-2.0000667	0.0560985	0.2659115	0.1761510	0.0000000	0.0000000
7394.9924295	7314.9856062	7314.8730566	-2.0000667	-2.0000667	0.0518142	0.2657970	0.1757495	0.0000000	0.0000000
7394.9924295	7309.9896132	7309.7136426	-2.0000667	-2.0000667	0.0522260	0.2660885	0.1784133	0.0000000	0.0000000
7394.9924295	7304.9879085	7304.6092822	-2.0000667	-2.0000667	0.0536014	0.2650344	0.1790966	0.0000000	0.0000000
7394.9924295	7299.9861565	7299.9348730	-2.0000667	-2.0000667	0.0571047	0.2657867	0.1799756	0.0000000	0.0000000
7394.9924295	7294.9795014	7294.8355176	-2.0000667	-2.0000667	0.0606787	0.2664772	0.1799476	0.0000000	0.0000000
7394.9924295	7289.9893932	7289.7361621	-2.0000667	-2.0000667	0.0531221	0.2654563	0.1795714	0.0000000	0.0000000
7394.9924295	7284.9819943	7284.6368066	-2.0000667	-2.0000667	0.0578092	0.2666924	0.1815229	0.0000000	0.0000000
7394.9924295	7279.9884279	7279.9623975	-2.0000667	-2.0000667	0.0580033	0.2653826	0.1820519	0.0000000	0.0000000
7394.9924295	7274.9837989	7274.8630420	-2.0000667	-2.0000667	0.0561134	0.2638486	0.1822103	0.0000000	0.0000000
7394.9924295	7269.9840093	7269.7636865	-2.0000667	-2.0000667	0.0636960	0.2654362	0.1817649	0.0000000	0.0000000
7394.9924295	7264.9876701	7264.6888672	-2.0000667	-2.0000667	0.0569103	0.2661931	0.1813021	0.0000000	0.0000000
7394.9924295	7259.9859215	7259.6483984	-2.0000667	-2.0000667	0.0551611	0.2665309	0.1812551	0.0000000	0.0000000
7394.9924295	7254.9850358	7254.6079297	-2.0000667	-2.0000667	0.0544856	0.2665337	0.1823634	0.0000000	0.0000000
7394.9924295	7249.9873132	7249.9875000	-2.0000667	-2.0000667	0.0554268	0.2655275	0.1817542	0.0000000	0.0000000
7394.9924295	7244.9864276	7244.9470313	-2.0000667	-2.0000667	0.0590955	0.2667908	0.1854425	0.0000000	0.0000000
7394.9924295	7239.9880707	7239.9065625	-2.0000667	-2.0000667	0.0567764	0.2665659	0.1846846	0.0000000	0.0000000
7394.9924295	7234.9891235	7234.8660938	-2.0000667	-2.0000667	0.0556921	0.2667926	0.1856711	0.0000000	0.0000000
7394.9924295	7229.9901764	7229.8256250	-2.0000667	-2.0000667	0.0540927	0.2657950	0.1833618	0.0000000	0.0000000
7394.9924295	7224.9908117	7224.7851563	-2.0000667	-2.0000667	0.0539650	0.2655057	0.1850504	0.0000000	0.0000000
7394.9924295	7219.9867826	7219.8026367	-2.0000667	-2.0000667	0.0534479	0.2670295	0.1847260	0.0000000	0.0000000
7394.9924295	7214.9885352	7214.8201172	-2.0000667	-2.0000667	0.0528628	0.2664276	0.1870356	0.0000000	0.0000000
7394.9924295	7209.9867265	7209.8375977	-2.0000667	-2.0000667	0.0518459	0.2672157	0.1874156	0.0000000	0.0000000
7394.9924295	7204.9856049	7204.8550781	-2.0000667	-2.0000667	0.0524131	0.2661696	0.1848346	0.0000000	0.0000000
7394.9924295	7199.9844833	7199.8725586	-2.0000667	-2.0000667	0.0513857	0.2668296	0.1871595	0.0000000	0.0000000
7394.9924295	7194.9864212	7194.8900391	-2.0000667	-2.0000667	0.0492064	0.2655924	0.1871755	0.0000000	0.0000000
7394.9924295	7189.9810932	7189.9075195	-2.0000667	-2.0000667	0.0476749	0.2651476	0.1868329	0.0000000	0.0000000
7394.9924295	7184.9890418	7184.9250000	-2.0000667	-2.0000667	0.0458722	0.2645273	0.1907000	0.0000000	0.0000000
7394.9924295	7179.9835760	7179.9804492	-2.0000667	-2.0000667	0.0444281	0.2660000	0.1900352	0.0000000	0.0000000
7394.9924295	7174.9840016	7174.6444189	-2.0000667	-2.0000667	0.0437983	0.2649219	0.1890336	0.0000000	0.0000000
7394.9924295	7169.9879856	7169.7188525	-2.0000667	-2.0000667	0.0434773	0.2655840	0.1917747	0.0000000	0.0000000
7394.9924295	7164.9848528	7164.7932861	-2.0000667	-2.0000667	0.0404857	0.2660781	0.1885232	0.0000000	0.0000000
7394.9924295	7159.9874285	7159.8677197	-2.0000667	-2.0000667	0.0400811	0.2656432	0.1888898	0.0000000	0.0000000
7394.9924295	7154.9859714	7154.9421533	-2.0000667	-2.0000667	0.0401177	0.2661238	0.1914219	0.0000000	0.0000000
7394.9924295	7149.9845143	7149.6061230	-2.0000667	-2.0000667	0.0365900	0.2662883	0.1913596	0.0000000	0.0000000
7394.9924295	7144.9847639	7144.6805566	-2.0000667	-2.0000667	0.0353718	0.2658309	0.1906038	0.0000000	0.0000000
7394.9924295	7139.9856218	7139.7829688	-2.0000667	-2.0000667	0.0338702	0.2670527	0.1905349	0.0000000	0.0000000
7394.9924295	7134.9864797	7134.9133594	-2.0000667	-2.0000667	0.0318306	0.2673427	0.1904954	0.0000000	0.0000000
7394.9924295	7129.9863643	7129.6379492	-2.0000667	-2.0000667	0.0292045	0.2668805	0.1909099	0.0000000	0.0000000
7394.9924295	7124.9882202	7124.7683398	-2.0000667	-2.0000667	0.0311805	0.2662792	0.1889675	0.0000000	0.0000000
7394.9924295	7119.9837614	7119.8987305	-2.0000667	-2.0000667	0.0289652	0.2669731	0.1891605	0.0000000	0.0000000
7394.9924295	7114.9856174	7114.6233203	-2.0000667	-2.0000667	0.0262407	0.2667423	0.1911078	0.0000000	0.0000000
7394.9924295	7109.9847957	7109.7537109	-2.0000667	-2.0000667	0.0246077	0.2658903	0.1895433	0.0000000	0.0000000
7394.9924295	7104.9825351	7104.8841016	-2.0000667	-2.0000667	0.0229122	0.2661495	0.1932830	0.0000000	0.0000000
7394.9924295	7099.9872658	7099.6316406	-2.0000667	-2.0000667	0.0222255	0.2656652	0.1913899	0.0000000	0.0000000
7394.9924295	7094.9854837	7094.8171094	-2.0000667	-2.0000667	0.0213094	0.2651342	0.1916138	0.0000000	0.0000000
7394.9924295	7089.9874198	7089.6013672	-2.0000667	-2.0000667	0.0197936	0.2664811	0.1922596	0.0000000	0.0000000
7394.9924295	7084.9818060	7084.7868359	-2.0000667	-2.0000667	0.0188943	0.2664592	0.1923914	0.0000000	0.0000000
7394.9924295	7079.9875171	7079.9723047	-2.0000667	-2.0000667	0.0186820	0.2648837	0.1914636	0.0000000	0.0000000
7394.9924295	7074.9849890	7074.7565625	-2.0000667	-2.0000667	0.0171863	0.2652017	0.1914658	0.0000000	0.0000000
7394.9924295	7069.9846289	7069.9420313	-2.0000667	-2.0000667	0.0162639	0.2654354	0.1916361	0.0000000	0.0000000
7394.9924295	7064.9842688	7064.7262891	-2.0000667	-2.0000667	0.0146075	0.2663572	0.1936705	0.0000000	0.0000000
7394.9924295	7059.9851958	7059.9297656	-2.0000667	-2.0000667	0.0140024	0.2655480	0.1903162	0.0000000	0.0000000
7394.9924295	7054.9845719	7054.7725488	-2.0000667	-2.0000667	0.0128572	0.2661642	0.1890427	0.0000000	0.0000000
7394.9924295	7049.9839480	7049.6153320	-2.0000667	-2.0000667	0.0122979	0.2646803	0.1925299	0.0000000	0.0000000
7394.9924295	7044.9806454	7044.8548242	-2.0000667	-2.0000667	0.0115389	0.2661798	0.1905072	0.0000000	0.0000000
7394.9924295	7039.9847173	7039.6976074	-2.0000667	-2.0000667	0.0105947	0.2670010	0.1911700	0.0000000	0.0000000
7394.9924295	7034.9854783	7034.9370996	-2.0000667	-2.0000667	0.0097952	0.2656022	0.1919546	0.0000000	0.0000000
7394.9924295	7029.9865333	7029.7798828	-2.0000667	-2.0000667	0.0088651	0.2659845	0.1929904	0.0000000	0.0000000
7394.9924295	7024.9842404	7024.6226660	-2.0000667	-2.0000667	0.0085923	0.2640457	0.1939451	0.0000000	0.0000000
7394.9924295	7019.9884567	7019.8843262	-2.0000667	-2.0000667	0.0069827	0.2654795	0.1967556	0.0000000	0.0000000
7394.9924295	7014.9894147	7014.7847461	-2.0000667	-2.0000667	0.0069579	0.2652585	0.1966605	0.0000000	0.0000000
7394.9924295	7009.9855214	7009.6851660	-2.0000667	-2.0000667	0.0059463	0.2652581	0.1954991	0.0000000	0.0000000
7394.9924295	7004.9816281	7004.9778613	-2.0000667	-2.0000667	0.0056764	0.2644050	0.1953597	0.0000000	0.0000000
7394.9924295	7000.0292969	6999.8782813	-2.0000667	-2.0000667	0.0050812	0.2659687	0.1963041	0.0000000	0.0000000
