7184.9954540	7499.9984178	7499.6820801	-2.0000667	-2.0000667	0.0177816	0.2718217	0.1456375	0.0000000	7185.0000000
7184.9954540	7494.9879671	7494.7226807	-2.0000667	-2.0000667	0.0199458	0.2710457	0.1442329	0.0000000	0.0000000
7184.9954540	7489.9851278	7489.7632813	-2.0000667	-2.0000667	0.0239540	0.2728962	0.1540922	0.0000000	0.0000000
7184.9954540	7484.9878658	7484.8038818	-2.0000667	-2.0000667	0.0248546	0.2735850	0.1543679	0.0000000	0.0000000
7184.9954540	7479.9931269	7479.8981445	-2.0000667	-2.0000667	0.0279551	0.2722861	0.1610144	0.0000000	0.0000000
7184.9954540	7474.9849184	7474.9977734	-2.0000667	-2.0000667	0.0289025	0.2736517	0.1577982	0.0000000	0.0000000
7184.9954540	7469.9919479	7469.6519141	-2.0000667	-2.0000667	0.0304753	0.2745110	0.1533033	0.0000000	0.0000000
7184.9954540	7464.9880985	7464.7515430	-2.0000667	-2.0000667	0.0342517	0.2711414	0.1594415	0.0000000	0.0000000
7184.9954540	7459.9830834	7459.8511719	-2.0000667	-2.0000667	0.0387218	0.2720515	0.1626602	0.0000000	0.0000000
7184.9954540	7454.9866531	7454.9508008	-2.0000667	-2.0000667	0.0407488	0.2715331	0.1640696	0.0000000	0.0000000
7184.9954540	7449.9849944	7449.6049414	-2.0000667	-2.0000667	0.0420144	0.2708416	0.1623687	0.0000000	0.0000000
7184.9954540	7444.9822808	7444.7045703	-2.0000667	-2.0000667	0.0434164	0.2706082	0.1635555	0.0000000	0.0000000
7184.9954540	7439.9795673	7439.8041992	-2.0000667	-2.0000667	0.0437319	0.2712581	0.1663125	0.0000000	0.0000000
7184.9954540	7434.9858514	7434.9618359	-2.0000667	-2.0000667	0.0488370	0.2721770	0.1710204	0.0000000	0.0000000
7184.9954540	7429.9877688	7429.6792578	-2.0000667	-2.0000667	0.0465536	0.2724674	0.1586754	0.0000000	0.0000000
7184.9954540	7424.9840682	7424.8368945	-2.0000667	-2.0000667	0.0472494	0.2742363	0.1602880	0.0000000	0.0000000
7184.9954540	7419.9889997	7419.9945313	-2.0000667	-2.0000667	0.0520361	0.2723112	0.1625762	0.0000000	0.0000000
7184.9954540	7414.9852991	7414.7119531	-2.0000667	-2.0000667	0.0584917	0.2732596	0.1629489	0.0000000	0.0000000
7184.9954540	7409.9893015	7409.8695898	-2.0000667	-2.0000667	0.0606780	0.2733423	0.1649413	0.0000000	0.0000000
7184.9954540	7404.9855505	7404.5870117	-2.0000667	-2.0000667	0.0586027	0.2738395	0.1565190	0.0000000	0.0000000
7184.9954540	7399.9868032	7399.7446484	-2.0000667	-2.0000667	0.0631759	0.2723047	0.1618687	0.0000000	0.0000000
7184.9954540	7394.9856052	7394.9126367	-2.0000667	-2.0000667	0.0680039	0.2714620	0.1648258	0.0000000	0.0000000
7184.9954540	7389.9845657	7389.6921680	-2.0000667	-2.0000667	0.0731345	0.2706522	0.1676514	0.0000000	0.0000000
7184.9954540	7384.9835261	7384.9067383	-2.0000667	-2.0000667	0.0766202	0.2699729	0.1703202	0.0000000	0.0000000
7184.9954540	7379.9830116	7379.6862695	-2.0000667	-2.0000667	0.0772861	0.2714945	0.1668279	0.0000000	0.0000000
7184.9954540	7374.9850104	7374.9008398	-2.0000667	-2.0000667	0.0802107	0.2723004	0.1679451	0.0000000	0.0000000
7184.9954540	7369.9839616	7369.6803711	-2.0000667	-2.0000667	0.0842758	0.2748115	0.1682697	0.0000000	0.0000000
7184.9954540	7364.9814683	7364.8949414	-2.0000667	-2.0000667	0.0864015	0.2750267	0.1637844	0.0000000	0.0000000
7184.9954540	7359.9861795	7359.6744727	-2.0000667	-2.0000667	0.0800527	0.2742850	0.1540399	0.0000000	0.0000000
7184.9954540	7354.9814419	7354.8890430	-2.0000667	-2.0000667	0.0834128	0.2744956	0.1578175	0.0000000	0.0000000
7184.9954540	7349.9874287	7349.6991016	-2.0000667	-2.0000667	0.0914518	0.2754017	0.1567590	0.0000000	0.0000000
7184.9954540	7344.9860594	7344.9696387	-2.0000667	-2.0000667	0.0939174	0.2747443	0.1569889	0.0000000	0.0000000
7184.9954540	7339.9876760	7339.8102246	-2.0000667	-2.0000667	0.1005520	0.2748824	0.1584442	0.0000000	0.0000000
7184.9954540	7334.9876819	7334.6508105	-2.0000667	-2.0000667	0.1087297	0.2746636	0.1608917	0.0000000	0.0000000
7184.9954540	7329.9862695	7329.9213477	-2.0000667	-2.0000667	0.1109912	0.2745879	0.1590371	0.0000000	0.0000000
7184.9954540	7324.9878305	7324.7619336	-2.0000667	-2.0000667	0.1213910	0.2747211	0.1641447	0.0000000	0.0000000
7184.9954540	7319.9871533	7319.6025195	-2.0000667	-2.0000667	0.1284445	0.2735807	0.1646643	0.0000000	0.0000000
7184.9954540	7314.9856062	7314.8730566	-2.0000667	-2.0000667	0.1235283	0.2753782	0.1606586	0.0000000	0.0000000
7184.9954540	7309.9868361	7309.7136426	-2.0000667	-2.0000667	0.1328243	0.2739263	0.1675499	0.0000000	0.0000000
7184.9954540	7304.9850290	7304.6092822	-2.0000667	-2.0000667	0.1375125	0.2735850	0.1685688	0.0000000	0.0000000
7184.9954540	7299.9861565	7299.9348730	-2.0000667	-2.0000667	0.1392283	0.2731298	0.1696814	0.0000000	0.0000000
7184.9954540	7294.9795014	7294.8355176	-2.0000667	-2.0000667	0.1446541	0.2745690	0.1710717	0.0000000	0.0000000
7184.9954540	7289.9824769	7289.7361621	-2.0000667	-2.0000667	0.1412175	0.2727168	0.1643708	0.0000000	0.0000000
7184.9954540	7284.9819943	7284.6368066	-2.0000667	-2.0000667	0.1518179	0.2731975	0.1698802	0.0000000	0.0000000
7184.9954540	7279.9849698	7279.9623975	-2.0000667	-2.0000667	0.1531139	0.2723179	0.1711685	0.0000000	0.0000000
7184.9954540	7274.9837989	7274.8630420	-2.0000667	-2.0000667	0.1575438	0.2724218	0.1696552	0.0000000	0.0000000
7184.9954540	7269.9840093	7269.7636865	-2.0000667	-2.0000667	0.1611710	0.2732605	0.1677115	0.0000000	0.0000000
7184.9954540	7264.9876701	7264.6888672	-2.0000667	-2.0000667	0.1626235	0.2741653	0.1663530	0.0000000	0.0000000
7184.9954540	7259.9859215	7259.6483984	-2.0000667	-2.0000667	0.1598807	0.2739041	0.1616757	0.0000000	0.0000000
7184.9954540	7254.9818727	7254.6079297	-2.0000667	-2.0000667	0.1600422	0.2752334	0.1583260	0.0000000	0.0000000
7184.9954540	7249.9841501	7249.9875000	-2.0000667	-2.0000667	0.1624181	0.2763773	0.1548394	0.0000000	0.0000000
7184.9954540	7244.9832645	7244.9470313	-2.0000667	-2.0000667	0.1735818	0.2752275	0.1628634	0.0000000	0.0000000
7184.9954540	7239.9820982	7239.9065625	-2.0000667	-2.0000667	0.1723007	0.2740886	0.1589148	0.0000000	0.0000000
7184.9954540	7234.9861373	7234.8660938	-2.0000667	-2.0000667	0.1770509	0.2737285	0.1606909	0.0000000	0.0000000
7184.9954540	7229.9842040	7229.8256250	-2.0000667	-2.0000667	0.1706547	0.2736875	0.1534064	0.0000000	0.0000000
7184.9954540	7224.9879209	7224.7851563	-2.0000667	-2.0000667	0.1822446	0.2745779	0.1583922	0.0000000	0.0000000
7184.9954540	7219.9867826	7219.8026367	-2.0000667	-2.0000667	0.1883750	0.2743743	0.1608505	0.0000000	0.0000000
7184.9954540	7214.9827535	7214.8201172	-2.0000667	-2.0000667	0.1867616	0.2730962	0.1605168	0.0000000	0.0000000
7184.9954540	7209.9834979	7209.8375977	-2.0000667	-2.0000667	0.2054834	0.2737889	0.1654000	0.0000000	0.0000000
7184.9954540	7204.9823763	7204.8550781	-2.0000667	-2.0000667	0.2054615	0.2733813	0.1642596	0.0000000	0.0000000
7184.9954540	7199.9844833	7199.8725586	-2.0000667	-2.0000667	0.2155511	0.2737496	0.1694025	0.0000000	0.0000000
7184.9954540	7194.9864212	7194.8900391	-2.0000667	-2.0000667	0.2142167	0.2735304	0.1655734	0.0000000	0.0000000
7184.9954540	7189.9844123	7189.9075195	-2.0000667	-2.0000667	0.2128586	0.2724418	0.1654307	0.0000000	0.0000000
7184.9954540	7184.9857226	7184.9250000	-2.0000667	-2.0000667	0.2178909	0.2730868	0.1697423	0.0000000	0.0000000
7184.9954540	7179.9871345	7179.9804492	-2.0000667	-2.0000667	0.2122356	0.2728627	0.1707106	0.0000000	0.0000000
7184.9954540	7174.9804432	7174.6444189	-2.0000667	-2.0000667	0.2172933	0.2725458	0.1738970	0.0000000	0.0000000
7184.9954540	7169.9844272	7169.7188525	-2.0000667	-2.0000667	0.2145428	0.2737289	0.1656550	0.0000000	0.0000000
7184.9954540	7164.9848528	7164.7932861	-2.0000667	-2.0000667	0.2082611	0.2748052	0.1573485	0.0000000	0.0000000
7184.9954540	7159.9842183	7159.8677197	-2.0000667	-2.0000667	0.2106399	0.2737917	0.1574016	0.0000000	0.0000000
7184.9954540	7154.9859714	7154.9421533	-2.0000667	-2.0000667	0.2172330	0.2737651	0.1605228	0.0000000	0.0000000
7184.9954540	7149.9845143	7149.6061230	-2.0000667	-2.0000667	0.2209410	0.2739183	0.1627224	0.0000000	0.0000000
7184.9954540	7144.9816355	7144.6805566	-2.0000667	-2.0000667	0.2184017	0.2733427	0.1599591	0.0000000	0.0000000
7184.9954540	7139.9824934	7139.7829688	-2.0000667	-2.0000667	0.2127297	0.2737971	0.1570226	0.0000000	0.0000000
7184.9954540	7134.9864797	7134.9133594	-2.0000667	-2.0000667	0.2072412	0.2746721	0.1543718	0.0000000	0.0000000
7184.9954540	7129.9832069	7129.6379492	-2.0000667	-2.0000667	0.2020223	0.2740583	0.1483920	0.0000000	0.0000000
7184.9954540	7124.9819055	7124.7683398	-2.0000667	-2.0000667	0.2035562	0.2739331	0.1486823	0.0000000	0.0000000
7184.9954540	7119.9869188	7119.8987305	-2.0000667	-2.0000667	0.2025994	0.2744974	0.1479813	0.0000000	0.0000000
7184.9954540	7114.9856174	7114.6233203	-2.0000667	-2.0000667	0.2096479	0.2745448	0.1535569	0.0000000	0.0000000
7184.9954540	7109.9882914	7109.7537109	-2.0000667	-2.0000667	0.2198215	0.2738378	0.1662322	0.0000000	0.0000000
7184.9954540	7104.9825351	7104.8841016	-2.0000667	-2.0000667	0.2137739	0.2718938	0.1703356	0.0000000	0.0000000
7184.9954540	7099.9837702	7099.6316406	-2.0000667	-2.0000667	0.2132106	0.2728275	0.1653262	0.0000000	0.0000000
7184.9954540	7094.9817088	7094.8171094	-2.0000667	-2.0000667	0.2082615	0.2744946	0.1673627	0.0000000	0.0000000
7184.9954540	7089.9836449	7089.6013672	-2.0000667	-2.0000667	0.2037821	0.2720803	0.1638818	0.0000000	0.0000000
7184.9954540	7084.9818060	7084.7868359	-2.0000667	-2.0000667	0.2021790	0.2723715	0.1591050	0.0000000	0.0000000
7184.9954540	7079.9837421	7079.9723047	-2.0000667	-2.0000667	0.1980720	0.2739023	0.1637982	0.0000000	0.0000000
7184.9954540	7074.9849890	7074.7565625	-2.0000667	-2.0000667	0.1884976	0.2728656	0.1638942	0.0000000	0.0000000
7184.9954540	7069.9846289	7069.9420313	-2.0000667	-2.0000667	0.1871487	0.2738473	0.1669098	0.0000000	0.0000000
7184.9954540	7064.9842688	7064.7262891	-2.0000667	-2.0000667	0.1849994	0.2728654	0.1635555	0.0000000	0.0000000
7184.9954540	7059.9851958	7059.9297656	-2.0000667	-2.0000667	0.1824603	0.2722782	0.1640701	0.0000000	0.0000000
7184.9954540	7054.9845719	7054.7725488	-2.0000667	-2.0000667	0.1788478	0.2739479	0.1587328	0.0000000	0.0000000
7184.9954540	7049.9806796	7049.6153320	-2.0000667	-2.0000667	0.1696929	0.2733254	0.1533403	0.0000000	0.0000000
7184.9954540	7044.9806454	7044.8548242	-2.0000667	-2.0000667	0.1676641	0.2743783	0.1528507	0.0000000	0.0000000
7184.9954540	7039.9847173	7039.6976074	-2.0000667	-2.0000667	0.1655726	0.2732782	0.1508433	0.0000000	0.0000000
7184.9954540	7034.9887891	7034.9370996	-2.0000667	-2.0000667	0.1587356	0.2749063	0.1515801	0.0000000	0.0000000
7184.9954540	7029.9865333	7029.7798828	-2.0000667	-2.0000667	0.1568334	0.2747806	0.1582568	0.0000000	0.0000000
7184.9954540	7024.9842404	7024.6226660	-2.0000667	-2.0000667	0.1518350	0.2742039	0.1549033	0.0000000	0.0000000
7184.9954540	7019.9852022	7019.8843262	-2.0000667	-2.0000667	0.1441230	0.2752280	0.1535892	0.0000000	0.0000000
7184.9954540	7014.9861162	7014.7847461	-2.0000667	-2.0000667	0.1410629	0.2745326	0.1555514	0.0000000	0.0000000
7184.9954540	7009.9855214	7009.6851660	-2.0000667	-2.0000667	0.1347433	0.2749456	0.1596508	0.0000000	0.0000000
7184.9954540	7004.9816281	7004.9778613	-2.0000667	-2.0000667	0.1270559	0.2742352	0.1646666	0.0000000	0.0000000
7184.9954540	7000.0292969	6999.8782813	-2.0000667	-2.0000667	0.1205220	0.2737670	0.1637206	0.0000000	0.0000000
