7000.6166992	7499.9984178	7499.6820801	-2.0000667	-2.0000667	0.0003262	0.2966520	0.1304968	0.0000000	7000.0000000
7000.6166992	7494.9851784	7494.7226807	-2.0000667	-2.0000667	0.0003871	0.2944290	0.1341254	0.0000000	0.0000000
7000.6166992	7489.9879164	7489.7632813	-2.0000667	-2.0000667	0.0003751	0.2940002	0.1352372	0.0000000	0.0000000
7000.6166992	7484.9906544	7484.8038818	-2.0000667	-2.0000667	0.0003402	0.2959470	0.1274049	0.0000000	0.0000000
7000.6166992	7479.9880476	7479.8981445	-2.0000667	-2.0000667	0.0004713	0.2968506	0.1323779	0.0000000	0.0000000
7000.6166992	7474.9849184	7474.9977734	-2.0000667	-2.0000667	0.0005634	0.2961506	0.1312391	0.0000000	0.0000000
7000.6166992	7469.9919479	7469.6519141	-2.0000667	-2.0000667	0.0003903	0.2997673	0.1214413	0.0000000	0.0000000
7000.6166992	7464.9852369	7464.7515430	-2.0000667	-2.0000667	0.0005400	0.2998177	0.1293705	0.0000000	0.0000000
7000.6166992	7459.9830834	7459.8511719	-2.0000667	-2.0000667	0.0006162	0.2963168	0.1325482	0.0000000	0.0000000
7000.6166992	7454.9866531	7454.9508008	-2.0000667	-2.0000667	0.0006398	0.2956868	0.1339392	0.0000000	0.0000000
7000.6166992	7449.9879936	7449.6049414	-2.0000667	-2.0000667	0.0007914	0.2983643	0.1304275	0.0000000	0.0000000
7000.6166992	7444.9852800	7444.7045703	-2.0000667	-2.0000667	0.0007889	0.2966442	0.1313500	0.0000000	0.0000000
7000.6166992	7439.9825665	7439.8041992	-2.0000667	-2.0000667	0.0009888	0.2959962	0.1397588	0.0000000	0.0000000
7000.6166992	7434.9828522	7434.9618359	-2.0000667	-2.0000667	0.0012112	0.2952615	0.1407827	0.0000000	0.0000000
7000.6166992	7429.9877688	7429.6792578	-2.0000667	-2.0000667	0.0014133	0.2944628	0.1457200	0.0000000	0.0000000
7000.6166992	7424.9840682	7424.8368945	-2.0000667	-2.0000667	0.0009755	0.2964436	0.1339851	0.0000000	0.0000000
7000.6166992	7419.9861223	7419.9945313	-2.0000667	-2.0000667	0.0011390	0.2965468	0.1331400	0.0000000	0.0000000
7000.6166992	7414.9852991	7414.7119531	-2.0000667	-2.0000667	0.0022671	0.2970878	0.1395182	0.0000000	0.0000000
7000.6166992	7409.9893015	7409.8695898	-2.0000667	-2.0000667	0.0018022	0.2981691	0.1350817	0.0000000	0.0000000
7000.6166992	7404.9855505	7404.5870117	-2.0000667	-2.0000667	0.0014891	0.2957673	0.1364270	0.0000000	0.0000000
7000.6166992	7399.9868032	7399.7446484	-2.0000667	-2.0000667	0.0026284	0.2946012	0.1448634	0.0000000	0.0000000
7000.6166992	7394.9884007	7394.9126367	-2.0000667	-2.0000667	0.0033981	0.2930674	0.1452328	0.0000000	0.0000000
7000.6166992	7389.9873611	7389.6921680	-2.0000667	-2.0000667	0.0019310	0.2957091	0.1313441	0.0000000	0.0000000
7000.6166992	7384.9891170	7384.9067383	-2.0000667	-2.0000667	0.0015234	0.2961492	0.1264756	0.0000000	0.0000000
7000.6166992	7379.9860592	7379.6862695	-2.0000667	-2.0000667	0.0024341	0.2974679	0.1329017	0.0000000	0.0000000
7000.6166992	7374.9850104	7374.9008398	-2.0000667	-2.0000667	0.0026947	0.2979005	0.1313423	0.0000000	0.0000000
7000.6166992	7369.9839616	7369.6803711	-2.0000667	-2.0000667	0.0047604	0.2939812	0.1461725	0.0000000	0.0000000
7000.6166992	7364.9814683	7364.8949414	-2.0000667	-2.0000667	0.0063823	0.2942893	0.1472137	0.0000000	0.0000000
7000.6166992	7359.9861795	7359.6744727	-2.0000667	-2.0000667	0.0078419	0.2942424	0.1484324	0.0000000	0.0000000
7000.6166992	7354.9845915	7354.8890430	-2.0000667	-2.0000667	0.0065422	0.2950240	0.1456477	0.0000000	0.0000000
7000.6166992	7349.9844428	7349.6991016	-2.0000667	-2.0000667	0.0072389	0.2955565	0.1421722	0.0000000	0.0000000
7000.6166992	7344.9830735	7344.9696387	-2.0000667	-2.0000667	0.0046602	0.2968701	0.1333239	0.0000000	0.0000000
7000.6166992	7339.9876760	7339.8102246	-2.0000667	-2.0000667	0.0070063	0.2952966	0.1410342	0.0000000	0.0000000
7000.6166992	7334.9876819	7334.6508105	-2.0000667	-2.0000667	0.0127933	0.2951615	0.1508824	0.0000000	0.0000000
7000.6166992	7329.9862695	7329.9213477	-2.0000667	-2.0000667	0.0109016	0.2952816	0.1435511	0.0000000	0.0000000
7000.6166992	7324.9848570	7324.7619336	-2.0000667	-2.0000667	0.0142478	0.2962006	0.1410792	0.0000000	0.0000000
7000.6166992	7319.9843762	7319.6025195	-2.0000667	-2.0000667	0.0101268	0.2950327	0.1397262	0.0000000	0.0000000
7000.6166992	7314.9883833	7314.8730566	-2.0000667	-2.0000667	0.0155627	0.2935046	0.1466112	0.0000000	0.0000000
7000.6166992	7309.9868361	7309.7136426	-2.0000667	-2.0000667	0.0152401	0.2932275	0.1485386	0.0000000	0.0000000
7000.6166992	7304.9850290	7304.6092822	-2.0000667	-2.0000667	0.0157019	0.2962513	0.1406373	0.0000000	0.0000000
7000.6166992	7299.9832770	7299.9348730	-2.0000667	-2.0000667	0.0160115	0.2945042	0.1441058	0.0000000	0.0000000
7000.6166992	7294.9795014	7294.8355176	-2.0000667	-2.0000667	0.0165886	0.2957805	0.1406892	0.0000000	0.0000000
7000.6166992	7289.9824769	7289.7361621	-2.0000667	-2.0000667	0.0246613	0.2963962	0.1447574	0.0000000	0.0000000
7000.6166992	7284.9854524	7284.6368066	-2.0000667	-2.0000667	0.0272490	0.2987367	0.1451672	0.0000000	0.0000000
7000.6166992	7279.9884279	7279.9623975	-2.0000667	-2.0000667	0.0249952	0.2968602	0.1438719	0.0000000	0.0000000
7000.6166992	7274.9837989	7274.8630420	-2.0000667	-2.0000667	0.0239368	0.2967444	0.1377217	0.0000000	0.0000000
7000.6166992	7269.9840093	7269.7636865	-2.0000667	-2.0000667	0.0180182	0.2976090	0.1278076	0.0000000	0.0000000
7000.6166992	7264.9842196	7264.6888672	-2.0000667	-2.0000667	0.0248442	0.2967910	0.1363225	0.0000000	0.0000000
7000.6166992	7259.9859215	7259.6483984	-2.0000667	-2.0000667	0.0326108	0.2974423	0.1384053	0.0000000	0.0000000
7000.6166992	7254.9818727	7254.6079297	-2.0000667	-2.0000667	0.0375941	0.2917861	0.1488132	0.0000000	0.0000000
7000.6166992	7249.9841501	7249.9875000	-2.0000667	-2.0000667	0.0413826	0.2942961	0.1442823	0.0000000	0.0000000
7000.6166992	7244.9832645	7244.9470313	-2.0000667	-2.0000667	0.0415826	0.2953577	0.1434211	0.0000000	0.0000000
7000.6166992	7239.9820982	7239.9065625	-2.0000667	-2.0000667	0.0394010	0.2965299	0.1389963	0.0000000	0.0000000
7000.6166992	7234.9861373	7234.8660938	-2.0000667	-2.0000667	0.0473318	0.2973528	0.1419252	0.0000000	0.0000000
7000.6166992	7229.9901764	7229.8256250	-2.0000667	-2.0000667	0.0500638	0.2937328	0.1460059	0.0000000	0.0000000
7000.6166992	7224.9879209	7224.7851563	-2.0000667	-2.0000667	0.0587148	0.2957716	0.1475308	0.0000000	0.0000000
7000.6166992	7219.9838918	7219.8026367	-2.0000667	-2.0000667	0.0596166	0.2970929	0.1459812	0.0000000	0.0000000
7000.6166992	7214.9827535	7214.8201172	-2.0000667	-2.0000667	0.0566632	0.2924844	0.1484539	0.0000000	0.0000000
7000.6166992	7209.9867265	7209.8375977	-2.0000667	-2.0000667	0.0698934	0.2938354	0.1540570	0.0000000	0.0000000
7000.6166992	7204.9823763	7204.8550781	-2.0000667	-2.0000667	0.0776816	0.2933582	0.1551506	0.0000000	0.0000000
7000.6166992	7199.9844833	7199.8725586	-2.0000667	-2.0000667	0.0887595	0.2931854	0.1565352	0.0000000	0.0000000
7000.6166992	7194.9864212	7194.8900391	-2.0000667	-2.0000667	0.0697010	0.2962456	0.1472059	0.0000000	0.0000000
7000.6166992	7189.9810932	7189.9075195	-2.0000667	-2.0000667	0.0640201	0.2965775	0.1412821	0.0000000	0.0000000
7000.6166992	7184.9857226	7184.9250000	-2.0000667	-2.0000667	0.0612954	0.2962726	0.1429489	0.0000000	0.0000000
7000.6166992	7179.9835760	7179.9804492	-2.0000667	-2.0000667	0.0637517	0.2942667	0.1470645	0.0000000	0.0000000
7000.6166992	7174.9840016	7174.6444189	-2.0000667	-2.0000667	0.0782526	0.2944658	0.1459462	0.0000000	0.0000000
7000.6166992	7169.9844272	7169.7188525	-2.0000667	-2.0000667	0.0756215	0.2939465	0.1447837	0.0000000	0.0000000
7000.6166992	7164.9848528	7164.7932861	-2.0000667	-2.0000667	0.0904462	0.2942233	0.1486912	0.0000000	0.0000000
7000.6166992	7159.9810081	7159.8677197	-2.0000667	-2.0000667	0.1091486	0.2913405	0.1561100	0.0000000	0.0000000
7000.6166992	7154.9859714	7154.9421533	-2.0000667	-2.0000667	0.0909060	0.2968049	0.1422675	0.0000000	0.0000000
7000.6166992	7149.9845143	7149.6061230	-2.0000667	-2.0000667	0.1031750	0.2959218	0.1450042	0.0000000	0.0000000
7000.6166992	7144.9816355	7144.6805566	-2.0000667	-2.0000667	0.1122938	0.2957281	0.1459813	0.0000000	0.0000000
7000.6166992	7139.9824934	7139.7829688	-2.0000667	-2.0000667	0.1274740	0.2965380	0.1487369	0.0000000	0.0000000
7000.6166992	7134.9864797	7134.9133594	-2.0000667	-2.0000667	0.1393445	0.2938059	0.1553037	0.0000000	0.0000000
7000.6166992	7129.9832069	7129.6379492	-2.0000667	-2.0000667	0.1673320	0.2961497	0.1572622	0.0000000	0.0000000
7000.6166992	7124.9850629	7124.7683398	-2.0000667	-2.0000667	0.1593381	0.2952637	0.1546692	0.0000000	0.0000000
7000.6166992	7119.9837614	7119.8987305	-2.0000667	-2.0000667	0.1675815	0.2947908	0.1543059	0.0000000	0.0000000
7000.6166992	7114.9824600	7114.6233203	-2.0000667	-2.0000667	0.1573774	0.2957935	0.1495729	0.0000000	0.0000000
7000.6166992	7109.9847957	7109.7537109	-2.0000667	-2.0000667	0.1699614	0.2954600	0.1511912	0.0000000	0.0000000
7000.6166992	7104.9825351	7104.8841016	-2.0000667	-2.0000667	0.2212682	0.2929603	0.1657777	0.0000000	0.0000000
7000.6166992	7099.9837702	7099.6316406	-2.0000667	-2.0000667	0.2310414	0.2944164	0.1612844	0.0000000	0.0000000
7000.6166992	7094.9817088	7094.8171094	-2.0000667	-2.0000667	0.2048182	0.2941083	0.1584757	0.0000000	0.0000000
7000.6166992	7089.9836449	7089.6013672	-2.0000667	-2.0000667	0.1888470	0.2933329	0.1562075	0.0000000	0.0000000
7000.6166992	7084.9855810	7084.7868359	-2.0000667	-2.0000667	0.1776373	0.2950176	0.1486632	0.0000000	0.0000000
7000.6166992	7079.9837421	7079.9723047	-2.0000667	-2.0000667	0.1529355	0.2974923	0.1450413	0.0000000	0.0000000
7000.6166992	7074.9849890	7074.7565625	-2.0000667	-2.0000667	0.1578844	0.2957457	0.1447187	0.0000000	0.0000000
7000.6166992	7069.9846289	7069.9420313	-2.0000667	-2.0000667	0.1772244	0.2960228	0.1501354	0.0000000	0.0000000
7000.6166992	7064.9842688	7064.7262891	-2.0000667	-2.0000667	0.1838619	0.2960983	0.1435455	0.0000000	0.0000000
7000.6166992	7059.9884642	7059.9297656	-2.0000667	-2.0000667	0.2111255	0.2950333	0.1538478	0.0000000	0.0000000
7000.6166992	7054.9845719	7054.7725488	-2.0000667	-2.0000667	0.2245585	0.2957917	0.1583943	0.0000000	0.0000000
7000.6166992	7049.9839480	7049.6153320	-2.0000667	-2.0000667	0.2122935	0.2956663	0.1517780	0.0000000	0.0000000
7000.6166992	7044.9806454	7044.8548242	-2.0000667	-2.0000667	0.2033170	0.2954814	0.1517860	0.0000000	0.0000000
7000.6166992	7039.9847173	7039.6976074	-2.0000667	-2.0000667	0.2186664	0.2946422	0.1556852	0.0000000	0.0000000
7000.6166992	7034.9854783	7034.9370996	-2.0000667	-2.0000667	0.2200529	0.2960591	0.1524689	0.0000000	0.0000000
7000.6166992	7029.9865333	7029.7798828	-2.0000667	-2.0000667	0.1936803	0.2962383	0.1404354	0.0000000	0.0000000
7000.6166992	7024.9842404	7024.6226660	-2.0000667	-2.0000667	0.2526057	0.2967715	0.1608616	0.0000000	0.0000000
7000.6166992	7019.9852022	7019.8843262	-2.0000667	-2.0000667	0.2187813	0.2968883	0.1558777	0.0000000	0.0000000
7000.6166992	7014.9861162	7014.7847461	-2.0000667	-2.0000667	0.2076509	0.2953167	0.1521603	0.0000000	0.0000000
7000.6166992	7009.9855214	7009.6851660	-2.0000667	-2.0000667	0.2150907	0.2947861	0.1508141	0.0000000	0.0000000
7000.6166992	7004.9816281	7004.9778613	-2.0000667	-2.0000667	0.2137350	0.2950303	0.1533414	0.0000000	0.0000000
7000.6166992	7000.0292969	6999.8782813	-2.0000667	-2.0000667	0.2184368	0.2973135	0.1571991	0.0000000	0.0000000
