7084.9954187	7499.9984178	7499.6820801	-2.0000667	-2.0000667	0.0021168	0.2862032	0.1519744	0.0000000	7085.0000000
7084.9954187	7494.9851784	7494.7226807	-2.0000667	-2.0000667	0.0013707	0.2890142	0.1443749	0.0000000	0.0000000
7084.9954187	7489.9851278	7489.7632813	-2.0000667	-2.0000667	0.0019390	0.2857687	0.1383082	0.0000000	0.0000000
7084.9954187	7484.9878658	7484.8038818	-2.0000667	-2.0000667	0.0021704	0.2890565	0.1470806	0.0000000	0.0000000
7084.9954187	7479.9880476	7479.8981445	-2.0000667	-2.0000667	0.0023108	0.2896437	0.1341912	0.0000000	0.0000000
7084.9954187	7474.9849184	7474.9977734	-2.0000667	-2.0000667	0.0026785	0.2865656	0.1447009	0.0000000	0.0000000
7084.9954187	7469.9919479	7469.6519141	-2.0000667	-2.0000667	0.0049818	0.2884165	0.1501437	0.0000000	0.0000000
7084.9954187	7464.9852369	7464.7515430	-2.0000667	-2.0000667	0.0021935	0.2866852	0.1353099	0.0000000	0.0000000
7084.9954187	7459.9888066	7459.8511719	-2.0000667	-2.0000667	0.0025310	0.2866327	0.1395939	0.0000000	0.0000000
7084.9954187	7454.9866531	7454.9508008	-2.0000667	-2.0000667	0.0024484	0.2866868	0.1300343	0.0000000	0.0000000
7084.9954187	7449.9849944	7449.6049414	-2.0000667	-2.0000667	0.0033949	0.2868422	0.1416654	0.0000000	0.0000000
7084.9954187	7444.9822808	7444.7045703	-2.0000667	-2.0000667	0.0029141	0.2878922	0.1310540	0.0000000	0.0000000
7084.9954187	7439.9825665	7439.8041992	-2.0000667	-2.0000667	0.0024028	0.2896682	0.1252383	0.0000000	0.0000000
7084.9954187	7434.9858514	7434.9618359	-2.0000667	-2.0000667	0.0029393	0.2877902	0.1273030	0.0000000	0.0000000
7084.9954187	7429.9848914	7429.6792578	-2.0000667	-2.0000667	0.0057460	0.2888433	0.1377295	0.0000000	0.0000000
7084.9954187	7424.9840682	7424.8368945	-2.0000667	-2.0000667	0.0067966	0.2855721	0.1373923	0.0000000	0.0000000
7084.9954187	7419.9889997	7419.9945313	-2.0000667	-2.0000667	0.0046093	0.2867001	0.1311848	0.0000000	0.0000000
7084.9954187	7414.9852991	7414.7119531	-2.0000667	-2.0000667	0.0047025	0.2846741	0.1251921	0.0000000	0.0000000
7084.9954187	7409.9893015	7409.8695898	-2.0000667	-2.0000667	0.0075239	0.2872649	0.1334437	0.0000000	0.0000000
7084.9954187	7404.9855505	7404.5870117	-2.0000667	-2.0000667	0.0162040	0.2869281	0.1513740	0.0000000	0.0000000
7084.9954187	7399.9868032	7399.7446484	-2.0000667	-2.0000667	0.0129357	0.2877465	0.1438375	0.0000000	0.0000000
7084.9954187	7394.9884007	7394.9126367	-2.0000667	-2.0000667	0.0109265	0.2892635	0.1401971	0.0000000	0.0000000
7084.9954187	7389.9873611	7389.6921680	-2.0000667	-2.0000667	0.0147487	0.2875947	0.1339456	0.0000000	0.0000000
7084.9954187	7384.9891170	7384.9067383	-2.0000667	-2.0000667	0.0168076	0.2861664	0.1353660	0.0000000	0.0000000
7084.9954187	7379.9860592	7379.6862695	-2.0000667	-2.0000667	0.0141509	0.2865773	0.1325732	0.0000000	0.0000000
7084.9954187	7374.9850104	7374.9008398	-2.0000667	-2.0000667	0.0147461	0.2876615	0.1305624	0.0000000	0.0000000
7084.9954187	7369.9839616	7369.6803711	-2.0000667	-2.0000667	0.0206354	0.2869254	0.1326376	0.0000000	0.0000000
7084.9954187	7364.9814683	7364.8949414	-2.0000667	-2.0000667	0.0250524	0.2874227	0.1380273	0.0000000	0.0000000
7084.9954187	7359.9861795	7359.6744727	-2.0000667	-2.0000667	0.0181188	0.2869772	0.1267740	0.0000000	0.0000000
7084.9954187	7354.9814419	7354.8890430	-2.0000667	-2.0000667	0.0156088	0.2852318	0.1267765	0.0000000	0.0000000
7084.9954187	7349.9844428	7349.6991016	-2.0000667	-2.0000667	0.0253533	0.2854148	0.1378932	0.0000000	0.0000000
7084.9954187	7344.9830735	7344.9696387	-2.0000667	-2.0000667	0.0339344	0.2849742	0.1446227	0.0000000	0.0000000
7084.9954187	7339.9906619	7339.8102246	-2.0000667	-2.0000667	0.0380206	0.2870845	0.1394822	0.0000000	0.0000000
7084.9954187	7334.9876819	7334.6508105	-2.0000667	-2.0000667	0.0421567	0.2835004	0.1437505	0.0000000	0.0000000
7084.9954187	7329.9862695	7329.9213477	-2.0000667	-2.0000667	0.0406344	0.2868134	0.1402815	0.0000000	0.0000000
7084.9954187	7324.9848570	7324.7619336	-2.0000667	-2.0000667	0.0316747	0.2861871	0.1280374	0.0000000	0.0000000
7084.9954187	7319.9843762	7319.6025195	-2.0000667	-2.0000667	0.0430753	0.2852898	0.1347258	0.0000000	0.0000000
7084.9954187	7314.9856062	7314.8730566	-2.0000667	-2.0000667	0.0416089	0.2903546	0.1340895	0.0000000	0.0000000
7084.9954187	7309.9868361	7309.7136426	-2.0000667	-2.0000667	0.0444117	0.2884061	0.1327908	0.0000000	0.0000000
7084.9954187	7304.9879085	7304.6092822	-2.0000667	-2.0000667	0.0479447	0.2923427	0.1401992	0.0000000	0.0000000
7084.9954187	7299.9832770	7299.9348730	-2.0000667	-2.0000667	0.0500580	0.2904225	0.1365784	0.0000000	0.0000000
7084.9954187	7294.9795014	7294.8355176	-2.0000667	-2.0000667	0.0456345	0.2884915	0.1325293	0.0000000	0.0000000
7084.9954187	7289.9859351	7289.7361621	-2.0000667	-2.0000667	0.0489713	0.2864785	0.1285518	0.0000000	0.0000000
7084.9954187	7284.9854524	7284.6368066	-2.0000667	-2.0000667	0.0784424	0.2867510	0.1466624	0.0000000	0.0000000
7084.9954187	7279.9884279	7279.9623975	-2.0000667	-2.0000667	0.0800687	0.2869304	0.1477927	0.0000000	0.0000000
7084.9954187	7274.9837989	7274.8630420	-2.0000667	-2.0000667	0.0850090	0.2879415	0.1469285	0.0000000	0.0000000
7084.9954187	7269.9840093	7269.7636865	-2.0000667	-2.0000667	0.0703250	0.2877025	0.1382235	0.0000000	0.0000000
7084.9954187	7264.9842196	7264.6888672	-2.0000667	-2.0000667	0.0860294	0.2874554	0.1411033	0.0000000	0.0000000
7084.9954187	7259.9859215	7259.6483984	-2.0000667	-2.0000667	0.0799558	0.2885944	0.1327749	0.0000000	0.0000000
7084.9954187	7254.9818727	7254.6079297	-2.0000667	-2.0000667	0.0851283	0.2885732	0.1355540	0.0000000	0.0000000
7084.9954187	7249.9873132	7249.9875000	-2.0000667	-2.0000667	0.0871118	0.2899194	0.1348154	0.0000000	0.0000000
7084.9954187	7244.9832645	7244.9470313	-2.0000667	-2.0000667	0.0869099	0.2902279	0.1275353	0.0000000	0.0000000
7084.9954187	7239.9850844	7239.9065625	-2.0000667	-2.0000667	0.0981978	0.2871959	0.1373383	0.0000000	0.0000000
7084.9954187	7234.9891235	7234.8660938	-2.0000667	-2.0000667	0.1167173	0.2851095	0.1455844	0.0000000	0.0000000
7084.9954187	7229.9901764	7229.8256250	-2.0000667	-2.0000667	0.1176372	0.2863228	0.1434307	0.0000000	0.0000000
7084.9954187	7224.9879209	7224.7851563	-2.0000667	-2.0000667	0.1109926	0.2870813	0.1441522	0.0000000	0.0000000
7084.9954187	7219.9838918	7219.8026367	-2.0000667	-2.0000667	0.1144913	0.2871167	0.1389572	0.0000000	0.0000000
7084.9954187	7214.9856444	7214.8201172	-2.0000667	-2.0000667	0.1184429	0.2856230	0.1416155	0.0000000	0.0000000
7084.9954187	7209.9867265	7209.8375977	-2.0000667	-2.0000667	0.1229274	0.2864540	0.1391931	0.0000000	0.0000000
7084.9954187	7204.9823763	7204.8550781	-2.0000667	-2.0000667	0.1240416	0.2902711	0.1367327	0.0000000	0.0000000
7084.9954187	7199.9844833	7199.8725586	-2.0000667	-2.0000667	0.1312308	0.2868904	0.1400260	0.0000000	0.0000000
7084.9954187	7194.9897404	7194.8900391	-2.0000667	-2.0000667	0.1519663	0.2865652	0.1451715	0.0000000	0.0000000
7084.9954187	7189.9844123	7189.9075195	-2.0000667	-2.0000667	0.1621998	0.2863925	0.1480032	0.0000000	0.0000000
7084.9954187	7184.9857226	7184.9250000	-2.0000667	-2.0000667	0.1507042	0.2879825	0.1460381	0.0000000	0.0000000
7084.9954187	7179.9835760	7179.9804492	-2.0000667	-2.0000667	0.1160748	0.2874792	0.1342664	0.0000000	0.0000000
7084.9954187	7174.9840016	7174.6444189	-2.0000667	-2.0000667	0.1670695	0.2877693	0.1497617	0.0000000	0.0000000
7084.9954187	7169.9844272	7169.7188525	-2.0000667	-2.0000667	0.1924388	0.2889188	0.1522200	0.0000000	0.0000000
7084.9954187	7164.9848528	7164.7932861	-2.0000667	-2.0000667	0.1955901	0.2850116	0.1548645	0.0000000	0.0000000
7084.9954187	7159.9842183	7159.8677197	-2.0000667	-2.0000667	0.1794175	0.2864037	0.1455082	0.0000000	0.0000000
7084.9954187	7154.9859714	7154.9421533	-2.0000667	-2.0000667	0.1946384	0.2886078	0.1483048	0.0000000	0.0000000
7084.9954187	7149.9845143	7149.6061230	-2.0000667	-2.0000667	0.2072375	0.2868077	0.1513119	0.0000000	0.0000000
7084.9954187	7144.9847639	7144.6805566	-2.0000667	-2.0000667	0.2321194	0.2837810	0.1569707	0.0000000	0.0000000
7084.9954187	7139.9824934	7139.7829688	-2.0000667	-2.0000667	0.2359077	0.2842836	0.1578086	0.0000000	0.0000000
7084.9954187	7134.9864797	7134.9133594	-2.0000667	-2.0000667	0.2170522	0.2846913	0.1504890	0.0000000	0.0000000
7084.9954187	7129.9832069	7129.6379492	-2.0000667	-2.0000667	0.2089170	0.2870505	0.1457549	0.0000000	0.0000000
7084.9954187	7124.9850629	7124.7683398	-2.0000667	-2.0000667	0.2046281	0.2873762	0.1434844	0.0000000	0.0000000
7084.9954187	7119.9837614	7119.8987305	-2.0000667	-2.0000667	0.2175444	0.2883330	0.1424924	0.0000000	0.0000000
7084.9954187	7114.9856174	7114.6233203	-2.0000667	-2.0000667	0.2525227	0.2859875	0.1513300	0.0000000	0.0000000
7084.9954187	7109.9847957	7109.7537109	-2.0000667	-2.0000667	0.2487892	0.2865472	0.1497186	0.0000000	0.0000000
7084.9954187	7104.9825351	7104.8841016	-2.0000667	-2.0000667	0.2335408	0.2872964	0.1459270	0.0000000	0.0000000
7084.9954187	7099.9837702	7099.6316406	-2.0000667	-2.0000667	0.2560791	0.2878337	0.1498625	0.0000000	0.0000000
7084.9954187	7094.9779338	7094.8171094	-2.0000667	-2.0000667	0.2494263	0.2876962	0.1512112	0.0000000	0.0000000
7084.9954187	7089.9836449	7089.6013672	-2.0000667	-2.0000667	0.2493296	0.2890723	0.1477937	0.0000000	0.0000000
7084.9954187	7084.9818060	7084.7868359	-2.0000667	-2.0000667	0.2523173	0.2874208	0.1482106	0.0000000	0.0000000
7084.9954187	7079.9837421	7079.9723047	-2.0000667	-2.0000667	0.2533658	0.2843547	0.1482804	0.0000000	0.0000000
7084.9954187	7074.9849890	7074.7565625	-2.0000667	-2.0000667	0.2698917	0.2853568	0.1531501	0.0000000	0.0000000
7084.9954187	7069.9846289	7069.9420313	-2.0000667	-2.0000667	0.2160851	0.2882064	0.1377760	0.0000000	0.0000000
7084.9954187	7064.9842688	7064.7262891	-2.0000667	-2.0000667	0.2150122	0.2876871	0.1369218	0.0000000	0.0000000
7084.9954187	7059.9851958	7059.9297656	-2.0000667	-2.0000667	0.2138347	0.2877249	0.1378207	0.0000000	0.0000000
7084.9954187	7054.9845719	7054.7725488	-2.0000667	-2.0000667	0.2029612	0.2884020	0.1335793	0.0000000	0.0000000
7084.9954187	7049.9839480	7049.6153320	-2.0000667	-2.0000667	0.2324548	0.2900154	0.1437026	0.0000000	0.0000000
7084.9954187	7044.9806454	7044.8548242	-2.0000667	-2.0000667	0.2356732	0.2879467	0.1462592	0.0000000	0.0000000
7084.9954187	7039.9847173	7039.6976074	-2.0000667	-2.0000667	0.2571936	0.2880675	0.1503918	0.0000000	0.0000000
7084.9954187	7034.9854783	7034.9370996	-2.0000667	-2.0000667	0.2568849	0.2866395	0.1515669	0.0000000	0.0000000
7084.9954187	7029.9865333	7029.7798828	-2.0000667	-2.0000667	0.2420992	0.2876371	0.1461082	0.0000000	0.0000000
7084.9954187	7024.9842404	7024.6226660	-2.0000667	-2.0000667	0.2529205	0.2860707	0.1506495	0.0000000	0.0000000
7084.9954187	7019.9852022	7019.8843262	-2.0000667	-2.0000667	0.2396631	0.2855961	0.1482108	0.0000000	0.0000000
7084.9954187	7014.9894147	7014.7847461	-2.0000667	-2.0000667	0.2450712	0.2852306	0.1519008	0.0000000	0.0000000
7084.9954187	7009.9855214	7009.6851660	-2.0000667	-2.0000667	0.2611991	0.2840740	0.1596975	0.0000000	0.0000000
7084.9954187	7004.9816281	7004.9778613	-2.0000667	-2.0000667	0.2293859	0.2872501	0.1521378	0.0000000	0.0000000
7084.9954187	7000.0292969	6999.8782813	-2.0000667	-2.0000667	0.2131672	0.2851212	0.1483240	0.0000000	0.0000000
