7194.9942373	7499.9984178	7499.6820801	-2.0000667	-2.0000667	0.0184197	0.2758746	0.1458224	0.0000000	7195.0000000
7194.9942373	7494.9851784	7494.7226807	-2.0000667	-2.0000667	0.0184935	0.2746899	0.1386616	0.0000000	0.0000000
7194.9942373	7489.9879164	7489.7632813	-2.0000667	-2.0000667	0.0213818	0.2742067	0.1455414	0.0000000	0.0000000
7194.9942373	7484.9906544	7484.8038818	-2.0000667	-2.0000667	0.0229071	0.2739116	0.1476417	0.0000000	0.0000000
7194.9942373	7479.9905873	7479.8981445	-2.0000667	-2.0000667	0.0251333	0.2726571	0.1485564	0.0000000	0.0000000
7194.9942373	7474.9849184	7474.9977734	-2.0000667	-2.0000667	0.0290873	0.2728517	0.1565889	0.0000000	0.0000000
7194.9942373	7469.9868686	7469.6519141	-2.0000667	-2.0000667	0.0313282	0.2733993	0.1553928	0.0000000	0.0000000
7194.9942373	7464.9880985	7464.7515430	-2.0000667	-2.0000667	0.0338617	0.2747568	0.1545573	0.0000000	0.0000000
7194.9942373	7459.9859450	7459.8511719	-2.0000667	-2.0000667	0.0355127	0.2738883	0.1552952	0.0000000	0.0000000
7194.9942373	7454.9895148	7454.9508008	-2.0000667	-2.0000667	0.0359698	0.2735648	0.1556084	0.0000000	0.0000000
7194.9942373	7449.9849944	7449.6049414	-2.0000667	-2.0000667	0.0355634	0.2735264	0.1512837	0.0000000	0.0000000
7194.9942373	7444.9822808	7444.7045703	-2.0000667	-2.0000667	0.0364362	0.2734277	0.1503219	0.0000000	0.0000000
7194.9942373	7439.9795673	7439.8041992	-2.0000667	-2.0000667	0.0363671	0.2737117	0.1505476	0.0000000	0.0000000
7194.9942373	7434.9828522	7434.9618359	-2.0000667	-2.0000667	0.0390232	0.2742753	0.1520269	0.0000000	0.0000000
7194.9942373	7429.9848914	7429.6792578	-2.0000667	-2.0000667	0.0427400	0.2739701	0.1539915	0.0000000	0.0000000
7194.9942373	7424.9840682	7424.8368945	-2.0000667	-2.0000667	0.0449678	0.2736361	0.1539136	0.0000000	0.0000000
7194.9942373	7419.9889997	7419.9945313	-2.0000667	-2.0000667	0.0460839	0.2739247	0.1515341	0.0000000	0.0000000
7194.9942373	7414.9852991	7414.7119531	-2.0000667	-2.0000667	0.0497634	0.2750035	0.1501486	0.0000000	0.0000000
7194.9942373	7409.9893015	7409.8695898	-2.0000667	-2.0000667	0.0506267	0.2749724	0.1469448	0.0000000	0.0000000
7194.9942373	7404.9855505	7404.5870117	-2.0000667	-2.0000667	0.0533492	0.2761533	0.1494008	0.0000000	0.0000000
7194.9942373	7399.9868032	7399.7446484	-2.0000667	-2.0000667	0.0556503	0.2756102	0.1487460	0.0000000	0.0000000
7194.9942373	7394.9856052	7394.9126367	-2.0000667	-2.0000667	0.0564280	0.2751332	0.1502031	0.0000000	0.0000000
7194.9942373	7389.9845657	7389.6921680	-2.0000667	-2.0000667	0.0645128	0.2745653	0.1536595	0.0000000	0.0000000
7194.9942373	7384.9863215	7384.9067383	-2.0000667	-2.0000667	0.0685803	0.2750005	0.1551438	0.0000000	0.0000000
7194.9942373	7379.9860592	7379.6862695	-2.0000667	-2.0000667	0.0764552	0.2731494	0.1597549	0.0000000	0.0000000
7194.9942373	7374.9819628	7374.9008398	-2.0000667	-2.0000667	0.0812062	0.2716954	0.1636031	0.0000000	0.0000000
7194.9942373	7369.9839616	7369.6803711	-2.0000667	-2.0000667	0.0881221	0.2726324	0.1673777	0.0000000	0.0000000
7194.9942373	7364.9814683	7364.8949414	-2.0000667	-2.0000667	0.0879252	0.2735690	0.1655945	0.0000000	0.0000000
7194.9942373	7359.9861795	7359.6744727	-2.0000667	-2.0000667	0.0909103	0.2741143	0.1667749	0.0000000	0.0000000
7194.9942373	7354.9814419	7354.8890430	-2.0000667	-2.0000667	0.0944189	0.2725947	0.1646517	0.0000000	0.0000000
7194.9942373	7349.9874287	7349.6991016	-2.0000667	-2.0000667	0.0993009	0.2733773	0.1641456	0.0000000	0.0000000
7194.9942373	7344.9860594	7344.9696387	-2.0000667	-2.0000667	0.0964978	0.2734164	0.1612904	0.0000000	0.0000000
7194.9942373	7339.9876760	7339.8102246	-2.0000667	-2.0000667	0.1042953	0.2736156	0.1637482	0.0000000	0.0000000
7194.9942373	7334.9847084	7334.6508105	-2.0000667	-2.0000667	0.1109807	0.2738655	0.1636681	0.0000000	0.0000000
7194.9942373	7329.9832960	7329.9213477	-2.0000667	-2.0000667	0.1145267	0.2736564	0.1655243	0.0000000	0.0000000
7194.9942373	7324.9848570	7324.7619336	-2.0000667	-2.0000667	0.1146093	0.2735736	0.1589084	0.0000000	0.0000000
7194.9942373	7319.9843762	7319.6025195	-2.0000667	-2.0000667	0.1265072	0.2749991	0.1634807	0.0000000	0.0000000
7194.9942373	7314.9856062	7314.8730566	-2.0000667	-2.0000667	0.1238033	0.2756132	0.1570920	0.0000000	0.0000000
7194.9942373	7309.9868361	7309.7136426	-2.0000667	-2.0000667	0.1279978	0.2751874	0.1601910	0.0000000	0.0000000
7194.9942373	7304.9850290	7304.6092822	-2.0000667	-2.0000667	0.1326266	0.2759664	0.1620146	0.0000000	0.0000000
7194.9942373	7299.9861565	7299.9348730	-2.0000667	-2.0000667	0.1356208	0.2754484	0.1642317	0.0000000	0.0000000
7194.9942373	7294.9829595	7294.8355176	-2.0000667	-2.0000667	0.1338925	0.2730193	0.1650262	0.0000000	0.0000000
7194.9942373	7289.9824769	7289.7361621	-2.0000667	-2.0000667	0.1378956	0.2727762	0.1615128	0.0000000	0.0000000
7194.9942373	7284.9854524	7284.6368066	-2.0000667	-2.0000667	0.1480337	0.2744785	0.1687317	0.0000000	0.0000000
7194.9942373	7279.9849698	7279.9623975	-2.0000667	-2.0000667	0.1486432	0.2760360	0.1686649	0.0000000	0.0000000
7194.9942373	7274.9837989	7274.8630420	-2.0000667	-2.0000667	0.1479670	0.2757153	0.1611484	0.0000000	0.0000000
7194.9942373	7269.9840093	7269.7636865	-2.0000667	-2.0000667	0.1563325	0.2745459	0.1670487	0.0000000	0.0000000
7194.9942373	7264.9876701	7264.6888672	-2.0000667	-2.0000667	0.1615083	0.2744893	0.1681936	0.0000000	0.0000000
7194.9942373	7259.9859215	7259.6483984	-2.0000667	-2.0000667	0.1706515	0.2745876	0.1706461	0.0000000	0.0000000
7194.9942373	7254.9850358	7254.6079297	-2.0000667	-2.0000667	0.1771356	0.2744318	0.1714099	0.0000000	0.0000000
7194.9942373	7249.9841501	7249.9875000	-2.0000667	-2.0000667	0.1797706	0.2746748	0.1714020	0.0000000	0.0000000
7194.9942373	7244.9832645	7244.9470313	-2.0000667	-2.0000667	0.1800614	0.2737311	0.1685531	0.0000000	0.0000000
7194.9942373	7239.9850844	7239.9065625	-2.0000667	-2.0000667	0.1825345	0.2746399	0.1688933	0.0000000	0.0000000
7194.9942373	7234.9861373	7234.8660938	-2.0000667	-2.0000667	0.1890746	0.2743165	0.1734916	0.0000000	0.0000000
7194.9942373	7229.9901764	7229.8256250	-2.0000667	-2.0000667	0.1941721	0.2730328	0.1770437	0.0000000	0.0000000
7194.9942373	7224.9879209	7224.7851563	-2.0000667	-2.0000667	0.1905222	0.2729182	0.1709949	0.0000000	0.0000000
7194.9942373	7219.9867826	7219.8026367	-2.0000667	-2.0000667	0.1931748	0.2745254	0.1707584	0.0000000	0.0000000
7194.9942373	7214.9856444	7214.8201172	-2.0000667	-2.0000667	0.1963804	0.2733286	0.1715347	0.0000000	0.0000000
7194.9942373	7209.9834979	7209.8375977	-2.0000667	-2.0000667	0.2028195	0.2742465	0.1708203	0.0000000	0.0000000
7194.9942373	7204.9823763	7204.8550781	-2.0000667	-2.0000667	0.2021827	0.2745468	0.1704128	0.0000000	0.0000000
7194.9942373	7199.9844833	7199.8725586	-2.0000667	-2.0000667	0.2038562	0.2728467	0.1684576	0.0000000	0.0000000
7194.9942373	7194.9864212	7194.8900391	-2.0000667	-2.0000667	0.2071957	0.2753623	0.1712810	0.0000000	0.0000000
7194.9942373	7189.9844123	7189.9075195	-2.0000667	-2.0000667	0.2064312	0.2751898	0.1705371	0.0000000	0.0000000
7194.9942373	7184.9857226	7184.9250000	-2.0000667	-2.0000667	0.1994996	0.2752574	0.1685339	0.0000000	0.0000000
7194.9942373	7179.9871345	7179.9804492	-2.0000667	-2.0000667	0.1923167	0.2757562	0.1659479	0.0000000	0.0000000
7194.9942373	7174.9804432	7174.6444189	-2.0000667	-2.0000667	0.1922010	0.2754047	0.1654395	0.0000000	0.0000000
7194.9942373	7169.9808688	7169.7188525	-2.0000667	-2.0000667	0.1974301	0.2743679	0.1674055	0.0000000	0.0000000
7194.9942373	7164.9848528	7164.7932861	-2.0000667	-2.0000667	0.1999653	0.2750985	0.1651021	0.0000000	0.0000000
7194.9942373	7159.9842183	7159.8677197	-2.0000667	-2.0000667	0.2025481	0.2748333	0.1665117	0.0000000	0.0000000
7194.9942373	7154.9859714	7154.9421533	-2.0000667	-2.0000667	0.2062513	0.2751377	0.1693223	0.0000000	0.0000000
7194.9942373	7149.9845143	7149.6061230	-2.0000667	-2.0000667	0.2113390	0.2750732	0.1707483	0.0000000	0.0000000
7194.9942373	7144.9847639	7144.6805566	-2.0000667	-2.0000667	0.2113057	0.2739498	0.1724379	0.0000000	0.0000000
7194.9942373	7139.9824934	7139.7829688	-2.0000667	-2.0000667	0.2096462	0.2749641	0.1750002	0.0000000	0.0000000
7194.9942373	7134.9864797	7134.9133594	-2.0000667	-2.0000667	0.2101293	0.2734967	0.1758940	0.0000000	0.0000000
7194.9942373	7129.9800495	7129.6379492	-2.0000667	-2.0000667	0.2110676	0.2734142	0.1783007	0.0000000	0.0000000
7194.9942373	7124.9850629	7124.7683398	-2.0000667	-2.0000667	0.2090994	0.2722076	0.1762742	0.0000000	0.0000000
7194.9942373	7119.9869188	7119.8987305	-2.0000667	-2.0000667	0.2010573	0.2735500	0.1725602	0.0000000	0.0000000
7194.9942373	7114.9856174	7114.6233203	-2.0000667	-2.0000667	0.2015397	0.2729043	0.1686631	0.0000000	0.0000000
7194.9942373	7109.9847957	7109.7537109	-2.0000667	-2.0000667	0.1980564	0.2729259	0.1670161	0.0000000	0.0000000
7194.9942373	7104.9825351	7104.8841016	-2.0000667	-2.0000667	0.1972668	0.2723730	0.1682236	0.0000000	0.0000000
7194.9942373	7099.9837702	7099.6316406	-2.0000667	-2.0000667	0.1959768	0.2723661	0.1690452	0.0000000	0.0000000
7194.9942373	7094.9817088	7094.8171094	-2.0000667	-2.0000667	0.1916610	0.2728363	0.1703062	0.0000000	0.0000000
7194.9942373	7089.9874198	7089.6013672	-2.0000667	-2.0000667	0.1893661	0.2730656	0.1733208	0.0000000	0.0000000
7194.9942373	7084.9818060	7084.7868359	-2.0000667	-2.0000667	0.1830515	0.2730038	0.1736478	0.0000000	0.0000000
7194.9942373	7079.9875171	7079.9723047	-2.0000667	-2.0000667	0.1741500	0.2743246	0.1750717	0.0000000	0.0000000
7194.9942373	7074.9849890	7074.7565625	-2.0000667	-2.0000667	0.1746654	0.2748125	0.1719614	0.0000000	0.0000000
7194.9942373	7069.9846289	7069.9420313	-2.0000667	-2.0000667	0.1724097	0.2755065	0.1730206	0.0000000	0.0000000
7194.9942373	7064.9806401	7064.7262891	-2.0000667	-2.0000667	0.1689443	0.2747333	0.1673474	0.0000000	0.0000000
7194.9942373	7059.9819274	7059.9297656	-2.0000667	-2.0000667	0.1622089	0.2748414	0.1628464	0.0000000	0.0000000
7194.9942373	7054.9845719	7054.7725488	-2.0000667	-2.0000667	0.1613617	0.2760690	0.1640479	0.0000000	0.0000000
7194.9942373	7049.9839480	7049.6153320	-2.0000667	-2.0000667	0.1609285	0.2757576	0.1612158	0.0000000	0.0000000
7194.9942373	7044.9806454	7044.8548242	-2.0000667	-2.0000667	0.1526249	0.2747296	0.1658195	0.0000000	0.0000000
7194.9942373	7039.9847173	7039.6976074	-2.0000667	-2.0000667	0.1509657	0.2723822	0.1687786	0.0000000	0.0000000
7194.9942373	7034.9854783	7034.9370996	-2.0000667	-2.0000667	0.1463861	0.2733217	0.1659677	0.0000000	0.0000000
7194.9942373	7029.9897879	7029.7798828	-2.0000667	-2.0000667	0.1404490	0.2734113	0.1655415	0.0000000	0.0000000
7194.9942373	7024.9842404	7024.6226660	-2.0000667	-2.0000667	0.1316122	0.2734633	0.1661136	0.0000000	0.0000000
7194.9942373	7019.9819476	7019.8843262	-2.0000667	-2.0000667	0.1254897	0.2736865	0.1674117	0.0000000	0.0000000
7194.9942373	7014.9861162	7014.7847461	-2.0000667	-2.0000667	0.1218141	0.2743743	0.1657814	0.0000000	0.0000000
7194.9942373	7009.9855214	7009.6851660	-2.0000667	-2.0000667	0.1167582	0.2752168	0.1649224	0.0000000	0.0000000
7194.9942373	7004.9816281	7004.9778613	-2.0000667	-2.0000667	0.1139667	0.2752367	0.1618619	0.0000000	0.0000000
7194.9942373	7000.0292969	6999.8782813	-2.0000667	-2.0000667	0.1096304	0.2745613	0.1572670	0.0000000	0.0000000
