7035.0024246	7499.9984178	7499.6820801	-2.0000667	-2.0000667	0.0009078	0.2981261	0.1384296	0.0000000	7035.0000000
7035.0024246	7494.9851784	7494.7226807	-2.0000667	-2.0000667	0.0013662	0.2960870	0.1480123	0.0000000	0.0000000
7035.0024246	7489.9851278	7489.7632813	-2.0000667	-2.0000667	0.0014365	0.2973344	0.1418397	0.0000000	0.0000000
7035.0024246	7484.9906544	7484.8038818	-2.0000667	-2.0000667	0.0014987	0.2977297	0.1396949	0.0000000	0.0000000
7035.0024246	7479.9855080	7479.8981445	-2.0000667	-2.0000667	0.0008588	0.2965947	0.1266854	0.0000000	0.0000000
7035.0024246	7474.9849184	7474.9977734	-2.0000667	-2.0000667	0.0011659	0.2983717	0.1360826	0.0000000	0.0000000
7035.0024246	7469.9868686	7469.6519141	-2.0000667	-2.0000667	0.0011078	0.2990161	0.1319459	0.0000000	0.0000000
7035.0024246	7464.9852369	7464.7515430	-2.0000667	-2.0000667	0.0012699	0.2978398	0.1291686	0.0000000	0.0000000
7035.0024246	7459.9830834	7459.8511719	-2.0000667	-2.0000667	0.0014677	0.3003174	0.1298589	0.0000000	0.0000000
7035.0024246	7454.9866531	7454.9508008	-2.0000667	-2.0000667	0.0016046	0.2996476	0.1352515	0.0000000	0.0000000
7035.0024246	7449.9849944	7449.6049414	-2.0000667	-2.0000667	0.0020713	0.2967374	0.1331046	0.0000000	0.0000000
7035.0024246	7444.9822808	7444.7045703	-2.0000667	-2.0000667	0.0025391	0.2979233	0.1427970	0.0000000	0.0000000
7035.0024246	7439.9825665	7439.8041992	-2.0000667	-2.0000667	0.0019249	0.2981857	0.1398741	0.0000000	0.0000000
7035.0024246	7434.9828522	7434.9618359	-2.0000667	-2.0000667	0.0024829	0.2975541	0.1408717	0.0000000	0.0000000
7035.0024246	7429.9848914	7429.6792578	-2.0000667	-2.0000667	0.0019276	0.2999457	0.1283739	0.0000000	0.0000000
7035.0024246	7424.9840682	7424.8368945	-2.0000667	-2.0000667	0.0024913	0.3004129	0.1284951	0.0000000	0.0000000
7035.0024246	7419.9832450	7419.9945313	-2.0000667	-2.0000667	0.0034335	0.2997234	0.1355208	0.0000000	0.0000000
7035.0024246	7414.9852991	7414.7119531	-2.0000667	-2.0000667	0.0049795	0.2984387	0.1384940	0.0000000	0.0000000
7035.0024246	7409.9893015	7409.8695898	-2.0000667	-2.0000667	0.0057833	0.2993215	0.1398135	0.0000000	0.0000000
7035.0024246	7404.9855505	7404.5870117	-2.0000667	-2.0000667	0.0062009	0.2996603	0.1385476	0.0000000	0.0000000
7035.0024246	7399.9868032	7399.7446484	-2.0000667	-2.0000667	0.0055969	0.3010066	0.1339204	0.0000000	0.0000000
7035.0024246	7394.9856052	7394.9126367	-2.0000667	-2.0000667	0.0053490	0.3029802	0.1260590	0.0000000	0.0000000
7035.0024246	7389.9873611	7389.6921680	-2.0000667	-2.0000667	0.0121136	0.3018583	0.1383611	0.0000000	0.0000000
7035.0024246	7384.9891170	7384.9067383	-2.0000667	-2.0000667	0.0090525	0.2981565	0.1386880	0.0000000	0.0000000
7035.0024246	7379.9860592	7379.6862695	-2.0000667	-2.0000667	0.0064380	0.2985728	0.1283615	0.0000000	0.0000000
7035.0024246	7374.9819628	7374.9008398	-2.0000667	-2.0000667	0.0083931	0.2984531	0.1326492	0.0000000	0.0000000
7035.0024246	7369.9839616	7369.6803711	-2.0000667	-2.0000667	0.0110674	0.2979199	0.1394025	0.0000000	0.0000000
7035.0024246	7364.9814683	7364.8949414	-2.0000667	-2.0000667	0.0089293	0.2994475	0.1291462	0.0000000	0.0000000
7035.0024246	7359.9830299	7359.6744727	-2.0000667	-2.0000667	0.0117202	0.2984084	0.1377954	0.0000000	0.0000000
7035.0024246	7354.9814419	7354.8890430	-2.0000667	-2.0000667	0.0179523	0.2985205	0.1430065	0.0000000	0.0000000
7035.0024246	7349.9874287	7349.6991016	-2.0000667	-2.0000667	0.0192987	0.2999131	0.1410050	0.0000000	0.0000000
7035.0024246	7344.9860594	7344.9696387	-2.0000667	-2.0000667	0.0200358	0.3013230	0.1439233	0.0000000	0.0000000
7035.0024246	7339.9876760	7339.8102246	-2.0000667	-2.0000667	0.0229811	0.2998906	0.1393500	0.0000000	0.0000000
7035.0024246	7334.9876819	7334.6508105	-2.0000667	-2.0000667	0.0327209	0.2964441	0.1497231	0.0000000	0.0000000
7035.0024246	7329.9862695	7329.9213477	-2.0000667	-2.0000667	0.0328646	0.2975100	0.1482676	0.0000000	0.0000000
7035.0024246	7324.9848570	7324.7619336	-2.0000667	-2.0000667	0.0344518	0.2975120	0.1472643	0.0000000	0.0000000
7035.0024246	7319.9843762	7319.6025195	-2.0000667	-2.0000667	0.0339681	0.3001926	0.1386599	0.0000000	0.0000000
7035.0024246	7314.9856062	7314.8730566	-2.0000667	-2.0000667	0.0342367	0.2990835	0.1420551	0.0000000	0.0000000
7035.0024246	7309.9868361	7309.7136426	-2.0000667	-2.0000667	0.0381812	0.2945717	0.1463605	0.0000000	0.0000000
7035.0024246	7304.9850290	7304.6092822	-2.0000667	-2.0000667	0.0495287	0.2957867	0.1527549	0.0000000	0.0000000
7035.0024246	7299.9832770	7299.9348730	-2.0000667	-2.0000667	0.0525472	0.2958248	0.1544288	0.0000000	0.0000000
7035.0024246	7294.9795014	7294.8355176	-2.0000667	-2.0000667	0.0466433	0.2979338	0.1453304	0.0000000	0.0000000
7035.0024246	7289.9824769	7289.7361621	-2.0000667	-2.0000667	0.0492074	0.2997349	0.1418689	0.0000000	0.0000000
7035.0024246	7284.9819943	7284.6368066	-2.0000667	-2.0000667	0.0438168	0.2979075	0.1394548	0.0000000	0.0000000
7035.0024246	7279.9884279	7279.9623975	-2.0000667	-2.0000667	0.0405778	0.2991040	0.1359778	0.0000000	0.0000000
7035.0024246	7274.9837989	7274.8630420	-2.0000667	-2.0000667	0.0439926	0.2999330	0.1400917	0.0000000	0.0000000
7035.0024246	7269.9840093	7269.7636865	-2.0000667	-2.0000667	0.0372844	0.3008162	0.1309718	0.0000000	0.0000000
7035.0024246	7264.9842196	7264.6888672	-2.0000667	-2.0000667	0.0451434	0.3002466	0.1365581	0.0000000	0.0000000
7035.0024246	7259.9859215	7259.6483984	-2.0000667	-2.0000667	0.0620809	0.3007936	0.1383628	0.0000000	0.0000000
7035.0024246	7254.9850358	7254.6079297	-2.0000667	-2.0000667	0.0515287	0.3006606	0.1327456	0.0000000	0.0000000
7035.0024246	7249.9873132	7249.9875000	-2.0000667	-2.0000667	0.0640442	0.2985460	0.1435552	0.0000000	0.0000000
7035.0024246	7244.9864276	7244.9470313	-2.0000667	-2.0000667	0.0631345	0.2988246	0.1377720	0.0000000	0.0000000
7035.0024246	7239.9850844	7239.9065625	-2.0000667	-2.0000667	0.0605398	0.2975369	0.1347654	0.0000000	0.0000000
7035.0024246	7234.9891235	7234.8660938	-2.0000667	-2.0000667	0.0607950	0.2956737	0.1339351	0.0000000	0.0000000
7035.0024246	7229.9901764	7229.8256250	-2.0000667	-2.0000667	0.0885833	0.2981272	0.1462576	0.0000000	0.0000000
7035.0024246	7224.9850300	7224.7851563	-2.0000667	-2.0000667	0.0955494	0.2963749	0.1497191	0.0000000	0.0000000
7035.0024246	7219.9838918	7219.8026367	-2.0000667	-2.0000667	0.0923146	0.2990138	0.1462098	0.0000000	0.0000000
7035.0024246	7214.9827535	7214.8201172	-2.0000667	-2.0000667	0.0864498	0.3010839	0.1429242	0.0000000	0.0000000
7035.0024246	7209.9834979	7209.8375977	-2.0000667	-2.0000667	0.0953772	0.2985756	0.1461332	0.0000000	0.0000000
7035.0024246	7204.9856049	7204.8550781	-2.0000667	-2.0000667	0.0965319	0.3007456	0.1427822	0.0000000	0.0000000
7035.0024246	7199.9844833	7199.8725586	-2.0000667	-2.0000667	0.0928628	0.3016781	0.1361602	0.0000000	0.0000000
7035.0024246	7194.9864212	7194.8900391	-2.0000667	-2.0000667	0.1093086	0.2999291	0.1456849	0.0000000	0.0000000
7035.0024246	7189.9844123	7189.9075195	-2.0000667	-2.0000667	0.1188922	0.2974028	0.1503685	0.0000000	0.0000000
7035.0024246	7184.9857226	7184.9250000	-2.0000667	-2.0000667	0.1202806	0.2977133	0.1522339	0.0000000	0.0000000
7035.0024246	7179.9835760	7179.9804492	-2.0000667	-2.0000667	0.1191348	0.2974150	0.1530942	0.0000000	0.0000000
7035.0024246	7174.9804432	7174.6444189	-2.0000667	-2.0000667	0.1221742	0.2977672	0.1436583	0.0000000	0.0000000
7035.0024246	7169.9808688	7169.7188525	-2.0000667	-2.0000667	0.1480015	0.2977990	0.1515419	0.0000000	0.0000000
7035.0024246	7164.9848528	7164.7932861	-2.0000667	-2.0000667	0.1295511	0.2987612	0.1403802	0.0000000	0.0000000
7035.0024246	7159.9810081	7159.8677197	-2.0000667	-2.0000667	0.1587883	0.2978035	0.1515121	0.0000000	0.0000000
7035.0024246	7154.9859714	7154.9421533	-2.0000667	-2.0000667	0.1686042	0.2975313	0.1513456	0.0000000	0.0000000
7035.0024246	7149.9845143	7149.6061230	-2.0000667	-2.0000667	0.1756487	0.2981240	0.1461012	0.0000000	0.0000000
7035.0024246	7144.9847639	7144.6805566	-2.0000667	-2.0000667	0.1833451	0.2988849	0.1488789	0.0000000	0.0000000
7035.0024246	7139.9824934	7139.7829688	-2.0000667	-2.0000667	0.1610370	0.3005989	0.1410293	0.0000000	0.0000000
7035.0024246	7134.9864797	7134.9133594	-2.0000667	-2.0000667	0.1363545	0.3025492	0.1351846	0.0000000	0.0000000
7035.0024246	7129.9832069	7129.6379492	-2.0000667	-2.0000667	0.1570262	0.3030322	0.1362584	0.0000000	0.0000000
7035.0024246	7124.9850629	7124.7683398	-2.0000667	-2.0000667	0.1518248	0.3030831	0.1339694	0.0000000	0.0000000
7035.0024246	7119.9837614	7119.8987305	-2.0000667	-2.0000667	0.1990060	0.2990233	0.1501344	0.0000000	0.0000000
7035.0024246	7114.9824600	7114.6233203	-2.0000667	-2.0000667	0.2137050	0.3001978	0.1485669	0.0000000	0.0000000
7035.0024246	7109.9813001	7109.7537109	-2.0000667	-2.0000667	0.2203059	0.3004846	0.1519788	0.0000000	0.0000000
7035.0024246	7104.9825351	7104.8841016	-2.0000667	-2.0000667	0.2286453	0.3023672	0.1515529	0.0000000	0.0000000
7035.0024246	7099.9837702	7099.6316406	-2.0000667	-2.0000667	0.2406863	0.2996787	0.1539178	0.0000000	0.0000000
7035.0024246	7094.9779338	7094.8171094	-2.0000667	-2.0000667	0.2458297	0.2989147	0.1540632	0.0000000	0.0000000
7035.0024246	7089.9798699	7089.6013672	-2.0000667	-2.0000667	0.2308364	0.2996628	0.1474213	0.0000000	0.0000000
7035.0024246	7084.9818060	7084.7868359	-2.0000667	-2.0000667	0.2440613	0.3019980	0.1489325	0.0000000	0.0000000
7035.0024246	7079.9837421	7079.9723047	-2.0000667	-2.0000667	0.2301388	0.2998080	0.1493817	0.0000000	0.0000000
7035.0024246	7074.9849890	7074.7565625	-2.0000667	-2.0000667	0.2221117	0.2984583	0.1470450	0.0000000	0.0000000
7035.0024246	7069.9846289	7069.9420313	-2.0000667	-2.0000667	0.2315370	0.2995345	0.1470009	0.0000000	0.0000000
7035.0024246	7064.9806401	7064.7262891	-2.0000667	-2.0000667	0.2036504	0.3006151	0.1371938	0.0000000	0.0000000
7035.0024246	7059.9851958	7059.9297656	-2.0000667	-2.0000667	0.2543270	0.3013345	0.1481187	0.0000000	0.0000000
7035.0024246	7054.9845719	7054.7725488	-2.0000667	-2.0000667	0.2823947	0.3017672	0.1561812	0.0000000	0.0000000
7035.0024246	7049.9839480	7049.6153320	-2.0000667	-2.0000667	0.2689257	0.3030011	0.1530887	0.0000000	0.0000000
7035.0024246	7044.9839562	7044.8548242	-2.0000667	-2.0000667	0.2494408	0.3002754	0.1503738	0.0000000	0.0000000
7035.0024246	7039.9847173	7039.6976074	-2.0000667	-2.0000667	0.2573239	0.2985198	0.1487849	0.0000000	0.0000000
7035.0024246	7034.9854783	7034.9370996	-2.0000667	-2.0000667	0.2454603	0.3005785	0.1459928	0.0000000	0.0000000
7035.0024246	7029.9865333	7029.7798828	-2.0000667	-2.0000667	0.3015785	0.2957683	0.1609052	0.0000000	0.0000000
7035.0024246	7024.9842404	7024.6226660	-2.0000667	-2.0000667	0.3394606	0.2938291	0.1677197	0.0000000	0.0000000
7035.0024246	7019.9819476	7019.8843262	-2.0000667	-2.0000667	0.3139191	0.2977217	0.1614426	0.0000000	0.0000000
7035.0024246	7014.9861162	7014.7847461	-2.0000667	-2.0000667	0.2982269	0.2969774	0.1612942	0.0000000	0.0000000
7035.0024246	7009.9822229	7009.6851660	-2.0000667	-2.0000667	0.2956074	0.2987975	0.1585298	0.0000000	0.0000000
7035.0024246	7004.9816281	7004.9778613	-2.0000667	-2.0000667	0.2822672	0.2999303	0.1570480	0.0000000	0.0000000
7035.0024246	7000.0292969	6999.8782813	-2.0000667	-2.0000667	0.2472264	0.3019855	0.1494780	0.0000000	0.0000000
