7169.9984884	7499.9984178	7499.6820801	-2.0000667	-2.0000667	0.0107294	0.2757869	0.1371965	0.0000000	7170.0000000
7169.9984884	7494.9851784	7494.7226807	-2.0000667	-2.0000667	0.0144874	0.2759272	0.1428251	0.0000000	0.0000000
7169.9984884	7489.9879164	7489.7632813	-2.0000667	-2.0000667	0.0147029	0.2753156	0.1370386	0.0000000	0.0000000
7169.9984884	7484.9906544	7484.8038818	-2.0000667	-2.0000667	0.0147737	0.2755059	0.1381322	0.0000000	0.0000000
7169.9984884	7479.9880476	7479.8981445	-2.0000667	-2.0000667	0.0175479	0.2741140	0.1440736	0.0000000	0.0000000
7169.9984884	7474.9849184	7474.9977734	-2.0000667	-2.0000667	0.0210875	0.2744834	0.1451720	0.0000000	0.0000000
7169.9984884	7469.9894082	7469.6519141	-2.0000667	-2.0000667	0.0245979	0.2734272	0.1533947	0.0000000	0.0000000
7169.9984884	7464.9852369	7464.7515430	-2.0000667	-2.0000667	0.0287996	0.2729377	0.1603729	0.0000000	0.0000000
7169.9984884	7459.9830834	7459.8511719	-2.0000667	-2.0000667	0.0315446	0.2725050	0.1605730	0.0000000	0.0000000
7169.9984884	7454.9866531	7454.9508008	-2.0000667	-2.0000667	0.0296388	0.2718672	0.1575577	0.0000000	0.0000000
7169.9984884	7449.9879936	7449.6049414	-2.0000667	-2.0000667	0.0276855	0.2747102	0.1544905	0.0000000	0.0000000
7169.9984884	7444.9852800	7444.7045703	-2.0000667	-2.0000667	0.0304230	0.2733812	0.1598149	0.0000000	0.0000000
7169.9984884	7439.9825665	7439.8041992	-2.0000667	-2.0000667	0.0342864	0.2745148	0.1628545	0.0000000	0.0000000
7169.9984884	7434.9858514	7434.9618359	-2.0000667	-2.0000667	0.0353893	0.2730337	0.1587611	0.0000000	0.0000000
7169.9984884	7429.9848914	7429.6792578	-2.0000667	-2.0000667	0.0403014	0.2724751	0.1617356	0.0000000	0.0000000
7169.9984884	7424.9840682	7424.8368945	-2.0000667	-2.0000667	0.0384961	0.2744874	0.1488757	0.0000000	0.0000000
7169.9984884	7419.9889997	7419.9945313	-2.0000667	-2.0000667	0.0382446	0.2739149	0.1457354	0.0000000	0.0000000
7169.9984884	7414.9852991	7414.7119531	-2.0000667	-2.0000667	0.0441046	0.2762006	0.1495768	0.0000000	0.0000000
7169.9984884	7409.9893015	7409.8695898	-2.0000667	-2.0000667	0.0453435	0.2756766	0.1522139	0.0000000	0.0000000
7169.9984884	7404.9855505	7404.5870117	-2.0000667	-2.0000667	0.0490592	0.2740873	0.1550582	0.0000000	0.0000000
7169.9984884	7399.9868032	7399.7446484	-2.0000667	-2.0000667	0.0498486	0.2736818	0.1567526	0.0000000	0.0000000
7169.9984884	7394.9884007	7394.9126367	-2.0000667	-2.0000667	0.0532166	0.2748356	0.1558406	0.0000000	0.0000000
7169.9984884	7389.9873611	7389.6921680	-2.0000667	-2.0000667	0.0549630	0.2731527	0.1512214	0.0000000	0.0000000
7169.9984884	7384.9891170	7384.9067383	-2.0000667	-2.0000667	0.0623282	0.2735776	0.1522972	0.0000000	0.0000000
7169.9984884	7379.9860592	7379.6862695	-2.0000667	-2.0000667	0.0646202	0.2733392	0.1546724	0.0000000	0.0000000
7169.9984884	7374.9850104	7374.9008398	-2.0000667	-2.0000667	0.0673308	0.2739197	0.1572261	0.0000000	0.0000000
7169.9984884	7369.9839616	7369.6803711	-2.0000667	-2.0000667	0.0689556	0.2734453	0.1545430	0.0000000	0.0000000
7169.9984884	7364.9814683	7364.8949414	-2.0000667	-2.0000667	0.0728419	0.2739440	0.1578636	0.0000000	0.0000000
7169.9984884	7359.9861795	7359.6744727	-2.0000667	-2.0000667	0.0817512	0.2733223	0.1636066	0.0000000	0.0000000
7169.9984884	7354.9814419	7354.8890430	-2.0000667	-2.0000667	0.0879572	0.2730337	0.1666167	0.0000000	0.0000000
7169.9984884	7349.9814569	7349.6991016	-2.0000667	-2.0000667	0.0942615	0.2731599	0.1652134	0.0000000	0.0000000
7169.9984884	7344.9830735	7344.9696387	-2.0000667	-2.0000667	0.0975239	0.2744282	0.1643099	0.0000000	0.0000000
7169.9984884	7339.9876760	7339.8102246	-2.0000667	-2.0000667	0.0989371	0.2728025	0.1639589	0.0000000	0.0000000
7169.9984884	7334.9876819	7334.6508105	-2.0000667	-2.0000667	0.0996957	0.2743903	0.1601772	0.0000000	0.0000000
7169.9984884	7329.9832960	7329.9213477	-2.0000667	-2.0000667	0.0914156	0.2741160	0.1532537	0.0000000	0.0000000
7169.9984884	7324.9848570	7324.7619336	-2.0000667	-2.0000667	0.0892493	0.2733467	0.1479698	0.0000000	0.0000000
7169.9984884	7319.9843762	7319.6025195	-2.0000667	-2.0000667	0.1012358	0.2729807	0.1545215	0.0000000	0.0000000
7169.9984884	7314.9856062	7314.8730566	-2.0000667	-2.0000667	0.1043571	0.2746561	0.1531001	0.0000000	0.0000000
7169.9984884	7309.9896132	7309.7136426	-2.0000667	-2.0000667	0.1030139	0.2743225	0.1523750	0.0000000	0.0000000
7169.9984884	7304.9850290	7304.6092822	-2.0000667	-2.0000667	0.1069489	0.2737994	0.1515588	0.0000000	0.0000000
7169.9984884	7299.9861565	7299.9348730	-2.0000667	-2.0000667	0.1125651	0.2730048	0.1534536	0.0000000	0.0000000
7169.9984884	7294.9795014	7294.8355176	-2.0000667	-2.0000667	0.1181133	0.2723676	0.1577003	0.0000000	0.0000000
7169.9984884	7289.9824769	7289.7361621	-2.0000667	-2.0000667	0.1148380	0.2745479	0.1520552	0.0000000	0.0000000
7169.9984884	7284.9819943	7284.6368066	-2.0000667	-2.0000667	0.1339908	0.2735277	0.1628400	0.0000000	0.0000000
7169.9984884	7279.9884279	7279.9623975	-2.0000667	-2.0000667	0.1190862	0.2749733	0.1489911	0.0000000	0.0000000
7169.9984884	7274.9837989	7274.8630420	-2.0000667	-2.0000667	0.1345308	0.2741943	0.1547128	0.0000000	0.0000000
7169.9984884	7269.9840093	7269.7636865	-2.0000667	-2.0000667	0.1499884	0.2757570	0.1607562	0.0000000	0.0000000
7169.9984884	7264.9876701	7264.6888672	-2.0000667	-2.0000667	0.1486509	0.2756277	0.1575072	0.0000000	0.0000000
7169.9984884	7259.9827583	7259.6483984	-2.0000667	-2.0000667	0.1563136	0.2753616	0.1580000	0.0000000	0.0000000
7169.9984884	7254.9818727	7254.6079297	-2.0000667	-2.0000667	0.1666672	0.2745970	0.1620442	0.0000000	0.0000000
7169.9984884	7249.9841501	7249.9875000	-2.0000667	-2.0000667	0.1873536	0.2742969	0.1719757	0.0000000	0.0000000
7169.9984884	7244.9832645	7244.9470313	-2.0000667	-2.0000667	0.2003518	0.2713855	0.1778418	0.0000000	0.0000000
7169.9984884	7239.9820982	7239.9065625	-2.0000667	-2.0000667	0.1976635	0.2706062	0.1743801	0.0000000	0.0000000
7169.9984884	7234.9831511	7234.8660938	-2.0000667	-2.0000667	0.1994255	0.2716825	0.1731533	0.0000000	0.0000000
7169.9984884	7229.9871902	7229.8256250	-2.0000667	-2.0000667	0.2034938	0.2707943	0.1757434	0.0000000	0.0000000
7169.9984884	7224.9879209	7224.7851563	-2.0000667	-2.0000667	0.1997759	0.2729857	0.1708224	0.0000000	0.0000000
7169.9984884	7219.9838918	7219.8026367	-2.0000667	-2.0000667	0.1886793	0.2744349	0.1602825	0.0000000	0.0000000
7169.9984884	7214.9827535	7214.8201172	-2.0000667	-2.0000667	0.1896677	0.2735520	0.1596411	0.0000000	0.0000000
7169.9984884	7209.9834979	7209.8375977	-2.0000667	-2.0000667	0.2157689	0.2725720	0.1715084	0.0000000	0.0000000
7169.9984884	7204.9823763	7204.8550781	-2.0000667	-2.0000667	0.2207198	0.2728959	0.1707708	0.0000000	0.0000000
7169.9984884	7199.9812547	7199.8725586	-2.0000667	-2.0000667	0.2140336	0.2724335	0.1665048	0.0000000	0.0000000
7169.9984884	7194.9831021	7194.8900391	-2.0000667	-2.0000667	0.2156304	0.2734270	0.1642720	0.0000000	0.0000000
7169.9984884	7189.9810932	7189.9075195	-2.0000667	-2.0000667	0.2013129	0.2745386	0.1568894	0.0000000	0.0000000
7169.9984884	7184.9857226	7184.9250000	-2.0000667	-2.0000667	0.2012301	0.2749031	0.1585809	0.0000000	0.0000000
7169.9984884	7179.9835760	7179.9804492	-2.0000667	-2.0000667	0.2092212	0.2750051	0.1631742	0.0000000	0.0000000
7169.9984884	7174.9840016	7174.6444189	-2.0000667	-2.0000667	0.2059829	0.2759816	0.1580426	0.0000000	0.0000000
7169.9984884	7169.9844272	7169.7188525	-2.0000667	-2.0000667	0.1986256	0.2762152	0.1490366	0.0000000	0.0000000
7169.9984884	7164.9848528	7164.7932861	-2.0000667	-2.0000667	0.1998170	0.2760833	0.1449233	0.0000000	0.0000000
7169.9984884	7159.9810081	7159.8677197	-2.0000667	-2.0000667	0.2079873	0.2744854	0.1511586	0.0000000	0.0000000
7169.9984884	7154.9859714	7154.9421533	-2.0000667	-2.0000667	0.2135509	0.2744296	0.1533696	0.0000000	0.0000000
7169.9984884	7149.9813041	7149.6061230	-2.0000667	-2.0000667	0.2202683	0.2740067	0.1574785	0.0000000	0.0000000
7169.9984884	7144.9816355	7144.6805566	-2.0000667	-2.0000667	0.2177272	0.2748070	0.1537437	0.0000000	0.0000000
7169.9984884	7139.9824934	7139.7829688	-2.0000667	-2.0000667	0.2082395	0.2735056	0.1464150	0.0000000	0.0000000
7169.9984884	7134.9864797	7134.9133594	-2.0000667	-2.0000667	0.2259603	0.2737216	0.1576484	0.0000000	0.0000000
7169.9984884	7129.9832069	7129.6379492	-2.0000667	-2.0000667	0.2317966	0.2728298	0.1615687	0.0000000	0.0000000
7169.9984884	7124.9850629	7124.7683398	-2.0000667	-2.0000667	0.2388033	0.2726338	0.1671649	0.0000000	0.0000000
7169.9984884	7119.9837614	7119.8987305	-2.0000667	-2.0000667	0.2264707	0.2715986	0.1604250	0.0000000	0.0000000
7169.9984884	7114.9856174	7114.6233203	-2.0000667	-2.0000667	0.2198281	0.2718539	0.1542593	0.0000000	0.0000000
7169.9984884	7109.9882914	7109.7537109	-2.0000667	-2.0000667	0.2245734	0.2730520	0.1590107	0.0000000	0.0000000
7169.9984884	7104.9825351	7104.8841016	-2.0000667	-2.0000667	0.2170977	0.2733994	0.1532344	0.0000000	0.0000000
7169.9984884	7099.9837702	7099.6316406	-2.0000667	-2.0000667	0.2212971	0.2730083	0.1523856	0.0000000	0.0000000
7169.9984884	7094.9817088	7094.8171094	-2.0000667	-2.0000667	0.2219772	0.2725115	0.1560135	0.0000000	0.0000000
7169.9984884	7089.9836449	7089.6013672	-2.0000667	-2.0000667	0.2143217	0.2738160	0.1508230	0.0000000	0.0000000
7169.9984884	7084.9818060	7084.7868359	-2.0000667	-2.0000667	0.2006959	0.2753525	0.1452773	0.0000000	0.0000000
7169.9984884	7079.9875171	7079.9723047	-2.0000667	-2.0000667	0.1922280	0.2751527	0.1418352	0.0000000	0.0000000
7169.9984884	7074.9849890	7074.7565625	-2.0000667	-2.0000667	0.1873016	0.2760231	0.1400227	0.0000000	0.0000000
7169.9984884	7069.9846289	7069.9420313	-2.0000667	-2.0000667	0.1839436	0.2752856	0.1396117	0.0000000	0.0000000
7169.9984884	7064.9806401	7064.7262891	-2.0000667	-2.0000667	0.1883776	0.2740118	0.1430380	0.0000000	0.0000000
7169.9984884	7059.9851958	7059.9297656	-2.0000667	-2.0000667	0.1869519	0.2742255	0.1449860	0.0000000	0.0000000
7169.9984884	7054.9813035	7054.7725488	-2.0000667	-2.0000667	0.1853669	0.2749241	0.1491765	0.0000000	0.0000000
7169.9984884	7049.9806796	7049.6153320	-2.0000667	-2.0000667	0.1837976	0.2736169	0.1504642	0.0000000	0.0000000
7169.9984884	7044.9806454	7044.8548242	-2.0000667	-2.0000667	0.1795277	0.2739760	0.1533491	0.0000000	0.0000000
7169.9984884	7039.9847173	7039.6976074	-2.0000667	-2.0000667	0.1795444	0.2722327	0.1512660	0.0000000	0.0000000
7169.9984884	7034.9854783	7034.9370996	-2.0000667	-2.0000667	0.1743251	0.2720929	0.1501322	0.0000000	0.0000000
7169.9984884	7029.9865333	7029.7798828	-2.0000667	-2.0000667	0.1701024	0.2739928	0.1517417	0.0000000	0.0000000
7169.9984884	7024.9842404	7024.6226660	-2.0000667	-2.0000667	0.1617521	0.2749297	0.1457435	0.0000000	0.0000000
7169.9984884	7019.9852022	7019.8843262	-2.0000667	-2.0000667	0.1505964	0.2756321	0.1420021	0.0000000	0.0000000
7169.9984884	7014.9861162	7014.7847461	-2.0000667	-2.0000667	0.1499059	0.2764305	0.1430684	0.0000000	0.0000000
7169.9984884	7009.9822229	7009.6851660	-2.0000667	-2.0000667	0.1416112	0.2753446	0.1393685	0.0000000	0.0000000
7169.9984884	7004.9816281	7004.9778613	-2.0000667	-2.0000667	0.1415100	0.2743293	0.1506796	0.0000000	0.0000000
7169.9984884	7000.0292969	6999.8782813	-2.0000667	-2.0000667	0.1338422	0.2730383	0.1479659	0.0000000	0.0000000
