7314.9931055	7499.9984178	7499.6820801	-2.0000667	-2.0000667	0.0197976	0.2547277	0.1513822	0.0000000	7315.0000000
7314.9931055	7494.9879671	7494.7226807	-2.0000667	-2.0000667	0.0204930	0.2554020	0.1509119	0.0000000	0.0000000
7314.9931055	7489.9851278	7489.7632813	-2.0000667	-2.0000667	0.0219042	0.2524185	0.1513577	0.0000000	0.0000000
7314.9931055	7484.9878658	7484.8038818	-2.0000667	-2.0000667	0.0258007	0.2513309	0.1555503	0.0000000	0.0000000
7314.9931055	7479.9905873	7479.8981445	-2.0000667	-2.0000667	0.0297340	0.2507007	0.1642860	0.0000000	0.0000000
7314.9931055	7474.9849184	7474.9977734	-2.0000667	-2.0000667	0.0306383	0.2472299	0.1705845	0.0000000	0.0000000
7314.9931055	7469.9894082	7469.6519141	-2.0000667	-2.0000667	0.0333762	0.2508982	0.1677687	0.0000000	0.0000000
7314.9931055	7464.9852369	7464.7515430	-2.0000667	-2.0000667	0.0350128	0.2503364	0.1698665	0.0000000	0.0000000
7314.9931055	7459.9859450	7459.8511719	-2.0000667	-2.0000667	0.0376602	0.2498458	0.1718708	0.0000000	0.0000000
7314.9931055	7454.9866531	7454.9508008	-2.0000667	-2.0000667	0.0377330	0.2507191	0.1695360	0.0000000	0.0000000
7314.9931055	7449.9849944	7449.6049414	-2.0000667	-2.0000667	0.0396960	0.2479847	0.1709685	0.0000000	0.0000000
7314.9931055	7444.9822808	7444.7045703	-2.0000667	-2.0000667	0.0430804	0.2466498	0.1748868	0.0000000	0.0000000
7314.9931055	7439.9825665	7439.8041992	-2.0000667	-2.0000667	0.0436279	0.2499611	0.1717095	0.0000000	0.0000000
7314.9931055	7434.9858514	7434.9618359	-2.0000667	-2.0000667	0.0463533	0.2530392	0.1733297	0.0000000	0.0000000
7314.9931055	7429.9848914	7429.6792578	-2.0000667	-2.0000667	0.0459056	0.2515009	0.1693440	0.0000000	0.0000000
7314.9931055	7424.9898229	7424.8368945	-2.0000667	-2.0000667	0.0446471	0.2536382	0.1657937	0.0000000	0.0000000
7314.9931055	7419.9889997	7419.9945313	-2.0000667	-2.0000667	0.0455641	0.2514545	0.1635933	0.0000000	0.0000000
7314.9931055	7414.9852991	7414.7119531	-2.0000667	-2.0000667	0.0490179	0.2542094	0.1605331	0.0000000	0.0000000
7314.9931055	7409.9893015	7409.8695898	-2.0000667	-2.0000667	0.0519666	0.2528872	0.1648937	0.0000000	0.0000000
7314.9931055	7404.9855505	7404.5870117	-2.0000667	-2.0000667	0.0536046	0.2525831	0.1651493	0.0000000	0.0000000
7314.9931055	7399.9868032	7399.7446484	-2.0000667	-2.0000667	0.0537601	0.2550588	0.1662905	0.0000000	0.0000000
7314.9931055	7394.9856052	7394.9126367	-2.0000667	-2.0000667	0.0557130	0.2525940	0.1676257	0.0000000	0.0000000
7314.9931055	7389.9873611	7389.6921680	-2.0000667	-2.0000667	0.0602174	0.2531803	0.1707125	0.0000000	0.0000000
7314.9931055	7384.9891170	7384.9067383	-2.0000667	-2.0000667	0.0639271	0.2535250	0.1732865	0.0000000	0.0000000
7314.9931055	7379.9860592	7379.6862695	-2.0000667	-2.0000667	0.0662446	0.2532612	0.1734744	0.0000000	0.0000000
7314.9931055	7374.9850104	7374.9008398	-2.0000667	-2.0000667	0.0688527	0.2535145	0.1731000	0.0000000	0.0000000
7314.9931055	7369.9839616	7369.6803711	-2.0000667	-2.0000667	0.0693236	0.2539219	0.1739568	0.0000000	0.0000000
7314.9931055	7364.9814683	7364.8949414	-2.0000667	-2.0000667	0.0715033	0.2525219	0.1764462	0.0000000	0.0000000
7314.9931055	7359.9861795	7359.6744727	-2.0000667	-2.0000667	0.0715742	0.2522456	0.1751769	0.0000000	0.0000000
7314.9931055	7354.9845915	7354.8890430	-2.0000667	-2.0000667	0.0715989	0.2543531	0.1766370	0.0000000	0.0000000
7314.9931055	7349.9844428	7349.6991016	-2.0000667	-2.0000667	0.0727819	0.2534729	0.1720944	0.0000000	0.0000000
7314.9931055	7344.9830735	7344.9696387	-2.0000667	-2.0000667	0.0754139	0.2554105	0.1766003	0.0000000	0.0000000
7314.9931055	7339.9876760	7339.8102246	-2.0000667	-2.0000667	0.0769827	0.2543171	0.1732549	0.0000000	0.0000000
7314.9931055	7334.9876819	7334.6508105	-2.0000667	-2.0000667	0.0765369	0.2529449	0.1754882	0.0000000	0.0000000
7314.9931055	7329.9862695	7329.9213477	-2.0000667	-2.0000667	0.0843291	0.2527203	0.1747698	0.0000000	0.0000000
7314.9931055	7324.9878305	7324.7619336	-2.0000667	-2.0000667	0.0870579	0.2531736	0.1789449	0.0000000	0.0000000
7314.9931055	7319.9843762	7319.6025195	-2.0000667	-2.0000667	0.0913110	0.2515105	0.1832156	0.0000000	0.0000000
7314.9931055	7314.9856062	7314.8730566	-2.0000667	-2.0000667	0.0946835	0.2524556	0.1838884	0.0000000	0.0000000
7314.9931055	7309.9868361	7309.7136426	-2.0000667	-2.0000667	0.0920547	0.2509480	0.1836635	0.0000000	0.0000000
7314.9931055	7304.9850290	7304.6092822	-2.0000667	-2.0000667	0.0891879	0.2518721	0.1860280	0.0000000	0.0000000
7314.9931055	7299.9890361	7299.9348730	-2.0000667	-2.0000667	0.0905592	0.2506952	0.1874943	0.0000000	0.0000000
7314.9931055	7294.9829595	7294.8355176	-2.0000667	-2.0000667	0.0860798	0.2491058	0.1864280	0.0000000	0.0000000
7314.9931055	7289.9824769	7289.7361621	-2.0000667	-2.0000667	0.0870846	0.2496293	0.1908904	0.0000000	0.0000000
7314.9931055	7284.9854524	7284.6368066	-2.0000667	-2.0000667	0.0854924	0.2490868	0.1877220	0.0000000	0.0000000
7314.9931055	7279.9849698	7279.9623975	-2.0000667	-2.0000667	0.0857698	0.2502057	0.1852634	0.0000000	0.0000000
7314.9931055	7274.9837989	7274.8630420	-2.0000667	-2.0000667	0.0881846	0.2513845	0.1868396	0.0000000	0.0000000
7314.9931055	7269.9874598	7269.7636865	-2.0000667	-2.0000667	0.0881401	0.2505719	0.1899963	0.0000000	0.0000000
7314.9931055	7264.9842196	7264.6888672	-2.0000667	-2.0000667	0.0880266	0.2517469	0.1861868	0.0000000	0.0000000
7314.9931055	7259.9859215	7259.6483984	-2.0000667	-2.0000667	0.0917701	0.2520574	0.1849844	0.0000000	0.0000000
7314.9931055	7254.9818727	7254.6079297	-2.0000667	-2.0000667	0.0890760	0.2528661	0.1855270	0.0000000	0.0000000
7314.9931055	7249.9841501	7249.9875000	-2.0000667	-2.0000667	0.0892665	0.2529211	0.1860410	0.0000000	0.0000000
7314.9931055	7244.9832645	7244.9470313	-2.0000667	-2.0000667	0.0905658	0.2527977	0.1864791	0.0000000	0.0000000
7314.9931055	7239.9850844	7239.9065625	-2.0000667	-2.0000667	0.0892911	0.2548429	0.1846477	0.0000000	0.0000000
7314.9931055	7234.9891235	7234.8660938	-2.0000667	-2.0000667	0.0877998	0.2529296	0.1816099	0.0000000	0.0000000
7314.9931055	7229.9871902	7229.8256250	-2.0000667	-2.0000667	0.0876436	0.2510599	0.1864352	0.0000000	0.0000000
7314.9931055	7224.9850300	7224.7851563	-2.0000667	-2.0000667	0.0887870	0.2510409	0.1854998	0.0000000	0.0000000
7314.9931055	7219.9867826	7219.8026367	-2.0000667	-2.0000667	0.0882388	0.2520247	0.1846941	0.0000000	0.0000000
7314.9931055	7214.9856444	7214.8201172	-2.0000667	-2.0000667	0.0887360	0.2506367	0.1858197	0.0000000	0.0000000
7314.9931055	7209.9867265	7209.8375977	-2.0000667	-2.0000667	0.0878767	0.2531538	0.1883915	0.0000000	0.0000000
7314.9931055	7204.9823763	7204.8550781	-2.0000667	-2.0000667	0.0867542	0.2509474	0.1871371	0.0000000	0.0000000
7314.9931055	7199.9844833	7199.8725586	-2.0000667	-2.0000667	0.0858154	0.2521663	0.1871356	0.0000000	0.0000000
7314.9931055	7194.9864212	7194.8900391	-2.0000667	-2.0000667	0.0847694	0.2492668	0.1870515	0.0000000	0.0000000
7314.9931055	7189.9844123	7189.9075195	-2.0000667	-2.0000667	0.0835625	0.2519463	0.1897504	0.0000000	0.0000000
7314.9931055	7184.9857226	7184.9250000	-2.0000667	-2.0000667	0.0791606	0.2508339	0.1905464	0.0000000	0.0000000
7314.9931055	7179.9871345	7179.9804492	-2.0000667	-2.0000667	0.0779529	0.2519506	0.1884395	0.0000000	0.0000000
7314.9931055	7174.9840016	7174.6444189	-2.0000667	-2.0000667	0.0766917	0.2514381	0.1893251	0.0000000	0.0000000
7314.9931055	7169.9844272	7169.7188525	-2.0000667	-2.0000667	0.0772070	0.2515775	0.1898507	0.0000000	0.0000000
7314.9931055	7164.9848528	7164.7932861	-2.0000667	-2.0000667	0.0746157	0.2517959	0.1892720	0.0000000	0.0000000
7314.9931055	7159.9842183	7159.8677197	-2.0000667	-2.0000667	0.0734615	0.2527584	0.1894950	0.0000000	0.0000000
7314.9931055	7154.9859714	7154.9421533	-2.0000667	-2.0000667	0.0714933	0.2521826	0.1870558	0.0000000	0.0000000
7314.9931055	7149.9845143	7149.6061230	-2.0000667	-2.0000667	0.0704176	0.2510541	0.1865441	0.0000000	0.0000000
7314.9931055	7144.9847639	7144.6805566	-2.0000667	-2.0000667	0.0695383	0.2507809	0.1895933	0.0000000	0.0000000
7314.9931055	7139.9824934	7139.7829688	-2.0000667	-2.0000667	0.0652163	0.2513866	0.1889299	0.0000000	0.0000000
7314.9931055	7134.9864797	7134.9133594	-2.0000667	-2.0000667	0.0650913	0.2515125	0.1853362	0.0000000	0.0000000
7314.9931055	7129.9863643	7129.6379492	-2.0000667	-2.0000667	0.0621122	0.2526213	0.1874247	0.0000000	0.0000000
7314.9931055	7124.9850629	7124.7683398	-2.0000667	-2.0000667	0.0600609	0.2518560	0.1881012	0.0000000	0.0000000
7314.9931055	7119.9869188	7119.8987305	-2.0000667	-2.0000667	0.0589020	0.2515518	0.1862988	0.0000000	0.0000000
7314.9931055	7114.9856174	7114.6233203	-2.0000667	-2.0000667	0.0569987	0.2490553	0.1858757	0.0000000	0.0000000
7314.9931055	7109.9847957	7109.7537109	-2.0000667	-2.0000667	0.0538092	0.2510713	0.1892755	0.0000000	0.0000000
7314.9931055	7104.9825351	7104.8841016	-2.0000667	-2.0000667	0.0526854	0.2515985	0.1892050	0.0000000	0.0000000
7314.9931055	7099.9837702	7099.6316406	-2.0000667	-2.0000667	0.0483695	0.2512252	0.1879358	0.0000000	0.0000000
7314.9931055	7094.9817088	7094.8171094	-2.0000667	-2.0000667	0.0476123	0.2498815	0.1884087	0.0000000	0.0000000
7314.9931055	7089.9874198	7089.6013672	-2.0000667	-2.0000667	0.0456539	0.2516428	0.1862748	0.0000000	0.0000000
7314.9931055	7084.9818060	7084.7868359	-2.0000667	-2.0000667	0.0449904	0.2521248	0.1863491	0.0000000	0.0000000
7314.9931055	7079.9875171	7079.9723047	-2.0000667	-2.0000667	0.0412802	0.2531018	0.1895026	0.0000000	0.0000000
7314.9931055	7074.9849890	7074.7565625	-2.0000667	-2.0000667	0.0394431	0.2542969	0.1884751	0.0000000	0.0000000
7314.9931055	7069.9846289	7069.9420313	-2.0000667	-2.0000667	0.0389742	0.2528024	0.1809812	0.0000000	0.0000000
7314.9931055	7064.9842688	7064.7262891	-2.0000667	-2.0000667	0.0374059	0.2522971	0.1822738	0.0000000	0.0000000
7314.9931055	7059.9851958	7059.9297656	-2.0000667	-2.0000667	0.0354050	0.2516213	0.1820450	0.0000000	0.0000000
7314.9931055	7054.9845719	7054.7725488	-2.0000667	-2.0000667	0.0338594	0.2524324	0.1834058	0.0000000	0.0000000
7314.9931055	7049.9839480	7049.6153320	-2.0000667	-2.0000667	0.0343030	0.2517380	0.1840071	0.0000000	0.0000000
7314.9931055	7044.9839562	7044.8548242	-2.0000667	-2.0000667	0.0317096	0.2512234	0.1834490	0.0000000	0.0000000
7314.9931055	7039.9880280	7039.6976074	-2.0000667	-2.0000667	0.0279010	0.2494115	0.1837632	0.0000000	0.0000000
7314.9931055	7034.9854783	7034.9370996	-2.0000667	-2.0000667	0.0281027	0.2491908	0.1840021	0.0000000	0.0000000
7314.9931055	7029.9897879	7029.7798828	-2.0000667	-2.0000667	0.0249640	0.2509631	0.1839976	0.0000000	0.0000000
7314.9931055	7024.9842404	7024.6226660	-2.0000667	-2.0000667	0.0235708	0.2501460	0.1824419	0.0000000	0.0000000
7314.9931055	7019.9852022	7019.8843262	-2.0000667	-2.0000667	0.0210593	0.2520601	0.1839557	0.0000000	0.0000000
7314.9931055	7014.9861162	7014.7847461	-2.0000667	-2.0000667	0.0209220	0.2528850	0.1825261	0.0000000	0.0000000
7314.9931055	7009.9855214	7009.6851660	-2.0000667	-2.0000667	0.0185404	0.2495487	0.1854005	0.0000000	0.0000000
7314.9931055	7004.9816281	7004.9778613	-2.0000667	-2.0000667	0.0179395	0.2497045	0.1801791	0.0000000	0.0000000
7314.9931055	7000.0292969	6999.8782813	-2.0000667	-2.0000667	0.0159670	0.2486517	0.1828745	0.0000000	0.0000000
