7159.9981450	7499.9984178	7499.6820801	-2.0000667	-2.0000667	0.0061792	0.2751890	0.1251985	0.0000000	7160.0000000
7159.9981450	7494.9879671	7494.7226807	-2.0000667	-2.0000667	0.0082113	0.2745039	0.1364689	0.0000000	0.0000000
7159.9981450	7489.9851278	7489.7632813	-2.0000667	-2.0000667	0.0104858	0.2752045	0.1363521	0.0000000	0.0000000
7159.9981450	7484.9878658	7484.8038818	-2.0000667	-2.0000667	0.0156088	0.2748457	0.1544105	0.0000000	0.0000000
7159.9981450	7479.9880476	7479.8981445	-2.0000667	-2.0000667	0.0171653	0.2706516	0.1542328	0.0000000	0.0000000
7159.9981450	7474.9849184	7474.9977734	-2.0000667	-2.0000667	0.0218793	0.2712207	0.1608601	0.0000000	0.0000000
7159.9981450	7469.9868686	7469.6519141	-2.0000667	-2.0000667	0.0197804	0.2709666	0.1534604	0.0000000	0.0000000
7159.9981450	7464.9823752	7464.7515430	-2.0000667	-2.0000667	0.0205283	0.2727262	0.1604620	0.0000000	0.0000000
7159.9981450	7459.9859450	7459.8511719	-2.0000667	-2.0000667	0.0213135	0.2716538	0.1601791	0.0000000	0.0000000
7159.9981450	7454.9895148	7454.9508008	-2.0000667	-2.0000667	0.0263816	0.2723860	0.1628352	0.0000000	0.0000000
7159.9981450	7449.9849944	7449.6049414	-2.0000667	-2.0000667	0.0284111	0.2716895	0.1627021	0.0000000	0.0000000
7159.9981450	7444.9852800	7444.7045703	-2.0000667	-2.0000667	0.0281631	0.2736813	0.1617501	0.0000000	0.0000000
7159.9981450	7439.9825665	7439.8041992	-2.0000667	-2.0000667	0.0209644	0.2742224	0.1444052	0.0000000	0.0000000
7159.9981450	7434.9828522	7434.9618359	-2.0000667	-2.0000667	0.0234641	0.2738849	0.1430079	0.0000000	0.0000000
7159.9981450	7429.9877688	7429.6792578	-2.0000667	-2.0000667	0.0290027	0.2751385	0.1505223	0.0000000	0.0000000
7159.9981450	7424.9840682	7424.8368945	-2.0000667	-2.0000667	0.0358024	0.2748231	0.1614104	0.0000000	0.0000000
7159.9981450	7419.9889997	7419.9945313	-2.0000667	-2.0000667	0.0308698	0.2738374	0.1578607	0.0000000	0.0000000
7159.9981450	7414.9852991	7414.7119531	-2.0000667	-2.0000667	0.0373043	0.2715428	0.1579930	0.0000000	0.0000000
7159.9981450	7409.9893015	7409.8695898	-2.0000667	-2.0000667	0.0352174	0.2725713	0.1546624	0.0000000	0.0000000
7159.9981450	7404.9855505	7404.5870117	-2.0000667	-2.0000667	0.0394440	0.2745573	0.1531838	0.0000000	0.0000000
7159.9981450	7399.9843013	7399.7446484	-2.0000667	-2.0000667	0.0429402	0.2759358	0.1563892	0.0000000	0.0000000
7159.9981450	7394.9856052	7394.9126367	-2.0000667	-2.0000667	0.0421671	0.2740627	0.1540712	0.0000000	0.0000000
7159.9981450	7389.9845657	7389.6921680	-2.0000667	-2.0000667	0.0425814	0.2738392	0.1524135	0.0000000	0.0000000
7159.9981450	7384.9919124	7384.9067383	-2.0000667	-2.0000667	0.0507437	0.2741056	0.1558352	0.0000000	0.0000000
7159.9981450	7379.9860592	7379.6862695	-2.0000667	-2.0000667	0.0528822	0.2730082	0.1516100	0.0000000	0.0000000
7159.9981450	7374.9819628	7374.9008398	-2.0000667	-2.0000667	0.0565896	0.2716737	0.1594301	0.0000000	0.0000000
7159.9981450	7369.9839616	7369.6803711	-2.0000667	-2.0000667	0.0581398	0.2730199	0.1517286	0.0000000	0.0000000
7159.9981450	7364.9814683	7364.8949414	-2.0000667	-2.0000667	0.0578185	0.2750850	0.1524309	0.0000000	0.0000000
7159.9981450	7359.9861795	7359.6744727	-2.0000667	-2.0000667	0.0547776	0.2739675	0.1480559	0.0000000	0.0000000
7159.9981450	7354.9814419	7354.8890430	-2.0000667	-2.0000667	0.0658500	0.2723823	0.1579233	0.0000000	0.0000000
7159.9981450	7349.9814569	7349.6991016	-2.0000667	-2.0000667	0.0673071	0.2738335	0.1527858	0.0000000	0.0000000
7159.9981450	7344.9830735	7344.9696387	-2.0000667	-2.0000667	0.0685502	0.2718313	0.1536317	0.0000000	0.0000000
7159.9981450	7339.9876760	7339.8102246	-2.0000667	-2.0000667	0.0851841	0.2727192	0.1595830	0.0000000	0.0000000
7159.9981450	7334.9906554	7334.6508105	-2.0000667	-2.0000667	0.0805969	0.2747664	0.1510143	0.0000000	0.0000000
7159.9981450	7329.9862695	7329.9213477	-2.0000667	-2.0000667	0.0889312	0.2743538	0.1549733	0.0000000	0.0000000
7159.9981450	7324.9878305	7324.7619336	-2.0000667	-2.0000667	0.1006101	0.2736183	0.1597500	0.0000000	0.0000000
7159.9981450	7319.9843762	7319.6025195	-2.0000667	-2.0000667	0.1172101	0.2723625	0.1685406	0.0000000	0.0000000
7159.9981450	7314.9856062	7314.8730566	-2.0000667	-2.0000667	0.1243052	0.2726835	0.1707311	0.0000000	0.0000000
7159.9981450	7309.9896132	7309.7136426	-2.0000667	-2.0000667	0.1097994	0.2747640	0.1606847	0.0000000	0.0000000
7159.9981450	7304.9850290	7304.6092822	-2.0000667	-2.0000667	0.1147029	0.2753505	0.1597034	0.0000000	0.0000000
7159.9981450	7299.9890361	7299.9348730	-2.0000667	-2.0000667	0.1199109	0.2734950	0.1632869	0.0000000	0.0000000
7159.9981450	7294.9795014	7294.8355176	-2.0000667	-2.0000667	0.1109689	0.2717292	0.1609933	0.0000000	0.0000000
7159.9981450	7289.9824769	7289.7361621	-2.0000667	-2.0000667	0.1184408	0.2722559	0.1604446	0.0000000	0.0000000
7159.9981450	7284.9819943	7284.6368066	-2.0000667	-2.0000667	0.1242205	0.2729921	0.1597291	0.0000000	0.0000000
7159.9981450	7279.9849698	7279.9623975	-2.0000667	-2.0000667	0.1149955	0.2716650	0.1548888	0.0000000	0.0000000
7159.9981450	7274.9837989	7274.8630420	-2.0000667	-2.0000667	0.1223334	0.2733285	0.1558579	0.0000000	0.0000000
7159.9981450	7269.9840093	7269.7636865	-2.0000667	-2.0000667	0.1381803	0.2744248	0.1632236	0.0000000	0.0000000
7159.9981450	7264.9876701	7264.6888672	-2.0000667	-2.0000667	0.1490973	0.2727303	0.1660151	0.0000000	0.0000000
7159.9981450	7259.9827583	7259.6483984	-2.0000667	-2.0000667	0.1713967	0.2729435	0.1732585	0.0000000	0.0000000
7159.9981450	7254.9850358	7254.6079297	-2.0000667	-2.0000667	0.1834965	0.2721345	0.1758175	0.0000000	0.0000000
7159.9981450	7249.9873132	7249.9875000	-2.0000667	-2.0000667	0.1659366	0.2721617	0.1643353	0.0000000	0.0000000
7159.9981450	7244.9864276	7244.9470313	-2.0000667	-2.0000667	0.1491141	0.2739722	0.1517552	0.0000000	0.0000000
7159.9981450	7239.9850844	7239.9065625	-2.0000667	-2.0000667	0.1575786	0.2725551	0.1566882	0.0000000	0.0000000
7159.9981450	7234.9891235	7234.8660938	-2.0000667	-2.0000667	0.1639402	0.2735635	0.1542438	0.0000000	0.0000000
7159.9981450	7229.9901764	7229.8256250	-2.0000667	-2.0000667	0.1675356	0.2753710	0.1528569	0.0000000	0.0000000
7159.9981450	7224.9850300	7224.7851563	-2.0000667	-2.0000667	0.1813384	0.2722758	0.1602448	0.0000000	0.0000000
7159.9981450	7219.9838918	7219.8026367	-2.0000667	-2.0000667	0.1784171	0.2730538	0.1568656	0.0000000	0.0000000
7159.9981450	7214.9827535	7214.8201172	-2.0000667	-2.0000667	0.1824783	0.2735127	0.1595231	0.0000000	0.0000000
7159.9981450	7209.9834979	7209.8375977	-2.0000667	-2.0000667	0.1908776	0.2729570	0.1628280	0.0000000	0.0000000
7159.9981450	7204.9823763	7204.8550781	-2.0000667	-2.0000667	0.1858889	0.2702124	0.1598489	0.0000000	0.0000000
7159.9981450	7199.9812547	7199.8725586	-2.0000667	-2.0000667	0.1988148	0.2735504	0.1584897	0.0000000	0.0000000
7159.9981450	7194.9831021	7194.8900391	-2.0000667	-2.0000667	0.1776814	0.2735940	0.1485424	0.0000000	0.0000000
7159.9981450	7189.9810932	7189.9075195	-2.0000667	-2.0000667	0.1788447	0.2737217	0.1483246	0.0000000	0.0000000
7159.9981450	7184.9890418	7184.9250000	-2.0000667	-2.0000667	0.1999207	0.2739485	0.1606084	0.0000000	0.0000000
7159.9981450	7179.9835760	7179.9804492	-2.0000667	-2.0000667	0.1938508	0.2741396	0.1605839	0.0000000	0.0000000
7159.9981450	7174.9840016	7174.6444189	-2.0000667	-2.0000667	0.2024672	0.2720875	0.1648861	0.0000000	0.0000000
7159.9981450	7169.9808688	7169.7188525	-2.0000667	-2.0000667	0.2072152	0.2743242	0.1623516	0.0000000	0.0000000
7159.9981450	7164.9848528	7164.7932861	-2.0000667	-2.0000667	0.2100784	0.2739338	0.1575490	0.0000000	0.0000000
7159.9981450	7159.9842183	7159.8677197	-2.0000667	-2.0000667	0.2011191	0.2734783	0.1470238	0.0000000	0.0000000
7159.9981450	7154.9859714	7154.9421533	-2.0000667	-2.0000667	0.1959117	0.2723921	0.1454493	0.0000000	0.0000000
7159.9981450	7149.9845143	7149.6061230	-2.0000667	-2.0000667	0.2128375	0.2724967	0.1504271	0.0000000	0.0000000
7159.9981450	7144.9816355	7144.6805566	-2.0000667	-2.0000667	0.2089556	0.2754009	0.1523737	0.0000000	0.0000000
7159.9981450	7139.9824934	7139.7829688	-2.0000667	-2.0000667	0.2104014	0.2742196	0.1531425	0.0000000	0.0000000
7159.9981450	7134.9896081	7134.9133594	-2.0000667	-2.0000667	0.2207750	0.2731874	0.1553550	0.0000000	0.0000000
7159.9981450	7129.9832069	7129.6379492	-2.0000667	-2.0000667	0.2215031	0.2712615	0.1548605	0.0000000	0.0000000
7159.9981450	7124.9850629	7124.7683398	-2.0000667	-2.0000667	0.2261476	0.2715159	0.1596018	0.0000000	0.0000000
7159.9981450	7119.9837614	7119.8987305	-2.0000667	-2.0000667	0.2290570	0.2718628	0.1588259	0.0000000	0.0000000
7159.9981450	7114.9856174	7114.6233203	-2.0000667	-2.0000667	0.2308698	0.2730140	0.1661063	0.0000000	0.0000000
7159.9981450	7109.9847957	7109.7537109	-2.0000667	-2.0000667	0.2263104	0.2737535	0.1589329	0.0000000	0.0000000
7159.9981450	7104.9825351	7104.8841016	-2.0000667	-2.0000667	0.2211331	0.2739979	0.1510856	0.0000000	0.0000000
7159.9981450	7099.9837702	7099.6316406	-2.0000667	-2.0000667	0.2131654	0.2754211	0.1461510	0.0000000	0.0000000
7159.9981450	7094.9817088	7094.8171094	-2.0000667	-2.0000667	0.2044143	0.2712656	0.1461296	0.0000000	0.0000000
7159.9981450	7089.9836449	7089.6013672	-2.0000667	-2.0000667	0.2128988	0.2719596	0.1511176	0.0000000	0.0000000
7159.9981450	7084.9818060	7084.7868359	-2.0000667	-2.0000667	0.2054778	0.2732839	0.1527731	0.0000000	0.0000000
7159.9981450	7079.9837421	7079.9723047	-2.0000667	-2.0000667	0.1868167	0.2738596	0.1384253	0.0000000	0.0000000
7159.9981450	7074.9849890	7074.7565625	-2.0000667	-2.0000667	0.1999342	0.2731487	0.1478225	0.0000000	0.0000000
7159.9981450	7069.9846289	7069.9420313	-2.0000667	-2.0000667	0.1937841	0.2722988	0.1452750	0.0000000	0.0000000
7159.9981450	7064.9842688	7064.7262891	-2.0000667	-2.0000667	0.1869127	0.2731064	0.1399949	0.0000000	0.0000000
7159.9981450	7059.9851958	7059.9297656	-2.0000667	-2.0000667	0.1830927	0.2732332	0.1401978	0.0000000	0.0000000
7159.9981450	7054.9845719	7054.7725488	-2.0000667	-2.0000667	0.1867277	0.2738448	0.1453748	0.0000000	0.0000000
7159.9981450	7049.9806796	7049.6153320	-2.0000667	-2.0000667	0.1880717	0.2736616	0.1528196	0.0000000	0.0000000
7159.9981450	7044.9806454	7044.8548242	-2.0000667	-2.0000667	0.1846573	0.2752490	0.1531296	0.0000000	0.0000000
7159.9981450	7039.9814065	7039.6976074	-2.0000667	-2.0000667	0.1854819	0.2739713	0.1566918	0.0000000	0.0000000
7159.9981450	7034.9887891	7034.9370996	-2.0000667	-2.0000667	0.1763722	0.2716265	0.1525985	0.0000000	0.0000000
7159.9981450	7029.9865333	7029.7798828	-2.0000667	-2.0000667	0.1802828	0.2715466	0.1568450	0.0000000	0.0000000
7159.9981450	7024.9842404	7024.6226660	-2.0000667	-2.0000667	0.1736354	0.2719120	0.1533777	0.0000000	0.0000000
7159.9981450	7019.9852022	7019.8843262	-2.0000667	-2.0000667	0.1653828	0.2719890	0.1520742	0.0000000	0.0000000
7159.9981450	7014.9861162	7014.7847461	-2.0000667	-2.0000667	0.1594750	0.2730612	0.1464535	0.0000000	0.0000000
7159.9981450	7009.9855214	7009.6851660	-2.0000667	-2.0000667	0.1528080	0.2722908	0.1476283	0.0000000	0.0000000
7159.9981450	7004.9816281	7004.9778613	-2.0000667	-2.0000667	0.1475619	0.2721012	0.1511860	0.0000000	0.0000000
7159.9981450	7000.0292969	6999.8782813	-2.0000667	-2.0000667	0.1428802	0.2720807	0.1530264	0.0000000	0.0000000
