7109.9933078	7499.9984178	7499.6820801	-2.0000667	-2.0000667	0.0024143	0.2869514	0.1472290	0.0000000	7110.0000000
7109.9933078	7494.9851784	7494.7226807	-2.0000667	-2.0000667	0.0054794	0.2854893	0.1624938	0.0000000	0.0000000
7109.9933078	7489.9851278	7489.7632813	-2.0000667	-2.0000667	0.0038748	0.2876554	0.1491525	0.0000000	0.0000000
7109.9933078	7484.9878658	7484.8038818	-2.0000667	-2.0000667	0.0056075	0.2859362	0.1514757	0.0000000	0.0000000
7109.9933078	7479.9905873	7479.8981445	-2.0000667	-2.0000667	0.0070447	0.2847894	0.1528730	0.0000000	0.0000000
7109.9933078	7474.9849184	7474.9977734	-2.0000667	-2.0000667	0.0089203	0.2848057	0.1584437	0.0000000	0.0000000
7109.9933078	7469.9894082	7469.6519141	-2.0000667	-2.0000667	0.0078845	0.2846512	0.1538890	0.0000000	0.0000000
7109.9933078	7464.9880985	7464.7515430	-2.0000667	-2.0000667	0.0096819	0.2853296	0.1509398	0.0000000	0.0000000
7109.9933078	7459.9830834	7459.8511719	-2.0000667	-2.0000667	0.0102760	0.2855131	0.1457495	0.0000000	0.0000000
7109.9933078	7454.9837915	7454.9508008	-2.0000667	-2.0000667	0.0114806	0.2808287	0.1618785	0.0000000	0.0000000
7109.9933078	7449.9849944	7449.6049414	-2.0000667	-2.0000667	0.0151530	0.2811906	0.1705602	0.0000000	0.0000000
7109.9933078	7444.9882793	7444.7045703	-2.0000667	-2.0000667	0.0150291	0.2825179	0.1657510	0.0000000	0.0000000
7109.9933078	7439.9825665	7439.8041992	-2.0000667	-2.0000667	0.0133069	0.2844813	0.1613257	0.0000000	0.0000000
7109.9933078	7434.9828522	7434.9618359	-2.0000667	-2.0000667	0.0141952	0.2843218	0.1456044	0.0000000	0.0000000
7109.9933078	7429.9877688	7429.6792578	-2.0000667	-2.0000667	0.0129957	0.2837179	0.1468375	0.0000000	0.0000000
7109.9933078	7424.9840682	7424.8368945	-2.0000667	-2.0000667	0.0134408	0.2841846	0.1456830	0.0000000	0.0000000
7109.9933078	7419.9861223	7419.9945313	-2.0000667	-2.0000667	0.0123488	0.2871774	0.1403801	0.0000000	0.0000000
7109.9933078	7414.9852991	7414.7119531	-2.0000667	-2.0000667	0.0155033	0.2879854	0.1365356	0.0000000	0.0000000
7109.9933078	7409.9893015	7409.8695898	-2.0000667	-2.0000667	0.0178003	0.2855118	0.1364910	0.0000000	0.0000000
7109.9933078	7404.9855505	7404.5870117	-2.0000667	-2.0000667	0.0183623	0.2862351	0.1335826	0.0000000	0.0000000
7109.9933078	7399.9868032	7399.7446484	-2.0000667	-2.0000667	0.0187070	0.2869858	0.1339657	0.0000000	0.0000000
7109.9933078	7394.9856052	7394.9126367	-2.0000667	-2.0000667	0.0201563	0.2862565	0.1344622	0.0000000	0.0000000
7109.9933078	7389.9901565	7389.6921680	-2.0000667	-2.0000667	0.0219028	0.2880183	0.1360066	0.0000000	0.0000000
7109.9933078	7384.9863215	7384.9067383	-2.0000667	-2.0000667	0.0262993	0.2868883	0.1367067	0.0000000	0.0000000
7109.9933078	7379.9860592	7379.6862695	-2.0000667	-2.0000667	0.0294474	0.2874352	0.1329989	0.0000000	0.0000000
7109.9933078	7374.9850104	7374.9008398	-2.0000667	-2.0000667	0.0350869	0.2860382	0.1430315	0.0000000	0.0000000
7109.9933078	7369.9839616	7369.6803711	-2.0000667	-2.0000667	0.0283469	0.2850315	0.1260355	0.0000000	0.0000000
7109.9933078	7364.9814683	7364.8949414	-2.0000667	-2.0000667	0.0291372	0.2859823	0.1308851	0.0000000	0.0000000
7109.9933078	7359.9861795	7359.6744727	-2.0000667	-2.0000667	0.0419778	0.2859176	0.1456451	0.0000000	0.0000000
7109.9933078	7354.9845915	7354.8890430	-2.0000667	-2.0000667	0.0506221	0.2839742	0.1531942	0.0000000	0.0000000
7109.9933078	7349.9874287	7349.6991016	-2.0000667	-2.0000667	0.0543633	0.2838871	0.1479095	0.0000000	0.0000000
7109.9933078	7344.9830735	7344.9696387	-2.0000667	-2.0000667	0.0481025	0.2829835	0.1431996	0.0000000	0.0000000
7109.9933078	7339.9876760	7339.8102246	-2.0000667	-2.0000667	0.0464242	0.2850155	0.1381774	0.0000000	0.0000000
7109.9933078	7334.9847084	7334.6508105	-2.0000667	-2.0000667	0.0501354	0.2843066	0.1371090	0.0000000	0.0000000
7109.9933078	7329.9832960	7329.9213477	-2.0000667	-2.0000667	0.0561814	0.2839999	0.1396091	0.0000000	0.0000000
7109.9933078	7324.9908040	7324.7619336	-2.0000667	-2.0000667	0.0640450	0.2846830	0.1408136	0.0000000	0.0000000
7109.9933078	7319.9843762	7319.6025195	-2.0000667	-2.0000667	0.0857267	0.2860526	0.1483042	0.0000000	0.0000000
7109.9933078	7314.9856062	7314.8730566	-2.0000667	-2.0000667	0.0915784	0.2835341	0.1585530	0.0000000	0.0000000
7109.9933078	7309.9868361	7309.7136426	-2.0000667	-2.0000667	0.0859189	0.2839882	0.1501978	0.0000000	0.0000000
7109.9933078	7304.9850290	7304.6092822	-2.0000667	-2.0000667	0.0873542	0.2831404	0.1497716	0.0000000	0.0000000
7109.9933078	7299.9861565	7299.9348730	-2.0000667	-2.0000667	0.0754309	0.2865488	0.1431316	0.0000000	0.0000000
7109.9933078	7294.9829595	7294.8355176	-2.0000667	-2.0000667	0.0736295	0.2868647	0.1402959	0.0000000	0.0000000
7109.9933078	7289.9824769	7289.7361621	-2.0000667	-2.0000667	0.0811381	0.2852186	0.1425759	0.0000000	0.0000000
7109.9933078	7284.9819943	7284.6368066	-2.0000667	-2.0000667	0.0962791	0.2858107	0.1429064	0.0000000	0.0000000
7109.9933078	7279.9884279	7279.9623975	-2.0000667	-2.0000667	0.0984548	0.2833461	0.1441082	0.0000000	0.0000000
7109.9933078	7274.9837989	7274.8630420	-2.0000667	-2.0000667	0.0923688	0.2856519	0.1390123	0.0000000	0.0000000
7109.9933078	7269.9840093	7269.7636865	-2.0000667	-2.0000667	0.0983678	0.2862267	0.1394039	0.0000000	0.0000000
7109.9933078	7264.9842196	7264.6888672	-2.0000667	-2.0000667	0.1052567	0.2873342	0.1396244	0.0000000	0.0000000
7109.9933078	7259.9827583	7259.6483984	-2.0000667	-2.0000667	0.1301642	0.2840354	0.1513717	0.0000000	0.0000000
7109.9933078	7254.9818727	7254.6079297	-2.0000667	-2.0000667	0.1388488	0.2827156	0.1547363	0.0000000	0.0000000
7109.9933078	7249.9841501	7249.9875000	-2.0000667	-2.0000667	0.1202549	0.2847023	0.1422548	0.0000000	0.0000000
7109.9933078	7244.9832645	7244.9470313	-2.0000667	-2.0000667	0.1409440	0.2870570	0.1433618	0.0000000	0.0000000
7109.9933078	7239.9850844	7239.9065625	-2.0000667	-2.0000667	0.1542128	0.2847953	0.1525725	0.0000000	0.0000000
7109.9933078	7234.9861373	7234.8660938	-2.0000667	-2.0000667	0.1552208	0.2844231	0.1527059	0.0000000	0.0000000
7109.9933078	7229.9871902	7229.8256250	-2.0000667	-2.0000667	0.1498108	0.2848672	0.1472999	0.0000000	0.0000000
7109.9933078	7224.9850300	7224.7851563	-2.0000667	-2.0000667	0.1284889	0.2865947	0.1400254	0.0000000	0.0000000
7109.9933078	7219.9838918	7219.8026367	-2.0000667	-2.0000667	0.1288572	0.2866487	0.1348937	0.0000000	0.0000000
7109.9933078	7214.9827535	7214.8201172	-2.0000667	-2.0000667	0.1418695	0.2849052	0.1425256	0.0000000	0.0000000
7109.9933078	7209.9867265	7209.8375977	-2.0000667	-2.0000667	0.1485179	0.2847740	0.1389899	0.0000000	0.0000000
7109.9933078	7204.9856049	7204.8550781	-2.0000667	-2.0000667	0.1577926	0.2856788	0.1415410	0.0000000	0.0000000
7109.9933078	7199.9844833	7199.8725586	-2.0000667	-2.0000667	0.1542180	0.2829147	0.1386561	0.0000000	0.0000000
7109.9933078	7194.9864212	7194.8900391	-2.0000667	-2.0000667	0.1847502	0.2862164	0.1478274	0.0000000	0.0000000
7109.9933078	7189.9844123	7189.9075195	-2.0000667	-2.0000667	0.1895757	0.2871650	0.1474694	0.0000000	0.0000000
7109.9933078	7184.9857226	7184.9250000	-2.0000667	-2.0000667	0.1797937	0.2869598	0.1470077	0.0000000	0.0000000
7109.9933078	7179.9835760	7179.9804492	-2.0000667	-2.0000667	0.1666749	0.2857520	0.1442504	0.0000000	0.0000000
7109.9933078	7174.9804432	7174.6444189	-2.0000667	-2.0000667	0.1675115	0.2836425	0.1445463	0.0000000	0.0000000
7109.9933078	7169.9844272	7169.7188525	-2.0000667	-2.0000667	0.1702457	0.2867573	0.1382333	0.0000000	0.0000000
7109.9933078	7164.9884112	7164.7932861	-2.0000667	-2.0000667	0.1787909	0.2856567	0.1377129	0.0000000	0.0000000
7109.9933078	7159.9810081	7159.8677197	-2.0000667	-2.0000667	0.2229105	0.2847368	0.1529519	0.0000000	0.0000000
7109.9933078	7154.9827612	7154.9421533	-2.0000667	-2.0000667	0.2131951	0.2861917	0.1492764	0.0000000	0.0000000
7109.9933078	7149.9813041	7149.6061230	-2.0000667	-2.0000667	0.2224318	0.2839244	0.1508768	0.0000000	0.0000000
7109.9933078	7144.9847639	7144.6805566	-2.0000667	-2.0000667	0.2537777	0.2834197	0.1553892	0.0000000	0.0000000
7109.9933078	7139.9856218	7139.7829688	-2.0000667	-2.0000667	0.2445380	0.2854980	0.1504407	0.0000000	0.0000000
7109.9933078	7134.9864797	7134.9133594	-2.0000667	-2.0000667	0.2314270	0.2854473	0.1448022	0.0000000	0.0000000
7109.9933078	7129.9832069	7129.6379492	-2.0000667	-2.0000667	0.2267659	0.2858094	0.1399899	0.0000000	0.0000000
7109.9933078	7124.9850629	7124.7683398	-2.0000667	-2.0000667	0.2418058	0.2882197	0.1458395	0.0000000	0.0000000
7109.9933078	7119.9837614	7119.8987305	-2.0000667	-2.0000667	0.2265548	0.2880020	0.1417449	0.0000000	0.0000000
7109.9933078	7114.9824600	7114.6233203	-2.0000667	-2.0000667	0.2493270	0.2846040	0.1476526	0.0000000	0.0000000
7109.9933078	7109.9847957	7109.7537109	-2.0000667	-2.0000667	0.2898010	0.2852148	0.1595881	0.0000000	0.0000000
7109.9933078	7104.9825351	7104.8841016	-2.0000667	-2.0000667	0.2874303	0.2861570	0.1577410	0.0000000	0.0000000
7109.9933078	7099.9837702	7099.6316406	-2.0000667	-2.0000667	0.2674546	0.2861116	0.1504126	0.0000000	0.0000000
7109.9933078	7094.9817088	7094.8171094	-2.0000667	-2.0000667	0.2534332	0.2840410	0.1507446	0.0000000	0.0000000
7109.9933078	7089.9836449	7089.6013672	-2.0000667	-2.0000667	0.2786527	0.2840369	0.1549487	0.0000000	0.0000000
7109.9933078	7084.9818060	7084.7868359	-2.0000667	-2.0000667	0.2730784	0.2873208	0.1528727	0.0000000	0.0000000
7109.9933078	7079.9837421	7079.9723047	-2.0000667	-2.0000667	0.2683546	0.2860787	0.1533574	0.0000000	0.0000000
7109.9933078	7074.9849890	7074.7565625	-2.0000667	-2.0000667	0.2937725	0.2835366	0.1634147	0.0000000	0.0000000
7109.9933078	7069.9846289	7069.9420313	-2.0000667	-2.0000667	0.2888767	0.2829965	0.1597028	0.0000000	0.0000000
7109.9933078	7064.9842688	7064.7262891	-2.0000667	-2.0000667	0.2826263	0.2843105	0.1590607	0.0000000	0.0000000
7109.9933078	7059.9851958	7059.9297656	-2.0000667	-2.0000667	0.2688845	0.2860901	0.1528774	0.0000000	0.0000000
7109.9933078	7054.9845719	7054.7725488	-2.0000667	-2.0000667	0.2614211	0.2837949	0.1506835	0.0000000	0.0000000
7109.9933078	7049.9806796	7049.6153320	-2.0000667	-2.0000667	0.2601444	0.2833009	0.1481222	0.0000000	0.0000000
7109.9933078	7044.9806454	7044.8548242	-2.0000667	-2.0000667	0.2519327	0.2868171	0.1460150	0.0000000	0.0000000
7109.9933078	7039.9814065	7039.6976074	-2.0000667	-2.0000667	0.2258959	0.2862958	0.1421248	0.0000000	0.0000000
7109.9933078	7034.9854783	7034.9370996	-2.0000667	-2.0000667	0.2231691	0.2863580	0.1387026	0.0000000	0.0000000
7109.9933078	7029.9865333	7029.7798828	-2.0000667	-2.0000667	0.2192360	0.2865320	0.1347104	0.0000000	0.0000000
7109.9933078	7024.9809858	7024.6226660	-2.0000667	-2.0000667	0.2188738	0.2848826	0.1391362	0.0000000	0.0000000
7109.9933078	7019.9852022	7019.8843262	-2.0000667	-2.0000667	0.2356583	0.2841063	0.1502732	0.0000000	0.0000000
7109.9933078	7014.9861162	7014.7847461	-2.0000667	-2.0000667	0.2209636	0.2878895	0.1414813	0.0000000	0.0000000
7109.9933078	7009.9855214	7009.6851660	-2.0000667	-2.0000667	0.2153965	0.2888958	0.1389667	0.0000000	0.0000000
7109.9933078	7004.9816281	7004.9778613	-2.0000667	-2.0000667	0.2047184	0.2834879	0.1421792	0.0000000	0.0000000
7109.9933078	7000.0292969	6999.8782813	-2.0000667	-2.0000667	0.1964711	0.2851947	0.1390265	0.0000000	0.0000000
