7349.9943210	7499.9984178	7499.6820801	-2.0000667	-2.0000667	0.0258689	0.2540370	0.1566675	0.0000000	7350.0000000
7349.9943210	7494.9907557	7494.7226807	-2.0000667	-2.0000667	0.0279203	0.2546415	0.1552128	0.0000000	0.0000000
7349.9943210	7489.9851278	7489.7632813	-2.0000667	-2.0000667	0.0283126	0.2542083	0.1570441	0.0000000	0.0000000
7349.9943210	7484.9878658	7484.8038818	-2.0000667	-2.0000667	0.0284493	0.2548494	0.1584681	0.0000000	0.0000000
7349.9943210	7479.9905873	7479.8981445	-2.0000667	-2.0000667	0.0354775	0.2547618	0.1626263	0.0000000	0.0000000
7349.9943210	7474.9849184	7474.9977734	-2.0000667	-2.0000667	0.0363639	0.2535144	0.1626786	0.0000000	0.0000000
7349.9943210	7469.9894082	7469.6519141	-2.0000667	-2.0000667	0.0378489	0.2546128	0.1611545	0.0000000	0.0000000
7349.9943210	7464.9880985	7464.7515430	-2.0000667	-2.0000667	0.0378202	0.2531876	0.1620048	0.0000000	0.0000000
7349.9943210	7459.9830834	7459.8511719	-2.0000667	-2.0000667	0.0421354	0.2540145	0.1634702	0.0000000	0.0000000
7349.9943210	7454.9837915	7454.9508008	-2.0000667	-2.0000667	0.0432881	0.2528257	0.1639562	0.0000000	0.0000000
7349.9943210	7449.9909928	7449.6049414	-2.0000667	-2.0000667	0.0443501	0.2518564	0.1683368	0.0000000	0.0000000
7349.9943210	7444.9822808	7444.7045703	-2.0000667	-2.0000667	0.0383125	0.2530559	0.1676476	0.0000000	0.0000000
7349.9943210	7439.9825665	7439.8041992	-2.0000667	-2.0000667	0.0503940	0.2538026	0.1711917	0.0000000	0.0000000
7349.9943210	7434.9828522	7434.9618359	-2.0000667	-2.0000667	0.0512894	0.2525552	0.1720581	0.0000000	0.0000000
7349.9943210	7429.9877688	7429.6792578	-2.0000667	-2.0000667	0.0521748	0.2500922	0.1730435	0.0000000	0.0000000
7349.9943210	7424.9840682	7424.8368945	-2.0000667	-2.0000667	0.0547378	0.2504672	0.1745686	0.0000000	0.0000000
7349.9943210	7419.9889997	7419.9945313	-2.0000667	-2.0000667	0.0566815	0.2521785	0.1733055	0.0000000	0.0000000
7349.9943210	7414.9852991	7414.7119531	-2.0000667	-2.0000667	0.0590853	0.2520815	0.1724707	0.0000000	0.0000000
7349.9943210	7409.9893015	7409.8695898	-2.0000667	-2.0000667	0.0593553	0.2514232	0.1771471	0.0000000	0.0000000
7349.9943210	7404.9880524	7404.5870117	-2.0000667	-2.0000667	0.0603931	0.2516985	0.1712939	0.0000000	0.0000000
7349.9943210	7399.9893051	7399.7446484	-2.0000667	-2.0000667	0.0619088	0.2537258	0.1716643	0.0000000	0.0000000
7349.9943210	7394.9884007	7394.9126367	-2.0000667	-2.0000667	0.0656334	0.2547003	0.1736846	0.0000000	0.0000000
7349.9943210	7389.9873611	7389.6921680	-2.0000667	-2.0000667	0.0662069	0.2538151	0.1735015	0.0000000	0.0000000
7349.9943210	7384.9891170	7384.9067383	-2.0000667	-2.0000667	0.0683176	0.2526273	0.1763270	0.0000000	0.0000000
7349.9943210	7379.9860592	7379.6862695	-2.0000667	-2.0000667	0.0691652	0.2544081	0.1734897	0.0000000	0.0000000
7349.9943210	7374.9850104	7374.9008398	-2.0000667	-2.0000667	0.0691749	0.2555332	0.1715779	0.0000000	0.0000000
7349.9943210	7369.9839616	7369.6803711	-2.0000667	-2.0000667	0.0675457	0.2531860	0.1718616	0.0000000	0.0000000
7349.9943210	7364.9814683	7364.8949414	-2.0000667	-2.0000667	0.0704916	0.2562329	0.1726992	0.0000000	0.0000000
7349.9943210	7359.9861795	7359.6744727	-2.0000667	-2.0000667	0.0744066	0.2547805	0.1724310	0.0000000	0.0000000
7349.9943210	7354.9845915	7354.8890430	-2.0000667	-2.0000667	0.0769281	0.2553541	0.1700498	0.0000000	0.0000000
7349.9943210	7349.9844428	7349.6991016	-2.0000667	-2.0000667	0.0764884	0.2561025	0.1758910	0.0000000	0.0000000
7349.9943210	7344.9830735	7344.9696387	-2.0000667	-2.0000667	0.0798474	0.2551935	0.1769808	0.0000000	0.0000000
7349.9943210	7339.9876760	7339.8102246	-2.0000667	-2.0000667	0.0698705	0.2552856	0.1775505	0.0000000	0.0000000
7349.9943210	7334.9876819	7334.6508105	-2.0000667	-2.0000667	0.0656379	0.2540237	0.1742080	0.0000000	0.0000000
7349.9943210	7329.9862695	7329.9213477	-2.0000667	-2.0000667	0.0766401	0.2523364	0.1774174	0.0000000	0.0000000
7349.9943210	7324.9878305	7324.7619336	-2.0000667	-2.0000667	0.0808790	0.2532494	0.1843846	0.0000000	0.0000000
7349.9943210	7319.9871533	7319.6025195	-2.0000667	-2.0000667	0.0816013	0.2527841	0.1851173	0.0000000	0.0000000
7349.9943210	7314.9856062	7314.8730566	-2.0000667	-2.0000667	0.0803490	0.2530045	0.1835255	0.0000000	0.0000000
7349.9943210	7309.9868361	7309.7136426	-2.0000667	-2.0000667	0.0810026	0.2533773	0.1863052	0.0000000	0.0000000
7349.9943210	7304.9850290	7304.6092822	-2.0000667	-2.0000667	0.0809226	0.2525328	0.1873566	0.0000000	0.0000000
7349.9943210	7299.9861565	7299.9348730	-2.0000667	-2.0000667	0.0808544	0.2525027	0.1881390	0.0000000	0.0000000
7349.9943210	7294.9829595	7294.8355176	-2.0000667	-2.0000667	0.0785953	0.2511322	0.1889884	0.0000000	0.0000000
7349.9943210	7289.9859351	7289.7361621	-2.0000667	-2.0000667	0.0760792	0.2537823	0.1875471	0.0000000	0.0000000
7349.9943210	7284.9854524	7284.6368066	-2.0000667	-2.0000667	0.0819713	0.2531987	0.1909764	0.0000000	0.0000000
7349.9943210	7279.9884279	7279.9623975	-2.0000667	-2.0000667	0.0790219	0.2538876	0.1948861	0.0000000	0.0000000
7349.9943210	7274.9837989	7274.8630420	-2.0000667	-2.0000667	0.0799908	0.2537750	0.1933837	0.0000000	0.0000000
7349.9943210	7269.9874598	7269.7636865	-2.0000667	-2.0000667	0.0810558	0.2547024	0.1922216	0.0000000	0.0000000
7349.9943210	7264.9876701	7264.6888672	-2.0000667	-2.0000667	0.0813462	0.2548988	0.1905220	0.0000000	0.0000000
7349.9943210	7259.9859215	7259.6483984	-2.0000667	-2.0000667	0.0801019	0.2510406	0.1902906	0.0000000	0.0000000
7349.9943210	7254.9850358	7254.6079297	-2.0000667	-2.0000667	0.0820769	0.2546826	0.1922090	0.0000000	0.0000000
7349.9943210	7249.9904764	7249.9875000	-2.0000667	-2.0000667	0.0786558	0.2525005	0.1957728	0.0000000	0.0000000
7349.9943210	7244.9895907	7244.9470313	-2.0000667	-2.0000667	0.0783645	0.2553422	0.1952889	0.0000000	0.0000000
7349.9943210	7239.9880707	7239.9065625	-2.0000667	-2.0000667	0.0805582	0.2541925	0.1906904	0.0000000	0.0000000
7349.9943210	7234.9891235	7234.8660938	-2.0000667	-2.0000667	0.0783035	0.2545261	0.1903573	0.0000000	0.0000000
7349.9943210	7229.9901764	7229.8256250	-2.0000667	-2.0000667	0.0786433	0.2559125	0.1907029	0.0000000	0.0000000
7349.9943210	7224.9850300	7224.7851563	-2.0000667	-2.0000667	0.0789589	0.2545193	0.1906980	0.0000000	0.0000000
7349.9943210	7219.9838918	7219.8026367	-2.0000667	-2.0000667	0.0741902	0.2543593	0.1915897	0.0000000	0.0000000
7349.9943210	7214.9856444	7214.8201172	-2.0000667	-2.0000667	0.0779879	0.2518905	0.1935754	0.0000000	0.0000000
7349.9943210	7209.9867265	7209.8375977	-2.0000667	-2.0000667	0.0776722	0.2528927	0.1926653	0.0000000	0.0000000
7349.9943210	7204.9856049	7204.8550781	-2.0000667	-2.0000667	0.0775564	0.2521967	0.1895538	0.0000000	0.0000000
7349.9943210	7199.9877120	7199.8725586	-2.0000667	-2.0000667	0.0753516	0.2524709	0.1908588	0.0000000	0.0000000
7349.9943210	7194.9897404	7194.8900391	-2.0000667	-2.0000667	0.0738776	0.2523115	0.1902334	0.0000000	0.0000000
7349.9943210	7189.9844123	7189.9075195	-2.0000667	-2.0000667	0.0749366	0.2544614	0.1922600	0.0000000	0.0000000
7349.9943210	7184.9857226	7184.9250000	-2.0000667	-2.0000667	0.0712057	0.2546447	0.1904456	0.0000000	0.0000000
7349.9943210	7179.9835760	7179.9804492	-2.0000667	-2.0000667	0.0671869	0.2539457	0.1950023	0.0000000	0.0000000
7349.9943210	7174.9840016	7174.6444189	-2.0000667	-2.0000667	0.0685055	0.2554059	0.1958159	0.0000000	0.0000000
7349.9943210	7169.9879856	7169.7188525	-2.0000667	-2.0000667	0.0669210	0.2535768	0.1970817	0.0000000	0.0000000
7349.9943210	7164.9848528	7164.7932861	-2.0000667	-2.0000667	0.0646897	0.2551976	0.1965173	0.0000000	0.0000000
7349.9943210	7159.9874285	7159.8677197	-2.0000667	-2.0000667	0.0609529	0.2544050	0.1935774	0.0000000	0.0000000
7349.9943210	7154.9859714	7154.9421533	-2.0000667	-2.0000667	0.0624751	0.2535803	0.1974915	0.0000000	0.0000000
7349.9943210	7149.9845143	7149.6061230	-2.0000667	-2.0000667	0.0556774	0.2538030	0.1972136	0.0000000	0.0000000
7349.9943210	7144.9847639	7144.6805566	-2.0000667	-2.0000667	0.0593824	0.2530750	0.1952892	0.0000000	0.0000000
7349.9943210	7139.9856218	7139.7829688	-2.0000667	-2.0000667	0.0574077	0.2529281	0.1908168	0.0000000	0.0000000
7349.9943210	7134.9864797	7134.9133594	-2.0000667	-2.0000667	0.0551182	0.2492616	0.1967286	0.0000000	0.0000000
7349.9943210	7129.9863643	7129.6379492	-2.0000667	-2.0000667	0.0532179	0.2536891	0.1972267	0.0000000	0.0000000
7349.9943210	7124.9850629	7124.7683398	-2.0000667	-2.0000667	0.0498541	0.2523219	0.1981049	0.0000000	0.0000000
7349.9943210	7119.9837614	7119.8987305	-2.0000667	-2.0000667	0.0491376	0.2525697	0.1967014	0.0000000	0.0000000
7349.9943210	7114.9856174	7114.6233203	-2.0000667	-2.0000667	0.0464568	0.2509119	0.1964263	0.0000000	0.0000000
7349.9943210	7109.9847957	7109.7537109	-2.0000667	-2.0000667	0.0444558	0.2522395	0.1962094	0.0000000	0.0000000
7349.9943210	7104.9825351	7104.8841016	-2.0000667	-2.0000667	0.0435861	0.2547419	0.1939805	0.0000000	0.0000000
7349.9943210	7099.9872658	7099.6316406	-2.0000667	-2.0000667	0.0395920	0.2513298	0.1957083	0.0000000	0.0000000
7349.9943210	7094.9817088	7094.8171094	-2.0000667	-2.0000667	0.0392677	0.2527574	0.1953286	0.0000000	0.0000000
7349.9943210	7089.9836449	7089.6013672	-2.0000667	-2.0000667	0.0375254	0.2517417	0.1956581	0.0000000	0.0000000
7349.9943210	7084.9818060	7084.7868359	-2.0000667	-2.0000667	0.0344739	0.2492922	0.1949775	0.0000000	0.0000000
7349.9943210	7079.9837421	7079.9723047	-2.0000667	-2.0000667	0.0335562	0.2514731	0.1958160	0.0000000	0.0000000
7349.9943210	7074.9849890	7074.7565625	-2.0000667	-2.0000667	0.0309272	0.2528735	0.1958979	0.0000000	0.0000000
7349.9943210	7069.9846289	7069.9420313	-2.0000667	-2.0000667	0.0301737	0.2528500	0.1956564	0.0000000	0.0000000
7349.9943210	7064.9842688	7064.7262891	-2.0000667	-2.0000667	0.0283418	0.2537655	0.1930255	0.0000000	0.0000000
7349.9943210	7059.9851958	7059.9297656	-2.0000667	-2.0000667	0.0266880	0.2538917	0.1925933	0.0000000	0.0000000
7349.9943210	7054.9845719	7054.7725488	-2.0000667	-2.0000667	0.0251967	0.2534813	0.1931293	0.0000000	0.0000000
7349.9943210	7049.9872164	7049.6153320	-2.0000667	-2.0000667	0.0226276	0.2513190	0.1956958	0.0000000	0.0000000
7349.9943210	7044.9839562	7044.8548242	-2.0000667	-2.0000667	0.0211611	0.2509912	0.1948748	0.0000000	0.0000000
7349.9943210	7039.9814065	7039.6976074	-2.0000667	-2.0000667	0.0204279	0.2531042	0.1928369	0.0000000	0.0000000
7349.9943210	7034.9887891	7034.9370996	-2.0000667	-2.0000667	0.0182513	0.2541749	0.1945060	0.0000000	0.0000000
7349.9943210	7029.9897879	7029.7798828	-2.0000667	-2.0000667	0.0186418	0.2536365	0.1918721	0.0000000	0.0000000
7349.9943210	7024.9874950	7024.6226660	-2.0000667	-2.0000667	0.0164928	0.2522260	0.1909974	0.0000000	0.0000000
7349.9943210	7019.9852022	7019.8843262	-2.0000667	-2.0000667	0.0156438	0.2544276	0.1918298	0.0000000	0.0000000
7349.9943210	7014.9861162	7014.7847461	-2.0000667	-2.0000667	0.0140540	0.2516284	0.1934922	0.0000000	0.0000000
7349.9943210	7009.9855214	7009.6851660	-2.0000667	-2.0000667	0.0120786	0.2511273	0.1914902	0.0000000	0.0000000
7349.9943210	7004.9816281	7004.9778613	-2.0000667	-2.0000667	0.0109967	0.2526234	0.1916038	0.0000000	0.0000000
7349.9943210	7000.0292969	6999.8782813	-2.0000667	-2.0000667	0.0109781	0.2510924	0.1910872	0.0000000	0.0000000
