7299.9940186	7499.9984178	7499.6820801	-2.0000667	-2.0000667	0.0207589	0.2547953	0.1481194	0.0000000	7300.0000000
7299.9940186	7494.9879671	7494.7226807	-2.0000667	-2.0000667	0.0225045	0.2552811	0.1511670	0.0000000	0.0000000
7299.9940186	7489.9851278	7489.7632813	-2.0000667	-2.0000667	0.0254298	0.2564860	0.1547715	0.0000000	0.0000000
7299.9940186	7484.9906544	7484.8038818	-2.0000667	-2.0000667	0.0254854	0.2506364	0.1583451	0.0000000	0.0000000
7299.9940186	7479.9880476	7479.8981445	-2.0000667	-2.0000667	0.0287695	0.2554166	0.1582982	0.0000000	0.0000000
7299.9940186	7474.9874581	7474.9977734	-2.0000667	-2.0000667	0.0292416	0.2538434	0.1545884	0.0000000	0.0000000
7299.9940186	7469.9894082	7469.6519141	-2.0000667	-2.0000667	0.0303539	0.2532273	0.1554857	0.0000000	0.0000000
7299.9940186	7464.9852369	7464.7515430	-2.0000667	-2.0000667	0.0352850	0.2555708	0.1614993	0.0000000	0.0000000
7299.9940186	7459.9888066	7459.8511719	-2.0000667	-2.0000667	0.0337930	0.2539724	0.1568503	0.0000000	0.0000000
7299.9940186	7454.9866531	7454.9508008	-2.0000667	-2.0000667	0.0378005	0.2562141	0.1614646	0.0000000	0.0000000
7299.9940186	7449.9879936	7449.6049414	-2.0000667	-2.0000667	0.0385082	0.2553649	0.1615909	0.0000000	0.0000000
7299.9940186	7444.9822808	7444.7045703	-2.0000667	-2.0000667	0.0419275	0.2545138	0.1628711	0.0000000	0.0000000
7299.9940186	7439.9825665	7439.8041992	-2.0000667	-2.0000667	0.0421167	0.2542135	0.1629017	0.0000000	0.0000000
7299.9940186	7434.9828522	7434.9618359	-2.0000667	-2.0000667	0.0423094	0.2562172	0.1605808	0.0000000	0.0000000
7299.9940186	7429.9877688	7429.6792578	-2.0000667	-2.0000667	0.0422365	0.2551549	0.1571536	0.0000000	0.0000000
7299.9940186	7424.9840682	7424.8368945	-2.0000667	-2.0000667	0.0444685	0.2530328	0.1608407	0.0000000	0.0000000
7299.9940186	7419.9889997	7419.9945313	-2.0000667	-2.0000667	0.0458049	0.2545959	0.1595493	0.0000000	0.0000000
7299.9940186	7414.9852991	7414.7119531	-2.0000667	-2.0000667	0.0477172	0.2528973	0.1602100	0.0000000	0.0000000
7299.9940186	7409.9893015	7409.8695898	-2.0000667	-2.0000667	0.0513030	0.2525735	0.1649882	0.0000000	0.0000000
7299.9940186	7404.9855505	7404.5870117	-2.0000667	-2.0000667	0.0508645	0.2544934	0.1602340	0.0000000	0.0000000
7299.9940186	7399.9868032	7399.7446484	-2.0000667	-2.0000667	0.0552516	0.2531504	0.1633898	0.0000000	0.0000000
7299.9940186	7394.9884007	7394.9126367	-2.0000667	-2.0000667	0.0562466	0.2525377	0.1641875	0.0000000	0.0000000
7299.9940186	7389.9845657	7389.6921680	-2.0000667	-2.0000667	0.0600565	0.2536844	0.1677094	0.0000000	0.0000000
7299.9940186	7384.9891170	7384.9067383	-2.0000667	-2.0000667	0.0595626	0.2544463	0.1653456	0.0000000	0.0000000
7299.9940186	7379.9860592	7379.6862695	-2.0000667	-2.0000667	0.0626350	0.2537151	0.1636149	0.0000000	0.0000000
7299.9940186	7374.9850104	7374.9008398	-2.0000667	-2.0000667	0.0666563	0.2557130	0.1667262	0.0000000	0.0000000
7299.9940186	7369.9839616	7369.6803711	-2.0000667	-2.0000667	0.0663105	0.2542576	0.1657257	0.0000000	0.0000000
7299.9940186	7364.9814683	7364.8949414	-2.0000667	-2.0000667	0.0684441	0.2525315	0.1691759	0.0000000	0.0000000
7299.9940186	7359.9861795	7359.6744727	-2.0000667	-2.0000667	0.0713796	0.2542183	0.1726011	0.0000000	0.0000000
7299.9940186	7354.9814419	7354.8890430	-2.0000667	-2.0000667	0.0718853	0.2552544	0.1673046	0.0000000	0.0000000
7299.9940186	7349.9844428	7349.6991016	-2.0000667	-2.0000667	0.0737327	0.2558079	0.1713135	0.0000000	0.0000000
7299.9940186	7344.9830735	7344.9696387	-2.0000667	-2.0000667	0.0727617	0.2529900	0.1673058	0.0000000	0.0000000
7299.9940186	7339.9876760	7339.8102246	-2.0000667	-2.0000667	0.0765083	0.2537498	0.1725387	0.0000000	0.0000000
7299.9940186	7334.9876819	7334.6508105	-2.0000667	-2.0000667	0.0786727	0.2538826	0.1747609	0.0000000	0.0000000
7299.9940186	7329.9892429	7329.9213477	-2.0000667	-2.0000667	0.0815999	0.2542490	0.1760802	0.0000000	0.0000000
7299.9940186	7324.9878305	7324.7619336	-2.0000667	-2.0000667	0.0851848	0.2535653	0.1771919	0.0000000	0.0000000
7299.9940186	7319.9843762	7319.6025195	-2.0000667	-2.0000667	0.0876497	0.2534460	0.1789349	0.0000000	0.0000000
7299.9940186	7314.9856062	7314.8730566	-2.0000667	-2.0000667	0.0917389	0.2537416	0.1774824	0.0000000	0.0000000
7299.9940186	7309.9868361	7309.7136426	-2.0000667	-2.0000667	0.0911180	0.2533297	0.1784792	0.0000000	0.0000000
7299.9940186	7304.9850290	7304.6092822	-2.0000667	-2.0000667	0.0949799	0.2530352	0.1800157	0.0000000	0.0000000
7299.9940186	7299.9890361	7299.9348730	-2.0000667	-2.0000667	0.0938673	0.2519386	0.1810178	0.0000000	0.0000000
7299.9940186	7294.9795014	7294.8355176	-2.0000667	-2.0000667	0.0937760	0.2532919	0.1798395	0.0000000	0.0000000
7299.9940186	7289.9824769	7289.7361621	-2.0000667	-2.0000667	0.0948885	0.2543475	0.1825303	0.0000000	0.0000000
7299.9940186	7284.9819943	7284.6368066	-2.0000667	-2.0000667	0.0942826	0.2550216	0.1841201	0.0000000	0.0000000
7299.9940186	7279.9884279	7279.9623975	-2.0000667	-2.0000667	0.0926002	0.2556002	0.1829730	0.0000000	0.0000000
7299.9940186	7274.9837989	7274.8630420	-2.0000667	-2.0000667	0.0893848	0.2549291	0.1782906	0.0000000	0.0000000
7299.9940186	7269.9840093	7269.7636865	-2.0000667	-2.0000667	0.0933168	0.2571707	0.1790112	0.0000000	0.0000000
7299.9940186	7264.9876701	7264.6888672	-2.0000667	-2.0000667	0.0931929	0.2579425	0.1759149	0.0000000	0.0000000
7299.9940186	7259.9859215	7259.6483984	-2.0000667	-2.0000667	0.0970834	0.2543439	0.1819495	0.0000000	0.0000000
7299.9940186	7254.9818727	7254.6079297	-2.0000667	-2.0000667	0.0979183	0.2549585	0.1831193	0.0000000	0.0000000
7299.9940186	7249.9841501	7249.9875000	-2.0000667	-2.0000667	0.0958729	0.2556597	0.1819999	0.0000000	0.0000000
7299.9940186	7244.9832645	7244.9470313	-2.0000667	-2.0000667	0.0957986	0.2554866	0.1818337	0.0000000	0.0000000
7299.9940186	7239.9850844	7239.9065625	-2.0000667	-2.0000667	0.0962806	0.2573984	0.1812740	0.0000000	0.0000000
7299.9940186	7234.9891235	7234.8660938	-2.0000667	-2.0000667	0.0976696	0.2584226	0.1814258	0.0000000	0.0000000
7299.9940186	7229.9901764	7229.8256250	-2.0000667	-2.0000667	0.0953490	0.2578459	0.1816969	0.0000000	0.0000000
7299.9940186	7224.9850300	7224.7851563	-2.0000667	-2.0000667	0.0966523	0.2540609	0.1802593	0.0000000	0.0000000
7299.9940186	7219.9838918	7219.8026367	-2.0000667	-2.0000667	0.0972729	0.2559031	0.1826704	0.0000000	0.0000000
7299.9940186	7214.9856444	7214.8201172	-2.0000667	-2.0000667	0.0976733	0.2527850	0.1820416	0.0000000	0.0000000
7299.9940186	7209.9834979	7209.8375977	-2.0000667	-2.0000667	0.0955671	0.2519347	0.1822396	0.0000000	0.0000000
7299.9940186	7204.9823763	7204.8550781	-2.0000667	-2.0000667	0.0952540	0.2521993	0.1825468	0.0000000	0.0000000
7299.9940186	7199.9844833	7199.8725586	-2.0000667	-2.0000667	0.0963857	0.2517533	0.1855444	0.0000000	0.0000000
7299.9940186	7194.9864212	7194.8900391	-2.0000667	-2.0000667	0.0954576	0.2539844	0.1871501	0.0000000	0.0000000
7299.9940186	7189.9844123	7189.9075195	-2.0000667	-2.0000667	0.0951522	0.2546493	0.1867719	0.0000000	0.0000000
7299.9940186	7184.9857226	7184.9250000	-2.0000667	-2.0000667	0.0933003	0.2536747	0.1864087	0.0000000	0.0000000
7299.9940186	7179.9835760	7179.9804492	-2.0000667	-2.0000667	0.0906573	0.2545896	0.1897482	0.0000000	0.0000000
7299.9940186	7174.9840016	7174.6444189	-2.0000667	-2.0000667	0.0880438	0.2537229	0.1892067	0.0000000	0.0000000
7299.9940186	7169.9844272	7169.7188525	-2.0000667	-2.0000667	0.0882449	0.2548199	0.1889272	0.0000000	0.0000000
7299.9940186	7164.9884112	7164.7932861	-2.0000667	-2.0000667	0.0877755	0.2537273	0.1854391	0.0000000	0.0000000
7299.9940186	7159.9842183	7159.8677197	-2.0000667	-2.0000667	0.0868369	0.2559170	0.1855277	0.0000000	0.0000000
7299.9940186	7154.9859714	7154.9421533	-2.0000667	-2.0000667	0.0857703	0.2547637	0.1842206	0.0000000	0.0000000
7299.9940186	7149.9845143	7149.6061230	-2.0000667	-2.0000667	0.0843079	0.2559796	0.1808438	0.0000000	0.0000000
7299.9940186	7144.9816355	7144.6805566	-2.0000667	-2.0000667	0.0799896	0.2545442	0.1842495	0.0000000	0.0000000
7299.9940186	7139.9824934	7139.7829688	-2.0000667	-2.0000667	0.0794365	0.2544474	0.1852004	0.0000000	0.0000000
7299.9940186	7134.9896081	7134.9133594	-2.0000667	-2.0000667	0.0771309	0.2541680	0.1865872	0.0000000	0.0000000
7299.9940186	7129.9832069	7129.6379492	-2.0000667	-2.0000667	0.0748816	0.2519453	0.1860065	0.0000000	0.0000000
7299.9940186	7124.9850629	7124.7683398	-2.0000667	-2.0000667	0.0725798	0.2542159	0.1847335	0.0000000	0.0000000
7299.9940186	7119.9869188	7119.8987305	-2.0000667	-2.0000667	0.0707982	0.2554161	0.1859474	0.0000000	0.0000000
7299.9940186	7114.9856174	7114.6233203	-2.0000667	-2.0000667	0.0680927	0.2543456	0.1850021	0.0000000	0.0000000
7299.9940186	7109.9847957	7109.7537109	-2.0000667	-2.0000667	0.0654047	0.2561981	0.1852762	0.0000000	0.0000000
7299.9940186	7104.9825351	7104.8841016	-2.0000667	-2.0000667	0.0639624	0.2541938	0.1840157	0.0000000	0.0000000
7299.9940186	7099.9837702	7099.6316406	-2.0000667	-2.0000667	0.0611823	0.2566530	0.1853092	0.0000000	0.0000000
7299.9940186	7094.9817088	7094.8171094	-2.0000667	-2.0000667	0.0588688	0.2547446	0.1843311	0.0000000	0.0000000
7299.9940186	7089.9836449	7089.6013672	-2.0000667	-2.0000667	0.0563018	0.2532203	0.1845297	0.0000000	0.0000000
7299.9940186	7084.9855810	7084.7868359	-2.0000667	-2.0000667	0.0542644	0.2560781	0.1851830	0.0000000	0.0000000
7299.9940186	7079.9875171	7079.9723047	-2.0000667	-2.0000667	0.0519966	0.2561682	0.1869408	0.0000000	0.0000000
7299.9940186	7074.9849890	7074.7565625	-2.0000667	-2.0000667	0.0506671	0.2550753	0.1832229	0.0000000	0.0000000
7299.9940186	7069.9846289	7069.9420313	-2.0000667	-2.0000667	0.0486625	0.2521940	0.1839073	0.0000000	0.0000000
7299.9940186	7064.9842688	7064.7262891	-2.0000667	-2.0000667	0.0444396	0.2526847	0.1844838	0.0000000	0.0000000
7299.9940186	7059.9851958	7059.9297656	-2.0000667	-2.0000667	0.0425304	0.2524437	0.1834441	0.0000000	0.0000000
7299.9940186	7054.9845719	7054.7725488	-2.0000667	-2.0000667	0.0437935	0.2527949	0.1793524	0.0000000	0.0000000
7299.9940186	7049.9839480	7049.6153320	-2.0000667	-2.0000667	0.0420610	0.2542241	0.1790375	0.0000000	0.0000000
7299.9940186	7044.9839562	7044.8548242	-2.0000667	-2.0000667	0.0392643	0.2534650	0.1828474	0.0000000	0.0000000
7299.9940186	7039.9847173	7039.6976074	-2.0000667	-2.0000667	0.0377784	0.2526316	0.1820844	0.0000000	0.0000000
7299.9940186	7034.9854783	7034.9370996	-2.0000667	-2.0000667	0.0339072	0.2550244	0.1835992	0.0000000	0.0000000
7299.9940186	7029.9865333	7029.7798828	-2.0000667	-2.0000667	0.0308580	0.2545001	0.1854020	0.0000000	0.0000000
7299.9940186	7024.9842404	7024.6226660	-2.0000667	-2.0000667	0.0307830	0.2522705	0.1841377	0.0000000	0.0000000
7299.9940186	7019.9852022	7019.8843262	-2.0000667	-2.0000667	0.0290905	0.2525073	0.1832777	0.0000000	0.0000000
7299.9940186	7014.9861162	7014.7847461	-2.0000667	-2.0000667	0.0266520	0.2533770	0.1830856	0.0000000	0.0000000
7299.9940186	7009.9855214	7009.6851660	-2.0000667	-2.0000667	0.0246702	0.2544896	0.1834902	0.0000000	0.0000000
7299.9940186	7004.9816281	7004.9778613	-2.0000667	-2.0000667	0.0247817	0.2550712	0.1780719	0.0000000	0.0000000
7299.9940186	7000.0292969	6999.8782813	-2.0000667	-2.0000667	0.0224967	0.2542714	0.1822518	0.0000000	0.0000000
