7264.9922842	7499.9984178	7499.6820801	-2.0000667	-2.0000667	0.0214606	0.2550800	0.1487258	0.0000000	7265.0000000
7264.9922842	7494.9907557	7494.7226807	-2.0000667	-2.0000667	0.0244701	0.2520362	0.1521891	0.0000000	0.0000000
7264.9922842	7489.9851278	7489.7632813	-2.0000667	-2.0000667	0.0290205	0.2539827	0.1567671	0.0000000	0.0000000
7264.9922842	7484.9878658	7484.8038818	-2.0000667	-2.0000667	0.0287747	0.2544949	0.1503197	0.0000000	0.0000000
7264.9922842	7479.9931269	7479.8981445	-2.0000667	-2.0000667	0.0287994	0.2546592	0.1528121	0.0000000	0.0000000
7264.9922842	7474.9849184	7474.9977734	-2.0000667	-2.0000667	0.0257826	0.2533206	0.1523785	0.0000000	0.0000000
7264.9922842	7469.9894082	7469.6519141	-2.0000667	-2.0000667	0.0334126	0.2558287	0.1530564	0.0000000	0.0000000
7264.9922842	7464.9880985	7464.7515430	-2.0000667	-2.0000667	0.0368866	0.2554717	0.1593096	0.0000000	0.0000000
7264.9922842	7459.9859450	7459.8511719	-2.0000667	-2.0000667	0.0328033	0.2566176	0.1519072	0.0000000	0.0000000
7264.9922842	7454.9895148	7454.9508008	-2.0000667	-2.0000667	0.0385227	0.2555988	0.1591400	0.0000000	0.0000000
7264.9922842	7449.9879936	7449.6049414	-2.0000667	-2.0000667	0.0393118	0.2531050	0.1584207	0.0000000	0.0000000
7264.9922842	7444.9852800	7444.7045703	-2.0000667	-2.0000667	0.0408821	0.2546636	0.1544058	0.0000000	0.0000000
7264.9922842	7439.9825665	7439.8041992	-2.0000667	-2.0000667	0.0459167	0.2545665	0.1645612	0.0000000	0.0000000
7264.9922842	7434.9858514	7434.9618359	-2.0000667	-2.0000667	0.0475902	0.2535283	0.1636165	0.0000000	0.0000000
7264.9922842	7429.9848914	7429.6792578	-2.0000667	-2.0000667	0.0497303	0.2526281	0.1632111	0.0000000	0.0000000
7264.9922842	7424.9840682	7424.8368945	-2.0000667	-2.0000667	0.0545894	0.2537098	0.1716654	0.0000000	0.0000000
7264.9922842	7419.9889997	7419.9945313	-2.0000667	-2.0000667	0.0507734	0.2542367	0.1612883	0.0000000	0.0000000
7264.9922842	7414.9881765	7414.7119531	-2.0000667	-2.0000667	0.0495770	0.2549996	0.1611376	0.0000000	0.0000000
7264.9922842	7409.9893015	7409.8695898	-2.0000667	-2.0000667	0.0552450	0.2552705	0.1581235	0.0000000	0.0000000
7264.9922842	7404.9855505	7404.5870117	-2.0000667	-2.0000667	0.0586492	0.2556223	0.1575892	0.0000000	0.0000000
7264.9922842	7399.9893051	7399.7446484	-2.0000667	-2.0000667	0.0611033	0.2544225	0.1662396	0.0000000	0.0000000
7264.9922842	7394.9884007	7394.9126367	-2.0000667	-2.0000667	0.0603286	0.2544185	0.1614259	0.0000000	0.0000000
7264.9922842	7389.9845657	7389.6921680	-2.0000667	-2.0000667	0.0648486	0.2560282	0.1628365	0.0000000	0.0000000
7264.9922842	7384.9891170	7384.9067383	-2.0000667	-2.0000667	0.0683091	0.2558303	0.1634091	0.0000000	0.0000000
7264.9922842	7379.9860592	7379.6862695	-2.0000667	-2.0000667	0.0722761	0.2554005	0.1649241	0.0000000	0.0000000
7264.9922842	7374.9850104	7374.9008398	-2.0000667	-2.0000667	0.0780789	0.2566571	0.1723383	0.0000000	0.0000000
7264.9922842	7369.9839616	7369.6803711	-2.0000667	-2.0000667	0.0790109	0.2555162	0.1686465	0.0000000	0.0000000
7264.9922842	7364.9846179	7364.8949414	-2.0000667	-2.0000667	0.0797773	0.2554449	0.1665150	0.0000000	0.0000000
7264.9922842	7359.9861795	7359.6744727	-2.0000667	-2.0000667	0.0801256	0.2537476	0.1695868	0.0000000	0.0000000
7264.9922842	7354.9845915	7354.8890430	-2.0000667	-2.0000667	0.0825984	0.2528367	0.1710369	0.0000000	0.0000000
7264.9922842	7349.9844428	7349.6991016	-2.0000667	-2.0000667	0.0851998	0.2543884	0.1710557	0.0000000	0.0000000
7264.9922842	7344.9830735	7344.9696387	-2.0000667	-2.0000667	0.0871434	0.2525795	0.1708875	0.0000000	0.0000000
7264.9922842	7339.9876760	7339.8102246	-2.0000667	-2.0000667	0.0906234	0.2541658	0.1732566	0.0000000	0.0000000
7264.9922842	7334.9876819	7334.6508105	-2.0000667	-2.0000667	0.0907371	0.2537426	0.1724926	0.0000000	0.0000000
7264.9922842	7329.9892429	7329.9213477	-2.0000667	-2.0000667	0.0970753	0.2536423	0.1712872	0.0000000	0.0000000
7264.9922842	7324.9878305	7324.7619336	-2.0000667	-2.0000667	0.0997388	0.2544764	0.1743978	0.0000000	0.0000000
7264.9922842	7319.9843762	7319.6025195	-2.0000667	-2.0000667	0.1040323	0.2537775	0.1738881	0.0000000	0.0000000
7264.9922842	7314.9883833	7314.8730566	-2.0000667	-2.0000667	0.1055858	0.2545378	0.1750811	0.0000000	0.0000000
7264.9922842	7309.9896132	7309.7136426	-2.0000667	-2.0000667	0.1062562	0.2535476	0.1765551	0.0000000	0.0000000
7264.9922842	7304.9907881	7304.6092822	-2.0000667	-2.0000667	0.1099325	0.2548488	0.1767368	0.0000000	0.0000000
7264.9922842	7299.9890361	7299.9348730	-2.0000667	-2.0000667	0.1145175	0.2549893	0.1771056	0.0000000	0.0000000
7264.9922842	7294.9864177	7294.8355176	-2.0000667	-2.0000667	0.1094706	0.2551970	0.1737913	0.0000000	0.0000000
7264.9922842	7289.9859351	7289.7361621	-2.0000667	-2.0000667	0.1130598	0.2558710	0.1730736	0.0000000	0.0000000
7264.9922842	7284.9854524	7284.6368066	-2.0000667	-2.0000667	0.1107954	0.2546322	0.1714442	0.0000000	0.0000000
7264.9922842	7279.9884279	7279.9623975	-2.0000667	-2.0000667	0.1178079	0.2557607	0.1768800	0.0000000	0.0000000
7264.9922842	7274.9837989	7274.8630420	-2.0000667	-2.0000667	0.1163884	0.2553789	0.1782383	0.0000000	0.0000000
7264.9922842	7269.9840093	7269.7636865	-2.0000667	-2.0000667	0.1211847	0.2555972	0.1792311	0.0000000	0.0000000
7264.9922842	7264.9842196	7264.6888672	-2.0000667	-2.0000667	0.1260074	0.2519191	0.1807299	0.0000000	0.0000000
7264.9922842	7259.9827583	7259.6483984	-2.0000667	-2.0000667	0.1261844	0.2559587	0.1822634	0.0000000	0.0000000
7264.9922842	7254.9818727	7254.6079297	-2.0000667	-2.0000667	0.1249341	0.2535090	0.1799016	0.0000000	0.0000000
7264.9922842	7249.9873132	7249.9875000	-2.0000667	-2.0000667	0.1280688	0.2528840	0.1824286	0.0000000	0.0000000
7264.9922842	7244.9832645	7244.9470313	-2.0000667	-2.0000667	0.1260179	0.2540101	0.1794764	0.0000000	0.0000000
7264.9922842	7239.9850844	7239.9065625	-2.0000667	-2.0000667	0.1263138	0.2544952	0.1825168	0.0000000	0.0000000
7264.9922842	7234.9891235	7234.8660938	-2.0000667	-2.0000667	0.1283397	0.2555151	0.1810985	0.0000000	0.0000000
7264.9922842	7229.9901764	7229.8256250	-2.0000667	-2.0000667	0.1260084	0.2546608	0.1778325	0.0000000	0.0000000
7264.9922842	7224.9908117	7224.7851563	-2.0000667	-2.0000667	0.1264365	0.2575803	0.1756228	0.0000000	0.0000000
7264.9922842	7219.9838918	7219.8026367	-2.0000667	-2.0000667	0.1309650	0.2547084	0.1790725	0.0000000	0.0000000
7264.9922842	7214.9856444	7214.8201172	-2.0000667	-2.0000667	0.1306000	0.2550000	0.1800000	0.0000000	0.0000000
7264.9922842	7209.9867265	7209.8375977	-2.0000667	-2.0000667	0.1303011	0.2551906	0.1814801	0.0000000	0.0000000
7264.9922842	7204.9856049	7204.8550781	-2.0000667	-2.0000667	0.1309672	0.2545900	0.1796960	0.0000000	0.0000000
7264.9922842	7199.9877120	7199.8725586	-2.0000667	-2.0000667	0.1324189	0.2542468	0.1807467	0.0000000	0.0000000
7264.9922842	7194.9897404	7194.8900391	-2.0000667	-2.0000667	0.1293424	0.2531311	0.1812202	0.0000000	0.0000000
7264.9922842	7189.9810932	7189.9075195	-2.0000667	-2.0000667	0.1298982	0.2547599	0.1807501	0.0000000	0.0000000
7264.9922842	7184.9857226	7184.9250000	-2.0000667	-2.0000667	0.1256462	0.2545098	0.1784025	0.0000000	0.0000000
7264.9922842	7179.9871345	7179.9804492	-2.0000667	-2.0000667	0.1218130	0.2527545	0.1782908	0.0000000	0.0000000
7264.9922842	7174.9840016	7174.6444189	-2.0000667	-2.0000667	0.1244585	0.2536084	0.1806428	0.0000000	0.0000000
7264.9922842	7169.9879856	7169.7188525	-2.0000667	-2.0000667	0.1217047	0.2545342	0.1775052	0.0000000	0.0000000
7264.9922842	7164.9848528	7164.7932861	-2.0000667	-2.0000667	0.1213884	0.2545751	0.1786427	0.0000000	0.0000000
7264.9922842	7159.9810081	7159.8677197	-2.0000667	-2.0000667	0.1196405	0.2540775	0.1793007	0.0000000	0.0000000
7264.9922842	7154.9859714	7154.9421533	-2.0000667	-2.0000667	0.1185396	0.2557402	0.1805615	0.0000000	0.0000000
7264.9922842	7149.9845143	7149.6061230	-2.0000667	-2.0000667	0.1159736	0.2580935	0.1751509	0.0000000	0.0000000
7264.9922842	7144.9847639	7144.6805566	-2.0000667	-2.0000667	0.1136484	0.2561229	0.1752736	0.0000000	0.0000000
7264.9922842	7139.9824934	7139.7829688	-2.0000667	-2.0000667	0.1115583	0.2563987	0.1786895	0.0000000	0.0000000
7264.9922842	7134.9864797	7134.9133594	-2.0000667	-2.0000667	0.1124194	0.2579368	0.1749998	0.0000000	0.0000000
7264.9922842	7129.9863643	7129.6379492	-2.0000667	-2.0000667	0.1152474	0.2576970	0.1780681	0.0000000	0.0000000
7264.9922842	7124.9850629	7124.7683398	-2.0000667	-2.0000667	0.1074056	0.2578785	0.1779840	0.0000000	0.0000000
7264.9922842	7119.9869188	7119.8987305	-2.0000667	-2.0000667	0.1027815	0.2550782	0.1770608	0.0000000	0.0000000
7264.9922842	7114.9824600	7114.6233203	-2.0000667	-2.0000667	0.0992059	0.2559341	0.1782939	0.0000000	0.0000000
7264.9922842	7109.9882914	7109.7537109	-2.0000667	-2.0000667	0.1021954	0.2547029	0.1762161	0.0000000	0.0000000
7264.9922842	7104.9860308	7104.8841016	-2.0000667	-2.0000667	0.0976368	0.2540054	0.1744879	0.0000000	0.0000000
7264.9922842	7099.9872658	7099.6316406	-2.0000667	-2.0000667	0.0922367	0.2531423	0.1749121	0.0000000	0.0000000
7264.9922842	7094.9817088	7094.8171094	-2.0000667	-2.0000667	0.0928396	0.2528571	0.1751180	0.0000000	0.0000000
7264.9922842	7089.9874198	7089.6013672	-2.0000667	-2.0000667	0.0868097	0.2538945	0.1759017	0.0000000	0.0000000
7264.9922842	7084.9855810	7084.7868359	-2.0000667	-2.0000667	0.0839783	0.2537258	0.1758599	0.0000000	0.0000000
7264.9922842	7079.9837421	7079.9723047	-2.0000667	-2.0000667	0.0816483	0.2555344	0.1784974	0.0000000	0.0000000
7264.9922842	7074.9849890	7074.7565625	-2.0000667	-2.0000667	0.0869052	0.2548853	0.1780804	0.0000000	0.0000000
7264.9922842	7069.9846289	7069.9420313	-2.0000667	-2.0000667	0.0771001	0.2523936	0.1757889	0.0000000	0.0000000
7264.9922842	7064.9842688	7064.7262891	-2.0000667	-2.0000667	0.0759230	0.2524094	0.1764084	0.0000000	0.0000000
7264.9922842	7059.9851958	7059.9297656	-2.0000667	-2.0000667	0.0713695	0.2529625	0.1738054	0.0000000	0.0000000
7264.9922842	7054.9845719	7054.7725488	-2.0000667	-2.0000667	0.0662164	0.2532881	0.1716146	0.0000000	0.0000000
7264.9922842	7049.9839480	7049.6153320	-2.0000667	-2.0000667	0.0697880	0.2523367	0.1721833	0.0000000	0.0000000
7264.9922842	7044.9806454	7044.8548242	-2.0000667	-2.0000667	0.0627939	0.2532058	0.1721101	0.0000000	0.0000000
7264.9922842	7039.9847173	7039.6976074	-2.0000667	-2.0000667	0.0605161	0.2522726	0.1721528	0.0000000	0.0000000
7264.9922842	7034.9920998	7034.9370996	-2.0000667	-2.0000667	0.0625426	0.2540610	0.1705985	0.0000000	0.0000000
7264.9922842	7029.9865333	7029.7798828	-2.0000667	-2.0000667	0.0522804	0.2552223	0.1749746	0.0000000	0.0000000
7264.9922842	7024.9874950	7024.6226660	-2.0000667	-2.0000667	0.0527611	0.2558358	0.1753761	0.0000000	0.0000000
7264.9922842	7019.9852022	7019.8843262	-2.0000667	-2.0000667	0.0509066	0.2542552	0.1726216	0.0000000	0.0000000
7264.9922842	7014.9894147	7014.7847461	-2.0000667	-2.0000667	0.0459794	0.2554275	0.1723527	0.0000000	0.0000000
7264.9922842	7009.9855214	7009.6851660	-2.0000667	-2.0000667	0.0467097	0.2547565	0.1737499	0.0000000	0.0000000
7264.9922842	7004.9816281	7004.9778613	-2.0000667	-2.0000667	0.0452136	0.2519236	0.1732993	0.0000000	0.0000000
7264.9922842	7000.0292969	6999.8782813	-2.0000667	-2.0000667	0.0384868	0.2526311	0.1751061	0.0000000	0.0000000
