7069.9930298	7499.9984178	7499.6820801	-2.0000667	-2.0000667	0.0008524	0.2866647	0.1323081	0.0000000	7070.0000000
7069.9930298	7494.9851784	7494.7226807	-2.0000667	-2.0000667	0.0008213	0.2898125	0.1320514	0.0000000	0.0000000
7069.9930298	7489.9851278	7489.7632813	-2.0000667	-2.0000667	0.0013540	0.2882690	0.1309539	0.0000000	0.0000000
7069.9930298	7484.9878658	7484.8038818	-2.0000667	-2.0000667	0.0014015	0.2880743	0.1291028	0.0000000	0.0000000
7069.9930298	7479.9905873	7479.8981445	-2.0000667	-2.0000667	0.0015908	0.2860095	0.1336392	0.0000000	0.0000000
7069.9930298	7474.9849184	7474.9977734	-2.0000667	-2.0000667	0.0015828	0.2883370	0.1285825	0.0000000	0.0000000
7069.9930298	7469.9868686	7469.6519141	-2.0000667	-2.0000667	0.0021051	0.2892186	0.1333029	0.0000000	0.0000000
7069.9930298	7464.9852369	7464.7515430	-2.0000667	-2.0000667	0.0015260	0.2881196	0.1234697	0.0000000	0.0000000
7069.9930298	7459.9830834	7459.8511719	-2.0000667	-2.0000667	0.0026886	0.2863962	0.1358381	0.0000000	0.0000000
7069.9930298	7454.9895148	7454.9508008	-2.0000667	-2.0000667	0.0026042	0.2876548	0.1394528	0.0000000	0.0000000
7069.9930298	7449.9879936	7449.6049414	-2.0000667	-2.0000667	0.0022485	0.2880439	0.1300300	0.0000000	0.0000000
7069.9930298	7444.9822808	7444.7045703	-2.0000667	-2.0000667	0.0028214	0.2886348	0.1305977	0.0000000	0.0000000
7069.9930298	7439.9825665	7439.8041992	-2.0000667	-2.0000667	0.0025461	0.2860659	0.1296704	0.0000000	0.0000000
7069.9930298	7434.9828522	7434.9618359	-2.0000667	-2.0000667	0.0046395	0.2873284	0.1399944	0.0000000	0.0000000
7069.9930298	7429.9906461	7429.6792578	-2.0000667	-2.0000667	0.0060610	0.2864681	0.1419584	0.0000000	0.0000000
7069.9930298	7424.9840682	7424.8368945	-2.0000667	-2.0000667	0.0067855	0.2877097	0.1411194	0.0000000	0.0000000
7069.9930298	7419.9889997	7419.9945313	-2.0000667	-2.0000667	0.0066619	0.2885067	0.1370162	0.0000000	0.0000000
7069.9930298	7414.9852991	7414.7119531	-2.0000667	-2.0000667	0.0083132	0.2874253	0.1400560	0.0000000	0.0000000
7069.9930298	7409.9893015	7409.8695898	-2.0000667	-2.0000667	0.0108374	0.2869764	0.1426971	0.0000000	0.0000000
7069.9930298	7404.9855505	7404.5870117	-2.0000667	-2.0000667	0.0209628	0.2878750	0.1529410	0.0000000	0.0000000
7069.9930298	7399.9868032	7399.7446484	-2.0000667	-2.0000667	0.0106421	0.2853420	0.1371421	0.0000000	0.0000000
7069.9930298	7394.9856052	7394.9126367	-2.0000667	-2.0000667	0.0097643	0.2875157	0.1335653	0.0000000	0.0000000
7069.9930298	7389.9873611	7389.6921680	-2.0000667	-2.0000667	0.0138024	0.2882336	0.1397087	0.0000000	0.0000000
7069.9930298	7384.9863215	7384.9067383	-2.0000667	-2.0000667	0.0125192	0.2867070	0.1381887	0.0000000	0.0000000
7069.9930298	7379.9860592	7379.6862695	-2.0000667	-2.0000667	0.0127001	0.2878958	0.1307330	0.0000000	0.0000000
7069.9930298	7374.9850104	7374.9008398	-2.0000667	-2.0000667	0.0148561	0.2861823	0.1326622	0.0000000	0.0000000
7069.9930298	7369.9839616	7369.6803711	-2.0000667	-2.0000667	0.0202760	0.2873657	0.1367778	0.0000000	0.0000000
7069.9930298	7364.9814683	7364.8949414	-2.0000667	-2.0000667	0.0191276	0.2876722	0.1350256	0.0000000	0.0000000
7069.9930298	7359.9861795	7359.6744727	-2.0000667	-2.0000667	0.0178936	0.2888085	0.1327225	0.0000000	0.0000000
7069.9930298	7354.9814419	7354.8890430	-2.0000667	-2.0000667	0.0207164	0.2883838	0.1351863	0.0000000	0.0000000
7069.9930298	7349.9874287	7349.6991016	-2.0000667	-2.0000667	0.0279932	0.2872742	0.1409033	0.0000000	0.0000000
7069.9930298	7344.9860594	7344.9696387	-2.0000667	-2.0000667	0.0243239	0.2851504	0.1407224	0.0000000	0.0000000
7069.9930298	7339.9846901	7339.8102246	-2.0000667	-2.0000667	0.0274403	0.2865236	0.1381910	0.0000000	0.0000000
7069.9930298	7334.9876819	7334.6508105	-2.0000667	-2.0000667	0.0305266	0.2898356	0.1347526	0.0000000	0.0000000
7069.9930298	7329.9862695	7329.9213477	-2.0000667	-2.0000667	0.0334335	0.2880042	0.1354347	0.0000000	0.0000000
7069.9930298	7324.9848570	7324.7619336	-2.0000667	-2.0000667	0.0278524	0.2886844	0.1279659	0.0000000	0.0000000
7069.9930298	7319.9843762	7319.6025195	-2.0000667	-2.0000667	0.0441460	0.2892350	0.1364694	0.0000000	0.0000000
7069.9930298	7314.9856062	7314.8730566	-2.0000667	-2.0000667	0.0381796	0.2873337	0.1347209	0.0000000	0.0000000
7069.9930298	7309.9868361	7309.7136426	-2.0000667	-2.0000667	0.0393236	0.2909917	0.1324451	0.0000000	0.0000000
7069.9930298	7304.9850290	7304.6092822	-2.0000667	-2.0000667	0.0365900	0.2886429	0.1256715	0.0000000	0.0000000
7069.9930298	7299.9861565	7299.9348730	-2.0000667	-2.0000667	0.0346100	0.2906924	0.1270758	0.0000000	0.0000000
7069.9930298	7294.9864177	7294.8355176	-2.0000667	-2.0000667	0.0446589	0.2871438	0.1364753	0.0000000	0.0000000
7069.9930298	7289.9824769	7289.7361621	-2.0000667	-2.0000667	0.0543342	0.2858373	0.1400557	0.0000000	0.0000000
7069.9930298	7284.9819943	7284.6368066	-2.0000667	-2.0000667	0.0591527	0.2875470	0.1391346	0.0000000	0.0000000
7069.9930298	7279.9884279	7279.9623975	-2.0000667	-2.0000667	0.0678054	0.2842543	0.1456642	0.0000000	0.0000000
7069.9930298	7274.9872494	7274.8630420	-2.0000667	-2.0000667	0.0794781	0.2871831	0.1521595	0.0000000	0.0000000
7069.9930298	7269.9840093	7269.7636865	-2.0000667	-2.0000667	0.0733901	0.2868796	0.1469264	0.0000000	0.0000000
7069.9930298	7264.9842196	7264.6888672	-2.0000667	-2.0000667	0.0777019	0.2874863	0.1438336	0.0000000	0.0000000
7069.9930298	7259.9827583	7259.6483984	-2.0000667	-2.0000667	0.0787317	0.2882609	0.1393042	0.0000000	0.0000000
7069.9930298	7254.9850358	7254.6079297	-2.0000667	-2.0000667	0.0727748	0.2884065	0.1337795	0.0000000	0.0000000
7069.9930298	7249.9873132	7249.9875000	-2.0000667	-2.0000667	0.0962257	0.2884172	0.1475088	0.0000000	0.0000000
7069.9930298	7244.9864276	7244.9470313	-2.0000667	-2.0000667	0.0937615	0.2879679	0.1411322	0.0000000	0.0000000
7069.9930298	7239.9850844	7239.9065625	-2.0000667	-2.0000667	0.0823425	0.2903789	0.1351516	0.0000000	0.0000000
7069.9930298	7234.9861373	7234.8660938	-2.0000667	-2.0000667	0.0805353	0.2890947	0.1318884	0.0000000	0.0000000
7069.9930298	7229.9871902	7229.8256250	-2.0000667	-2.0000667	0.0933555	0.2898054	0.1356138	0.0000000	0.0000000
7069.9930298	7224.9879209	7224.7851563	-2.0000667	-2.0000667	0.1000045	0.2910292	0.1362955	0.0000000	0.0000000
7069.9930298	7219.9867826	7219.8026367	-2.0000667	-2.0000667	0.0887096	0.2867806	0.1331206	0.0000000	0.0000000
7069.9930298	7214.9827535	7214.8201172	-2.0000667	-2.0000667	0.1051472	0.2879639	0.1381875	0.0000000	0.0000000
7069.9930298	7209.9867265	7209.8375977	-2.0000667	-2.0000667	0.1227968	0.2906018	0.1407603	0.0000000	0.0000000
7069.9930298	7204.9823763	7204.8550781	-2.0000667	-2.0000667	0.1196097	0.2903307	0.1414883	0.0000000	0.0000000
7069.9930298	7199.9844833	7199.8725586	-2.0000667	-2.0000667	0.1166934	0.2879426	0.1409143	0.0000000	0.0000000
7069.9930298	7194.9864212	7194.8900391	-2.0000667	-2.0000667	0.1409576	0.2871515	0.1446176	0.0000000	0.0000000
7069.9930298	7189.9844123	7189.9075195	-2.0000667	-2.0000667	0.1409462	0.2859010	0.1478613	0.0000000	0.0000000
7069.9930298	7184.9857226	7184.9250000	-2.0000667	-2.0000667	0.1504586	0.2870433	0.1497784	0.0000000	0.0000000
7069.9930298	7179.9871345	7179.9804492	-2.0000667	-2.0000667	0.1270350	0.2855912	0.1457062	0.0000000	0.0000000
7069.9930298	7174.9804432	7174.6444189	-2.0000667	-2.0000667	0.1443025	0.2863092	0.1451007	0.0000000	0.0000000
7069.9930298	7169.9808688	7169.7188525	-2.0000667	-2.0000667	0.1284791	0.2901595	0.1366362	0.0000000	0.0000000
7069.9930298	7164.9848528	7164.7932861	-2.0000667	-2.0000667	0.1677006	0.2896161	0.1463907	0.0000000	0.0000000
7069.9930298	7159.9874285	7159.8677197	-2.0000667	-2.0000667	0.1735348	0.2910791	0.1445120	0.0000000	0.0000000
7069.9930298	7154.9859714	7154.9421533	-2.0000667	-2.0000667	0.1840081	0.2890171	0.1477255	0.0000000	0.0000000
7069.9930298	7149.9845143	7149.6061230	-2.0000667	-2.0000667	0.1920410	0.2887230	0.1482560	0.0000000	0.0000000
7069.9930298	7144.9847639	7144.6805566	-2.0000667	-2.0000667	0.1875010	0.2873826	0.1465992	0.0000000	0.0000000
7069.9930298	7139.9824934	7139.7829688	-2.0000667	-2.0000667	0.1771117	0.2890859	0.1393182	0.0000000	0.0000000
7069.9930298	7134.9864797	7134.9133594	-2.0000667	-2.0000667	0.1614919	0.2876600	0.1357472	0.0000000	0.0000000
7069.9930298	7129.9832069	7129.6379492	-2.0000667	-2.0000667	0.2202776	0.2863026	0.1502119	0.0000000	0.0000000
7069.9930298	7124.9850629	7124.7683398	-2.0000667	-2.0000667	0.2162354	0.2889541	0.1504039	0.0000000	0.0000000
7069.9930298	7119.9869188	7119.8987305	-2.0000667	-2.0000667	0.2255121	0.2885374	0.1520492	0.0000000	0.0000000
7069.9930298	7114.9824600	7114.6233203	-2.0000667	-2.0000667	0.2065009	0.2895166	0.1438274	0.0000000	0.0000000
7069.9930298	7109.9813001	7109.7537109	-2.0000667	-2.0000667	0.2202877	0.2891908	0.1465934	0.0000000	0.0000000
7069.9930298	7104.9825351	7104.8841016	-2.0000667	-2.0000667	0.2334377	0.2898107	0.1492654	0.0000000	0.0000000
7069.9930298	7099.9802746	7099.6316406	-2.0000667	-2.0000667	0.2556177	0.2878174	0.1515621	0.0000000	0.0000000
7069.9930298	7094.9779338	7094.8171094	-2.0000667	-2.0000667	0.2389551	0.2882900	0.1477358	0.0000000	0.0000000
7069.9930298	7089.9798699	7089.6013672	-2.0000667	-2.0000667	0.2459119	0.2871722	0.1511039	0.0000000	0.0000000
7069.9930298	7084.9818060	7084.7868359	-2.0000667	-2.0000667	0.2517621	0.2899825	0.1504822	0.0000000	0.0000000
7069.9930298	7079.9837421	7079.9723047	-2.0000667	-2.0000667	0.2502788	0.2898822	0.1506367	0.0000000	0.0000000
7069.9930298	7074.9849890	7074.7565625	-2.0000667	-2.0000667	0.2373176	0.2915591	0.1472242	0.0000000	0.0000000
7069.9930298	7069.9846289	7069.9420313	-2.0000667	-2.0000667	0.2657404	0.2893829	0.1507871	0.0000000	0.0000000
7069.9930298	7064.9842688	7064.7262891	-2.0000667	-2.0000667	0.2605049	0.2883749	0.1513347	0.0000000	0.0000000
7069.9930298	7059.9851958	7059.9297656	-2.0000667	-2.0000667	0.2718971	0.2862856	0.1542231	0.0000000	0.0000000
7069.9930298	7054.9845719	7054.7725488	-2.0000667	-2.0000667	0.2724698	0.2904410	0.1513528	0.0000000	0.0000000
7069.9930298	7049.9839480	7049.6153320	-2.0000667	-2.0000667	0.2444531	0.2922980	0.1441184	0.0000000	0.0000000
7069.9930298	7044.9806454	7044.8548242	-2.0000667	-2.0000667	0.2195605	0.2933883	0.1381172	0.0000000	0.0000000
7069.9930298	7039.9814065	7039.6976074	-2.0000667	-2.0000667	0.2186080	0.2924863	0.1375857	0.0000000	0.0000000
7069.9930298	7034.9887891	7034.9370996	-2.0000667	-2.0000667	0.1932113	0.2886794	0.1356536	0.0000000	0.0000000
7069.9930298	7029.9865333	7029.7798828	-2.0000667	-2.0000667	0.2451921	0.2892369	0.1475825	0.0000000	0.0000000
7069.9930298	7024.9842404	7024.6226660	-2.0000667	-2.0000667	0.2455601	0.2893401	0.1491091	0.0000000	0.0000000
7069.9930298	7019.9819476	7019.8843262	-2.0000667	-2.0000667	0.2430176	0.2876903	0.1494818	0.0000000	0.0000000
7069.9930298	7014.9861162	7014.7847461	-2.0000667	-2.0000667	0.2612577	0.2884714	0.1530826	0.0000000	0.0000000
7069.9930298	7009.9855214	7009.6851660	-2.0000667	-2.0000667	0.2562922	0.2876409	0.1522816	0.0000000	0.0000000
7069.9930298	7004.9816281	7004.9778613	-2.0000667	-2.0000667	0.2382045	0.2872802	0.1501337	0.0000000	0.0000000
7069.9930298	7000.0292969	6999.8782813	-2.0000667	-2.0000667	0.2679846	0.2852329	0.1645487	0.0000000	0.0000000
