7209.9952342	7499.9984178	7499.6820801	-2.0000667	-2.0000667	0.0208402	0.2703741	0.1468035	0.0000000	7210.0000000
7209.9952342	7494.9907557	7494.7226807	-2.0000667	-2.0000667	0.0245166	0.2719535	0.1509310	0.0000000	0.0000000
7209.9952342	7489.9851278	7489.7632813	-2.0000667	-2.0000667	0.0257552	0.2694292	0.1480937	0.0000000	0.0000000
7209.9952342	7484.9878658	7484.8038818	-2.0000667	-2.0000667	0.0279274	0.2707513	0.1489734	0.0000000	0.0000000
7209.9952342	7479.9931269	7479.8981445	-2.0000667	-2.0000667	0.0308217	0.2695359	0.1558513	0.0000000	0.0000000
7209.9952342	7474.9849184	7474.9977734	-2.0000667	-2.0000667	0.0337391	0.2703597	0.1586318	0.0000000	0.0000000
7209.9952342	7469.9919479	7469.6519141	-2.0000667	-2.0000667	0.0372950	0.2706650	0.1587904	0.0000000	0.0000000
7209.9952342	7464.9880985	7464.7515430	-2.0000667	-2.0000667	0.0361980	0.2711730	0.1556938	0.0000000	0.0000000
7209.9952342	7459.9888066	7459.8511719	-2.0000667	-2.0000667	0.0386880	0.2723969	0.1572766	0.0000000	0.0000000
7209.9952342	7454.9895148	7454.9508008	-2.0000667	-2.0000667	0.0394110	0.2723763	0.1593007	0.0000000	0.0000000
7209.9952342	7449.9879936	7449.6049414	-2.0000667	-2.0000667	0.0401232	0.2713300	0.1586742	0.0000000	0.0000000
7209.9952342	7444.9822808	7444.7045703	-2.0000667	-2.0000667	0.0417804	0.2701846	0.1599894	0.0000000	0.0000000
7209.9952342	7439.9795673	7439.8041992	-2.0000667	-2.0000667	0.0456294	0.2710032	0.1632570	0.0000000	0.0000000
7209.9952342	7434.9858514	7434.9618359	-2.0000667	-2.0000667	0.0482125	0.2721138	0.1604712	0.0000000	0.0000000
7209.9952342	7429.9848914	7429.6792578	-2.0000667	-2.0000667	0.0507888	0.2711639	0.1572040	0.0000000	0.0000000
7209.9952342	7424.9898229	7424.8368945	-2.0000667	-2.0000667	0.0565081	0.2712506	0.1637379	0.0000000	0.0000000
7209.9952342	7419.9918770	7419.9945313	-2.0000667	-2.0000667	0.0593651	0.2709882	0.1667737	0.0000000	0.0000000
7209.9952342	7414.9852991	7414.7119531	-2.0000667	-2.0000667	0.0602328	0.2721119	0.1599158	0.0000000	0.0000000
7209.9952342	7409.9893015	7409.8695898	-2.0000667	-2.0000667	0.0611914	0.2723114	0.1609576	0.0000000	0.0000000
7209.9952342	7404.9855505	7404.5870117	-2.0000667	-2.0000667	0.0638746	0.2705792	0.1589725	0.0000000	0.0000000
7209.9952342	7399.9868032	7399.7446484	-2.0000667	-2.0000667	0.0686913	0.2722522	0.1651400	0.0000000	0.0000000
7209.9952342	7394.9884007	7394.9126367	-2.0000667	-2.0000667	0.0705454	0.2712654	0.1651289	0.0000000	0.0000000
7209.9952342	7389.9873611	7389.6921680	-2.0000667	-2.0000667	0.0767397	0.2717267	0.1682471	0.0000000	0.0000000
7209.9952342	7384.9891170	7384.9067383	-2.0000667	-2.0000667	0.0795336	0.2725271	0.1673236	0.0000000	0.0000000
7209.9952342	7379.9860592	7379.6862695	-2.0000667	-2.0000667	0.0875303	0.2712837	0.1732853	0.0000000	0.0000000
7209.9952342	7374.9819628	7374.9008398	-2.0000667	-2.0000667	0.0927690	0.2714010	0.1731770	0.0000000	0.0000000
7209.9952342	7369.9839616	7369.6803711	-2.0000667	-2.0000667	0.0956787	0.2714771	0.1733086	0.0000000	0.0000000
7209.9952342	7364.9814683	7364.8949414	-2.0000667	-2.0000667	0.0954564	0.2702018	0.1717286	0.0000000	0.0000000
7209.9952342	7359.9861795	7359.6744727	-2.0000667	-2.0000667	0.1021198	0.2712057	0.1738148	0.0000000	0.0000000
7209.9952342	7354.9814419	7354.8890430	-2.0000667	-2.0000667	0.1053849	0.2713219	0.1736117	0.0000000	0.0000000
7209.9952342	7349.9844428	7349.6991016	-2.0000667	-2.0000667	0.1074922	0.2714332	0.1710085	0.0000000	0.0000000
7209.9952342	7344.9860594	7344.9696387	-2.0000667	-2.0000667	0.1040767	0.2713086	0.1658903	0.0000000	0.0000000
7209.9952342	7339.9876760	7339.8102246	-2.0000667	-2.0000667	0.1113490	0.2716365	0.1672307	0.0000000	0.0000000
7209.9952342	7334.9876819	7334.6508105	-2.0000667	-2.0000667	0.1153170	0.2715896	0.1675795	0.0000000	0.0000000
7209.9952342	7329.9862695	7329.9213477	-2.0000667	-2.0000667	0.1152271	0.2709241	0.1652865	0.0000000	0.0000000
7209.9952342	7324.9848570	7324.7619336	-2.0000667	-2.0000667	0.1231737	0.2729856	0.1670078	0.0000000	0.0000000
7209.9952342	7319.9843762	7319.6025195	-2.0000667	-2.0000667	0.1276179	0.2722915	0.1683322	0.0000000	0.0000000
7209.9952342	7314.9856062	7314.8730566	-2.0000667	-2.0000667	0.1243616	0.2716600	0.1620759	0.0000000	0.0000000
7209.9952342	7309.9896132	7309.7136426	-2.0000667	-2.0000667	0.1288280	0.2716584	0.1645347	0.0000000	0.0000000
7209.9952342	7304.9907881	7304.6092822	-2.0000667	-2.0000667	0.1291748	0.2713983	0.1656030	0.0000000	0.0000000
7209.9952342	7299.9861565	7299.9348730	-2.0000667	-2.0000667	0.1338265	0.2725825	0.1692357	0.0000000	0.0000000
7209.9952342	7294.9795014	7294.8355176	-2.0000667	-2.0000667	0.1306163	0.2716613	0.1666621	0.0000000	0.0000000
7209.9952342	7289.9824769	7289.7361621	-2.0000667	-2.0000667	0.1390800	0.2731274	0.1662056	0.0000000	0.0000000
7209.9952342	7284.9854524	7284.6368066	-2.0000667	-2.0000667	0.1410460	0.2733083	0.1645087	0.0000000	0.0000000
7209.9952342	7279.9884279	7279.9623975	-2.0000667	-2.0000667	0.1421189	0.2732426	0.1665143	0.0000000	0.0000000
7209.9952342	7274.9872494	7274.8630420	-2.0000667	-2.0000667	0.1477687	0.2714241	0.1711184	0.0000000	0.0000000
7209.9952342	7269.9840093	7269.7636865	-2.0000667	-2.0000667	0.1547968	0.2715631	0.1709457	0.0000000	0.0000000
7209.9952342	7264.9842196	7264.6888672	-2.0000667	-2.0000667	0.1628149	0.2713813	0.1727390	0.0000000	0.0000000
7209.9952342	7259.9859215	7259.6483984	-2.0000667	-2.0000667	0.1716511	0.2707506	0.1771156	0.0000000	0.0000000
7209.9952342	7254.9850358	7254.6079297	-2.0000667	-2.0000667	0.1772312	0.2707449	0.1798738	0.0000000	0.0000000
7209.9952342	7249.9873132	7249.9875000	-2.0000667	-2.0000667	0.1740021	0.2698961	0.1755221	0.0000000	0.0000000
7209.9952342	7244.9864276	7244.9470313	-2.0000667	-2.0000667	0.1797236	0.2696272	0.1780232	0.0000000	0.0000000
7209.9952342	7239.9850844	7239.9065625	-2.0000667	-2.0000667	0.1800054	0.2693575	0.1741600	0.0000000	0.0000000
7209.9952342	7234.9891235	7234.8660938	-2.0000667	-2.0000667	0.1774067	0.2690535	0.1739386	0.0000000	0.0000000
7209.9952342	7229.9871902	7229.8256250	-2.0000667	-2.0000667	0.1818213	0.2709241	0.1740028	0.0000000	0.0000000
7209.9952342	7224.9908117	7224.7851563	-2.0000667	-2.0000667	0.1861456	0.2722974	0.1741392	0.0000000	0.0000000
7209.9952342	7219.9838918	7219.8026367	-2.0000667	-2.0000667	0.1861664	0.2709316	0.1731194	0.0000000	0.0000000
7209.9952342	7214.9856444	7214.8201172	-2.0000667	-2.0000667	0.1912577	0.2717217	0.1731434	0.0000000	0.0000000
7209.9952342	7209.9867265	7209.8375977	-2.0000667	-2.0000667	0.1958951	0.2717781	0.1743680	0.0000000	0.0000000
7209.9952342	7204.9856049	7204.8550781	-2.0000667	-2.0000667	0.1961418	0.2711605	0.1727324	0.0000000	0.0000000
7209.9952342	7199.9877120	7199.8725586	-2.0000667	-2.0000667	0.1933921	0.2714464	0.1736559	0.0000000	0.0000000
7209.9952342	7194.9864212	7194.8900391	-2.0000667	-2.0000667	0.1953766	0.2708180	0.1758014	0.0000000	0.0000000
7209.9952342	7189.9844123	7189.9075195	-2.0000667	-2.0000667	0.1935660	0.2712155	0.1730695	0.0000000	0.0000000
7209.9952342	7184.9824034	7184.9250000	-2.0000667	-2.0000667	0.1848118	0.2702067	0.1722571	0.0000000	0.0000000
7209.9952342	7179.9835760	7179.9804492	-2.0000667	-2.0000667	0.1814885	0.2719846	0.1732212	0.0000000	0.0000000
7209.9952342	7174.9804432	7174.6444189	-2.0000667	-2.0000667	0.1873193	0.2721536	0.1743630	0.0000000	0.0000000
7209.9952342	7169.9844272	7169.7188525	-2.0000667	-2.0000667	0.1853569	0.2720853	0.1705657	0.0000000	0.0000000
7209.9952342	7164.9848528	7164.7932861	-2.0000667	-2.0000667	0.1898739	0.2719663	0.1717161	0.0000000	0.0000000
7209.9952342	7159.9842183	7159.8677197	-2.0000667	-2.0000667	0.1900377	0.2718398	0.1692659	0.0000000	0.0000000
7209.9952342	7154.9859714	7154.9421533	-2.0000667	-2.0000667	0.1898955	0.2726954	0.1710297	0.0000000	0.0000000
7209.9952342	7149.9845143	7149.6061230	-2.0000667	-2.0000667	0.1918964	0.2724504	0.1696122	0.0000000	0.0000000
7209.9952342	7144.9847639	7144.6805566	-2.0000667	-2.0000667	0.1882451	0.2704725	0.1687040	0.0000000	0.0000000
7209.9952342	7139.9824934	7139.7829688	-2.0000667	-2.0000667	0.1872656	0.2710508	0.1725691	0.0000000	0.0000000
7209.9952342	7134.9864797	7134.9133594	-2.0000667	-2.0000667	0.1834338	0.2717054	0.1679852	0.0000000	0.0000000
7209.9952342	7129.9832069	7129.6379492	-2.0000667	-2.0000667	0.1866814	0.2711079	0.1728022	0.0000000	0.0000000
7209.9952342	7124.9819055	7124.7683398	-2.0000667	-2.0000667	0.1830905	0.2709165	0.1740856	0.0000000	0.0000000
7209.9952342	7119.9837614	7119.8987305	-2.0000667	-2.0000667	0.1831886	0.2724851	0.1758921	0.0000000	0.0000000
7209.9952342	7114.9856174	7114.6233203	-2.0000667	-2.0000667	0.1797761	0.2715227	0.1714044	0.0000000	0.0000000
7209.9952342	7109.9813001	7109.7537109	-2.0000667	-2.0000667	0.1788823	0.2717728	0.1735483	0.0000000	0.0000000
7209.9952342	7104.9825351	7104.8841016	-2.0000667	-2.0000667	0.1756566	0.2714210	0.1719283	0.0000000	0.0000000
7209.9952342	7099.9837702	7099.6316406	-2.0000667	-2.0000667	0.1695066	0.2732386	0.1727830	0.0000000	0.0000000
7209.9952342	7094.9817088	7094.8171094	-2.0000667	-2.0000667	0.1692909	0.2711962	0.1740483	0.0000000	0.0000000
7209.9952342	7089.9836449	7089.6013672	-2.0000667	-2.0000667	0.1623175	0.2710812	0.1722953	0.0000000	0.0000000
7209.9952342	7084.9818060	7084.7868359	-2.0000667	-2.0000667	0.1604230	0.2716602	0.1681797	0.0000000	0.0000000
7209.9952342	7079.9875171	7079.9723047	-2.0000667	-2.0000667	0.1536775	0.2710880	0.1702037	0.0000000	0.0000000
7209.9952342	7074.9849890	7074.7565625	-2.0000667	-2.0000667	0.1525535	0.2709203	0.1635378	0.0000000	0.0000000
7209.9952342	7069.9846289	7069.9420313	-2.0000667	-2.0000667	0.1481851	0.2718416	0.1709149	0.0000000	0.0000000
7209.9952342	7064.9842688	7064.7262891	-2.0000667	-2.0000667	0.1456327	0.2711500	0.1689279	0.0000000	0.0000000
7209.9952342	7059.9851958	7059.9297656	-2.0000667	-2.0000667	0.1425408	0.2722129	0.1678818	0.0000000	0.0000000
7209.9952342	7054.9845719	7054.7725488	-2.0000667	-2.0000667	0.1378339	0.2704535	0.1666050	0.0000000	0.0000000
7209.9952342	7049.9839480	7049.6153320	-2.0000667	-2.0000667	0.1295389	0.2712377	0.1681948	0.0000000	0.0000000
7209.9952342	7044.9839562	7044.8548242	-2.0000667	-2.0000667	0.1278506	0.2725953	0.1664586	0.0000000	0.0000000
7209.9952342	7039.9847173	7039.6976074	-2.0000667	-2.0000667	0.1235911	0.2719003	0.1675106	0.0000000	0.0000000
7209.9952342	7034.9887891	7034.9370996	-2.0000667	-2.0000667	0.1230802	0.2727134	0.1670254	0.0000000	0.0000000
7209.9952342	7029.9865333	7029.7798828	-2.0000667	-2.0000667	0.1180350	0.2715637	0.1676694	0.0000000	0.0000000
7209.9952342	7024.9842404	7024.6226660	-2.0000667	-2.0000667	0.1127540	0.2700603	0.1680631	0.0000000	0.0000000
7209.9952342	7019.9852022	7019.8843262	-2.0000667	-2.0000667	0.1075017	0.2711091	0.1643898	0.0000000	0.0000000
7209.9952342	7014.9861162	7014.7847461	-2.0000667	-2.0000667	0.0997166	0.2720858	0.1670377	0.0000000	0.0000000
7209.9952342	7009.9822229	7009.6851660	-2.0000667	-2.0000667	0.1021578	0.2698826	0.1655405	0.0000000	0.0000000
7209.9952342	7004.9849267	7004.9778613	-2.0000667	-2.0000667	0.0951169	0.2695134	0.1663840	0.0000000	0.0000000
7209.9952342	7000.0292969	6999.8782813	-2.0000667	-2.0000667	0.0889406	0.2691783	0.1675863	0.0000000	0.0000000
