7269.9971847	7499.9984178	7499.6820801	-2.0000667	-2.0000667	0.0214692	0.2599612	0.1470500	0.0000000	7270.0000000
7269.9971847	7494.9851784	7494.7226807	-2.0000667	-2.0000667	0.0217998	0.2592124	0.1451365	0.0000000	0.0000000
7269.9971847	7489.9851278	7489.7632813	-2.0000667	-2.0000667	0.0250370	0.2586770	0.1464426	0.0000000	0.0000000
7269.9971847	7484.9906544	7484.8038818	-2.0000667	-2.0000667	0.0288409	0.2568042	0.1536644	0.0000000	0.0000000
7269.9971847	7479.9880476	7479.8981445	-2.0000667	-2.0000667	0.0312853	0.2570310	0.1563347	0.0000000	0.0000000
7269.9971847	7474.9849184	7474.9977734	-2.0000667	-2.0000667	0.0330784	0.2556382	0.1578276	0.0000000	0.0000000
7269.9971847	7469.9894082	7469.6519141	-2.0000667	-2.0000667	0.0355347	0.2549100	0.1612778	0.0000000	0.0000000
7269.9971847	7464.9852369	7464.7515430	-2.0000667	-2.0000667	0.0377543	0.2553169	0.1622316	0.0000000	0.0000000
7269.9971847	7459.9830834	7459.8511719	-2.0000667	-2.0000667	0.0383873	0.2586071	0.1612310	0.0000000	0.0000000
7269.9971847	7454.9866531	7454.9508008	-2.0000667	-2.0000667	0.0391943	0.2575242	0.1617592	0.0000000	0.0000000
7269.9971847	7449.9849944	7449.6049414	-2.0000667	-2.0000667	0.0413290	0.2579979	0.1606534	0.0000000	0.0000000
7269.9971847	7444.9852800	7444.7045703	-2.0000667	-2.0000667	0.0432983	0.2578927	0.1608625	0.0000000	0.0000000
7269.9971847	7439.9795673	7439.8041992	-2.0000667	-2.0000667	0.0437646	0.2569641	0.1613403	0.0000000	0.0000000
7269.9971847	7434.9858514	7434.9618359	-2.0000667	-2.0000667	0.0474757	0.2580293	0.1638588	0.0000000	0.0000000
7269.9971847	7429.9848914	7429.6792578	-2.0000667	-2.0000667	0.0497509	0.2579445	0.1628328	0.0000000	0.0000000
7269.9971847	7424.9898229	7424.8368945	-2.0000667	-2.0000667	0.0513585	0.2598635	0.1622942	0.0000000	0.0000000
7269.9971847	7419.9832450	7419.9945313	-2.0000667	-2.0000667	0.0518586	0.2560850	0.1619081	0.0000000	0.0000000
7269.9971847	7414.9852991	7414.7119531	-2.0000667	-2.0000667	0.0562046	0.2552908	0.1673812	0.0000000	0.0000000
7269.9971847	7409.9893015	7409.8695898	-2.0000667	-2.0000667	0.0602672	0.2557012	0.1678824	0.0000000	0.0000000
7269.9971847	7404.9855505	7404.5870117	-2.0000667	-2.0000667	0.0626034	0.2564298	0.1686117	0.0000000	0.0000000
7269.9971847	7399.9868032	7399.7446484	-2.0000667	-2.0000667	0.0645126	0.2552671	0.1692697	0.0000000	0.0000000
7269.9971847	7394.9856052	7394.9126367	-2.0000667	-2.0000667	0.0674001	0.2573931	0.1689597	0.0000000	0.0000000
7269.9971847	7389.9845657	7389.6921680	-2.0000667	-2.0000667	0.0710378	0.2545074	0.1691237	0.0000000	0.0000000
7269.9971847	7384.9891170	7384.9067383	-2.0000667	-2.0000667	0.0727924	0.2544622	0.1729581	0.0000000	0.0000000
7269.9971847	7379.9860592	7379.6862695	-2.0000667	-2.0000667	0.0737305	0.2550930	0.1716653	0.0000000	0.0000000
7269.9971847	7374.9850104	7374.9008398	-2.0000667	-2.0000667	0.0760702	0.2563679	0.1679507	0.0000000	0.0000000
7269.9971847	7369.9839616	7369.6803711	-2.0000667	-2.0000667	0.0763651	0.2540129	0.1691797	0.0000000	0.0000000
7269.9971847	7364.9814683	7364.8949414	-2.0000667	-2.0000667	0.0803007	0.2557926	0.1692310	0.0000000	0.0000000
7269.9971847	7359.9861795	7359.6744727	-2.0000667	-2.0000667	0.0827743	0.2563241	0.1700365	0.0000000	0.0000000
7269.9971847	7354.9814419	7354.8890430	-2.0000667	-2.0000667	0.0817935	0.2556041	0.1668879	0.0000000	0.0000000
7269.9971847	7349.9874287	7349.6991016	-2.0000667	-2.0000667	0.0850459	0.2570990	0.1696295	0.0000000	0.0000000
7269.9971847	7344.9830735	7344.9696387	-2.0000667	-2.0000667	0.0862166	0.2597198	0.1697275	0.0000000	0.0000000
7269.9971847	7339.9876760	7339.8102246	-2.0000667	-2.0000667	0.0905564	0.2584768	0.1666589	0.0000000	0.0000000
7269.9971847	7334.9876819	7334.6508105	-2.0000667	-2.0000667	0.0940919	0.2596194	0.1667762	0.0000000	0.0000000
7269.9971847	7329.9832960	7329.9213477	-2.0000667	-2.0000667	0.0955155	0.2594349	0.1682020	0.0000000	0.0000000
7269.9971847	7324.9848570	7324.7619336	-2.0000667	-2.0000667	0.0994819	0.2587529	0.1675707	0.0000000	0.0000000
7269.9971847	7319.9871533	7319.6025195	-2.0000667	-2.0000667	0.1023340	0.2566052	0.1721271	0.0000000	0.0000000
7269.9971847	7314.9883833	7314.8730566	-2.0000667	-2.0000667	0.1040184	0.2591915	0.1726523	0.0000000	0.0000000
7269.9971847	7309.9868361	7309.7136426	-2.0000667	-2.0000667	0.1024047	0.2582745	0.1704473	0.0000000	0.0000000
7269.9971847	7304.9850290	7304.6092822	-2.0000667	-2.0000667	0.1065477	0.2592362	0.1691096	0.0000000	0.0000000
7269.9971847	7299.9861565	7299.9348730	-2.0000667	-2.0000667	0.1088351	0.2586127	0.1710474	0.0000000	0.0000000
7269.9971847	7294.9829595	7294.8355176	-2.0000667	-2.0000667	0.1057872	0.2581785	0.1695188	0.0000000	0.0000000
7269.9971847	7289.9824769	7289.7361621	-2.0000667	-2.0000667	0.1124171	0.2605784	0.1727828	0.0000000	0.0000000
7269.9971847	7284.9819943	7284.6368066	-2.0000667	-2.0000667	0.1121079	0.2601635	0.1708892	0.0000000	0.0000000
7269.9971847	7279.9884279	7279.9623975	-2.0000667	-2.0000667	0.1157728	0.2587972	0.1738771	0.0000000	0.0000000
7269.9971847	7274.9837989	7274.8630420	-2.0000667	-2.0000667	0.1159852	0.2589659	0.1757017	0.0000000	0.0000000
7269.9971847	7269.9840093	7269.7636865	-2.0000667	-2.0000667	0.1199774	0.2578815	0.1771517	0.0000000	0.0000000
7269.9971847	7264.9876701	7264.6888672	-2.0000667	-2.0000667	0.1237496	0.2569515	0.1830934	0.0000000	0.0000000
7269.9971847	7259.9859215	7259.6483984	-2.0000667	-2.0000667	0.1256075	0.2545490	0.1822424	0.0000000	0.0000000
7269.9971847	7254.9850358	7254.6079297	-2.0000667	-2.0000667	0.1240309	0.2551088	0.1820137	0.0000000	0.0000000
7269.9971847	7249.9841501	7249.9875000	-2.0000667	-2.0000667	0.1234893	0.2554008	0.1822714	0.0000000	0.0000000
7269.9971847	7244.9832645	7244.9470313	-2.0000667	-2.0000667	0.1221472	0.2562137	0.1825974	0.0000000	0.0000000
7269.9971847	7239.9850844	7239.9065625	-2.0000667	-2.0000667	0.1230277	0.2560150	0.1836577	0.0000000	0.0000000
7269.9971847	7234.9861373	7234.8660938	-2.0000667	-2.0000667	0.1231149	0.2561904	0.1792300	0.0000000	0.0000000
7269.9971847	7229.9871902	7229.8256250	-2.0000667	-2.0000667	0.1228403	0.2579474	0.1766571	0.0000000	0.0000000
7269.9971847	7224.9937025	7224.7851563	-2.0000667	-2.0000667	0.1244673	0.2568445	0.1788375	0.0000000	0.0000000
7269.9971847	7219.9867826	7219.8026367	-2.0000667	-2.0000667	0.1250792	0.2563453	0.1784196	0.0000000	0.0000000
7269.9971847	7214.9856444	7214.8201172	-2.0000667	-2.0000667	0.1252137	0.2575451	0.1793801	0.0000000	0.0000000
7269.9971847	7209.9867265	7209.8375977	-2.0000667	-2.0000667	0.1234718	0.2584601	0.1726208	0.0000000	0.0000000
7269.9971847	7204.9823763	7204.8550781	-2.0000667	-2.0000667	0.1241475	0.2586122	0.1739741	0.0000000	0.0000000
7269.9971847	7199.9844833	7199.8725586	-2.0000667	-2.0000667	0.1244095	0.2583148	0.1768887	0.0000000	0.0000000
7269.9971847	7194.9864212	7194.8900391	-2.0000667	-2.0000667	0.1231284	0.2580510	0.1763651	0.0000000	0.0000000
7269.9971847	7189.9844123	7189.9075195	-2.0000667	-2.0000667	0.1231501	0.2591731	0.1765341	0.0000000	0.0000000
7269.9971847	7184.9890418	7184.9250000	-2.0000667	-2.0000667	0.1221021	0.2596909	0.1777841	0.0000000	0.0000000
7269.9971847	7179.9835760	7179.9804492	-2.0000667	-2.0000667	0.1207118	0.2572151	0.1820107	0.0000000	0.0000000
7269.9971847	7174.9840016	7174.6444189	-2.0000667	-2.0000667	0.1200999	0.2550640	0.1861692	0.0000000	0.0000000
7269.9971847	7169.9844272	7169.7188525	-2.0000667	-2.0000667	0.1193127	0.2554352	0.1861249	0.0000000	0.0000000
7269.9971847	7164.9848528	7164.7932861	-2.0000667	-2.0000667	0.1174302	0.2538927	0.1835730	0.0000000	0.0000000
7269.9971847	7159.9842183	7159.8677197	-2.0000667	-2.0000667	0.1148518	0.2560437	0.1824971	0.0000000	0.0000000
7269.9971847	7154.9859714	7154.9421533	-2.0000667	-2.0000667	0.1131195	0.2564387	0.1804739	0.0000000	0.0000000
7269.9971847	7149.9845143	7149.6061230	-2.0000667	-2.0000667	0.1127898	0.2561102	0.1798394	0.0000000	0.0000000
7269.9971847	7144.9847639	7144.6805566	-2.0000667	-2.0000667	0.1102300	0.2569841	0.1795979	0.0000000	0.0000000
7269.9971847	7139.9856218	7139.7829688	-2.0000667	-2.0000667	0.1081187	0.2560916	0.1791271	0.0000000	0.0000000
7269.9971847	7134.9864797	7134.9133594	-2.0000667	-2.0000667	0.1058373	0.2552383	0.1777136	0.0000000	0.0000000
7269.9971847	7129.9832069	7129.6379492	-2.0000667	-2.0000667	0.1026096	0.2539716	0.1804611	0.0000000	0.0000000
7269.9971847	7124.9819055	7124.7683398	-2.0000667	-2.0000667	0.1005068	0.2542233	0.1797083	0.0000000	0.0000000
7269.9971847	7119.9869188	7119.8987305	-2.0000667	-2.0000667	0.0977236	0.2545540	0.1794189	0.0000000	0.0000000
7269.9971847	7114.9824600	7114.6233203	-2.0000667	-2.0000667	0.0963330	0.2555696	0.1810513	0.0000000	0.0000000
7269.9971847	7109.9847957	7109.7537109	-2.0000667	-2.0000667	0.0912549	0.2568059	0.1819441	0.0000000	0.0000000
7269.9971847	7104.9825351	7104.8841016	-2.0000667	-2.0000667	0.0903234	0.2581743	0.1777175	0.0000000	0.0000000
7269.9971847	7099.9837702	7099.6316406	-2.0000667	-2.0000667	0.0883571	0.2586145	0.1756072	0.0000000	0.0000000
7269.9971847	7094.9817088	7094.8171094	-2.0000667	-2.0000667	0.0864695	0.2573293	0.1755912	0.0000000	0.0000000
7269.9971847	7089.9836449	7089.6013672	-2.0000667	-2.0000667	0.0827637	0.2575013	0.1744296	0.0000000	0.0000000
7269.9971847	7084.9855810	7084.7868359	-2.0000667	-2.0000667	0.0799574	0.2582466	0.1761400	0.0000000	0.0000000
7269.9971847	7079.9875171	7079.9723047	-2.0000667	-2.0000667	0.0761862	0.2579501	0.1773773	0.0000000	0.0000000
7269.9971847	7074.9849890	7074.7565625	-2.0000667	-2.0000667	0.0715378	0.2555454	0.1771624	0.0000000	0.0000000
7269.9971847	7069.9846289	7069.9420313	-2.0000667	-2.0000667	0.0693556	0.2555382	0.1783643	0.0000000	0.0000000
7269.9971847	7064.9842688	7064.7262891	-2.0000667	-2.0000667	0.0675459	0.2524979	0.1784686	0.0000000	0.0000000
7269.9971847	7059.9851958	7059.9297656	-2.0000667	-2.0000667	0.0657943	0.2546224	0.1776288	0.0000000	0.0000000
7269.9971847	7054.9845719	7054.7725488	-2.0000667	-2.0000667	0.0626008	0.2547446	0.1766045	0.0000000	0.0000000
7269.9971847	7049.9839480	7049.6153320	-2.0000667	-2.0000667	0.0595935	0.2569108	0.1756458	0.0000000	0.0000000
7269.9971847	7044.9806454	7044.8548242	-2.0000667	-2.0000667	0.0572529	0.2560936	0.1731243	0.0000000	0.0000000
7269.9971847	7039.9814065	7039.6976074	-2.0000667	-2.0000667	0.0555005	0.2573586	0.1714213	0.0000000	0.0000000
7269.9971847	7034.9854783	7034.9370996	-2.0000667	-2.0000667	0.0544360	0.2559893	0.1729517	0.0000000	0.0000000
7269.9971847	7029.9865333	7029.7798828	-2.0000667	-2.0000667	0.0514572	0.2562858	0.1710953	0.0000000	0.0000000
7269.9971847	7024.9842404	7024.6226660	-2.0000667	-2.0000667	0.0500582	0.2581453	0.1721195	0.0000000	0.0000000
7269.9971847	7019.9852022	7019.8843262	-2.0000667	-2.0000667	0.0453237	0.2569557	0.1720703	0.0000000	0.0000000
7269.9971847	7014.9894147	7014.7847461	-2.0000667	-2.0000667	0.0426749	0.2579747	0.1772144	0.0000000	0.0000000
7269.9971847	7009.9822229	7009.6851660	-2.0000667	-2.0000667	0.0416842	0.2586460	0.1758379	0.0000000	0.0000000
7269.9971847	7004.9816281	7004.9778613	-2.0000667	-2.0000667	0.0391362	0.2575316	0.1769368	0.0000000	0.0000000
7269.9971847	7000.0292969	6999.8782813	-2.0000667	-2.0000667	0.0369458	0.2573604	0.1779535	0.0000000	0.0000000
