7354.9959618	7499.9984178	7499.6820801	-2.0000667	-2.0000667	0.0271848	0.2550618	0.1614618	0.0000000	7355.0000000
7354.9959618	7494.9879671	7494.7226807	-2.0000667	-2.0000667	0.0297361	0.2574076	0.1613112	0.0000000	0.0000000
7354.9959618	7489.9851278	7489.7632813	-2.0000667	-2.0000667	0.0314675	0.2567249	0.1604487	0.0000000	0.0000000
7354.9959618	7484.9878658	7484.8038818	-2.0000667	-2.0000667	0.0335750	0.2576545	0.1631857	0.0000000	0.0000000
7354.9959618	7479.9855080	7479.8981445	-2.0000667	-2.0000667	0.0354795	0.2570790	0.1661497	0.0000000	0.0000000
7354.9959618	7474.9874581	7474.9977734	-2.0000667	-2.0000667	0.0292183	0.2569108	0.1605834	0.0000000	0.0000000
7354.9959618	7469.9894082	7469.6519141	-2.0000667	-2.0000667	0.0333826	0.2566107	0.1618564	0.0000000	0.0000000
7354.9959618	7464.9880985	7464.7515430	-2.0000667	-2.0000667	0.0402072	0.2585249	0.1614176	0.0000000	0.0000000
7354.9959618	7459.9859450	7459.8511719	-2.0000667	-2.0000667	0.0392020	0.2565836	0.1618057	0.0000000	0.0000000
7354.9959618	7454.9866531	7454.9508008	-2.0000667	-2.0000667	0.0426562	0.2554750	0.1678711	0.0000000	0.0000000
7354.9959618	7449.9909928	7449.6049414	-2.0000667	-2.0000667	0.0410458	0.2563672	0.1660510	0.0000000	0.0000000
7354.9959618	7444.9852800	7444.7045703	-2.0000667	-2.0000667	0.0432751	0.2565497	0.1666495	0.0000000	0.0000000
7354.9959618	7439.9855657	7439.8041992	-2.0000667	-2.0000667	0.0496771	0.2544523	0.1697134	0.0000000	0.0000000
7354.9959618	7434.9858514	7434.9618359	-2.0000667	-2.0000667	0.0471040	0.2560752	0.1652036	0.0000000	0.0000000
7354.9959618	7429.9906461	7429.6792578	-2.0000667	-2.0000667	0.0454771	0.2549657	0.1639319	0.0000000	0.0000000
7354.9959618	7424.9898229	7424.8368945	-2.0000667	-2.0000667	0.0513943	0.2553549	0.1685048	0.0000000	0.0000000
7354.9959618	7419.9861223	7419.9945313	-2.0000667	-2.0000667	0.0426265	0.2558896	0.1709894	0.0000000	0.0000000
7354.9959618	7414.9881765	7414.7119531	-2.0000667	-2.0000667	0.0584894	0.2547338	0.1723973	0.0000000	0.0000000
7354.9959618	7409.9918034	7409.8695898	-2.0000667	-2.0000667	0.0605056	0.2559187	0.1711113	0.0000000	0.0000000
7354.9959618	7404.9855505	7404.5870117	-2.0000667	-2.0000667	0.0614091	0.2557380	0.1704236	0.0000000	0.0000000
7354.9959618	7399.9893051	7399.7446484	-2.0000667	-2.0000667	0.0622516	0.2549828	0.1741595	0.0000000	0.0000000
7354.9959618	7394.9884007	7394.9126367	-2.0000667	-2.0000667	0.0624175	0.2540109	0.1723042	0.0000000	0.0000000
7354.9959618	7389.9873611	7389.6921680	-2.0000667	-2.0000667	0.0683525	0.2555958	0.1755138	0.0000000	0.0000000
7354.9959618	7384.9919124	7384.9067383	-2.0000667	-2.0000667	0.0681597	0.2518600	0.1775814	0.0000000	0.0000000
7354.9959618	7379.9860592	7379.6862695	-2.0000667	-2.0000667	0.0675902	0.2535294	0.1746707	0.0000000	0.0000000
7354.9959618	7374.9850104	7374.9008398	-2.0000667	-2.0000667	0.0668779	0.2552434	0.1737408	0.0000000	0.0000000
7354.9959618	7369.9839616	7369.6803711	-2.0000667	-2.0000667	0.0729907	0.2537513	0.1743973	0.0000000	0.0000000
7354.9959618	7364.9814683	7364.8949414	-2.0000667	-2.0000667	0.0706334	0.2552371	0.1730580	0.0000000	0.0000000
7354.9959618	7359.9861795	7359.6744727	-2.0000667	-2.0000667	0.0742682	0.2560823	0.1739950	0.0000000	0.0000000
7354.9959618	7354.9845915	7354.8890430	-2.0000667	-2.0000667	0.0791776	0.2565636	0.1792847	0.0000000	0.0000000
7354.9959618	7349.9874287	7349.6991016	-2.0000667	-2.0000667	0.0795323	0.2562556	0.1756927	0.0000000	0.0000000
7354.9959618	7344.9860594	7344.9696387	-2.0000667	-2.0000667	0.0745560	0.2569246	0.1756283	0.0000000	0.0000000
7354.9959618	7339.9876760	7339.8102246	-2.0000667	-2.0000667	0.0771691	0.2560949	0.1785394	0.0000000	0.0000000
7354.9959618	7334.9876819	7334.6508105	-2.0000667	-2.0000667	0.0782106	0.2563885	0.1802770	0.0000000	0.0000000
7354.9959618	7329.9862695	7329.9213477	-2.0000667	-2.0000667	0.0808595	0.2559805	0.1808463	0.0000000	0.0000000
7354.9959618	7324.9878305	7324.7619336	-2.0000667	-2.0000667	0.0750767	0.2544884	0.1820588	0.0000000	0.0000000
7354.9959618	7319.9843762	7319.6025195	-2.0000667	-2.0000667	0.0764803	0.2567294	0.1836440	0.0000000	0.0000000
7354.9959618	7314.9856062	7314.8730566	-2.0000667	-2.0000667	0.0812120	0.2550253	0.1809574	0.0000000	0.0000000
7354.9959618	7309.9868361	7309.7136426	-2.0000667	-2.0000667	0.0819192	0.2563964	0.1834878	0.0000000	0.0000000
7354.9959618	7304.9907881	7304.6092822	-2.0000667	-2.0000667	0.0804800	0.2559517	0.1859546	0.0000000	0.0000000
7354.9959618	7299.9861565	7299.9348730	-2.0000667	-2.0000667	0.0789736	0.2550535	0.1849473	0.0000000	0.0000000
7354.9959618	7294.9829595	7294.8355176	-2.0000667	-2.0000667	0.0812802	0.2550281	0.1841792	0.0000000	0.0000000
7354.9959618	7289.9859351	7289.7361621	-2.0000667	-2.0000667	0.0801127	0.2539534	0.1860172	0.0000000	0.0000000
7354.9959618	7284.9854524	7284.6368066	-2.0000667	-2.0000667	0.0729722	0.2532534	0.1892272	0.0000000	0.0000000
7354.9959618	7279.9849698	7279.9623975	-2.0000667	-2.0000667	0.0796119	0.2529713	0.1919012	0.0000000	0.0000000
7354.9959618	7274.9837989	7274.8630420	-2.0000667	-2.0000667	0.0810203	0.2550690	0.1941245	0.0000000	0.0000000
7354.9959618	7269.9840093	7269.7636865	-2.0000667	-2.0000667	0.0803267	0.2560692	0.1920244	0.0000000	0.0000000
7354.9959618	7264.9876701	7264.6888672	-2.0000667	-2.0000667	0.0831500	0.2545940	0.1905917	0.0000000	0.0000000
7354.9959618	7259.9890846	7259.6483984	-2.0000667	-2.0000667	0.0810447	0.2547572	0.1922488	0.0000000	0.0000000
7354.9959618	7254.9850358	7254.6079297	-2.0000667	-2.0000667	0.0796498	0.2554495	0.1929639	0.0000000	0.0000000
7354.9959618	7249.9936395	7249.9875000	-2.0000667	-2.0000667	0.0796243	0.2560306	0.1916521	0.0000000	0.0000000
7354.9959618	7244.9864276	7244.9470313	-2.0000667	-2.0000667	0.0783658	0.2548351	0.1908002	0.0000000	0.0000000
7354.9959618	7239.9880707	7239.9065625	-2.0000667	-2.0000667	0.0795123	0.2553547	0.1884045	0.0000000	0.0000000
7354.9959618	7234.9891235	7234.8660938	-2.0000667	-2.0000667	0.0784811	0.2563336	0.1884705	0.0000000	0.0000000
7354.9959618	7229.9901764	7229.8256250	-2.0000667	-2.0000667	0.0777380	0.2550828	0.1889335	0.0000000	0.0000000
7354.9959618	7224.9850300	7224.7851563	-2.0000667	-2.0000667	0.0733933	0.2563463	0.1905084	0.0000000	0.0000000
7354.9959618	7219.9867826	7219.8026367	-2.0000667	-2.0000667	0.0777811	0.2564656	0.1864613	0.0000000	0.0000000
7354.9959618	7214.9827535	7214.8201172	-2.0000667	-2.0000667	0.0721643	0.2571503	0.1889636	0.0000000	0.0000000
7354.9959618	7209.9867265	7209.8375977	-2.0000667	-2.0000667	0.0759232	0.2548862	0.1900186	0.0000000	0.0000000
7354.9959618	7204.9856049	7204.8550781	-2.0000667	-2.0000667	0.0771095	0.2565165	0.1915771	0.0000000	0.0000000
7354.9959618	7199.9844833	7199.8725586	-2.0000667	-2.0000667	0.0745560	0.2561890	0.1918997	0.0000000	0.0000000
7354.9959618	7194.9831021	7194.8900391	-2.0000667	-2.0000667	0.0730068	0.2566548	0.1914856	0.0000000	0.0000000
7354.9959618	7189.9844123	7189.9075195	-2.0000667	-2.0000667	0.0707585	0.2570088	0.1893342	0.0000000	0.0000000
7354.9959618	7184.9890418	7184.9250000	-2.0000667	-2.0000667	0.0689341	0.2576765	0.1920349	0.0000000	0.0000000
7354.9959618	7179.9835760	7179.9804492	-2.0000667	-2.0000667	0.0676177	0.2589712	0.1915641	0.0000000	0.0000000
7354.9959618	7174.9840016	7174.6444189	-2.0000667	-2.0000667	0.0664866	0.2576826	0.1910583	0.0000000	0.0000000
7354.9959618	7169.9844272	7169.7188525	-2.0000667	-2.0000667	0.0654039	0.2579459	0.1925198	0.0000000	0.0000000
7354.9959618	7164.9884112	7164.7932861	-2.0000667	-2.0000667	0.0635269	0.2548610	0.1953363	0.0000000	0.0000000
7354.9959618	7159.9810081	7159.8677197	-2.0000667	-2.0000667	0.0614650	0.2543997	0.1954896	0.0000000	0.0000000
7354.9959618	7154.9859714	7154.9421533	-2.0000667	-2.0000667	0.0613091	0.2552194	0.1974559	0.0000000	0.0000000
7354.9959618	7149.9845143	7149.6061230	-2.0000667	-2.0000667	0.0580564	0.2546318	0.1985659	0.0000000	0.0000000
7354.9959618	7144.9847639	7144.6805566	-2.0000667	-2.0000667	0.0568682	0.2527539	0.1983303	0.0000000	0.0000000
7354.9959618	7139.9824934	7139.7829688	-2.0000667	-2.0000667	0.0542805	0.2547206	0.1982463	0.0000000	0.0000000
7354.9959618	7134.9864797	7134.9133594	-2.0000667	-2.0000667	0.0462719	0.2534248	0.1956901	0.0000000	0.0000000
7354.9959618	7129.9832069	7129.6379492	-2.0000667	-2.0000667	0.0504465	0.2539677	0.1955659	0.0000000	0.0000000
7354.9959618	7124.9850629	7124.7683398	-2.0000667	-2.0000667	0.0510894	0.2557484	0.1968876	0.0000000	0.0000000
7354.9959618	7119.9869188	7119.8987305	-2.0000667	-2.0000667	0.0481709	0.2548663	0.1970537	0.0000000	0.0000000
7354.9959618	7114.9856174	7114.6233203	-2.0000667	-2.0000667	0.0455710	0.2535190	0.1956960	0.0000000	0.0000000
7354.9959618	7109.9882914	7109.7537109	-2.0000667	-2.0000667	0.0437074	0.2523615	0.1967977	0.0000000	0.0000000
7354.9959618	7104.9860308	7104.8841016	-2.0000667	-2.0000667	0.0417104	0.2546836	0.1943809	0.0000000	0.0000000
7354.9959618	7099.9872658	7099.6316406	-2.0000667	-2.0000667	0.0391644	0.2548542	0.1971837	0.0000000	0.0000000
7354.9959618	7094.9817088	7094.8171094	-2.0000667	-2.0000667	0.0377217	0.2571151	0.1951989	0.0000000	0.0000000
7354.9959618	7089.9836449	7089.6013672	-2.0000667	-2.0000667	0.0357415	0.2560651	0.1946006	0.0000000	0.0000000
7354.9959618	7084.9818060	7084.7868359	-2.0000667	-2.0000667	0.0346165	0.2581378	0.1934073	0.0000000	0.0000000
7354.9959618	7079.9875171	7079.9723047	-2.0000667	-2.0000667	0.0322365	0.2580046	0.1947634	0.0000000	0.0000000
7354.9959618	7074.9849890	7074.7565625	-2.0000667	-2.0000667	0.0307561	0.2550402	0.1943088	0.0000000	0.0000000
7354.9959618	7069.9846289	7069.9420313	-2.0000667	-2.0000667	0.0284954	0.2553696	0.1943683	0.0000000	0.0000000
7354.9959618	7064.9842688	7064.7262891	-2.0000667	-2.0000667	0.0261086	0.2551417	0.1944133	0.0000000	0.0000000
7354.9959618	7059.9851958	7059.9297656	-2.0000667	-2.0000667	0.0256604	0.2550853	0.1935753	0.0000000	0.0000000
7354.9959618	7054.9845719	7054.7725488	-2.0000667	-2.0000667	0.0231874	0.2546094	0.1933533	0.0000000	0.0000000
7354.9959618	7049.9839480	7049.6153320	-2.0000667	-2.0000667	0.0213197	0.2546960	0.1970323	0.0000000	0.0000000
7354.9959618	7044.9839562	7044.8548242	-2.0000667	-2.0000667	0.0207832	0.2545137	0.1957365	0.0000000	0.0000000
7354.9959618	7039.9814065	7039.6976074	-2.0000667	-2.0000667	0.0194655	0.2532930	0.1941190	0.0000000	0.0000000
7354.9959618	7034.9920998	7034.9370996	-2.0000667	-2.0000667	0.0175895	0.2548574	0.1951713	0.0000000	0.0000000
7354.9959618	7029.9865333	7029.7798828	-2.0000667	-2.0000667	0.0158960	0.2525179	0.1956906	0.0000000	0.0000000
7354.9959618	7024.9874950	7024.6226660	-2.0000667	-2.0000667	0.0150669	0.2555908	0.1930902	0.0000000	0.0000000
7354.9959618	7019.9852022	7019.8843262	-2.0000667	-2.0000667	0.0146417	0.2539580	0.1920182	0.0000000	0.0000000
7354.9959618	7014.9861162	7014.7847461	-2.0000667	-2.0000667	0.0128961	0.2545405	0.1916361	0.0000000	0.0000000
7354.9959618	7009.9855214	7009.6851660	-2.0000667	-2.0000667	0.0123253	0.2546050	0.1916614	0.0000000	0.0000000
7354.9959618	7004.9816281	7004.9778613	-2.0000667	-2.0000667	0.0102745	0.2553992	0.1930155	0.0000000	0.0000000
7354.9959618	7000.0292969	6999.8782813	-2.0000667	-2.0000667	0.0089033	0.2545266	0.1947290	0.0000000	0.0000000
