7364.9952371	7499.9984178	7499.6820801	-2.0000667	-2.0000667	0.0275637	0.2617386	0.1636637	0.0000000	7365.0000000
7364.9952371	7494.9935444	7494.7226807	-2.0000667	-2.0000667	0.0286600	0.2616132	0.1621362	0.0000000	0.0000000
7364.9952371	7489.9851278	7489.7632813	-2.0000667	-2.0000667	0.0312317	0.2608818	0.1625619	0.0000000	0.0000000
7364.9952371	7484.9906544	7484.8038818	-2.0000667	-2.0000667	0.0329691	0.2614679	0.1628179	0.0000000	0.0000000
7364.9952371	7479.9931269	7479.8981445	-2.0000667	-2.0000667	0.0338739	0.2619395	0.1616619	0.0000000	0.0000000
7364.9952371	7474.9849184	7474.9977734	-2.0000667	-2.0000667	0.0369448	0.2623802	0.1623220	0.0000000	0.0000000
7364.9952371	7469.9919479	7469.6519141	-2.0000667	-2.0000667	0.0373322	0.2627244	0.1631044	0.0000000	0.0000000
7364.9952371	7464.9909601	7464.7515430	-2.0000667	-2.0000667	0.0397578	0.2611826	0.1642373	0.0000000	0.0000000
7364.9952371	7459.9830834	7459.8511719	-2.0000667	-2.0000667	0.0393365	0.2614001	0.1655219	0.0000000	0.0000000
7364.9952371	7454.9866531	7454.9508008	-2.0000667	-2.0000667	0.0431525	0.2629824	0.1653195	0.0000000	0.0000000
7364.9952371	7449.9879936	7449.6049414	-2.0000667	-2.0000667	0.0417603	0.2638611	0.1636227	0.0000000	0.0000000
7364.9952371	7444.9852800	7444.7045703	-2.0000667	-2.0000667	0.0402748	0.2629178	0.1651309	0.0000000	0.0000000
7364.9952371	7439.9885650	7439.8041992	-2.0000667	-2.0000667	0.0443408	0.2620338	0.1643755	0.0000000	0.0000000
7364.9952371	7434.9828522	7434.9618359	-2.0000667	-2.0000667	0.0467498	0.2621805	0.1652756	0.0000000	0.0000000
7364.9952371	7429.9848914	7429.6792578	-2.0000667	-2.0000667	0.0476708	0.2625259	0.1634722	0.0000000	0.0000000
7364.9952371	7424.9840682	7424.8368945	-2.0000667	-2.0000667	0.0468817	0.2617430	0.1643141	0.0000000	0.0000000
7364.9952371	7419.9889997	7419.9945313	-2.0000667	-2.0000667	0.0498506	0.2624135	0.1659069	0.0000000	0.0000000
7364.9952371	7414.9881765	7414.7119531	-2.0000667	-2.0000667	0.0536840	0.2621715	0.1663580	0.0000000	0.0000000
7364.9952371	7409.9893015	7409.8695898	-2.0000667	-2.0000667	0.0582317	0.2615317	0.1682881	0.0000000	0.0000000
7364.9952371	7404.9930561	7404.5870117	-2.0000667	-2.0000667	0.0585886	0.2608489	0.1688228	0.0000000	0.0000000
7364.9952371	7399.9868032	7399.7446484	-2.0000667	-2.0000667	0.0590085	0.2608248	0.1727537	0.0000000	0.0000000
7364.9952371	7394.9884007	7394.9126367	-2.0000667	-2.0000667	0.0621279	0.2618413	0.1724127	0.0000000	0.0000000
7364.9952371	7389.9873611	7389.6921680	-2.0000667	-2.0000667	0.0652817	0.2604319	0.1761190	0.0000000	0.0000000
7364.9952371	7384.9891170	7384.9067383	-2.0000667	-2.0000667	0.0605391	0.2616041	0.1738673	0.0000000	0.0000000
7364.9952371	7379.9891067	7379.6862695	-2.0000667	-2.0000667	0.0706157	0.2603843	0.1731425	0.0000000	0.0000000
7364.9952371	7374.9850104	7374.9008398	-2.0000667	-2.0000667	0.0701542	0.2606787	0.1756315	0.0000000	0.0000000
7364.9952371	7369.9839616	7369.6803711	-2.0000667	-2.0000667	0.0728579	0.2616442	0.1787352	0.0000000	0.0000000
7364.9952371	7364.9846179	7364.8949414	-2.0000667	-2.0000667	0.0744204	0.2613037	0.1785964	0.0000000	0.0000000
7364.9952371	7359.9861795	7359.6744727	-2.0000667	-2.0000667	0.0705739	0.2594193	0.1782107	0.0000000	0.0000000
7364.9952371	7354.9845915	7354.8890430	-2.0000667	-2.0000667	0.0758422	0.2597206	0.1787646	0.0000000	0.0000000
7364.9952371	7349.9844428	7349.6991016	-2.0000667	-2.0000667	0.0688779	0.2602837	0.1784573	0.0000000	0.0000000
7364.9952371	7344.9860594	7344.9696387	-2.0000667	-2.0000667	0.0731458	0.2622635	0.1775518	0.0000000	0.0000000
7364.9952371	7339.9876760	7339.8102246	-2.0000667	-2.0000667	0.0714365	0.2620876	0.1767131	0.0000000	0.0000000
7364.9952371	7334.9906554	7334.6508105	-2.0000667	-2.0000667	0.0764303	0.2634475	0.1778010	0.0000000	0.0000000
7364.9952371	7329.9862695	7329.9213477	-2.0000667	-2.0000667	0.0715011	0.2641357	0.1756758	0.0000000	0.0000000
7364.9952371	7324.9878305	7324.7619336	-2.0000667	-2.0000667	0.0776046	0.2634551	0.1749608	0.0000000	0.0000000
7364.9952371	7319.9843762	7319.6025195	-2.0000667	-2.0000667	0.0761462	0.2632429	0.1756766	0.0000000	0.0000000
7364.9952371	7314.9883833	7314.8730566	-2.0000667	-2.0000667	0.0767107	0.2631355	0.1769536	0.0000000	0.0000000
7364.9952371	7309.9896132	7309.7136426	-2.0000667	-2.0000667	0.0775800	0.2637234	0.1808398	0.0000000	0.0000000
7364.9952371	7304.9879085	7304.6092822	-2.0000667	-2.0000667	0.0770538	0.2638695	0.1825846	0.0000000	0.0000000
7364.9952371	7299.9890361	7299.9348730	-2.0000667	-2.0000667	0.0755325	0.2630848	0.1788188	0.0000000	0.0000000
7364.9952371	7294.9829595	7294.8355176	-2.0000667	-2.0000667	0.0769187	0.2637003	0.1828396	0.0000000	0.0000000
7364.9952371	7289.9893932	7289.7361621	-2.0000667	-2.0000667	0.0728134	0.2618882	0.1814844	0.0000000	0.0000000
7364.9952371	7284.9854524	7284.6368066	-2.0000667	-2.0000667	0.0765380	0.2618170	0.1846343	0.0000000	0.0000000
7364.9952371	7279.9884279	7279.9623975	-2.0000667	-2.0000667	0.0738857	0.2619615	0.1863835	0.0000000	0.0000000
7364.9952371	7274.9837989	7274.8630420	-2.0000667	-2.0000667	0.0708678	0.2617137	0.1874069	0.0000000	0.0000000
7364.9952371	7269.9840093	7269.7636865	-2.0000667	-2.0000667	0.0757521	0.2623344	0.1895687	0.0000000	0.0000000
7364.9952371	7264.9876701	7264.6888672	-2.0000667	-2.0000667	0.0752064	0.2621996	0.1879429	0.0000000	0.0000000
7364.9952371	7259.9859215	7259.6483984	-2.0000667	-2.0000667	0.0760996	0.2625219	0.1914139	0.0000000	0.0000000
7364.9952371	7254.9850358	7254.6079297	-2.0000667	-2.0000667	0.0769305	0.2618937	0.1917070	0.0000000	0.0000000
7364.9952371	7249.9841501	7249.9875000	-2.0000667	-2.0000667	0.0764070	0.2621918	0.1937153	0.0000000	0.0000000
7364.9952371	7244.9832645	7244.9470313	-2.0000667	-2.0000667	0.0750272	0.2621913	0.1906141	0.0000000	0.0000000
7364.9952371	7239.9820982	7239.9065625	-2.0000667	-2.0000667	0.0748959	0.2619346	0.1900374	0.0000000	0.0000000
7364.9952371	7234.9891235	7234.8660938	-2.0000667	-2.0000667	0.0700436	0.2607330	0.1939436	0.0000000	0.0000000
7364.9952371	7229.9901764	7229.8256250	-2.0000667	-2.0000667	0.0721460	0.2615164	0.1931285	0.0000000	0.0000000
7364.9952371	7224.9850300	7224.7851563	-2.0000667	-2.0000667	0.0710645	0.2613274	0.1912106	0.0000000	0.0000000
7364.9952371	7219.9867826	7219.8026367	-2.0000667	-2.0000667	0.0736051	0.2613102	0.1946038	0.0000000	0.0000000
7364.9952371	7214.9885352	7214.8201172	-2.0000667	-2.0000667	0.0714818	0.2621986	0.1933916	0.0000000	0.0000000
7364.9952371	7209.9867265	7209.8375977	-2.0000667	-2.0000667	0.0718882	0.2637131	0.1937935	0.0000000	0.0000000
7364.9952371	7204.9823763	7204.8550781	-2.0000667	-2.0000667	0.0648718	0.2626851	0.1917805	0.0000000	0.0000000
7364.9952371	7199.9844833	7199.8725586	-2.0000667	-2.0000667	0.0702479	0.2620986	0.1938955	0.0000000	0.0000000
7364.9952371	7194.9864212	7194.8900391	-2.0000667	-2.0000667	0.0608376	0.2621262	0.1943313	0.0000000	0.0000000
7364.9952371	7189.9844123	7189.9075195	-2.0000667	-2.0000667	0.0629014	0.2613616	0.1955886	0.0000000	0.0000000
7364.9952371	7184.9890418	7184.9250000	-2.0000667	-2.0000667	0.0658490	0.2626206	0.1939132	0.0000000	0.0000000
7364.9952371	7179.9835760	7179.9804492	-2.0000667	-2.0000667	0.0643571	0.2615615	0.1926021	0.0000000	0.0000000
7364.9952371	7174.9840016	7174.6444189	-2.0000667	-2.0000667	0.0625785	0.2613738	0.1966362	0.0000000	0.0000000
7364.9952371	7169.9844272	7169.7188525	-2.0000667	-2.0000667	0.0613732	0.2596249	0.1962605	0.0000000	0.0000000
7364.9952371	7164.9884112	7164.7932861	-2.0000667	-2.0000667	0.0587949	0.2615746	0.1966255	0.0000000	0.0000000
7364.9952371	7159.9874285	7159.8677197	-2.0000667	-2.0000667	0.0583013	0.2604674	0.1974314	0.0000000	0.0000000
7364.9952371	7154.9859714	7154.9421533	-2.0000667	-2.0000667	0.0561001	0.2601216	0.1960454	0.0000000	0.0000000
7364.9952371	7149.9813041	7149.6061230	-2.0000667	-2.0000667	0.0554097	0.2601930	0.1986516	0.0000000	0.0000000
7364.9952371	7144.9847639	7144.6805566	-2.0000667	-2.0000667	0.0532552	0.2623951	0.1982615	0.0000000	0.0000000
7364.9952371	7139.9824934	7139.7829688	-2.0000667	-2.0000667	0.0507612	0.2574379	0.1986006	0.0000000	0.0000000
7364.9952371	7134.9864797	7134.9133594	-2.0000667	-2.0000667	0.0501456	0.2627446	0.1991445	0.0000000	0.0000000
7364.9952371	7129.9863643	7129.6379492	-2.0000667	-2.0000667	0.0476272	0.2589781	0.1983113	0.0000000	0.0000000
7364.9952371	7124.9850629	7124.7683398	-2.0000667	-2.0000667	0.0469231	0.2587950	0.2020157	0.0000000	0.0000000
7364.9952371	7119.9869188	7119.8987305	-2.0000667	-2.0000667	0.0438942	0.2580969	0.2000555	0.0000000	0.0000000
7364.9952371	7114.9856174	7114.6233203	-2.0000667	-2.0000667	0.0407727	0.2603447	0.1988311	0.0000000	0.0000000
7364.9952371	7109.9882914	7109.7537109	-2.0000667	-2.0000667	0.0388535	0.2600656	0.1976757	0.0000000	0.0000000
7364.9952371	7104.9825351	7104.8841016	-2.0000667	-2.0000667	0.0377528	0.2619420	0.1986614	0.0000000	0.0000000
7364.9952371	7099.9837702	7099.6316406	-2.0000667	-2.0000667	0.0366877	0.2625129	0.1978917	0.0000000	0.0000000
7364.9952371	7094.9817088	7094.8171094	-2.0000667	-2.0000667	0.0350513	0.2610802	0.1977205	0.0000000	0.0000000
7364.9952371	7089.9836449	7089.6013672	-2.0000667	-2.0000667	0.0299540	0.2636927	0.1980089	0.0000000	0.0000000
7364.9952371	7084.9818060	7084.7868359	-2.0000667	-2.0000667	0.0312206	0.2640897	0.1978674	0.0000000	0.0000000
7364.9952371	7079.9875171	7079.9723047	-2.0000667	-2.0000667	0.0297620	0.2628882	0.1965714	0.0000000	0.0000000
7364.9952371	7074.9849890	7074.7565625	-2.0000667	-2.0000667	0.0285582	0.2638510	0.1928488	0.0000000	0.0000000
7364.9952371	7069.9846289	7069.9420313	-2.0000667	-2.0000667	0.0269252	0.2628710	0.1941189	0.0000000	0.0000000
7364.9952371	7064.9842688	7064.7262891	-2.0000667	-2.0000667	0.0261512	0.2614454	0.1933164	0.0000000	0.0000000
7364.9952371	7059.9851958	7059.9297656	-2.0000667	-2.0000667	0.0240389	0.2622355	0.1940343	0.0000000	0.0000000
7364.9952371	7054.9845719	7054.7725488	-2.0000667	-2.0000667	0.0213539	0.2608503	0.1974678	0.0000000	0.0000000
7364.9952371	7049.9806796	7049.6153320	-2.0000667	-2.0000667	0.0201331	0.2612839	0.1946151	0.0000000	0.0000000
7364.9952371	7044.9839562	7044.8548242	-2.0000667	-2.0000667	0.0191836	0.2604939	0.1931526	0.0000000	0.0000000
7364.9952371	7039.9814065	7039.6976074	-2.0000667	-2.0000667	0.0168291	0.2600924	0.1959716	0.0000000	0.0000000
7364.9952371	7034.9887891	7034.9370996	-2.0000667	-2.0000667	0.0155388	0.2606886	0.1965475	0.0000000	0.0000000
7364.9952371	7029.9865333	7029.7798828	-2.0000667	-2.0000667	0.0142378	0.2622789	0.1948408	0.0000000	0.0000000
7364.9952371	7024.9842404	7024.6226660	-2.0000667	-2.0000667	0.0135488	0.2621074	0.1938905	0.0000000	0.0000000
7364.9952371	7019.9884567	7019.8843262	-2.0000667	-2.0000667	0.0119928	0.2617867	0.1954424	0.0000000	0.0000000
7364.9952371	7014.9861162	7014.7847461	-2.0000667	-2.0000667	0.0113248	0.2608820	0.1947560	0.0000000	0.0000000
7364.9952371	7009.9855214	7009.6851660	-2.0000667	-2.0000667	0.0098138	0.2603330	0.1952374	0.0000000	0.0000000
7364.9952371	7004.9816281	7004.9778613	-2.0000667	-2.0000667	0.0089573	0.2612673	0.1951550	0.0000000	0.0000000
7364.9952371	7000.0292969	6999.8782813	-2.0000667	-2.0000667	0.0074607	0.2619884	0.1979879	0.0000000	0.0000000
