7379.9936378	7499.9984178	7499.6820801	-2.0000667	-2.0000667	0.0235288	0.2606812	0.1612253	0.0000000	7380.0000000
7379.9936378	7494.9851784	7494.7226807	-2.0000667	-2.0000667	0.0278583	0.2622679	0.1621776	0.0000000	0.0000000
7379.9936378	7489.9879164	7489.7632813	-2.0000667	-2.0000667	0.0253756	0.2625819	0.1622443	0.0000000	0.0000000
7379.9936378	7484.9878658	7484.8038818	-2.0000667	-2.0000667	0.0251729	0.2625969	0.1602930	0.0000000	0.0000000
7379.9936378	7479.9931269	7479.8981445	-2.0000667	-2.0000667	0.0286104	0.2623561	0.1577061	0.0000000	0.0000000
7379.9936378	7474.9849184	7474.9977734	-2.0000667	-2.0000667	0.0272732	0.2610820	0.1585487	0.0000000	0.0000000
7379.9936378	7469.9894082	7469.6519141	-2.0000667	-2.0000667	0.0312465	0.2600840	0.1602742	0.0000000	0.0000000
7379.9936378	7464.9880985	7464.7515430	-2.0000667	-2.0000667	0.0341702	0.2612924	0.1632080	0.0000000	0.0000000
7379.9936378	7459.9888066	7459.8511719	-2.0000667	-2.0000667	0.0334438	0.2624181	0.1595476	0.0000000	0.0000000
7379.9936378	7454.9866531	7454.9508008	-2.0000667	-2.0000667	0.0353741	0.2613138	0.1615228	0.0000000	0.0000000
7379.9936378	7449.9879936	7449.6049414	-2.0000667	-2.0000667	0.0358707	0.2614009	0.1626500	0.0000000	0.0000000
7379.9936378	7444.9822808	7444.7045703	-2.0000667	-2.0000667	0.0375187	0.2613896	0.1634691	0.0000000	0.0000000
7379.9936378	7439.9885650	7439.8041992	-2.0000667	-2.0000667	0.0408031	0.2613154	0.1665127	0.0000000	0.0000000
7379.9936378	7434.9858514	7434.9618359	-2.0000667	-2.0000667	0.0412101	0.2604066	0.1645931	0.0000000	0.0000000
7379.9936378	7429.9877688	7429.6792578	-2.0000667	-2.0000667	0.0441305	0.2615007	0.1667616	0.0000000	0.0000000
7379.9936378	7424.9840682	7424.8368945	-2.0000667	-2.0000667	0.0488131	0.2606039	0.1667471	0.0000000	0.0000000
7379.9936378	7419.9889997	7419.9945313	-2.0000667	-2.0000667	0.0481222	0.2604362	0.1678951	0.0000000	0.0000000
7379.9936378	7414.9852991	7414.7119531	-2.0000667	-2.0000667	0.0478269	0.2589097	0.1675690	0.0000000	0.0000000
7379.9936378	7409.9893015	7409.8695898	-2.0000667	-2.0000667	0.0485134	0.2612106	0.1684144	0.0000000	0.0000000
7379.9936378	7404.9855505	7404.5870117	-2.0000667	-2.0000667	0.0501234	0.2607886	0.1641982	0.0000000	0.0000000
7379.9936378	7399.9868032	7399.7446484	-2.0000667	-2.0000667	0.0552935	0.2613447	0.1680031	0.0000000	0.0000000
7379.9936378	7394.9884007	7394.9126367	-2.0000667	-2.0000667	0.0460010	0.2619823	0.1645388	0.0000000	0.0000000
7379.9936378	7389.9845657	7389.6921680	-2.0000667	-2.0000667	0.0551488	0.2621918	0.1701759	0.0000000	0.0000000
7379.9936378	7384.9891170	7384.9067383	-2.0000667	-2.0000667	0.0597844	0.2617000	0.1702566	0.0000000	0.0000000
7379.9936378	7379.9830116	7379.6862695	-2.0000667	-2.0000667	0.0557084	0.2603840	0.1701949	0.0000000	0.0000000
7379.9936378	7374.9850104	7374.9008398	-2.0000667	-2.0000667	0.0626447	0.2609440	0.1731110	0.0000000	0.0000000
7379.9936378	7369.9839616	7369.6803711	-2.0000667	-2.0000667	0.0607301	0.2620098	0.1729679	0.0000000	0.0000000
7379.9936378	7364.9846179	7364.8949414	-2.0000667	-2.0000667	0.0587529	0.2601456	0.1710802	0.0000000	0.0000000
7379.9936378	7359.9861795	7359.6744727	-2.0000667	-2.0000667	0.0614470	0.2608541	0.1737194	0.0000000	0.0000000
7379.9936378	7354.9814419	7354.8890430	-2.0000667	-2.0000667	0.0626906	0.2614711	0.1762522	0.0000000	0.0000000
7379.9936378	7349.9874287	7349.6991016	-2.0000667	-2.0000667	0.0660511	0.2604375	0.1765255	0.0000000	0.0000000
7379.9936378	7344.9860594	7344.9696387	-2.0000667	-2.0000667	0.0646139	0.2605621	0.1741462	0.0000000	0.0000000
7379.9936378	7339.9906619	7339.8102246	-2.0000667	-2.0000667	0.0662939	0.2613032	0.1761346	0.0000000	0.0000000
7379.9936378	7334.9876819	7334.6508105	-2.0000667	-2.0000667	0.0646353	0.2611697	0.1793285	0.0000000	0.0000000
7379.9936378	7329.9892429	7329.9213477	-2.0000667	-2.0000667	0.0668203	0.2615150	0.1783904	0.0000000	0.0000000
7379.9936378	7324.9848570	7324.7619336	-2.0000667	-2.0000667	0.0659254	0.2608964	0.1791486	0.0000000	0.0000000
7379.9936378	7319.9843762	7319.6025195	-2.0000667	-2.0000667	0.0691774	0.2611108	0.1799122	0.0000000	0.0000000
7379.9936378	7314.9883833	7314.8730566	-2.0000667	-2.0000667	0.0674845	0.2614503	0.1772699	0.0000000	0.0000000
7379.9936378	7309.9868361	7309.7136426	-2.0000667	-2.0000667	0.0669120	0.2613199	0.1770203	0.0000000	0.0000000
7379.9936378	7304.9907881	7304.6092822	-2.0000667	-2.0000667	0.0686594	0.2613226	0.1795876	0.0000000	0.0000000
7379.9936378	7299.9861565	7299.9348730	-2.0000667	-2.0000667	0.0631241	0.2623197	0.1801433	0.0000000	0.0000000
7379.9936378	7294.9795014	7294.8355176	-2.0000667	-2.0000667	0.0671482	0.2625975	0.1828254	0.0000000	0.0000000
7379.9936378	7289.9859351	7289.7361621	-2.0000667	-2.0000667	0.0630193	0.2600110	0.1824939	0.0000000	0.0000000
7379.9936378	7284.9854524	7284.6368066	-2.0000667	-2.0000667	0.0672462	0.2635039	0.1868296	0.0000000	0.0000000
7379.9936378	7279.9849698	7279.9623975	-2.0000667	-2.0000667	0.0666147	0.2623907	0.1842174	0.0000000	0.0000000
7379.9936378	7274.9837989	7274.8630420	-2.0000667	-2.0000667	0.0652581	0.2618932	0.1848329	0.0000000	0.0000000
7379.9936378	7269.9874598	7269.7636865	-2.0000667	-2.0000667	0.0646060	0.2624600	0.1872324	0.0000000	0.0000000
7379.9936378	7264.9876701	7264.6888672	-2.0000667	-2.0000667	0.0651980	0.2605959	0.1851260	0.0000000	0.0000000
7379.9936378	7259.9859215	7259.6483984	-2.0000667	-2.0000667	0.0649299	0.2612423	0.1865575	0.0000000	0.0000000
7379.9936378	7254.9850358	7254.6079297	-2.0000667	-2.0000667	0.0657405	0.2618478	0.1858754	0.0000000	0.0000000
7379.9936378	7249.9873132	7249.9875000	-2.0000667	-2.0000667	0.0643022	0.2614069	0.1833390	0.0000000	0.0000000
7379.9936378	7244.9864276	7244.9470313	-2.0000667	-2.0000667	0.0629935	0.2601730	0.1872533	0.0000000	0.0000000
7379.9936378	7239.9850844	7239.9065625	-2.0000667	-2.0000667	0.0600753	0.2590203	0.1921420	0.0000000	0.0000000
7379.9936378	7234.9891235	7234.8660938	-2.0000667	-2.0000667	0.0633651	0.2613041	0.1878877	0.0000000	0.0000000
7379.9936378	7229.9901764	7229.8256250	-2.0000667	-2.0000667	0.0628834	0.2617860	0.1902079	0.0000000	0.0000000
7379.9936378	7224.9850300	7224.7851563	-2.0000667	-2.0000667	0.0629060	0.2619393	0.1924116	0.0000000	0.0000000
7379.9936378	7219.9896734	7219.8026367	-2.0000667	-2.0000667	0.0602706	0.2620067	0.1913662	0.0000000	0.0000000
7379.9936378	7214.9885352	7214.8201172	-2.0000667	-2.0000667	0.0564691	0.2594283	0.1941104	0.0000000	0.0000000
7379.9936378	7209.9867265	7209.8375977	-2.0000667	-2.0000667	0.0610730	0.2589454	0.1938541	0.0000000	0.0000000
7379.9936378	7204.9856049	7204.8550781	-2.0000667	-2.0000667	0.0600978	0.2591770	0.1959178	0.0000000	0.0000000
7379.9936378	7199.9844833	7199.8725586	-2.0000667	-2.0000667	0.0578485	0.2594082	0.1957050	0.0000000	0.0000000
7379.9936378	7194.9897404	7194.8900391	-2.0000667	-2.0000667	0.0570735	0.2575997	0.1948899	0.0000000	0.0000000
7379.9936378	7189.9844123	7189.9075195	-2.0000667	-2.0000667	0.0559684	0.2600088	0.1944937	0.0000000	0.0000000
7379.9936378	7184.9890418	7184.9250000	-2.0000667	-2.0000667	0.0544963	0.2598707	0.1948507	0.0000000	0.0000000
7379.9936378	7179.9871345	7179.9804492	-2.0000667	-2.0000667	0.0501755	0.2606125	0.1931508	0.0000000	0.0000000
7379.9936378	7174.9804432	7174.6444189	-2.0000667	-2.0000667	0.0526188	0.2608134	0.1950820	0.0000000	0.0000000
7379.9936378	7169.9844272	7169.7188525	-2.0000667	-2.0000667	0.0483591	0.2609088	0.1952236	0.0000000	0.0000000
7379.9936378	7164.9884112	7164.7932861	-2.0000667	-2.0000667	0.0483940	0.2619380	0.1944154	0.0000000	0.0000000
7379.9936378	7159.9842183	7159.8677197	-2.0000667	-2.0000667	0.0467964	0.2606204	0.1906368	0.0000000	0.0000000
7379.9936378	7154.9859714	7154.9421533	-2.0000667	-2.0000667	0.0482655	0.2607640	0.1920630	0.0000000	0.0000000
7379.9936378	7149.9813041	7149.6061230	-2.0000667	-2.0000667	0.0447909	0.2618615	0.1924390	0.0000000	0.0000000
7379.9936378	7144.9847639	7144.6805566	-2.0000667	-2.0000667	0.0430468	0.2620975	0.1924602	0.0000000	0.0000000
7379.9936378	7139.9856218	7139.7829688	-2.0000667	-2.0000667	0.0410815	0.2634510	0.1926449	0.0000000	0.0000000
7379.9936378	7134.9864797	7134.9133594	-2.0000667	-2.0000667	0.0402440	0.2632260	0.1928820	0.0000000	0.0000000
7379.9936378	7129.9832069	7129.6379492	-2.0000667	-2.0000667	0.0385870	0.2627473	0.1952085	0.0000000	0.0000000
7379.9936378	7124.9850629	7124.7683398	-2.0000667	-2.0000667	0.0375742	0.2621320	0.1924569	0.0000000	0.0000000
7379.9936378	7119.9869188	7119.8987305	-2.0000667	-2.0000667	0.0360302	0.2615632	0.1960863	0.0000000	0.0000000
7379.9936378	7114.9856174	7114.6233203	-2.0000667	-2.0000667	0.0332826	0.2617377	0.1968323	0.0000000	0.0000000
7379.9936378	7109.9882914	7109.7537109	-2.0000667	-2.0000667	0.0316066	0.2605889	0.1931865	0.0000000	0.0000000
7379.9936378	7104.9825351	7104.8841016	-2.0000667	-2.0000667	0.0308174	0.2604088	0.1936554	0.0000000	0.0000000
7379.9936378	7099.9837702	7099.6316406	-2.0000667	-2.0000667	0.0287457	0.2595117	0.1964701	0.0000000	0.0000000
7379.9936378	7094.9817088	7094.8171094	-2.0000667	-2.0000667	0.0284299	0.2587328	0.1942693	0.0000000	0.0000000
7379.9936378	7089.9874198	7089.6013672	-2.0000667	-2.0000667	0.0251096	0.2612268	0.1949135	0.0000000	0.0000000
7379.9936378	7084.9855810	7084.7868359	-2.0000667	-2.0000667	0.0239045	0.2624314	0.1969055	0.0000000	0.0000000
7379.9936378	7079.9875171	7079.9723047	-2.0000667	-2.0000667	0.0230927	0.2618359	0.1978987	0.0000000	0.0000000
7379.9936378	7074.9849890	7074.7565625	-2.0000667	-2.0000667	0.0225973	0.2617507	0.1955496	0.0000000	0.0000000
7379.9936378	7069.9846289	7069.9420313	-2.0000667	-2.0000667	0.0211376	0.2617461	0.1931384	0.0000000	0.0000000
7379.9936378	7064.9842688	7064.7262891	-2.0000667	-2.0000667	0.0184296	0.2620736	0.1940327	0.0000000	0.0000000
7379.9936378	7059.9884642	7059.9297656	-2.0000667	-2.0000667	0.0237806	0.2619547	0.1937719	0.0000000	0.0000000
7379.9936378	7054.9845719	7054.7725488	-2.0000667	-2.0000667	0.0158352	0.2611542	0.1964161	0.0000000	0.0000000
7379.9936378	7049.9872164	7049.6153320	-2.0000667	-2.0000667	0.0146375	0.2613240	0.1951483	0.0000000	0.0000000
7379.9936378	7044.9839562	7044.8548242	-2.0000667	-2.0000667	0.0129630	0.2618843	0.1963311	0.0000000	0.0000000
7379.9936378	7039.9814065	7039.6976074	-2.0000667	-2.0000667	0.0129984	0.2612898	0.1948721	0.0000000	0.0000000
7379.9936378	7034.9887891	7034.9370996	-2.0000667	-2.0000667	0.0117323	0.2610912	0.1969977	0.0000000	0.0000000
7379.9936378	7029.9865333	7029.7798828	-2.0000667	-2.0000667	0.0104418	0.2615256	0.1967722	0.0000000	0.0000000
7379.9936378	7024.9874950	7024.6226660	-2.0000667	-2.0000667	0.0090647	0.2614156	0.1986702	0.0000000	0.0000000
7379.9936378	7019.9852022	7019.8843262	-2.0000667	-2.0000667	0.0084943	0.2605975	0.1979257	0.0000000	0.0000000
7379.9936378	7014.9894147	7014.7847461	-2.0000667	-2.0000667	0.0081301	0.2610212	0.1969547	0.0000000	0.0000000
7379.9936378	7009.9855214	7009.6851660	-2.0000667	-2.0000667	0.0073130	0.2600300	0.1948912	0.0000000	0.0000000
7379.9936378	7004.9849267	7004.9778613	-2.0000667	-2.0000667	0.0068180	0.2594532	0.1937350	0.0000000	0.0000000
7379.9936378	7000.0292969	6999.8782813	-2.0000667	-2.0000667	0.0057158	0.2605619	0.1984767	0.0000000	0.0000000
