7134.9949973	7500.0011376	7499.6820801	-2.0000667	-2.0000667	0.0099133	0.2810660	0.1546378	0.0000000	7135.0000000
7134.9949973	7494.9907557	7494.7226807	-2.0000667	-2.0000667	0.0104532	0.2825851	0.1524940	0.0000000	0.0000000
7134.9949973	7489.9851278	7489.7632813	-2.0000667	-2.0000667	0.0110596	0.2859365	0.1523711	0.0000000	0.0000000
7134.9949973	7484.9906544	7484.8038818	-2.0000667	-2.0000667	0.0113740	0.2825187	0.1496377	0.0000000	0.0000000
7134.9949973	7479.9905873	7479.8981445	-2.0000667	-2.0000667	0.0180768	0.2817972	0.1583391	0.0000000	0.0000000
7134.9949973	7474.9849184	7474.9977734	-2.0000667	-2.0000667	0.0171896	0.2811127	0.1575718	0.0000000	0.0000000
7134.9949973	7469.9894082	7469.6519141	-2.0000667	-2.0000667	0.0133530	0.2821897	0.1504789	0.0000000	0.0000000
7134.9949973	7464.9880985	7464.7515430	-2.0000667	-2.0000667	0.0132892	0.2825663	0.1513524	0.0000000	0.0000000
7134.9949973	7459.9830834	7459.8511719	-2.0000667	-2.0000667	0.0148037	0.2825507	0.1535974	0.0000000	0.0000000
7134.9949973	7454.9866531	7454.9508008	-2.0000667	-2.0000667	0.0128051	0.2830990	0.1490848	0.0000000	0.0000000
7134.9949973	7449.9849944	7449.6049414	-2.0000667	-2.0000667	0.0135437	0.2829098	0.1472607	0.0000000	0.0000000
7134.9949973	7444.9822808	7444.7045703	-2.0000667	-2.0000667	0.0122988	0.2813196	0.1462766	0.0000000	0.0000000
7134.9949973	7439.9825665	7439.8041992	-2.0000667	-2.0000667	0.0143893	0.2820880	0.1548143	0.0000000	0.0000000
7134.9949973	7434.9858514	7434.9618359	-2.0000667	-2.0000667	0.0217367	0.2832551	0.1592429	0.0000000	0.0000000
7134.9949973	7429.9848914	7429.6792578	-2.0000667	-2.0000667	0.0207931	0.2807889	0.1590424	0.0000000	0.0000000
7134.9949973	7424.9869456	7424.8368945	-2.0000667	-2.0000667	0.0207162	0.2812314	0.1579337	0.0000000	0.0000000
7134.9949973	7419.9889997	7419.9945313	-2.0000667	-2.0000667	0.0297972	0.2798115	0.1642971	0.0000000	0.0000000
7134.9949973	7414.9881765	7414.7119531	-2.0000667	-2.0000667	0.0315824	0.2812489	0.1598802	0.0000000	0.0000000
7134.9949973	7409.9893015	7409.8695898	-2.0000667	-2.0000667	0.0331975	0.2825131	0.1556581	0.0000000	0.0000000
7134.9949973	7404.9855505	7404.5870117	-2.0000667	-2.0000667	0.0257626	0.2827058	0.1532322	0.0000000	0.0000000
7134.9949973	7399.9868032	7399.7446484	-2.0000667	-2.0000667	0.0300900	0.2811727	0.1520005	0.0000000	0.0000000
7134.9949973	7394.9856052	7394.9126367	-2.0000667	-2.0000667	0.0314698	0.2801658	0.1552076	0.0000000	0.0000000
7134.9949973	7389.9845657	7389.6921680	-2.0000667	-2.0000667	0.0388823	0.2817806	0.1567621	0.0000000	0.0000000
7134.9949973	7384.9891170	7384.9067383	-2.0000667	-2.0000667	0.0305483	0.2827858	0.1433760	0.0000000	0.0000000
7134.9949973	7379.9860592	7379.6862695	-2.0000667	-2.0000667	0.0418180	0.2814348	0.1461315	0.0000000	0.0000000
7134.9949973	7374.9819628	7374.9008398	-2.0000667	-2.0000667	0.0397936	0.2816648	0.1547047	0.0000000	0.0000000
7134.9949973	7369.9839616	7369.6803711	-2.0000667	-2.0000667	0.0462587	0.2839049	0.1577465	0.0000000	0.0000000
7134.9949973	7364.9846179	7364.8949414	-2.0000667	-2.0000667	0.0497123	0.2825983	0.1586931	0.0000000	0.0000000
7134.9949973	7359.9830299	7359.6744727	-2.0000667	-2.0000667	0.0618442	0.2826405	0.1600631	0.0000000	0.0000000
7134.9949973	7354.9814419	7354.8890430	-2.0000667	-2.0000667	0.0591494	0.2802080	0.1590103	0.0000000	0.0000000
7134.9949973	7349.9844428	7349.6991016	-2.0000667	-2.0000667	0.0704808	0.2806572	0.1563551	0.0000000	0.0000000
7134.9949973	7344.9830735	7344.9696387	-2.0000667	-2.0000667	0.0617113	0.2815946	0.1535889	0.0000000	0.0000000
7134.9949973	7339.9876760	7339.8102246	-2.0000667	-2.0000667	0.0714176	0.2811871	0.1607410	0.0000000	0.0000000
7134.9949973	7334.9876819	7334.6508105	-2.0000667	-2.0000667	0.0705796	0.2805415	0.1573838	0.0000000	0.0000000
7134.9949973	7329.9862695	7329.9213477	-2.0000667	-2.0000667	0.0696831	0.2802894	0.1551790	0.0000000	0.0000000
7134.9949973	7324.9848570	7324.7619336	-2.0000667	-2.0000667	0.0781685	0.2828840	0.1570312	0.0000000	0.0000000
7134.9949973	7319.9843762	7319.6025195	-2.0000667	-2.0000667	0.0679578	0.2846339	0.1392795	0.0000000	0.0000000
7134.9949973	7314.9856062	7314.8730566	-2.0000667	-2.0000667	0.0629032	0.2831613	0.1346755	0.0000000	0.0000000
7134.9949973	7309.9868361	7309.7136426	-2.0000667	-2.0000667	0.0686145	0.2837223	0.1355364	0.0000000	0.0000000
7134.9949973	7304.9850290	7304.6092822	-2.0000667	-2.0000667	0.0766335	0.2806742	0.1412200	0.0000000	0.0000000
7134.9949973	7299.9832770	7299.9348730	-2.0000667	-2.0000667	0.0922966	0.2798455	0.1557156	0.0000000	0.0000000
7134.9949973	7294.9795014	7294.8355176	-2.0000667	-2.0000667	0.0867545	0.2815657	0.1500177	0.0000000	0.0000000
7134.9949973	7289.9824769	7289.7361621	-2.0000667	-2.0000667	0.0881437	0.2835958	0.1433331	0.0000000	0.0000000
7134.9949973	7284.9819943	7284.6368066	-2.0000667	-2.0000667	0.1062965	0.2821555	0.1450796	0.0000000	0.0000000
7134.9949973	7279.9849698	7279.9623975	-2.0000667	-2.0000667	0.1219687	0.2801599	0.1537628	0.0000000	0.0000000
7134.9949973	7274.9837989	7274.8630420	-2.0000667	-2.0000667	0.1173690	0.2822191	0.1539625	0.0000000	0.0000000
7134.9949973	7269.9840093	7269.7636865	-2.0000667	-2.0000667	0.1333759	0.2785732	0.1634258	0.0000000	0.0000000
7134.9949973	7264.9876701	7264.6888672	-2.0000667	-2.0000667	0.1428555	0.2795963	0.1581360	0.0000000	0.0000000
7134.9949973	7259.9859215	7259.6483984	-2.0000667	-2.0000667	0.1500177	0.2792048	0.1535199	0.0000000	0.0000000
7134.9949973	7254.9818727	7254.6079297	-2.0000667	-2.0000667	0.1297794	0.2829570	0.1418680	0.0000000	0.0000000
7134.9949973	7249.9841501	7249.9875000	-2.0000667	-2.0000667	0.1243318	0.2825389	0.1447578	0.0000000	0.0000000
7134.9949973	7244.9832645	7244.9470313	-2.0000667	-2.0000667	0.1439344	0.2832175	0.1491632	0.0000000	0.0000000
7134.9949973	7239.9850844	7239.9065625	-2.0000667	-2.0000667	0.1259514	0.2836000	0.1385565	0.0000000	0.0000000
7134.9949973	7234.9861373	7234.8660938	-2.0000667	-2.0000667	0.1345392	0.2846866	0.1359504	0.0000000	0.0000000
7134.9949973	7229.9901764	7229.8256250	-2.0000667	-2.0000667	0.1259790	0.2849369	0.1310798	0.0000000	0.0000000
7134.9949973	7224.9850300	7224.7851563	-2.0000667	-2.0000667	0.1581110	0.2824205	0.1420586	0.0000000	0.0000000
7134.9949973	7219.9838918	7219.8026367	-2.0000667	-2.0000667	0.1845842	0.2822101	0.1541781	0.0000000	0.0000000
7134.9949973	7214.9827535	7214.8201172	-2.0000667	-2.0000667	0.1805973	0.2810211	0.1534242	0.0000000	0.0000000
7134.9949973	7209.9867265	7209.8375977	-2.0000667	-2.0000667	0.1835951	0.2821897	0.1522021	0.0000000	0.0000000
7134.9949973	7204.9856049	7204.8550781	-2.0000667	-2.0000667	0.1957009	0.2833278	0.1483872	0.0000000	0.0000000
7134.9949973	7199.9844833	7199.8725586	-2.0000667	-2.0000667	0.1717460	0.2821249	0.1412592	0.0000000	0.0000000
7134.9949973	7194.9864212	7194.8900391	-2.0000667	-2.0000667	0.1604023	0.2842130	0.1379432	0.0000000	0.0000000
7134.9949973	7189.9844123	7189.9075195	-2.0000667	-2.0000667	0.1599312	0.2849316	0.1328336	0.0000000	0.0000000
7134.9949973	7184.9857226	7184.9250000	-2.0000667	-2.0000667	0.1581031	0.2815389	0.1340106	0.0000000	0.0000000
7134.9949973	7179.9835760	7179.9804492	-2.0000667	-2.0000667	0.1791622	0.2817811	0.1463772	0.0000000	0.0000000
7134.9949973	7174.9804432	7174.6444189	-2.0000667	-2.0000667	0.2165042	0.2810166	0.1580928	0.0000000	0.0000000
7134.9949973	7169.9808688	7169.7188525	-2.0000667	-2.0000667	0.2011362	0.2838702	0.1467865	0.0000000	0.0000000
7134.9949973	7164.9848528	7164.7932861	-2.0000667	-2.0000667	0.1950142	0.2829302	0.1428633	0.0000000	0.0000000
7134.9949973	7159.9842183	7159.8677197	-2.0000667	-2.0000667	0.1979476	0.2812336	0.1382485	0.0000000	0.0000000
7134.9949973	7154.9859714	7154.9421533	-2.0000667	-2.0000667	0.2134003	0.2811001	0.1450763	0.0000000	0.0000000
7134.9949973	7149.9813041	7149.6061230	-2.0000667	-2.0000667	0.2018198	0.2798906	0.1407819	0.0000000	0.0000000
7134.9949973	7144.9816355	7144.6805566	-2.0000667	-2.0000667	0.2367050	0.2835161	0.1496091	0.0000000	0.0000000
7134.9949973	7139.9824934	7139.7829688	-2.0000667	-2.0000667	0.2568164	0.2819617	0.1576976	0.0000000	0.0000000
7134.9949973	7134.9864797	7134.9133594	-2.0000667	-2.0000667	0.2679572	0.2798954	0.1609766	0.0000000	0.0000000
7134.9949973	7129.9832069	7129.6379492	-2.0000667	-2.0000667	0.2498748	0.2814484	0.1550341	0.0000000	0.0000000
7134.9949973	7124.9850629	7124.7683398	-2.0000667	-2.0000667	0.2616798	0.2817694	0.1567244	0.0000000	0.0000000
7134.9949973	7119.9837614	7119.8987305	-2.0000667	-2.0000667	0.2360576	0.2809385	0.1495704	0.0000000	0.0000000
7134.9949973	7114.9856174	7114.6233203	-2.0000667	-2.0000667	0.2646534	0.2807903	0.1584390	0.0000000	0.0000000
7134.9949973	7109.9847957	7109.7537109	-2.0000667	-2.0000667	0.2623783	0.2811133	0.1547346	0.0000000	0.0000000
7134.9949973	7104.9825351	7104.8841016	-2.0000667	-2.0000667	0.2561224	0.2847784	0.1606698	0.0000000	0.0000000
7134.9949973	7099.9837702	7099.6316406	-2.0000667	-2.0000667	0.2507957	0.2834320	0.1464104	0.0000000	0.0000000
7134.9949973	7094.9817088	7094.8171094	-2.0000667	-2.0000667	0.2560602	0.2816348	0.1544093	0.0000000	0.0000000
7134.9949973	7089.9836449	7089.6013672	-2.0000667	-2.0000667	0.2438152	0.2813647	0.1505773	0.0000000	0.0000000
7134.9949973	7084.9818060	7084.7868359	-2.0000667	-2.0000667	0.2466396	0.2830156	0.1498187	0.0000000	0.0000000
7134.9949973	7079.9837421	7079.9723047	-2.0000667	-2.0000667	0.2134307	0.2840123	0.1379705	0.0000000	0.0000000
7134.9949973	7074.9849890	7074.7565625	-2.0000667	-2.0000667	0.2163323	0.2817069	0.1412078	0.0000000	0.0000000
7134.9949973	7069.9846289	7069.9420313	-2.0000667	-2.0000667	0.2184313	0.2827844	0.1391426	0.0000000	0.0000000
7134.9949973	7064.9842688	7064.7262891	-2.0000667	-2.0000667	0.2183687	0.2823711	0.1398770	0.0000000	0.0000000
7134.9949973	7059.9851958	7059.9297656	-2.0000667	-2.0000667	0.2019440	0.2821879	0.1353643	0.0000000	0.0000000
7134.9949973	7054.9845719	7054.7725488	-2.0000667	-2.0000667	0.2064238	0.2839664	0.1339924	0.0000000	0.0000000
7134.9949973	7049.9839480	7049.6153320	-2.0000667	-2.0000667	0.2098129	0.2822114	0.1393210	0.0000000	0.0000000
7134.9949973	7044.9806454	7044.8548242	-2.0000667	-2.0000667	0.1799597	0.2849645	0.1293285	0.0000000	0.0000000
7134.9949973	7039.9814065	7039.6976074	-2.0000667	-2.0000667	0.1964098	0.2844756	0.1381411	0.0000000	0.0000000
7134.9949973	7034.9854783	7034.9370996	-2.0000667	-2.0000667	0.2022908	0.2839100	0.1419535	0.0000000	0.0000000
7134.9949973	7029.9865333	7029.7798828	-2.0000667	-2.0000667	0.2050211	0.2823142	0.1428593	0.0000000	0.0000000
7134.9949973	7024.9842404	7024.6226660	-2.0000667	-2.0000667	0.2105579	0.2819880	0.1499142	0.0000000	0.0000000
7134.9949973	7019.9852022	7019.8843262	-2.0000667	-2.0000667	0.1923380	0.2824828	0.1377770	0.0000000	0.0000000
7134.9949973	7014.9861162	7014.7847461	-2.0000667	-2.0000667	0.1953372	0.2840592	0.1442869	0.0000000	0.0000000
7134.9949973	7009.9855214	7009.6851660	-2.0000667	-2.0000667	0.1808313	0.2835789	0.1409263	0.0000000	0.0000000
7134.9949973	7004.9816281	7004.9778613	-2.0000667	-2.0000667	0.1944170	0.2813245	0.1525907	0.0000000	0.0000000
7134.9949973	7000.0292969	6999.8782813	-2.0000667	-2.0000667	0.1895446	0.2825507	0.1574464	0.0000000	0.0000000
