7459.9936605	7499.9984178	7499.6820801	-2.0000667	-2.0000667	0.0195204	0.2699196	0.1573888	0.0000000	7460.0000000
7459.9936605	7494.9935444	7494.7226807	-2.0000667	-2.0000667	0.0286221	0.2698883	0.1650153	0.0000000	0.0000000
7459.9936605	7489.9851278	7489.7632813	-2.0000667	-2.0000667	0.0163802	0.2681788	0.1666925	0.0000000	0.0000000
7459.9936605	7484.9906544	7484.8038818	-2.0000667	-2.0000667	0.0230640	0.2672695	0.1655563	0.0000000	0.0000000
7459.9936605	7479.9931269	7479.8981445	-2.0000667	-2.0000667	0.0254292	0.2672913	0.1623777	0.0000000	0.0000000
7459.9936605	7474.9849184	7474.9977734	-2.0000667	-2.0000667	0.0244634	0.2671217	0.1674347	0.0000000	0.0000000
7459.9936605	7469.9919479	7469.6519141	-2.0000667	-2.0000667	0.0260875	0.2651991	0.1605260	0.0000000	0.0000000
7459.9936605	7464.9880985	7464.7515430	-2.0000667	-2.0000667	0.0339719	0.2668983	0.1656328	0.0000000	0.0000000
7459.9936605	7459.9859450	7459.8511719	-2.0000667	-2.0000667	0.0272096	0.2664580	0.1645016	0.0000000	0.0000000
7459.9936605	7454.9866531	7454.9508008	-2.0000667	-2.0000667	0.0343408	0.2702194	0.1646871	0.0000000	0.0000000
7459.9936605	7449.9879936	7449.6049414	-2.0000667	-2.0000667	0.0296415	0.2678926	0.1596945	0.0000000	0.0000000
7459.9936605	7444.9882793	7444.7045703	-2.0000667	-2.0000667	0.0250421	0.2685389	0.1584612	0.0000000	0.0000000
7459.9936605	7439.9855657	7439.8041992	-2.0000667	-2.0000667	0.0270035	0.2680902	0.1661311	0.0000000	0.0000000
7459.9936605	7434.9858514	7434.9618359	-2.0000667	-2.0000667	0.0346241	0.2678016	0.1656694	0.0000000	0.0000000
7459.9936605	7429.9848914	7429.6792578	-2.0000667	-2.0000667	0.0358312	0.2684612	0.1663999	0.0000000	0.0000000
7459.9936605	7424.9840682	7424.8368945	-2.0000667	-2.0000667	0.0331759	0.2675795	0.1623959	0.0000000	0.0000000
7459.9936605	7419.9889997	7419.9945313	-2.0000667	-2.0000667	0.0345537	0.2686876	0.1675676	0.0000000	0.0000000
7459.9936605	7414.9852991	7414.7119531	-2.0000667	-2.0000667	0.0353597	0.2687904	0.1640073	0.0000000	0.0000000
7459.9936605	7409.9893015	7409.8695898	-2.0000667	-2.0000667	0.0316781	0.2696892	0.1629446	0.0000000	0.0000000
7459.9936605	7404.9880524	7404.5870117	-2.0000667	-2.0000667	0.0355811	0.2706584	0.1633289	0.0000000	0.0000000
7459.9936605	7399.9868032	7399.7446484	-2.0000667	-2.0000667	0.0334355	0.2704667	0.1630760	0.0000000	0.0000000
7459.9936605	7394.9856052	7394.9126367	-2.0000667	-2.0000667	0.0392554	0.2690314	0.1628379	0.0000000	0.0000000
7459.9936605	7389.9873611	7389.6921680	-2.0000667	-2.0000667	0.0339347	0.2672175	0.1569828	0.0000000	0.0000000
7459.9936605	7384.9891170	7384.9067383	-2.0000667	-2.0000667	0.0635240	0.2669935	0.1577050	0.0000000	0.0000000
7459.9936605	7379.9860592	7379.6862695	-2.0000667	-2.0000667	0.0333639	0.2651581	0.1613734	0.0000000	0.0000000
7459.9936605	7374.9880579	7374.9008398	-2.0000667	-2.0000667	0.0426194	0.2637666	0.1647150	0.0000000	0.0000000
7459.9936605	7369.9870092	7369.6803711	-2.0000667	-2.0000667	0.0408894	0.2683667	0.1618541	0.0000000	0.0000000
7459.9936605	7364.9814683	7364.8949414	-2.0000667	-2.0000667	0.0385708	0.2661213	0.1640870	0.0000000	0.0000000
7459.9936605	7359.9861795	7359.6744727	-2.0000667	-2.0000667	0.0441740	0.2668767	0.1644779	0.0000000	0.0000000
7459.9936605	7354.9814419	7354.8890430	-2.0000667	-2.0000667	0.0473618	0.2672776	0.1686815	0.0000000	0.0000000
7459.9936605	7349.9844428	7349.6991016	-2.0000667	-2.0000667	0.0481693	0.2700667	0.1708812	0.0000000	0.0000000
7459.9936605	7344.9860594	7344.9696387	-2.0000667	-2.0000667	0.0493467	0.2698073	0.1687162	0.0000000	0.0000000
7459.9936605	7339.9876760	7339.8102246	-2.0000667	-2.0000667	0.0465637	0.2700712	0.1665260	0.0000000	0.0000000
7459.9936605	7334.9876819	7334.6508105	-2.0000667	-2.0000667	0.0430460	0.2666578	0.1657122	0.0000000	0.0000000
7459.9936605	7329.9862695	7329.9213477	-2.0000667	-2.0000667	0.0457234	0.2667760	0.1675367	0.0000000	0.0000000
7459.9936605	7324.9878305	7324.7619336	-2.0000667	-2.0000667	0.0493126	0.2687123	0.1693519	0.0000000	0.0000000
7459.9936605	7319.9843762	7319.6025195	-2.0000667	-2.0000667	0.0475010	0.2689001	0.1685337	0.0000000	0.0000000
7459.9936605	7314.9856062	7314.8730566	-2.0000667	-2.0000667	0.0473038	0.2683914	0.1668630	0.0000000	0.0000000
7459.9936605	7309.9868361	7309.7136426	-2.0000667	-2.0000667	0.0382848	0.2703499	0.1689873	0.0000000	0.0000000
7459.9936605	7304.9850290	7304.6092822	-2.0000667	-2.0000667	0.0493065	0.2712336	0.1700331	0.0000000	0.0000000
7459.9936605	7299.9861565	7299.9348730	-2.0000667	-2.0000667	0.0390139	0.2696361	0.1676052	0.0000000	0.0000000
7459.9936605	7294.9829595	7294.8355176	-2.0000667	-2.0000667	0.0452749	0.2659563	0.1692057	0.0000000	0.0000000
7459.9936605	7289.9859351	7289.7361621	-2.0000667	-2.0000667	0.0443462	0.2663225	0.1672777	0.0000000	0.0000000
7459.9936605	7284.9854524	7284.6368066	-2.0000667	-2.0000667	0.0435061	0.2694766	0.1690815	0.0000000	0.0000000
7459.9936605	7279.9849698	7279.9623975	-2.0000667	-2.0000667	0.0498889	0.2678861	0.1702704	0.0000000	0.0000000
7459.9936605	7274.9837989	7274.8630420	-2.0000667	-2.0000667	0.0309006	0.2668245	0.1695493	0.0000000	0.0000000
7459.9936605	7269.9840093	7269.7636865	-2.0000667	-2.0000667	0.0380182	0.2657498	0.1708839	0.0000000	0.0000000
7459.9936605	7264.9876701	7264.6888672	-2.0000667	-2.0000667	0.0326304	0.2679043	0.1710969	0.0000000	0.0000000
7459.9936605	7259.9827583	7259.6483984	-2.0000667	-2.0000667	0.0397727	0.2691423	0.1740891	0.0000000	0.0000000
7459.9936605	7254.9850358	7254.6079297	-2.0000667	-2.0000667	0.0418715	0.2692914	0.1743881	0.0000000	0.0000000
7459.9936605	7249.9873132	7249.9875000	-2.0000667	-2.0000667	0.0354607	0.2699299	0.1756161	0.0000000	0.0000000
7459.9936605	7244.9864276	7244.9470313	-2.0000667	-2.0000667	0.0427167	0.2713973	0.1768481	0.0000000	0.0000000
7459.9936605	7239.9850844	7239.9065625	-2.0000667	-2.0000667	0.0379486	0.2675668	0.1736178	0.0000000	0.0000000
7459.9936605	7234.9891235	7234.8660938	-2.0000667	-2.0000667	0.0369219	0.2662131	0.1681409	0.0000000	0.0000000
7459.9936605	7229.9871902	7229.8256250	-2.0000667	-2.0000667	0.0392910	0.2685150	0.1752465	0.0000000	0.0000000
7459.9936605	7224.9850300	7224.7851563	-2.0000667	-2.0000667	0.0410312	0.2692894	0.1759215	0.0000000	0.0000000
7459.9936605	7219.9838918	7219.8026367	-2.0000667	-2.0000667	0.0379054	0.2706364	0.1747468	0.0000000	0.0000000
7459.9936605	7214.9827535	7214.8201172	-2.0000667	-2.0000667	0.0364277	0.2703284	0.1726395	0.0000000	0.0000000
7459.9936605	7209.9867265	7209.8375977	-2.0000667	-2.0000667	0.0358046	0.2698771	0.1713102	0.0000000	0.0000000
7459.9936605	7204.9856049	7204.8550781	-2.0000667	-2.0000667	0.0346478	0.2691771	0.1756761	0.0000000	0.0000000
7459.9936605	7199.9844833	7199.8725586	-2.0000667	-2.0000667	0.0369369	0.2682302	0.1740205	0.0000000	0.0000000
7459.9936605	7194.9864212	7194.8900391	-2.0000667	-2.0000667	0.0337393	0.2674054	0.1749304	0.0000000	0.0000000
7459.9936605	7189.9844123	7189.9075195	-2.0000667	-2.0000667	0.0341168	0.2692725	0.1734114	0.0000000	0.0000000
7459.9936605	7184.9857226	7184.9250000	-2.0000667	-2.0000667	0.0337284	0.2675366	0.1737556	0.0000000	0.0000000
7459.9936605	7179.9835760	7179.9804492	-2.0000667	-2.0000667	0.0414865	0.2666843	0.1735161	0.0000000	0.0000000
7459.9936605	7174.9840016	7174.6444189	-2.0000667	-2.0000667	0.0280310	0.2699968	0.1755040	0.0000000	0.0000000
7459.9936605	7169.9844272	7169.7188525	-2.0000667	-2.0000667	0.0281385	0.2664828	0.1723352	0.0000000	0.0000000
7459.9936605	7164.9848528	7164.7932861	-2.0000667	-2.0000667	0.0273063	0.2631141	0.1716770	0.0000000	0.0000000
7459.9936605	7159.9842183	7159.8677197	-2.0000667	-2.0000667	0.0274292	0.2645619	0.1738705	0.0000000	0.0000000
7459.9936605	7154.9859714	7154.9421533	-2.0000667	-2.0000667	0.0249521	0.2695463	0.1735951	0.0000000	0.0000000
7459.9936605	7149.9845143	7149.6061230	-2.0000667	-2.0000667	0.0254623	0.2682917	0.1718513	0.0000000	0.0000000
7459.9936605	7144.9816355	7144.6805566	-2.0000667	-2.0000667	0.0228380	0.2666267	0.1722933	0.0000000	0.0000000
7459.9936605	7139.9856218	7139.7829688	-2.0000667	-2.0000667	0.0240251	0.2654612	0.1715322	0.0000000	0.0000000
7459.9936605	7134.9864797	7134.9133594	-2.0000667	-2.0000667	0.0214808	0.2692860	0.1761476	0.0000000	0.0000000
7459.9936605	7129.9863643	7129.6379492	-2.0000667	-2.0000667	0.0221909	0.2681888	0.1759988	0.0000000	0.0000000
7459.9936605	7124.9850629	7124.7683398	-2.0000667	-2.0000667	0.0210543	0.2690522	0.1732977	0.0000000	0.0000000
7459.9936605	7119.9869188	7119.8987305	-2.0000667	-2.0000667	0.0204624	0.2692048	0.1773898	0.0000000	0.0000000
7459.9936605	7114.9824600	7114.6233203	-2.0000667	-2.0000667	0.0186793	0.2673262	0.1709863	0.0000000	0.0000000
7459.9936605	7109.9847957	7109.7537109	-2.0000667	-2.0000667	0.0177864	0.2677064	0.1737657	0.0000000	0.0000000
7459.9936605	7104.9825351	7104.8841016	-2.0000667	-2.0000667	0.0143330	0.2688225	0.1752817	0.0000000	0.0000000
7459.9936605	7099.9837702	7099.6316406	-2.0000667	-2.0000667	0.0143893	0.2683665	0.1746785	0.0000000	0.0000000
7459.9936605	7094.9817088	7094.8171094	-2.0000667	-2.0000667	0.0122405	0.2699894	0.1723501	0.0000000	0.0000000
7459.9936605	7089.9836449	7089.6013672	-2.0000667	-2.0000667	0.0177111	0.2705410	0.1728408	0.0000000	0.0000000
7459.9936605	7084.9855810	7084.7868359	-2.0000667	-2.0000667	0.0126970	0.2677251	0.1708679	0.0000000	0.0000000
7459.9936605	7079.9875171	7079.9723047	-2.0000667	-2.0000667	0.0108605	0.2679458	0.1740123	0.0000000	0.0000000
7459.9936605	7074.9886177	7074.7565625	-2.0000667	-2.0000667	0.0111068	0.2674102	0.1762449	0.0000000	0.0000000
7459.9936605	7069.9846289	7069.9420313	-2.0000667	-2.0000667	0.0089817	0.2713030	0.1774603	0.0000000	0.0000000
7459.9936605	7064.9842688	7064.7262891	-2.0000667	-2.0000667	0.0095386	0.2718188	0.1754296	0.0000000	0.0000000
7459.9936605	7059.9851958	7059.9297656	-2.0000667	-2.0000667	0.0090161	0.2725820	0.1752721	0.0000000	0.0000000
7459.9936605	7054.9845719	7054.7725488	-2.0000667	-2.0000667	0.0083920	0.2667860	0.1754615	0.0000000	0.0000000
7459.9936605	7049.9839480	7049.6153320	-2.0000667	-2.0000667	0.0082428	0.2718621	0.1709342	0.0000000	0.0000000
7459.9936605	7044.9806454	7044.8548242	-2.0000667	-2.0000667	0.0079690	0.2694836	0.1744349	0.0000000	0.0000000
7459.9936605	7039.9847173	7039.6976074	-2.0000667	-2.0000667	0.0056083	0.2688275	0.1754546	0.0000000	0.0000000
7459.9936605	7034.9854783	7034.9370996	-2.0000667	-2.0000667	0.0061470	0.2700574	0.1795164	0.0000000	0.0000000
7459.9936605	7029.9865333	7029.7798828	-2.0000667	-2.0000667	0.0048619	0.2686335	0.1758269	0.0000000	0.0000000
7459.9936605	7024.9842404	7024.6226660	-2.0000667	-2.0000667	0.0050676	0.2695527	0.1768817	0.0000000	0.0000000
7459.9936605	7019.9884567	7019.8843262	-2.0000667	-2.0000667	0.0042391	0.2655209	0.1755302	0.0000000	0.0000000
7459.9936605	7014.9894147	7014.7847461	-2.0000667	-2.0000667	0.0045289	0.2680299	0.1748972	0.0000000	0.0000000
7459.9936605	7009.9855214	7009.6851660	-2.0000667	-2.0000667	0.0039003	0.2701626	0.1803795	0.0000000	0.0000000
7459.9936605	7004.9816281	7004.9778613	-2.0000667	-2.0000667	0.0034506	0.2697098	0.1788230	0.0000000	0.0000000
7459.9936605	7000.0292969	6999.8782813	-2.0000667	-2.0000667	0.0074008	0.2700447	0.1756550	0.0000000	0.0000000
