7399.9961163	7499.9984178	7499.6820801	-2.0000667	-2.0000667	0.0168042	0.2678757	0.1641591	0.0000000	7400.0000000
7399.9961163	7494.9935444	7494.7226807	-2.0000667	-2.0000667	0.0175508	0.2659624	0.1629407	0.0000000	0.0000000
7399.9961163	7489.9879164	7489.7632813	-2.0000667	-2.0000667	0.0190885	0.2671458	0.1635499	0.0000000	0.0000000
7399.9961163	7484.9906544	7484.8038818	-2.0000667	-2.0000667	0.0208905	0.2681344	0.1651096	0.0000000	0.0000000
7399.9961163	7479.9931269	7479.8981445	-2.0000667	-2.0000667	0.0206841	0.2674467	0.1649524	0.0000000	0.0000000
7399.9961163	7474.9849184	7474.9977734	-2.0000667	-2.0000667	0.0222560	0.2670137	0.1642905	0.0000000	0.0000000
7399.9961163	7469.9919479	7469.6519141	-2.0000667	-2.0000667	0.0268820	0.2672983	0.1664282	0.0000000	0.0000000
7399.9961163	7464.9880985	7464.7515430	-2.0000667	-2.0000667	0.0240555	0.2669252	0.1664969	0.0000000	0.0000000
7399.9961163	7459.9859450	7459.8511719	-2.0000667	-2.0000667	0.0250470	0.2662249	0.1640941	0.0000000	0.0000000
7399.9961163	7454.9837915	7454.9508008	-2.0000667	-2.0000667	0.0277488	0.2666331	0.1648340	0.0000000	0.0000000
7399.9961163	7449.9879936	7449.6049414	-2.0000667	-2.0000667	0.0261531	0.2674586	0.1667721	0.0000000	0.0000000
7399.9961163	7444.9852800	7444.7045703	-2.0000667	-2.0000667	0.0290757	0.2681547	0.1685081	0.0000000	0.0000000
7399.9961163	7439.9825665	7439.8041992	-2.0000667	-2.0000667	0.0592091	0.2669827	0.1682767	0.0000000	0.0000000
7399.9961163	7434.9858514	7434.9618359	-2.0000667	-2.0000667	0.0282428	0.2671589	0.1677030	0.0000000	0.0000000
7399.9961163	7429.9906461	7429.6792578	-2.0000667	-2.0000667	0.0336716	0.2659957	0.1667268	0.0000000	0.0000000
7399.9961163	7424.9898229	7424.8368945	-2.0000667	-2.0000667	0.0320831	0.2675986	0.1674365	0.0000000	0.0000000
7399.9961163	7419.9889997	7419.9945313	-2.0000667	-2.0000667	0.0361816	0.2670586	0.1666011	0.0000000	0.0000000
7399.9961163	7414.9852991	7414.7119531	-2.0000667	-2.0000667	0.0410509	0.2667635	0.1691143	0.0000000	0.0000000
7399.9961163	7409.9893015	7409.8695898	-2.0000667	-2.0000667	0.0394615	0.2655085	0.1688940	0.0000000	0.0000000
7399.9961163	7404.9855505	7404.5870117	-2.0000667	-2.0000667	0.0382646	0.2676781	0.1684000	0.0000000	0.0000000
7399.9961163	7399.9868032	7399.7446484	-2.0000667	-2.0000667	0.0383329	0.2682743	0.1677668	0.0000000	0.0000000
7399.9961163	7394.9856052	7394.9126367	-2.0000667	-2.0000667	0.0424957	0.2677284	0.1674111	0.0000000	0.0000000
7399.9961163	7389.9873611	7389.6921680	-2.0000667	-2.0000667	0.0420015	0.2683380	0.1672948	0.0000000	0.0000000
7399.9961163	7384.9891170	7384.9067383	-2.0000667	-2.0000667	0.0418551	0.2658840	0.1692017	0.0000000	0.0000000
7399.9961163	7379.9860592	7379.6862695	-2.0000667	-2.0000667	0.0459009	0.2671403	0.1695156	0.0000000	0.0000000
7399.9961163	7374.9850104	7374.9008398	-2.0000667	-2.0000667	0.0424370	0.2673793	0.1706228	0.0000000	0.0000000
7399.9961163	7369.9870092	7369.6803711	-2.0000667	-2.0000667	0.0391130	0.2670123	0.1719722	0.0000000	0.0000000
7399.9961163	7364.9814683	7364.8949414	-2.0000667	-2.0000667	0.0434482	0.2678948	0.1722479	0.0000000	0.0000000
7399.9961163	7359.9861795	7359.6744727	-2.0000667	-2.0000667	0.0448580	0.2674042	0.1724927	0.0000000	0.0000000
7399.9961163	7354.9845915	7354.8890430	-2.0000667	-2.0000667	0.0489576	0.2672704	0.1732532	0.0000000	0.0000000
7399.9961163	7349.9844428	7349.6991016	-2.0000667	-2.0000667	0.0435165	0.2668336	0.1728994	0.0000000	0.0000000
7399.9961163	7344.9860594	7344.9696387	-2.0000667	-2.0000667	0.0457480	0.2674390	0.1734562	0.0000000	0.0000000
7399.9961163	7339.9876760	7339.8102246	-2.0000667	-2.0000667	0.0499130	0.2676084	0.1732941	0.0000000	0.0000000
7399.9961163	7334.9906554	7334.6508105	-2.0000667	-2.0000667	0.0492795	0.2669131	0.1753232	0.0000000	0.0000000
7399.9961163	7329.9862695	7329.9213477	-2.0000667	-2.0000667	0.0513389	0.2672242	0.1746088	0.0000000	0.0000000
7399.9961163	7324.9878305	7324.7619336	-2.0000667	-2.0000667	0.0521741	0.2672982	0.1757328	0.0000000	0.0000000
7399.9961163	7319.9843762	7319.6025195	-2.0000667	-2.0000667	0.0524919	0.2671938	0.1776558	0.0000000	0.0000000
7399.9961163	7314.9856062	7314.8730566	-2.0000667	-2.0000667	0.0519541	0.2660912	0.1761179	0.0000000	0.0000000
7399.9961163	7309.9868361	7309.7136426	-2.0000667	-2.0000667	0.0541526	0.2663307	0.1762083	0.0000000	0.0000000
7399.9961163	7304.9907881	7304.6092822	-2.0000667	-2.0000667	0.0524568	0.2658593	0.1747456	0.0000000	0.0000000
7399.9961163	7299.9890361	7299.9348730	-2.0000667	-2.0000667	0.0533090	0.2673577	0.1770863	0.0000000	0.0000000
7399.9961163	7294.9829595	7294.8355176	-2.0000667	-2.0000667	0.0522477	0.2666984	0.1769354	0.0000000	0.0000000
7399.9961163	7289.9859351	7289.7361621	-2.0000667	-2.0000667	0.0511697	0.2668486	0.1774464	0.0000000	0.0000000
7399.9961163	7284.9854524	7284.6368066	-2.0000667	-2.0000667	0.0543838	0.2669724	0.1829248	0.0000000	0.0000000
7399.9961163	7279.9884279	7279.9623975	-2.0000667	-2.0000667	0.0528202	0.2670629	0.1788975	0.0000000	0.0000000
7399.9961163	7274.9837989	7274.8630420	-2.0000667	-2.0000667	0.0507732	0.2668892	0.1806501	0.0000000	0.0000000
7399.9961163	7269.9874598	7269.7636865	-2.0000667	-2.0000667	0.0522115	0.2667953	0.1823636	0.0000000	0.0000000
7399.9961163	7264.9876701	7264.6888672	-2.0000667	-2.0000667	0.0529928	0.2663265	0.1838463	0.0000000	0.0000000
7399.9961163	7259.9859215	7259.6483984	-2.0000667	-2.0000667	0.0548816	0.2667650	0.1850393	0.0000000	0.0000000
7399.9961163	7254.9850358	7254.6079297	-2.0000667	-2.0000667	0.0544121	0.2677611	0.1848910	0.0000000	0.0000000
7399.9961163	7249.9873132	7249.9875000	-2.0000667	-2.0000667	0.0536541	0.2676123	0.1826644	0.0000000	0.0000000
7399.9961163	7244.9832645	7244.9470313	-2.0000667	-2.0000667	0.0513048	0.2664718	0.1834987	0.0000000	0.0000000
7399.9961163	7239.9820982	7239.9065625	-2.0000667	-2.0000667	0.0519778	0.2661998	0.1853027	0.0000000	0.0000000
7399.9961163	7234.9891235	7234.8660938	-2.0000667	-2.0000667	0.0482344	0.2659650	0.1815555	0.0000000	0.0000000
7399.9961163	7229.9901764	7229.8256250	-2.0000667	-2.0000667	0.0520385	0.2662954	0.1830657	0.0000000	0.0000000
7399.9961163	7224.9850300	7224.7851563	-2.0000667	-2.0000667	0.0486497	0.2661677	0.1833109	0.0000000	0.0000000
7399.9961163	7219.9867826	7219.8026367	-2.0000667	-2.0000667	0.0496549	0.2664275	0.1851750	0.0000000	0.0000000
7399.9961163	7214.9856444	7214.8201172	-2.0000667	-2.0000667	0.0496520	0.2653689	0.1843000	0.0000000	0.0000000
7399.9961163	7209.9867265	7209.8375977	-2.0000667	-2.0000667	0.0481636	0.2665031	0.1876202	0.0000000	0.0000000
7399.9961163	7204.9823763	7204.8550781	-2.0000667	-2.0000667	0.0485555	0.2672228	0.1873735	0.0000000	0.0000000
7399.9961163	7199.9844833	7199.8725586	-2.0000667	-2.0000667	0.0475078	0.2664622	0.1872113	0.0000000	0.0000000
7399.9961163	7194.9897404	7194.8900391	-2.0000667	-2.0000667	0.0464233	0.2672098	0.1879817	0.0000000	0.0000000
7399.9961163	7189.9844123	7189.9075195	-2.0000667	-2.0000667	0.0453995	0.2661227	0.1855262	0.0000000	0.0000000
7399.9961163	7184.9857226	7184.9250000	-2.0000667	-2.0000667	0.0416466	0.2660712	0.1876672	0.0000000	0.0000000
7399.9961163	7179.9835760	7179.9804492	-2.0000667	-2.0000667	0.0400957	0.2661515	0.1894702	0.0000000	0.0000000
7399.9961163	7174.9804432	7174.6444189	-2.0000667	-2.0000667	0.0408525	0.2667388	0.1902194	0.0000000	0.0000000
7399.9961163	7169.9844272	7169.7188525	-2.0000667	-2.0000667	0.0382699	0.2664617	0.1886616	0.0000000	0.0000000
7399.9961163	7164.9884112	7164.7932861	-2.0000667	-2.0000667	0.0366013	0.2670431	0.1894609	0.0000000	0.0000000
7399.9961163	7159.9810081	7159.8677197	-2.0000667	-2.0000667	0.0350155	0.2666198	0.1879294	0.0000000	0.0000000
7399.9961163	7154.9859714	7154.9421533	-2.0000667	-2.0000667	0.0350411	0.2662257	0.1880651	0.0000000	0.0000000
7399.9961163	7149.9845143	7149.6061230	-2.0000667	-2.0000667	0.0329653	0.2661123	0.1890466	0.0000000	0.0000000
7399.9961163	7144.9847639	7144.6805566	-2.0000667	-2.0000667	0.0314004	0.2673370	0.1920181	0.0000000	0.0000000
7399.9961163	7139.9824934	7139.7829688	-2.0000667	-2.0000667	0.0305231	0.2664318	0.1887679	0.0000000	0.0000000
7399.9961163	7134.9864797	7134.9133594	-2.0000667	-2.0000667	0.0283931	0.2659971	0.1890573	0.0000000	0.0000000
7399.9961163	7129.9863643	7129.6379492	-2.0000667	-2.0000667	0.0282570	0.2658425	0.1929166	0.0000000	0.0000000
7399.9961163	7124.9850629	7124.7683398	-2.0000667	-2.0000667	0.0270493	0.2660626	0.1930554	0.0000000	0.0000000
7399.9961163	7119.9869188	7119.8987305	-2.0000667	-2.0000667	0.0261637	0.2657734	0.1908651	0.0000000	0.0000000
7399.9961163	7114.9856174	7114.6233203	-2.0000667	-2.0000667	0.0238455	0.2664407	0.1925834	0.0000000	0.0000000
7399.9961163	7109.9882914	7109.7537109	-2.0000667	-2.0000667	0.0227949	0.2656549	0.1895071	0.0000000	0.0000000
7399.9961163	7104.9825351	7104.8841016	-2.0000667	-2.0000667	0.0220494	0.2654346	0.1921793	0.0000000	0.0000000
7399.9961163	7099.9837702	7099.6316406	-2.0000667	-2.0000667	0.0199116	0.2663740	0.1934752	0.0000000	0.0000000
7399.9961163	7094.9854837	7094.8171094	-2.0000667	-2.0000667	0.0194120	0.2655653	0.1890565	0.0000000	0.0000000
7399.9961163	7089.9874198	7089.6013672	-2.0000667	-2.0000667	0.0180161	0.2666680	0.1921981	0.0000000	0.0000000
7399.9961163	7084.9818060	7084.7868359	-2.0000667	-2.0000667	0.0175437	0.2635894	0.1895455	0.0000000	0.0000000
7399.9961163	7079.9875171	7079.9723047	-2.0000667	-2.0000667	0.0166721	0.2666703	0.1936146	0.0000000	0.0000000
7399.9961163	7074.9849890	7074.7565625	-2.0000667	-2.0000667	0.0161006	0.2659290	0.1931078	0.0000000	0.0000000
7399.9961163	7069.9846289	7069.9420313	-2.0000667	-2.0000667	0.0146195	0.2659955	0.1930636	0.0000000	0.0000000
7399.9961163	7064.9842688	7064.7262891	-2.0000667	-2.0000667	0.0136479	0.2665052	0.1960421	0.0000000	0.0000000
7399.9961163	7059.9851958	7059.9297656	-2.0000667	-2.0000667	0.0128209	0.2652749	0.1952915	0.0000000	0.0000000
7399.9961163	7054.9845719	7054.7725488	-2.0000667	-2.0000667	0.0112212	0.2660846	0.1931154	0.0000000	0.0000000
7399.9961163	7049.9839480	7049.6153320	-2.0000667	-2.0000667	0.0107988	0.2655242	0.1911135	0.0000000	0.0000000
7399.9961163	7044.9839562	7044.8548242	-2.0000667	-2.0000667	0.0105692	0.2660762	0.1930488	0.0000000	0.0000000
7399.9961163	7039.9880280	7039.6976074	-2.0000667	-2.0000667	0.0093933	0.2671943	0.1943644	0.0000000	0.0000000
7399.9961163	7034.9887891	7034.9370996	-2.0000667	-2.0000667	0.0091453	0.2662985	0.1926538	0.0000000	0.0000000
7399.9961163	7029.9897879	7029.7798828	-2.0000667	-2.0000667	0.0075509	0.2668947	0.1948590	0.0000000	0.0000000
7399.9961163	7024.9874950	7024.6226660	-2.0000667	-2.0000667	0.0076428	0.2665138	0.1956594	0.0000000	0.0000000
7399.9961163	7019.9852022	7019.8843262	-2.0000667	-2.0000667	0.0064741	0.2672059	0.1967012	0.0000000	0.0000000
7399.9961163	7014.9861162	7014.7847461	-2.0000667	-2.0000667	0.0059304	0.2651708	0.1943145	0.0000000	0.0000000
7399.9961163	7009.9855214	7009.6851660	-2.0000667	-2.0000667	0.0059895	0.2632504	0.1948804	0.0000000	0.0000000
7399.9961163	7004.9849267	7004.9778613	-2.0000667	-2.0000667	0.0051989	0.2628201	0.1969224	0.0000000	0.0000000
7399.9961163	7000.0292969	6999.8782813	-2.0000667	-2.0000667	0.0044188	0.2665737	0.1964003	0.0000000	0.0000000
