7389.9918487	7499.9984178	7499.6820801	-2.0000667	-2.0000667	0.0214603	0.2666400	0.1608884	0.0000000	7390.0000000
7389.9918487	7494.9907557	7494.7226807	-2.0000667	-2.0000667	0.0226947	0.2678555	0.1621130	0.0000000	0.0000000
7389.9918487	7489.9851278	7489.7632813	-2.0000667	-2.0000667	0.0245049	0.2672014	0.1622667	0.0000000	0.0000000
7389.9918487	7484.9906544	7484.8038818	-2.0000667	-2.0000667	0.0254618	0.2673785	0.1625977	0.0000000	0.0000000
7389.9918487	7479.9905873	7479.8981445	-2.0000667	-2.0000667	0.0242029	0.2679507	0.1624095	0.0000000	0.0000000
7389.9918487	7474.9849184	7474.9977734	-2.0000667	-2.0000667	0.0271404	0.2683782	0.1617657	0.0000000	0.0000000
7389.9918487	7469.9894082	7469.6519141	-2.0000667	-2.0000667	0.0266312	0.2680580	0.1608265	0.0000000	0.0000000
7389.9918487	7464.9909601	7464.7515430	-2.0000667	-2.0000667	0.0254758	0.2676522	0.1627144	0.0000000	0.0000000
7389.9918487	7459.9859450	7459.8511719	-2.0000667	-2.0000667	0.0290245	0.2677448	0.1620717	0.0000000	0.0000000
7389.9918487	7454.9866531	7454.9508008	-2.0000667	-2.0000667	0.0303290	0.2677067	0.1615092	0.0000000	0.0000000
7389.9918487	7449.9849944	7449.6049414	-2.0000667	-2.0000667	0.0324874	0.2677235	0.1631499	0.0000000	0.0000000
7389.9918487	7444.9852800	7444.7045703	-2.0000667	-2.0000667	0.0352416	0.2678142	0.1647682	0.0000000	0.0000000
7389.9918487	7439.9795673	7439.8041992	-2.0000667	-2.0000667	0.0348668	0.2677795	0.1656227	0.0000000	0.0000000
7389.9918487	7434.9888506	7434.9618359	-2.0000667	-2.0000667	0.0366340	0.2667621	0.1661964	0.0000000	0.0000000
7389.9918487	7429.9877688	7429.6792578	-2.0000667	-2.0000667	0.0358816	0.2662223	0.1639111	0.0000000	0.0000000
7389.9918487	7424.9840682	7424.8368945	-2.0000667	-2.0000667	0.0373937	0.2662699	0.1654656	0.0000000	0.0000000
7389.9918487	7419.9861223	7419.9945313	-2.0000667	-2.0000667	0.0408499	0.2668394	0.1677931	0.0000000	0.0000000
7389.9918487	7414.9852991	7414.7119531	-2.0000667	-2.0000667	0.0432195	0.2654646	0.1650129	0.0000000	0.0000000
7389.9918487	7409.9893015	7409.8695898	-2.0000667	-2.0000667	0.0454388	0.2678113	0.1672061	0.0000000	0.0000000
7389.9918487	7404.9880524	7404.5870117	-2.0000667	-2.0000667	0.0382815	0.2684028	0.1676987	0.0000000	0.0000000
7389.9918487	7399.9868032	7399.7446484	-2.0000667	-2.0000667	0.0469170	0.2669364	0.1666261	0.0000000	0.0000000
7389.9918487	7394.9856052	7394.9126367	-2.0000667	-2.0000667	0.0508831	0.2676469	0.1695031	0.0000000	0.0000000
7389.9918487	7389.9873611	7389.6921680	-2.0000667	-2.0000667	0.0484001	0.2667900	0.1671161	0.0000000	0.0000000
7389.9918487	7384.9891170	7384.9067383	-2.0000667	-2.0000667	0.0493389	0.2674880	0.1704650	0.0000000	0.0000000
7389.9918487	7379.9860592	7379.6862695	-2.0000667	-2.0000667	0.0517676	0.2678250	0.1711099	0.0000000	0.0000000
7389.9918487	7374.9819628	7374.9008398	-2.0000667	-2.0000667	0.0484669	0.2666117	0.1690490	0.0000000	0.0000000
7389.9918487	7369.9839616	7369.6803711	-2.0000667	-2.0000667	0.0503452	0.2678840	0.1697435	0.0000000	0.0000000
7389.9918487	7364.9814683	7364.8949414	-2.0000667	-2.0000667	0.0520059	0.2656025	0.1728275	0.0000000	0.0000000
7389.9918487	7359.9861795	7359.6744727	-2.0000667	-2.0000667	0.0557094	0.2678813	0.1753370	0.0000000	0.0000000
7389.9918487	7354.9814419	7354.8890430	-2.0000667	-2.0000667	0.0540253	0.2689192	0.1745271	0.0000000	0.0000000
7389.9918487	7349.9844428	7349.6991016	-2.0000667	-2.0000667	0.0574934	0.2662164	0.1738444	0.0000000	0.0000000
7389.9918487	7344.9830735	7344.9696387	-2.0000667	-2.0000667	0.0588252	0.2676019	0.1751146	0.0000000	0.0000000
7389.9918487	7339.9876760	7339.8102246	-2.0000667	-2.0000667	0.0582186	0.2686035	0.1740500	0.0000000	0.0000000
7389.9918487	7334.9876819	7334.6508105	-2.0000667	-2.0000667	0.0592130	0.2652449	0.1756487	0.0000000	0.0000000
7389.9918487	7329.9862695	7329.9213477	-2.0000667	-2.0000667	0.0593774	0.2673329	0.1747404	0.0000000	0.0000000
7389.9918487	7324.9878305	7324.7619336	-2.0000667	-2.0000667	0.0579601	0.2675618	0.1755725	0.0000000	0.0000000
7389.9918487	7319.9843762	7319.6025195	-2.0000667	-2.0000667	0.0591686	0.2680652	0.1763336	0.0000000	0.0000000
7389.9918487	7314.9856062	7314.8730566	-2.0000667	-2.0000667	0.0585465	0.2684764	0.1770682	0.0000000	0.0000000
7389.9918487	7309.9868361	7309.7136426	-2.0000667	-2.0000667	0.0592841	0.2673815	0.1777018	0.0000000	0.0000000
7389.9918487	7304.9850290	7304.6092822	-2.0000667	-2.0000667	0.0602679	0.2684335	0.1771682	0.0000000	0.0000000
7389.9918487	7299.9890361	7299.9348730	-2.0000667	-2.0000667	0.0595820	0.2678096	0.1794530	0.0000000	0.0000000
7389.9918487	7294.9829595	7294.8355176	-2.0000667	-2.0000667	0.0572457	0.2680786	0.1799171	0.0000000	0.0000000
7389.9918487	7289.9824769	7289.7361621	-2.0000667	-2.0000667	0.0593110	0.2659501	0.1784008	0.0000000	0.0000000
7389.9918487	7284.9854524	7284.6368066	-2.0000667	-2.0000667	0.0593959	0.2677469	0.1819196	0.0000000	0.0000000
7389.9918487	7279.9884279	7279.9623975	-2.0000667	-2.0000667	0.0588490	0.2670475	0.1833086	0.0000000	0.0000000
7389.9918487	7274.9837989	7274.8630420	-2.0000667	-2.0000667	0.0586439	0.2673035	0.1842150	0.0000000	0.0000000
7389.9918487	7269.9874598	7269.7636865	-2.0000667	-2.0000667	0.0610643	0.2680801	0.1847500	0.0000000	0.0000000
7389.9918487	7264.9876701	7264.6888672	-2.0000667	-2.0000667	0.0619751	0.2676580	0.1849241	0.0000000	0.0000000
7389.9918487	7259.9890846	7259.6483984	-2.0000667	-2.0000667	0.0636552	0.2678186	0.1844019	0.0000000	0.0000000
7389.9918487	7254.9850358	7254.6079297	-2.0000667	-2.0000667	0.0595847	0.2676965	0.1833958	0.0000000	0.0000000
7389.9918487	7249.9873132	7249.9875000	-2.0000667	-2.0000667	0.0594485	0.2688888	0.1859564	0.0000000	0.0000000
7389.9918487	7244.9864276	7244.9470313	-2.0000667	-2.0000667	0.0589265	0.2674812	0.1852837	0.0000000	0.0000000
7389.9918487	7239.9850844	7239.9065625	-2.0000667	-2.0000667	0.0588292	0.2666785	0.1863002	0.0000000	0.0000000
7389.9918487	7234.9861373	7234.8660938	-2.0000667	-2.0000667	0.0590649	0.2672214	0.1839482	0.0000000	0.0000000
7389.9918487	7229.9871902	7229.8256250	-2.0000667	-2.0000667	0.0571831	0.2662688	0.1829844	0.0000000	0.0000000
7389.9918487	7224.9850300	7224.7851563	-2.0000667	-2.0000667	0.0581610	0.2677266	0.1863052	0.0000000	0.0000000
7389.9918487	7219.9867826	7219.8026367	-2.0000667	-2.0000667	0.0555751	0.2671528	0.1874293	0.0000000	0.0000000
7389.9918487	7214.9885352	7214.8201172	-2.0000667	-2.0000667	0.0558871	0.2672346	0.1846279	0.0000000	0.0000000
7389.9918487	7209.9867265	7209.8375977	-2.0000667	-2.0000667	0.0559858	0.2659039	0.1879230	0.0000000	0.0000000
7389.9918487	7204.9856049	7204.8550781	-2.0000667	-2.0000667	0.0526198	0.2662731	0.1877131	0.0000000	0.0000000
7389.9918487	7199.9909406	7199.8725586	-2.0000667	-2.0000667	0.0522970	0.2665231	0.1902063	0.0000000	0.0000000
7389.9918487	7194.9864212	7194.8900391	-2.0000667	-2.0000667	0.0511664	0.2662889	0.1897698	0.0000000	0.0000000
7389.9918487	7189.9810932	7189.9075195	-2.0000667	-2.0000667	0.0506306	0.2679125	0.1921702	0.0000000	0.0000000
7389.9918487	7184.9857226	7184.9250000	-2.0000667	-2.0000667	0.0481296	0.2667483	0.1908278	0.0000000	0.0000000
7389.9918487	7179.9835760	7179.9804492	-2.0000667	-2.0000667	0.0476405	0.2663461	0.1914608	0.0000000	0.0000000
7389.9918487	7174.9840016	7174.6444189	-2.0000667	-2.0000667	0.0456797	0.2661552	0.1932375	0.0000000	0.0000000
7389.9918487	7169.9879856	7169.7188525	-2.0000667	-2.0000667	0.0417052	0.2661718	0.1916808	0.0000000	0.0000000
7389.9918487	7164.9848528	7164.7932861	-2.0000667	-2.0000667	0.0433779	0.2661328	0.1900720	0.0000000	0.0000000
7389.9918487	7159.9810081	7159.8677197	-2.0000667	-2.0000667	0.0417343	0.2669147	0.1895558	0.0000000	0.0000000
7389.9918487	7154.9859714	7154.9421533	-2.0000667	-2.0000667	0.0396259	0.2668009	0.1909807	0.0000000	0.0000000
7389.9918487	7149.9845143	7149.6061230	-2.0000667	-2.0000667	0.0382963	0.2672039	0.1916807	0.0000000	0.0000000
7389.9918487	7144.9847639	7144.6805566	-2.0000667	-2.0000667	0.0363569	0.2678539	0.1915582	0.0000000	0.0000000
7389.9918487	7139.9856218	7139.7829688	-2.0000667	-2.0000667	0.0341842	0.2670076	0.1904849	0.0000000	0.0000000
7389.9918487	7134.9864797	7134.9133594	-2.0000667	-2.0000667	0.0355819	0.2679589	0.1925847	0.0000000	0.0000000
7389.9918487	7129.9863643	7129.6379492	-2.0000667	-2.0000667	0.0322435	0.2678054	0.1933119	0.0000000	0.0000000
7389.9918487	7124.9850629	7124.7683398	-2.0000667	-2.0000667	0.0318673	0.2673301	0.1935999	0.0000000	0.0000000
7389.9918487	7119.9869188	7119.8987305	-2.0000667	-2.0000667	0.0301749	0.2665228	0.1925127	0.0000000	0.0000000
7389.9918487	7114.9856174	7114.6233203	-2.0000667	-2.0000667	0.0284928	0.2655955	0.1915441	0.0000000	0.0000000
7389.9918487	7109.9882914	7109.7537109	-2.0000667	-2.0000667	0.0268604	0.2662897	0.1950482	0.0000000	0.0000000
7389.9918487	7104.9860308	7104.8841016	-2.0000667	-2.0000667	0.0255497	0.2649628	0.1925419	0.0000000	0.0000000
7389.9918487	7099.9837702	7099.6316406	-2.0000667	-2.0000667	0.0241761	0.2671930	0.1926053	0.0000000	0.0000000
7389.9918487	7094.9817088	7094.8171094	-2.0000667	-2.0000667	0.0231310	0.2670686	0.1957019	0.0000000	0.0000000
7389.9918487	7089.9874198	7089.6013672	-2.0000667	-2.0000667	0.0218293	0.2672599	0.1962913	0.0000000	0.0000000
7389.9918487	7084.9855810	7084.7868359	-2.0000667	-2.0000667	0.0203590	0.2674166	0.1984073	0.0000000	0.0000000
7389.9918487	7079.9875171	7079.9723047	-2.0000667	-2.0000667	0.0190623	0.2667554	0.1964108	0.0000000	0.0000000
7389.9918487	7074.9849890	7074.7565625	-2.0000667	-2.0000667	0.0179099	0.2660544	0.1909026	0.0000000	0.0000000
7389.9918487	7069.9846289	7069.9420313	-2.0000667	-2.0000667	0.0173690	0.2666956	0.1935460	0.0000000	0.0000000
7389.9918487	7064.9842688	7064.7262891	-2.0000667	-2.0000667	0.0159414	0.2657631	0.1936683	0.0000000	0.0000000
7389.9918487	7059.9851958	7059.9297656	-2.0000667	-2.0000667	0.0148748	0.2666024	0.1936665	0.0000000	0.0000000
7389.9918487	7054.9878403	7054.7725488	-2.0000667	-2.0000667	0.0135939	0.2675432	0.1926057	0.0000000	0.0000000
7389.9918487	7049.9839480	7049.6153320	-2.0000667	-2.0000667	0.0124939	0.2682860	0.1957938	0.0000000	0.0000000
7389.9918487	7044.9839562	7044.8548242	-2.0000667	-2.0000667	0.0128230	0.2655415	0.1948689	0.0000000	0.0000000
7389.9918487	7039.9847173	7039.6976074	-2.0000667	-2.0000667	0.0112310	0.2657288	0.1955634	0.0000000	0.0000000
7389.9918487	7034.9887891	7034.9370996	-2.0000667	-2.0000667	0.0102061	0.2654672	0.1976053	0.0000000	0.0000000
7389.9918487	7029.9865333	7029.7798828	-2.0000667	-2.0000667	0.0099067	0.2643809	0.1950768	0.0000000	0.0000000
7389.9918487	7024.9874950	7024.6226660	-2.0000667	-2.0000667	0.0082052	0.2645642	0.1961542	0.0000000	0.0000000
7389.9918487	7019.9852022	7019.8843262	-2.0000667	-2.0000667	0.0072880	0.2668164	0.1984452	0.0000000	0.0000000
7389.9918487	7014.9861162	7014.7847461	-2.0000667	-2.0000667	0.0062549	0.2665857	0.1986898	0.0000000	0.0000000
7389.9918487	7009.9855214	7009.6851660	-2.0000667	-2.0000667	0.0066975	0.2660815	0.1955095	0.0000000	0.0000000
7389.9918487	7004.9849267	7004.9778613	-2.0000667	-2.0000667	0.0057720	0.2662343	0.1964249	0.0000000	0.0000000
7389.9918487	7000.0292969	6999.8782813	-2.0000667	-2.0000667	0.0053965	0.2664325	0.1970294	0.0000000	0.0000000
