7089.9917533	7499.9984178	7499.6820801	-2.0000667	-2.0000667	0.0007646	0.2858074	0.1329259	0.0000000	7090.0000000
7089.9917533	7494.9879671	7494.7226807	-2.0000667	-2.0000667	0.0014137	0.2863851	0.1447708	0.0000000	0.0000000
7089.9917533	7489.9851278	7489.7632813	-2.0000667	-2.0000667	0.0015292	0.2871788	0.1407185	0.0000000	0.0000000
7089.9917533	7484.9878658	7484.8038818	-2.0000667	-2.0000667	0.0021210	0.2868694	0.1408374	0.0000000	0.0000000
7089.9917533	7479.9855080	7479.8981445	-2.0000667	-2.0000667	0.0016096	0.2864744	0.1337561	0.0000000	0.0000000
7089.9917533	7474.9874581	7474.9977734	-2.0000667	-2.0000667	0.0017129	0.2864427	0.1326396	0.0000000	0.0000000
7089.9917533	7469.9868686	7469.6519141	-2.0000667	-2.0000667	0.0030229	0.2869491	0.1412863	0.0000000	0.0000000
7089.9917533	7464.9823752	7464.7515430	-2.0000667	-2.0000667	0.0039847	0.2867570	0.1504623	0.0000000	0.0000000
7089.9917533	7459.9802217	7459.8511719	-2.0000667	-2.0000667	0.0035013	0.2866438	0.1410598	0.0000000	0.0000000
7089.9917533	7454.9866531	7454.9508008	-2.0000667	-2.0000667	0.0033795	0.2873879	0.1383547	0.0000000	0.0000000
7089.9917533	7449.9849944	7449.6049414	-2.0000667	-2.0000667	0.0034226	0.2869432	0.1356476	0.0000000	0.0000000
7089.9917533	7444.9822808	7444.7045703	-2.0000667	-2.0000667	0.0042341	0.2879073	0.1434341	0.0000000	0.0000000
7089.9917533	7439.9795673	7439.8041992	-2.0000667	-2.0000667	0.0061500	0.2856995	0.1424227	0.0000000	0.0000000
7089.9917533	7434.9828522	7434.9618359	-2.0000667	-2.0000667	0.0044469	0.2866478	0.1334862	0.0000000	0.0000000
7089.9917533	7429.9848914	7429.6792578	-2.0000667	-2.0000667	0.0064218	0.2864543	0.1396244	0.0000000	0.0000000
7089.9917533	7424.9840682	7424.8368945	-2.0000667	-2.0000667	0.0105631	0.2863474	0.1424829	0.0000000	0.0000000
7089.9917533	7419.9889997	7419.9945313	-2.0000667	-2.0000667	0.0070687	0.2869954	0.1344290	0.0000000	0.0000000
7089.9917533	7414.9852991	7414.7119531	-2.0000667	-2.0000667	0.0080461	0.2852136	0.1383724	0.0000000	0.0000000
7089.9917533	7409.9893015	7409.8695898	-2.0000667	-2.0000667	0.0095806	0.2856951	0.1415884	0.0000000	0.0000000
7089.9917533	7404.9855505	7404.5870117	-2.0000667	-2.0000667	0.0094949	0.2855897	0.1329788	0.0000000	0.0000000
7089.9917533	7399.9868032	7399.7446484	-2.0000667	-2.0000667	0.0097311	0.2862646	0.1338800	0.0000000	0.0000000
7089.9917533	7394.9856052	7394.9126367	-2.0000667	-2.0000667	0.0101934	0.2872106	0.1320791	0.0000000	0.0000000
7089.9917533	7389.9845657	7389.6921680	-2.0000667	-2.0000667	0.0129606	0.2870553	0.1314607	0.0000000	0.0000000
7089.9917533	7384.9835261	7384.9067383	-2.0000667	-2.0000667	0.0185759	0.2863792	0.1392722	0.0000000	0.0000000
7089.9917533	7379.9860592	7379.6862695	-2.0000667	-2.0000667	0.0249458	0.2850483	0.1434330	0.0000000	0.0000000
7089.9917533	7374.9819628	7374.9008398	-2.0000667	-2.0000667	0.0280985	0.2850576	0.1464148	0.0000000	0.0000000
7089.9917533	7369.9839616	7369.6803711	-2.0000667	-2.0000667	0.0206368	0.2873645	0.1348391	0.0000000	0.0000000
7089.9917533	7364.9814683	7364.8949414	-2.0000667	-2.0000667	0.0183704	0.2845040	0.1326028	0.0000000	0.0000000
7089.9917533	7359.9861795	7359.6744727	-2.0000667	-2.0000667	0.0284341	0.2847972	0.1392714	0.0000000	0.0000000
7089.9917533	7354.9814419	7354.8890430	-2.0000667	-2.0000667	0.0308971	0.2848931	0.1432906	0.0000000	0.0000000
7089.9917533	7349.9844428	7349.6991016	-2.0000667	-2.0000667	0.0285914	0.2845425	0.1437874	0.0000000	0.0000000
7089.9917533	7344.9830735	7344.9696387	-2.0000667	-2.0000667	0.0277124	0.2870013	0.1432070	0.0000000	0.0000000
7089.9917533	7339.9876760	7339.8102246	-2.0000667	-2.0000667	0.0346780	0.2875393	0.1388210	0.0000000	0.0000000
7089.9917533	7334.9876819	7334.6508105	-2.0000667	-2.0000667	0.0335254	0.2874766	0.1350536	0.0000000	0.0000000
7089.9917533	7329.9862695	7329.9213477	-2.0000667	-2.0000667	0.0275291	0.2872671	0.1277247	0.0000000	0.0000000
7089.9917533	7324.9878305	7324.7619336	-2.0000667	-2.0000667	0.0426017	0.2834633	0.1381974	0.0000000	0.0000000
7089.9917533	7319.9843762	7319.6025195	-2.0000667	-2.0000667	0.0488256	0.2871149	0.1366302	0.0000000	0.0000000
7089.9917533	7314.9856062	7314.8730566	-2.0000667	-2.0000667	0.0462523	0.2887991	0.1321088	0.0000000	0.0000000
7089.9917533	7309.9868361	7309.7136426	-2.0000667	-2.0000667	0.0554453	0.2900540	0.1370944	0.0000000	0.0000000
7089.9917533	7304.9850290	7304.6092822	-2.0000667	-2.0000667	0.0605931	0.2883711	0.1389316	0.0000000	0.0000000
7089.9917533	7299.9861565	7299.9348730	-2.0000667	-2.0000667	0.0513838	0.2906141	0.1344360	0.0000000	0.0000000
7089.9917533	7294.9795014	7294.8355176	-2.0000667	-2.0000667	0.0454043	0.2881858	0.1305063	0.0000000	0.0000000
7089.9917533	7289.9824769	7289.7361621	-2.0000667	-2.0000667	0.0810667	0.2868954	0.1474956	0.0000000	0.0000000
7089.9917533	7284.9854524	7284.6368066	-2.0000667	-2.0000667	0.0773651	0.2849818	0.1491293	0.0000000	0.0000000
7089.9917533	7279.9884279	7279.9623975	-2.0000667	-2.0000667	0.0728605	0.2849396	0.1424454	0.0000000	0.0000000
7089.9917533	7274.9837989	7274.8630420	-2.0000667	-2.0000667	0.0802365	0.2873951	0.1465634	0.0000000	0.0000000
7089.9917533	7269.9840093	7269.7636865	-2.0000667	-2.0000667	0.0768390	0.2874559	0.1390146	0.0000000	0.0000000
7089.9917533	7264.9842196	7264.6888672	-2.0000667	-2.0000667	0.0764595	0.2852496	0.1366544	0.0000000	0.0000000
7089.9917533	7259.9859215	7259.6483984	-2.0000667	-2.0000667	0.0871055	0.2861205	0.1383124	0.0000000	0.0000000
7089.9917533	7254.9818727	7254.6079297	-2.0000667	-2.0000667	0.1101655	0.2855168	0.1451173	0.0000000	0.0000000
7089.9917533	7249.9873132	7249.9875000	-2.0000667	-2.0000667	0.1207561	0.2866682	0.1493802	0.0000000	0.0000000
7089.9917533	7244.9864276	7244.9470313	-2.0000667	-2.0000667	0.1258977	0.2855109	0.1516991	0.0000000	0.0000000
7089.9917533	7239.9850844	7239.9065625	-2.0000667	-2.0000667	0.1376113	0.2861465	0.1528615	0.0000000	0.0000000
7089.9917533	7234.9861373	7234.8660938	-2.0000667	-2.0000667	0.1412323	0.2839064	0.1509974	0.0000000	0.0000000
7089.9917533	7229.9901764	7229.8256250	-2.0000667	-2.0000667	0.1366185	0.2856002	0.1480300	0.0000000	0.0000000
7089.9917533	7224.9879209	7224.7851563	-2.0000667	-2.0000667	0.1101029	0.2854612	0.1397869	0.0000000	0.0000000
7089.9917533	7219.9867826	7219.8026367	-2.0000667	-2.0000667	0.1173170	0.2850126	0.1386034	0.0000000	0.0000000
7089.9917533	7214.9827535	7214.8201172	-2.0000667	-2.0000667	0.1366774	0.2848981	0.1502281	0.0000000	0.0000000
7089.9917533	7209.9834979	7209.8375977	-2.0000667	-2.0000667	0.1572913	0.2831902	0.1545972	0.0000000	0.0000000
7089.9917533	7204.9823763	7204.8550781	-2.0000667	-2.0000667	0.1445835	0.2854042	0.1476416	0.0000000	0.0000000
7089.9917533	7199.9844833	7199.8725586	-2.0000667	-2.0000667	0.1450067	0.2838699	0.1463285	0.0000000	0.0000000
7089.9917533	7194.9864212	7194.8900391	-2.0000667	-2.0000667	0.1434642	0.2856133	0.1431592	0.0000000	0.0000000
7089.9917533	7189.9844123	7189.9075195	-2.0000667	-2.0000667	0.1508687	0.2842994	0.1464487	0.0000000	0.0000000
7089.9917533	7184.9857226	7184.9250000	-2.0000667	-2.0000667	0.1454996	0.2874955	0.1435297	0.0000000	0.0000000
7089.9917533	7179.9835760	7179.9804492	-2.0000667	-2.0000667	0.1494536	0.2878473	0.1447760	0.0000000	0.0000000
7089.9917533	7174.9804432	7174.6444189	-2.0000667	-2.0000667	0.1678506	0.2856678	0.1490149	0.0000000	0.0000000
7089.9917533	7169.9844272	7169.7188525	-2.0000667	-2.0000667	0.1681229	0.2873599	0.1481288	0.0000000	0.0000000
7089.9917533	7164.9848528	7164.7932861	-2.0000667	-2.0000667	0.1629092	0.2866270	0.1415682	0.0000000	0.0000000
7089.9917533	7159.9810081	7159.8677197	-2.0000667	-2.0000667	0.1983920	0.2863735	0.1526636	0.0000000	0.0000000
7089.9917533	7154.9859714	7154.9421533	-2.0000667	-2.0000667	0.2216490	0.2875792	0.1560137	0.0000000	0.0000000
7089.9917533	7149.9845143	7149.6061230	-2.0000667	-2.0000667	0.2055712	0.2842732	0.1487782	0.0000000	0.0000000
7089.9917533	7144.9847639	7144.6805566	-2.0000667	-2.0000667	0.2073617	0.2891508	0.1447617	0.0000000	0.0000000
7089.9917533	7139.9824934	7139.7829688	-2.0000667	-2.0000667	0.2171464	0.2874288	0.1480386	0.0000000	0.0000000
7089.9917533	7134.9864797	7134.9133594	-2.0000667	-2.0000667	0.2223494	0.2867725	0.1502897	0.0000000	0.0000000
7089.9917533	7129.9832069	7129.6379492	-2.0000667	-2.0000667	0.2235311	0.2875754	0.1485728	0.0000000	0.0000000
7089.9917533	7124.9850629	7124.7683398	-2.0000667	-2.0000667	0.2120173	0.2846637	0.1439913	0.0000000	0.0000000
7089.9917533	7119.9869188	7119.8987305	-2.0000667	-2.0000667	0.1835125	0.2864540	0.1362010	0.0000000	0.0000000
7089.9917533	7114.9856174	7114.6233203	-2.0000667	-2.0000667	0.2146932	0.2858970	0.1412568	0.0000000	0.0000000
7089.9917533	7109.9847957	7109.7537109	-2.0000667	-2.0000667	0.2352751	0.2876681	0.1439941	0.0000000	0.0000000
7089.9917533	7104.9825351	7104.8841016	-2.0000667	-2.0000667	0.2495618	0.2872220	0.1498510	0.0000000	0.0000000
7089.9917533	7099.9837702	7099.6316406	-2.0000667	-2.0000667	0.2785376	0.2874594	0.1556740	0.0000000	0.0000000
7089.9917533	7094.9817088	7094.8171094	-2.0000667	-2.0000667	0.2501273	0.2853423	0.1511736	0.0000000	0.0000000
7089.9917533	7089.9836449	7089.6013672	-2.0000667	-2.0000667	0.2617102	0.2841494	0.1508290	0.0000000	0.0000000
7089.9917533	7084.9855810	7084.7868359	-2.0000667	-2.0000667	0.2572103	0.2856776	0.1497922	0.0000000	0.0000000
7089.9917533	7079.9837421	7079.9723047	-2.0000667	-2.0000667	0.2188048	0.2875995	0.1407537	0.0000000	0.0000000
7089.9917533	7074.9849890	7074.7565625	-2.0000667	-2.0000667	0.2402494	0.2866892	0.1453743	0.0000000	0.0000000
7089.9917533	7069.9846289	7069.9420313	-2.0000667	-2.0000667	0.2739224	0.2862534	0.1550981	0.0000000	0.0000000
7089.9917533	7064.9842688	7064.7262891	-2.0000667	-2.0000667	0.2668536	0.2871656	0.1501820	0.0000000	0.0000000
7089.9917533	7059.9851958	7059.9297656	-2.0000667	-2.0000667	0.2755370	0.2854542	0.1520338	0.0000000	0.0000000
7089.9917533	7054.9845719	7054.7725488	-2.0000667	-2.0000667	0.2777419	0.2869438	0.1555266	0.0000000	0.0000000
7089.9917533	7049.9806796	7049.6153320	-2.0000667	-2.0000667	0.2599724	0.2849702	0.1529473	0.0000000	0.0000000
7089.9917533	7044.9806454	7044.8548242	-2.0000667	-2.0000667	0.2393129	0.2857595	0.1494695	0.0000000	0.0000000
7089.9917533	7039.9814065	7039.6976074	-2.0000667	-2.0000667	0.2231578	0.2868308	0.1402224	0.0000000	0.0000000
7089.9917533	7034.9887891	7034.9370996	-2.0000667	-2.0000667	0.2785723	0.2860178	0.1604401	0.0000000	0.0000000
7089.9917533	7029.9865333	7029.7798828	-2.0000667	-2.0000667	0.2783673	0.2864271	0.1574983	0.0000000	0.0000000
7089.9917533	7024.9842404	7024.6226660	-2.0000667	-2.0000667	0.2662870	0.2868577	0.1528927	0.0000000	0.0000000
7089.9917533	7019.9852022	7019.8843262	-2.0000667	-2.0000667	0.2658618	0.2864824	0.1571960	0.0000000	0.0000000
7089.9917533	7014.9861162	7014.7847461	-2.0000667	-2.0000667	0.2471377	0.2870497	0.1518992	0.0000000	0.0000000
7089.9917533	7009.9855214	7009.6851660	-2.0000667	-2.0000667	0.2536812	0.2868007	0.1551196	0.0000000	0.0000000
7089.9917533	7004.9816281	7004.9778613	-2.0000667	-2.0000667	0.2467352	0.2866432	0.1573519	0.0000000	0.0000000
7089.9917533	7000.0292969	6999.8782813	-2.0000667	-2.0000667	0.2302465	0.2872898	0.1540045	0.0000000	0.0000000
