7444.9945527	7499.9984178	7499.6820801	-2.0000667	-2.0000667	0.0182958	0.2741467	0.1548442	0.0000000	7445.0000000
7444.9945527	7494.9879671	7494.7226807	-2.0000667	-2.0000667	0.0199692	0.2718024	0.1602117	0.0000000	0.0000000
7444.9945527	7489.9879164	7489.7632813	-2.0000667	-2.0000667	0.0231587	0.2705868	0.1676818	0.0000000	0.0000000
7444.9945527	7484.9878658	7484.8038818	-2.0000667	-2.0000667	0.0252041	0.2672892	0.1667128	0.0000000	0.0000000
7444.9945527	7479.9905873	7479.8981445	-2.0000667	-2.0000667	0.0241483	0.2715188	0.1613496	0.0000000	0.0000000
7444.9945527	7474.9849184	7474.9977734	-2.0000667	-2.0000667	0.0248486	0.2691879	0.1599832	0.0000000	0.0000000
7444.9945527	7469.9919479	7469.6519141	-2.0000667	-2.0000667	0.0246658	0.2698615	0.1594191	0.0000000	0.0000000
7444.9945527	7464.9852369	7464.7515430	-2.0000667	-2.0000667	0.0278073	0.2666046	0.1600343	0.0000000	0.0000000
7444.9945527	7459.9859450	7459.8511719	-2.0000667	-2.0000667	0.0328484	0.2629199	0.1523416	0.0000000	0.0000000
7444.9945527	7454.9895148	7454.9508008	-2.0000667	-2.0000667	0.0425708	0.2642549	0.1537490	0.0000000	0.0000000
7444.9945527	7449.9879936	7449.6049414	-2.0000667	-2.0000667	0.0272732	0.2617476	0.1572960	0.0000000	0.0000000
7444.9945527	7444.9852800	7444.7045703	-2.0000667	-2.0000667	0.0264558	0.2722234	0.1585460	0.0000000	0.0000000
7444.9945527	7439.9825665	7439.8041992	-2.0000667	-2.0000667	0.0313732	0.2697379	0.1571299	0.0000000	0.0000000
7444.9945527	7434.9858514	7434.9618359	-2.0000667	-2.0000667	0.0323856	0.2669711	0.1554814	0.0000000	0.0000000
7444.9945527	7429.9877688	7429.6792578	-2.0000667	-2.0000667	0.0322361	0.2721970	0.1587236	0.0000000	0.0000000
7444.9945527	7424.9869456	7424.8368945	-2.0000667	-2.0000667	0.0342341	0.2679290	0.1590861	0.0000000	0.0000000
7444.9945527	7419.9889997	7419.9945313	-2.0000667	-2.0000667	0.0314774	0.2655005	0.1583733	0.0000000	0.0000000
7444.9945527	7414.9852991	7414.7119531	-2.0000667	-2.0000667	0.0337250	0.2642538	0.1534972	0.0000000	0.0000000
7444.9945527	7409.9893015	7409.8695898	-2.0000667	-2.0000667	0.0298215	0.2615328	0.1579656	0.0000000	0.0000000
7444.9945527	7404.9855505	7404.5870117	-2.0000667	-2.0000667	0.0318999	0.2644451	0.1554792	0.0000000	0.0000000
7444.9945527	7399.9868032	7399.7446484	-2.0000667	-2.0000667	0.0336116	0.2681404	0.1539484	0.0000000	0.0000000
7444.9945527	7394.9884007	7394.9126367	-2.0000667	-2.0000667	0.0386208	0.2662692	0.1538292	0.0000000	0.0000000
7444.9945527	7389.9873611	7389.6921680	-2.0000667	-2.0000667	0.0382601	0.2705728	0.1601910	0.0000000	0.0000000
7444.9945527	7384.9891170	7384.9067383	-2.0000667	-2.0000667	0.0456207	0.2723970	0.1589060	0.0000000	0.0000000
7444.9945527	7379.9860592	7379.6862695	-2.0000667	-2.0000667	0.0453486	0.2726803	0.1647719	0.0000000	0.0000000
7444.9945527	7374.9850104	7374.9008398	-2.0000667	-2.0000667	0.0464966	0.2725621	0.1663486	0.0000000	0.0000000
7444.9945527	7369.9839616	7369.6803711	-2.0000667	-2.0000667	0.0512205	0.2734764	0.1682035	0.0000000	0.0000000
7444.9945527	7364.9814683	7364.8949414	-2.0000667	-2.0000667	0.0546876	0.2736377	0.1679050	0.0000000	0.0000000
7444.9945527	7359.9861795	7359.6744727	-2.0000667	-2.0000667	0.0557218	0.2729592	0.1689535	0.0000000	0.0000000
7444.9945527	7354.9814419	7354.8890430	-2.0000667	-2.0000667	0.0479252	0.2698207	0.1644084	0.0000000	0.0000000
7444.9945527	7349.9844428	7349.6991016	-2.0000667	-2.0000667	0.0515232	0.2725579	0.1673674	0.0000000	0.0000000
7444.9945527	7344.9830735	7344.9696387	-2.0000667	-2.0000667	0.0467056	0.2726893	0.1693154	0.0000000	0.0000000
7444.9945527	7339.9876760	7339.8102246	-2.0000667	-2.0000667	0.0548475	0.2718367	0.1717267	0.0000000	0.0000000
7444.9945527	7334.9876819	7334.6508105	-2.0000667	-2.0000667	0.0496503	0.2717223	0.1712692	0.0000000	0.0000000
7444.9945527	7329.9862695	7329.9213477	-2.0000667	-2.0000667	0.0494010	0.2714320	0.1724702	0.0000000	0.0000000
7444.9945527	7324.9878305	7324.7619336	-2.0000667	-2.0000667	0.0494974	0.2699133	0.1748016	0.0000000	0.0000000
7444.9945527	7319.9843762	7319.6025195	-2.0000667	-2.0000667	0.0519615	0.2709075	0.1723812	0.0000000	0.0000000
7444.9945527	7314.9856062	7314.8730566	-2.0000667	-2.0000667	0.0499789	0.2686974	0.1688508	0.0000000	0.0000000
7444.9945527	7309.9896132	7309.7136426	-2.0000667	-2.0000667	0.0471744	0.2704969	0.1682594	0.0000000	0.0000000
7444.9945527	7304.9879085	7304.6092822	-2.0000667	-2.0000667	0.0527113	0.2709192	0.1725115	0.0000000	0.0000000
7444.9945527	7299.9890361	7299.9348730	-2.0000667	-2.0000667	0.0485105	0.2705123	0.1737474	0.0000000	0.0000000
7444.9945527	7294.9829595	7294.8355176	-2.0000667	-2.0000667	0.0532366	0.2693180	0.1741169	0.0000000	0.0000000
7444.9945527	7289.9859351	7289.7361621	-2.0000667	-2.0000667	0.0529615	0.2721489	0.1781566	0.0000000	0.0000000
7444.9945527	7284.9854524	7284.6368066	-2.0000667	-2.0000667	0.0465160	0.2714799	0.1712441	0.0000000	0.0000000
7444.9945527	7279.9884279	7279.9623975	-2.0000667	-2.0000667	0.0696925	0.2716177	0.1677670	0.0000000	0.0000000
7444.9945527	7274.9872494	7274.8630420	-2.0000667	-2.0000667	0.0446804	0.2724681	0.1662020	0.0000000	0.0000000
7444.9945527	7269.9874598	7269.7636865	-2.0000667	-2.0000667	0.0417880	0.2710299	0.1699027	0.0000000	0.0000000
7444.9945527	7264.9876701	7264.6888672	-2.0000667	-2.0000667	0.0399484	0.2663015	0.1662820	0.0000000	0.0000000
7444.9945527	7259.9859215	7259.6483984	-2.0000667	-2.0000667	0.0390720	0.2634943	0.1655933	0.0000000	0.0000000
7444.9945527	7254.9818727	7254.6079297	-2.0000667	-2.0000667	0.0343840	0.2698115	0.1705934	0.0000000	0.0000000
7444.9945527	7249.9841501	7249.9875000	-2.0000667	-2.0000667	0.0386813	0.2693468	0.1698090	0.0000000	0.0000000
7444.9945527	7244.9832645	7244.9470313	-2.0000667	-2.0000667	0.0314513	0.2689395	0.1640410	0.0000000	0.0000000
7444.9945527	7239.9820982	7239.9065625	-2.0000667	-2.0000667	0.0324397	0.2643015	0.1623801	0.0000000	0.0000000
7444.9945527	7234.9891235	7234.8660938	-2.0000667	-2.0000667	0.0303185	0.2574160	0.1603224	0.0000000	0.0000000
7444.9945527	7229.9901764	7229.8256250	-2.0000667	-2.0000667	0.0373335	0.2652002	0.1630233	0.0000000	0.0000000
7444.9945527	7224.9850300	7224.7851563	-2.0000667	-2.0000667	0.0384066	0.2676097	0.1671191	0.0000000	0.0000000
7444.9945527	7219.9867826	7219.8026367	-2.0000667	-2.0000667	0.0364323	0.2668475	0.1651978	0.0000000	0.0000000
7444.9945527	7214.9885352	7214.8201172	-2.0000667	-2.0000667	0.0288318	0.2646769	0.1642876	0.0000000	0.0000000
7444.9945527	7209.9867265	7209.8375977	-2.0000667	-2.0000667	0.0352042	0.2641864	0.1712915	0.0000000	0.0000000
7444.9945527	7204.9823763	7204.8550781	-2.0000667	-2.0000667	0.0346459	0.2719100	0.1751655	0.0000000	0.0000000
7444.9945527	7199.9844833	7199.8725586	-2.0000667	-2.0000667	0.0493762	0.2704603	0.1681665	0.0000000	0.0000000
7444.9945527	7194.9864212	7194.8900391	-2.0000667	-2.0000667	0.0332496	0.2705620	0.1679739	0.0000000	0.0000000
7444.9945527	7189.9844123	7189.9075195	-2.0000667	-2.0000667	0.0333976	0.2672882	0.1692050	0.0000000	0.0000000
7444.9945527	7184.9890418	7184.9250000	-2.0000667	-2.0000667	0.0319282	0.2668542	0.1693461	0.0000000	0.0000000
7444.9945527	7179.9871345	7179.9804492	-2.0000667	-2.0000667	0.0334761	0.2694371	0.1694084	0.0000000	0.0000000
7444.9945527	7174.9840016	7174.6444189	-2.0000667	-2.0000667	0.0249098	0.2681948	0.1686846	0.0000000	0.0000000
7444.9945527	7169.9879856	7169.7188525	-2.0000667	-2.0000667	0.0294230	0.2665015	0.1733531	0.0000000	0.0000000
7444.9945527	7164.9848528	7164.7932861	-2.0000667	-2.0000667	0.0279127	0.2722627	0.1778307	0.0000000	0.0000000
7444.9945527	7159.9874285	7159.8677197	-2.0000667	-2.0000667	0.0289103	0.2733612	0.1783737	0.0000000	0.0000000
7444.9945527	7154.9859714	7154.9421533	-2.0000667	-2.0000667	0.0255382	0.2734781	0.1795479	0.0000000	0.0000000
7444.9945527	7149.9845143	7149.6061230	-2.0000667	-2.0000667	0.0276454	0.2733239	0.1764752	0.0000000	0.0000000
7444.9945527	7144.9847639	7144.6805566	-2.0000667	-2.0000667	0.0261597	0.2724504	0.1765693	0.0000000	0.0000000
7444.9945527	7139.9824934	7139.7829688	-2.0000667	-2.0000667	0.0246646	0.2737358	0.1780239	0.0000000	0.0000000
7444.9945527	7134.9864797	7134.9133594	-2.0000667	-2.0000667	0.0228700	0.2728879	0.1753048	0.0000000	0.0000000
7444.9945527	7129.9832069	7129.6379492	-2.0000667	-2.0000667	0.0211241	0.2696780	0.1735060	0.0000000	0.0000000
7444.9945527	7124.9850629	7124.7683398	-2.0000667	-2.0000667	0.0207244	0.2686367	0.1713390	0.0000000	0.0000000
7444.9945527	7119.9837614	7119.8987305	-2.0000667	-2.0000667	0.0330582	0.2718309	0.1766743	0.0000000	0.0000000
7444.9945527	7114.9824600	7114.6233203	-2.0000667	-2.0000667	0.0184003	0.2725437	0.1751322	0.0000000	0.0000000
7444.9945527	7109.9882914	7109.7537109	-2.0000667	-2.0000667	0.0160897	0.2697695	0.1741865	0.0000000	0.0000000
7444.9945527	7104.9825351	7104.8841016	-2.0000667	-2.0000667	0.0167773	0.2682692	0.1727986	0.0000000	0.0000000
7444.9945527	7099.9837702	7099.6316406	-2.0000667	-2.0000667	0.0152197	0.2681984	0.1690530	0.0000000	0.0000000
7444.9945527	7094.9817088	7094.8171094	-2.0000667	-2.0000667	0.0135314	0.2690537	0.1695299	0.0000000	0.0000000
7444.9945527	7089.9874198	7089.6013672	-2.0000667	-2.0000667	0.0128672	0.2696401	0.1716429	0.0000000	0.0000000
7444.9945527	7084.9818060	7084.7868359	-2.0000667	-2.0000667	0.0121847	0.2691836	0.1725703	0.0000000	0.0000000
7444.9945527	7079.9837421	7079.9723047	-2.0000667	-2.0000667	0.0101807	0.2686959	0.1714463	0.0000000	0.0000000
7444.9945527	7074.9886177	7074.7565625	-2.0000667	-2.0000667	0.0101145	0.2693661	0.1738269	0.0000000	0.0000000
7444.9945527	7069.9846289	7069.9420313	-2.0000667	-2.0000667	0.0110868	0.2699639	0.1758749	0.0000000	0.0000000
7444.9945527	7064.9842688	7064.7262891	-2.0000667	-2.0000667	0.0086401	0.2692134	0.1739324	0.0000000	0.0000000
7444.9945527	7059.9851958	7059.9297656	-2.0000667	-2.0000667	0.0083586	0.2730688	0.1773458	0.0000000	0.0000000
7444.9945527	7054.9845719	7054.7725488	-2.0000667	-2.0000667	0.0077816	0.2721921	0.1769604	0.0000000	0.0000000
7444.9945527	7049.9839480	7049.6153320	-2.0000667	-2.0000667	0.0132290	0.2714550	0.1786189	0.0000000	0.0000000
7444.9945527	7044.9839562	7044.8548242	-2.0000667	-2.0000667	0.0065001	0.2696846	0.1768577	0.0000000	0.0000000
7444.9945527	7039.9880280	7039.6976074	-2.0000667	-2.0000667	0.0060012	0.2717166	0.1770874	0.0000000	0.0000000
7444.9945527	7034.9854783	7034.9370996	-2.0000667	-2.0000667	0.0053478	0.2708896	0.1740618	0.0000000	0.0000000
7444.9945527	7029.9897879	7029.7798828	-2.0000667	-2.0000667	0.0047657	0.2703748	0.1757906	0.0000000	0.0000000
7444.9945527	7024.9842404	7024.6226660	-2.0000667	-2.0000667	0.0048009	0.2701296	0.1771421	0.0000000	0.0000000
7444.9945527	7019.9852022	7019.8843262	-2.0000667	-2.0000667	0.0039171	0.2714203	0.1763301	0.0000000	0.0000000
7444.9945527	7014.9861162	7014.7847461	-2.0000667	-2.0000667	0.0036398	0.2710205	0.1753998	0.0000000	0.0000000
7444.9945527	7009.9855214	7009.6851660	-2.0000667	-2.0000667	0.0035636	0.2676088	0.1709161	0.0000000	0.0000000
7444.9945527	7004.9849267	7004.9778613	-2.0000667	-2.0000667	0.0027749	0.2623373	0.1637152	0.0000000	0.0000000
7444.9945527	7000.0292969	6999.8782813	-2.0000667	-2.0000667	0.0026260	0.2697372	0.1708929	0.0000000	0.0000000
