7304.9951572	7499.9984178	7499.6820801	-2.0000667	-2.0000667	0.0230629	0.2541598	0.1575996	0.0000000	7305.0000000
7304.9951572	7494.9879671	7494.7226807	-2.0000667	-2.0000667	0.0268236	0.2546658	0.1610205	0.0000000	0.0000000
7304.9951572	7489.9851278	7489.7632813	-2.0000667	-2.0000667	0.0265872	0.2541292	0.1596478	0.0000000	0.0000000
7304.9951572	7484.9878658	7484.8038818	-2.0000667	-2.0000667	0.0283340	0.2548896	0.1603903	0.0000000	0.0000000
7304.9951572	7479.9931269	7479.8981445	-2.0000667	-2.0000667	0.0293704	0.2529177	0.1591243	0.0000000	0.0000000
7304.9951572	7474.9849184	7474.9977734	-2.0000667	-2.0000667	0.0316086	0.2528041	0.1619664	0.0000000	0.0000000
7304.9951572	7469.9894082	7469.6519141	-2.0000667	-2.0000667	0.0328044	0.2532303	0.1630511	0.0000000	0.0000000
7304.9951572	7464.9880985	7464.7515430	-2.0000667	-2.0000667	0.0344856	0.2532869	0.1610125	0.0000000	0.0000000
7304.9951572	7459.9830834	7459.8511719	-2.0000667	-2.0000667	0.0363427	0.2521129	0.1609041	0.0000000	0.0000000
7304.9951572	7454.9866531	7454.9508008	-2.0000667	-2.0000667	0.0391176	0.2523679	0.1623226	0.0000000	0.0000000
7304.9951572	7449.9849944	7449.6049414	-2.0000667	-2.0000667	0.0404340	0.2534718	0.1669318	0.0000000	0.0000000
7304.9951572	7444.9822808	7444.7045703	-2.0000667	-2.0000667	0.0421549	0.2547462	0.1675737	0.0000000	0.0000000
7304.9951572	7439.9825665	7439.8041992	-2.0000667	-2.0000667	0.0416121	0.2549150	0.1644148	0.0000000	0.0000000
7304.9951572	7434.9828522	7434.9618359	-2.0000667	-2.0000667	0.0434934	0.2536578	0.1644502	0.0000000	0.0000000
7304.9951572	7429.9906461	7429.6792578	-2.0000667	-2.0000667	0.0449884	0.2555857	0.1669080	0.0000000	0.0000000
7304.9951572	7424.9869456	7424.8368945	-2.0000667	-2.0000667	0.0504128	0.2552065	0.1670925	0.0000000	0.0000000
7304.9951572	7419.9861223	7419.9945313	-2.0000667	-2.0000667	0.0502612	0.2556179	0.1690540	0.0000000	0.0000000
7304.9951572	7414.9852991	7414.7119531	-2.0000667	-2.0000667	0.0519797	0.2543485	0.1661473	0.0000000	0.0000000
7304.9951572	7409.9893015	7409.8695898	-2.0000667	-2.0000667	0.0540842	0.2570573	0.1656427	0.0000000	0.0000000
7304.9951572	7404.9855505	7404.5870117	-2.0000667	-2.0000667	0.0527125	0.2560171	0.1614390	0.0000000	0.0000000
7304.9951572	7399.9868032	7399.7446484	-2.0000667	-2.0000667	0.0542649	0.2585234	0.1628904	0.0000000	0.0000000
7304.9951572	7394.9884007	7394.9126367	-2.0000667	-2.0000667	0.0576416	0.2568536	0.1638499	0.0000000	0.0000000
7304.9951572	7389.9873611	7389.6921680	-2.0000667	-2.0000667	0.0599166	0.2573173	0.1639646	0.0000000	0.0000000
7304.9951572	7384.9891170	7384.9067383	-2.0000667	-2.0000667	0.0608373	0.2566031	0.1645354	0.0000000	0.0000000
7304.9951572	7379.9830116	7379.6862695	-2.0000667	-2.0000667	0.0632312	0.2567545	0.1650952	0.0000000	0.0000000
7304.9951572	7374.9850104	7374.9008398	-2.0000667	-2.0000667	0.0668529	0.2569603	0.1663944	0.0000000	0.0000000
7304.9951572	7369.9839616	7369.6803711	-2.0000667	-2.0000667	0.0690522	0.2564750	0.1688931	0.0000000	0.0000000
7304.9951572	7364.9814683	7364.8949414	-2.0000667	-2.0000667	0.0724664	0.2563364	0.1732407	0.0000000	0.0000000
7304.9951572	7359.9861795	7359.6744727	-2.0000667	-2.0000667	0.0735385	0.2553879	0.1738601	0.0000000	0.0000000
7304.9951572	7354.9845915	7354.8890430	-2.0000667	-2.0000667	0.0740211	0.2546871	0.1738556	0.0000000	0.0000000
7304.9951572	7349.9844428	7349.6991016	-2.0000667	-2.0000667	0.0788070	0.2528091	0.1746075	0.0000000	0.0000000
7304.9951572	7344.9830735	7344.9696387	-2.0000667	-2.0000667	0.0798258	0.2538850	0.1776962	0.0000000	0.0000000
7304.9951572	7339.9876760	7339.8102246	-2.0000667	-2.0000667	0.0798375	0.2550031	0.1774795	0.0000000	0.0000000
7304.9951572	7334.9876819	7334.6508105	-2.0000667	-2.0000667	0.0826942	0.2564639	0.1773966	0.0000000	0.0000000
7304.9951572	7329.9862695	7329.9213477	-2.0000667	-2.0000667	0.0839434	0.2546774	0.1756685	0.0000000	0.0000000
7304.9951572	7324.9878305	7324.7619336	-2.0000667	-2.0000667	0.0911566	0.2542841	0.1805858	0.0000000	0.0000000
7304.9951572	7319.9843762	7319.6025195	-2.0000667	-2.0000667	0.0983286	0.2533695	0.1805032	0.0000000	0.0000000
7304.9951572	7314.9883833	7314.8730566	-2.0000667	-2.0000667	0.1008683	0.2544399	0.1795538	0.0000000	0.0000000
7304.9951572	7309.9868361	7309.7136426	-2.0000667	-2.0000667	0.0968428	0.2563138	0.1796012	0.0000000	0.0000000
7304.9951572	7304.9879085	7304.6092822	-2.0000667	-2.0000667	0.0982101	0.2566251	0.1803676	0.0000000	0.0000000
7304.9951572	7299.9861565	7299.9348730	-2.0000667	-2.0000667	0.0951549	0.2559402	0.1796572	0.0000000	0.0000000
7304.9951572	7294.9795014	7294.8355176	-2.0000667	-2.0000667	0.0942908	0.2547979	0.1781412	0.0000000	0.0000000
7304.9951572	7289.9859351	7289.7361621	-2.0000667	-2.0000667	0.0923572	0.2547227	0.1807637	0.0000000	0.0000000
7304.9951572	7284.9854524	7284.6368066	-2.0000667	-2.0000667	0.0951034	0.2544084	0.1833248	0.0000000	0.0000000
7304.9951572	7279.9884279	7279.9623975	-2.0000667	-2.0000667	0.0929502	0.2529194	0.1848683	0.0000000	0.0000000
7304.9951572	7274.9906999	7274.8630420	-2.0000667	-2.0000667	0.0957354	0.2545278	0.1848145	0.0000000	0.0000000
7304.9951572	7269.9840093	7269.7636865	-2.0000667	-2.0000667	0.0935491	0.2550878	0.1843275	0.0000000	0.0000000
7304.9951572	7264.9842196	7264.6888672	-2.0000667	-2.0000667	0.0966384	0.2557145	0.1874647	0.0000000	0.0000000
7304.9951572	7259.9859215	7259.6483984	-2.0000667	-2.0000667	0.0977579	0.2551493	0.1845024	0.0000000	0.0000000
7304.9951572	7254.9850358	7254.6079297	-2.0000667	-2.0000667	0.0966606	0.2562058	0.1828547	0.0000000	0.0000000
7304.9951572	7249.9873132	7249.9875000	-2.0000667	-2.0000667	0.0986411	0.2566925	0.1830535	0.0000000	0.0000000
7304.9951572	7244.9864276	7244.9470313	-2.0000667	-2.0000667	0.0960088	0.2559235	0.1835963	0.0000000	0.0000000
7304.9951572	7239.9910569	7239.9065625	-2.0000667	-2.0000667	0.0965598	0.2549294	0.1835905	0.0000000	0.0000000
7304.9951572	7234.9891235	7234.8660938	-2.0000667	-2.0000667	0.0956997	0.2546428	0.1836294	0.0000000	0.0000000
7304.9951572	7229.9871902	7229.8256250	-2.0000667	-2.0000667	0.0947708	0.2557430	0.1795786	0.0000000	0.0000000
7304.9951572	7224.9850300	7224.7851563	-2.0000667	-2.0000667	0.0957866	0.2547717	0.1787537	0.0000000	0.0000000
7304.9951572	7219.9867826	7219.8026367	-2.0000667	-2.0000667	0.0965796	0.2558706	0.1790026	0.0000000	0.0000000
7304.9951572	7214.9856444	7214.8201172	-2.0000667	-2.0000667	0.0973593	0.2564941	0.1816541	0.0000000	0.0000000
7304.9951572	7209.9867265	7209.8375977	-2.0000667	-2.0000667	0.0971956	0.2557297	0.1861758	0.0000000	0.0000000
7304.9951572	7204.9823763	7204.8550781	-2.0000667	-2.0000667	0.0950059	0.2552650	0.1897441	0.0000000	0.0000000
7304.9951572	7199.9844833	7199.8725586	-2.0000667	-2.0000667	0.0922771	0.2535121	0.1868135	0.0000000	0.0000000
7304.9951572	7194.9897404	7194.8900391	-2.0000667	-2.0000667	0.0938643	0.2554930	0.1876324	0.0000000	0.0000000
7304.9951572	7189.9844123	7189.9075195	-2.0000667	-2.0000667	0.0904385	0.2567701	0.1849911	0.0000000	0.0000000
7304.9951572	7184.9890418	7184.9250000	-2.0000667	-2.0000667	0.0877245	0.2554357	0.1858658	0.0000000	0.0000000
7304.9951572	7179.9835760	7179.9804492	-2.0000667	-2.0000667	0.0864769	0.2547721	0.1877189	0.0000000	0.0000000
7304.9951572	7174.9840016	7174.6444189	-2.0000667	-2.0000667	0.0831919	0.2552839	0.1866219	0.0000000	0.0000000
7304.9951572	7169.9844272	7169.7188525	-2.0000667	-2.0000667	0.0783636	0.2541924	0.1861458	0.0000000	0.0000000
7304.9951572	7164.9848528	7164.7932861	-2.0000667	-2.0000667	0.0883508	0.2524136	0.1860094	0.0000000	0.0000000
7304.9951572	7159.9842183	7159.8677197	-2.0000667	-2.0000667	0.0846733	0.2528691	0.1844288	0.0000000	0.0000000
7304.9951572	7154.9859714	7154.9421533	-2.0000667	-2.0000667	0.0837180	0.2539565	0.1852871	0.0000000	0.0000000
7304.9951572	7149.9845143	7149.6061230	-2.0000667	-2.0000667	0.0816794	0.2565294	0.1847886	0.0000000	0.0000000
7304.9951572	7144.9847639	7144.6805566	-2.0000667	-2.0000667	0.0806700	0.2556779	0.1836044	0.0000000	0.0000000
7304.9951572	7139.9824934	7139.7829688	-2.0000667	-2.0000667	0.0771586	0.2552249	0.1848027	0.0000000	0.0000000
7304.9951572	7134.9864797	7134.9133594	-2.0000667	-2.0000667	0.0747128	0.2520231	0.1875358	0.0000000	0.0000000
7304.9951572	7129.9863643	7129.6379492	-2.0000667	-2.0000667	0.0728069	0.2542883	0.1872944	0.0000000	0.0000000
7304.9951572	7124.9850629	7124.7683398	-2.0000667	-2.0000667	0.0693822	0.2525347	0.1873368	0.0000000	0.0000000
7304.9951572	7119.9869188	7119.8987305	-2.0000667	-2.0000667	0.0680879	0.2519983	0.1849980	0.0000000	0.0000000
7304.9951572	7114.9856174	7114.6233203	-2.0000667	-2.0000667	0.0650017	0.2522760	0.1841544	0.0000000	0.0000000
7304.9951572	7109.9847957	7109.7537109	-2.0000667	-2.0000667	0.0635376	0.2519506	0.1862167	0.0000000	0.0000000
7304.9951572	7104.9825351	7104.8841016	-2.0000667	-2.0000667	0.0629242	0.2530824	0.1852389	0.0000000	0.0000000
7304.9951572	7099.9837702	7099.6316406	-2.0000667	-2.0000667	0.0606426	0.2535564	0.1811409	0.0000000	0.0000000
7304.9951572	7094.9817088	7094.8171094	-2.0000667	-2.0000667	0.0569243	0.2535187	0.1861516	0.0000000	0.0000000
7304.9951572	7089.9874198	7089.6013672	-2.0000667	-2.0000667	0.0546431	0.2531656	0.1862554	0.0000000	0.0000000
7304.9951572	7084.9818060	7084.7868359	-2.0000667	-2.0000667	0.0520955	0.2542487	0.1862827	0.0000000	0.0000000
7304.9951572	7079.9875171	7079.9723047	-2.0000667	-2.0000667	0.0500045	0.2563276	0.1841563	0.0000000	0.0000000
7304.9951572	7074.9849890	7074.7565625	-2.0000667	-2.0000667	0.0502471	0.2519695	0.1824633	0.0000000	0.0000000
7304.9951572	7069.9846289	7069.9420313	-2.0000667	-2.0000667	0.0479325	0.2556969	0.1818650	0.0000000	0.0000000
7304.9951572	7064.9806401	7064.7262891	-2.0000667	-2.0000667	0.0449802	0.2557834	0.1826399	0.0000000	0.0000000
7304.9951572	7059.9851958	7059.9297656	-2.0000667	-2.0000667	0.0440659	0.2545900	0.1824053	0.0000000	0.0000000
7304.9951572	7054.9845719	7054.7725488	-2.0000667	-2.0000667	0.0425258	0.2559323	0.1787865	0.0000000	0.0000000
7304.9951572	7049.9872164	7049.6153320	-2.0000667	-2.0000667	0.0394171	0.2550540	0.1799730	0.0000000	0.0000000
7304.9951572	7044.9839562	7044.8548242	-2.0000667	-2.0000667	0.0394210	0.2547042	0.1799243	0.0000000	0.0000000
7304.9951572	7039.9847173	7039.6976074	-2.0000667	-2.0000667	0.0368090	0.2547723	0.1823013	0.0000000	0.0000000
7304.9951572	7034.9854783	7034.9370996	-2.0000667	-2.0000667	0.0343871	0.2538722	0.1830782	0.0000000	0.0000000
7304.9951572	7029.9865333	7029.7798828	-2.0000667	-2.0000667	0.0324852	0.2550250	0.1811637	0.0000000	0.0000000
7304.9951572	7024.9842404	7024.6226660	-2.0000667	-2.0000667	0.0315769	0.2527616	0.1786589	0.0000000	0.0000000
7304.9951572	7019.9852022	7019.8843262	-2.0000667	-2.0000667	0.0284683	0.2525621	0.1812974	0.0000000	0.0000000
7304.9951572	7014.9861162	7014.7847461	-2.0000667	-2.0000667	0.0264569	0.2551771	0.1800493	0.0000000	0.0000000
7304.9951572	7009.9855214	7009.6851660	-2.0000667	-2.0000667	0.0263945	0.2552509	0.1784769	0.0000000	0.0000000
7304.9951572	7004.9816281	7004.9778613	-2.0000667	-2.0000667	0.0248059	0.2569015	0.1803734	0.0000000	0.0000000
7304.9951572	7000.0292969	6999.8782813	-2.0000667	-2.0000667	0.0228857	0.2552471	0.1812384	0.0000000	0.0000000
