7059.9981542	7499.9984178	7499.6820801	-2.0000667	-2.0000667	0.0010867	0.2904462	0.1336837	0.0000000	7060.0000000
7059.9981542	7494.9851784	7494.7226807	-2.0000667	-2.0000667	0.0009677	0.2877986	0.1369886	0.0000000	0.0000000
7059.9981542	7489.9851278	7489.7632813	-2.0000667	-2.0000667	0.0015201	0.2909515	0.1359904	0.0000000	0.0000000
7059.9981542	7484.9878658	7484.8038818	-2.0000667	-2.0000667	0.0019004	0.2913416	0.1356567	0.0000000	0.0000000
7059.9981542	7479.9855080	7479.8981445	-2.0000667	-2.0000667	0.0014974	0.2921058	0.1331608	0.0000000	0.0000000
7059.9981542	7474.9849184	7474.9977734	-2.0000667	-2.0000667	0.0012836	0.2917115	0.1305089	0.0000000	0.0000000
7059.9981542	7469.9894082	7469.6519141	-2.0000667	-2.0000667	0.0017109	0.2915563	0.1326898	0.0000000	0.0000000
7059.9981542	7464.9852369	7464.7515430	-2.0000667	-2.0000667	0.0021373	0.2900031	0.1338030	0.0000000	0.0000000
7059.9981542	7459.9830834	7459.8511719	-2.0000667	-2.0000667	0.0027311	0.2884772	0.1442871	0.0000000	0.0000000
7059.9981542	7454.9866531	7454.9508008	-2.0000667	-2.0000667	0.0035209	0.2898136	0.1500034	0.0000000	0.0000000
7059.9981542	7449.9879936	7449.6049414	-2.0000667	-2.0000667	0.0047755	0.2904023	0.1467860	0.0000000	0.0000000
7059.9981542	7444.9852800	7444.7045703	-2.0000667	-2.0000667	0.0033722	0.2920421	0.1355623	0.0000000	0.0000000
7059.9981542	7439.9825665	7439.8041992	-2.0000667	-2.0000667	0.0019366	0.2915651	0.1301344	0.0000000	0.0000000
7059.9981542	7434.9858514	7434.9618359	-2.0000667	-2.0000667	0.0018251	0.2932406	0.1214213	0.0000000	0.0000000
7059.9981542	7429.9906461	7429.6792578	-2.0000667	-2.0000667	0.0030138	0.2894340	0.1291478	0.0000000	0.0000000
7059.9981542	7424.9811909	7424.8368945	-2.0000667	-2.0000667	0.0033802	0.2919034	0.1266840	0.0000000	0.0000000
7059.9981542	7419.9889997	7419.9945313	-2.0000667	-2.0000667	0.0046256	0.2913177	0.1309089	0.0000000	0.0000000
7059.9981542	7414.9824218	7414.7119531	-2.0000667	-2.0000667	0.0084008	0.2918966	0.1380906	0.0000000	0.0000000
7059.9981542	7409.9893015	7409.8695898	-2.0000667	-2.0000667	0.0056224	0.2901530	0.1348845	0.0000000	0.0000000
7059.9981542	7404.9855505	7404.5870117	-2.0000667	-2.0000667	0.0060115	0.2906787	0.1344285	0.0000000	0.0000000
7059.9981542	7399.9868032	7399.7446484	-2.0000667	-2.0000667	0.0101062	0.2910435	0.1430577	0.0000000	0.0000000
7059.9981542	7394.9884007	7394.9126367	-2.0000667	-2.0000667	0.0120568	0.2918813	0.1422142	0.0000000	0.0000000
7059.9981542	7389.9873611	7389.6921680	-2.0000667	-2.0000667	0.0125695	0.2919888	0.1396738	0.0000000	0.0000000
7059.9981542	7384.9891170	7384.9067383	-2.0000667	-2.0000667	0.0102386	0.2935077	0.1327448	0.0000000	0.0000000
7059.9981542	7379.9860592	7379.6862695	-2.0000667	-2.0000667	0.0143201	0.2916125	0.1330256	0.0000000	0.0000000
7059.9981542	7374.9850104	7374.9008398	-2.0000667	-2.0000667	0.0165665	0.2897726	0.1399481	0.0000000	0.0000000
7059.9981542	7369.9839616	7369.6803711	-2.0000667	-2.0000667	0.0172533	0.2890670	0.1432775	0.0000000	0.0000000
7059.9981542	7364.9846179	7364.8949414	-2.0000667	-2.0000667	0.0218390	0.2886241	0.1443743	0.0000000	0.0000000
7059.9981542	7359.9861795	7359.6744727	-2.0000667	-2.0000667	0.0197466	0.2909414	0.1402404	0.0000000	0.0000000
7059.9981542	7354.9845915	7354.8890430	-2.0000667	-2.0000667	0.0201222	0.2902142	0.1396713	0.0000000	0.0000000
7059.9981542	7349.9844428	7349.6991016	-2.0000667	-2.0000667	0.0292302	0.2897084	0.1467000	0.0000000	0.0000000
7059.9981542	7344.9860594	7344.9696387	-2.0000667	-2.0000667	0.0331947	0.2923125	0.1495396	0.0000000	0.0000000
7059.9981542	7339.9876760	7339.8102246	-2.0000667	-2.0000667	0.0370276	0.2938173	0.1452046	0.0000000	0.0000000
7059.9981542	7334.9876819	7334.6508105	-2.0000667	-2.0000667	0.0373387	0.2935812	0.1402561	0.0000000	0.0000000
7059.9981542	7329.9862695	7329.9213477	-2.0000667	-2.0000667	0.0398060	0.2911757	0.1417847	0.0000000	0.0000000
7059.9981542	7324.9878305	7324.7619336	-2.0000667	-2.0000667	0.0446793	0.2941415	0.1411987	0.0000000	0.0000000
7059.9981542	7319.9843762	7319.6025195	-2.0000667	-2.0000667	0.0401506	0.2895112	0.1430895	0.0000000	0.0000000
7059.9981542	7314.9856062	7314.8730566	-2.0000667	-2.0000667	0.0346412	0.2893616	0.1372614	0.0000000	0.0000000
7059.9981542	7309.9868361	7309.7136426	-2.0000667	-2.0000667	0.0430031	0.2886572	0.1428866	0.0000000	0.0000000
7059.9981542	7304.9850290	7304.6092822	-2.0000667	-2.0000667	0.0392538	0.2905383	0.1355671	0.0000000	0.0000000
7059.9981542	7299.9861565	7299.9348730	-2.0000667	-2.0000667	0.0431393	0.2874982	0.1445620	0.0000000	0.0000000
7059.9981542	7294.9829595	7294.8355176	-2.0000667	-2.0000667	0.0603003	0.2878574	0.1542837	0.0000000	0.0000000
7059.9981542	7289.9859351	7289.7361621	-2.0000667	-2.0000667	0.0504109	0.2891671	0.1428157	0.0000000	0.0000000
7059.9981542	7284.9854524	7284.6368066	-2.0000667	-2.0000667	0.0517992	0.2903761	0.1385647	0.0000000	0.0000000
7059.9981542	7279.9884279	7279.9623975	-2.0000667	-2.0000667	0.0653619	0.2889467	0.1459983	0.0000000	0.0000000
7059.9981542	7274.9837989	7274.8630420	-2.0000667	-2.0000667	0.0676921	0.2888765	0.1482152	0.0000000	0.0000000
7059.9981542	7269.9840093	7269.7636865	-2.0000667	-2.0000667	0.0674169	0.2923390	0.1433306	0.0000000	0.0000000
7059.9981542	7264.9876701	7264.6888672	-2.0000667	-2.0000667	0.0680392	0.2911605	0.1432101	0.0000000	0.0000000
7059.9981542	7259.9827583	7259.6483984	-2.0000667	-2.0000667	0.0814067	0.2895161	0.1420797	0.0000000	0.0000000
7059.9981542	7254.9818727	7254.6079297	-2.0000667	-2.0000667	0.0791147	0.2902329	0.1393231	0.0000000	0.0000000
7059.9981542	7249.9873132	7249.9875000	-2.0000667	-2.0000667	0.0887954	0.2911489	0.1463676	0.0000000	0.0000000
7059.9981542	7244.9832645	7244.9470313	-2.0000667	-2.0000667	0.0938063	0.2883962	0.1459003	0.0000000	0.0000000
7059.9981542	7239.9850844	7239.9065625	-2.0000667	-2.0000667	0.0880983	0.2906932	0.1437643	0.0000000	0.0000000
7059.9981542	7234.9861373	7234.8660938	-2.0000667	-2.0000667	0.0886781	0.2905336	0.1357953	0.0000000	0.0000000
7059.9981542	7229.9901764	7229.8256250	-2.0000667	-2.0000667	0.0857692	0.2931305	0.1318469	0.0000000	0.0000000
7059.9981542	7224.9850300	7224.7851563	-2.0000667	-2.0000667	0.0716868	0.2905869	0.1246741	0.0000000	0.0000000
7059.9981542	7219.9838918	7219.8026367	-2.0000667	-2.0000667	0.1054668	0.2881791	0.1472195	0.0000000	0.0000000
7059.9981542	7214.9827535	7214.8201172	-2.0000667	-2.0000667	0.1257086	0.2885155	0.1524844	0.0000000	0.0000000
7059.9981542	7209.9867265	7209.8375977	-2.0000667	-2.0000667	0.1345763	0.2894264	0.1518138	0.0000000	0.0000000
7059.9981542	7204.9823763	7204.8550781	-2.0000667	-2.0000667	0.1203364	0.2896106	0.1468096	0.0000000	0.0000000
7059.9981542	7199.9844833	7199.8725586	-2.0000667	-2.0000667	0.1153076	0.2919218	0.1426779	0.0000000	0.0000000
7059.9981542	7194.9864212	7194.8900391	-2.0000667	-2.0000667	0.1172369	0.2930839	0.1378430	0.0000000	0.0000000
7059.9981542	7189.9810932	7189.9075195	-2.0000667	-2.0000667	0.1123542	0.2925690	0.1384901	0.0000000	0.0000000
7059.9981542	7184.9857226	7184.9250000	-2.0000667	-2.0000667	0.1213998	0.2920022	0.1382778	0.0000000	0.0000000
7059.9981542	7179.9835760	7179.9804492	-2.0000667	-2.0000667	0.1267777	0.2922677	0.1405303	0.0000000	0.0000000
7059.9981542	7174.9804432	7174.6444189	-2.0000667	-2.0000667	0.1451593	0.2901698	0.1461510	0.0000000	0.0000000
7059.9981542	7169.9844272	7169.7188525	-2.0000667	-2.0000667	0.1345956	0.2918225	0.1410044	0.0000000	0.0000000
7059.9981542	7164.9848528	7164.7932861	-2.0000667	-2.0000667	0.1519438	0.2933011	0.1428407	0.0000000	0.0000000
7059.9981542	7159.9874285	7159.8677197	-2.0000667	-2.0000667	0.1600276	0.2934994	0.1421630	0.0000000	0.0000000
7059.9981542	7154.9859714	7154.9421533	-2.0000667	-2.0000667	0.1788685	0.2910858	0.1484714	0.0000000	0.0000000
7059.9981542	7149.9813041	7149.6061230	-2.0000667	-2.0000667	0.1900284	0.2893209	0.1506097	0.0000000	0.0000000
7059.9981542	7144.9816355	7144.6805566	-2.0000667	-2.0000667	0.2014135	0.2907700	0.1491743	0.0000000	0.0000000
7059.9981542	7139.9824934	7139.7829688	-2.0000667	-2.0000667	0.2019850	0.2893207	0.1500546	0.0000000	0.0000000
7059.9981542	7134.9864797	7134.9133594	-2.0000667	-2.0000667	0.2071903	0.2894476	0.1503641	0.0000000	0.0000000
7059.9981542	7129.9832069	7129.6379492	-2.0000667	-2.0000667	0.2211627	0.2897902	0.1511589	0.0000000	0.0000000
7059.9981542	7124.9850629	7124.7683398	-2.0000667	-2.0000667	0.2131716	0.2880596	0.1508395	0.0000000	0.0000000
7059.9981542	7119.9869188	7119.8987305	-2.0000667	-2.0000667	0.2226742	0.2894707	0.1531587	0.0000000	0.0000000
7059.9981542	7114.9856174	7114.6233203	-2.0000667	-2.0000667	0.2332036	0.2922714	0.1503409	0.0000000	0.0000000
7059.9981542	7109.9847957	7109.7537109	-2.0000667	-2.0000667	0.2252091	0.2905999	0.1472089	0.0000000	0.0000000
7059.9981542	7104.9825351	7104.8841016	-2.0000667	-2.0000667	0.2186179	0.2921753	0.1439388	0.0000000	0.0000000
7059.9981542	7099.9837702	7099.6316406	-2.0000667	-2.0000667	0.2507426	0.2903024	0.1497809	0.0000000	0.0000000
7059.9981542	7094.9817088	7094.8171094	-2.0000667	-2.0000667	0.2286178	0.2906646	0.1444897	0.0000000	0.0000000
7059.9981542	7089.9836449	7089.6013672	-2.0000667	-2.0000667	0.2204668	0.2898751	0.1457831	0.0000000	0.0000000
7059.9981542	7084.9818060	7084.7868359	-2.0000667	-2.0000667	0.2517665	0.2905046	0.1507251	0.0000000	0.0000000
7059.9981542	7079.9837421	7079.9723047	-2.0000667	-2.0000667	0.2226222	0.2908530	0.1435608	0.0000000	0.0000000
7059.9981542	7074.9849890	7074.7565625	-2.0000667	-2.0000667	0.2151959	0.2910088	0.1410559	0.0000000	0.0000000
7059.9981542	7069.9846289	7069.9420313	-2.0000667	-2.0000667	0.2228530	0.2924308	0.1421748	0.0000000	0.0000000
7059.9981542	7064.9842688	7064.7262891	-2.0000667	-2.0000667	0.2333007	0.2914618	0.1454802	0.0000000	0.0000000
7059.9981542	7059.9851958	7059.9297656	-2.0000667	-2.0000667	0.2222458	0.2917327	0.1407015	0.0000000	0.0000000
7059.9981542	7054.9813035	7054.7725488	-2.0000667	-2.0000667	0.2338419	0.2916433	0.1389738	0.0000000	0.0000000
7059.9981542	7049.9806796	7049.6153320	-2.0000667	-2.0000667	0.2403800	0.2915718	0.1429834	0.0000000	0.0000000
7059.9981542	7044.9773347	7044.8548242	-2.0000667	-2.0000667	0.2303777	0.2906975	0.1398781	0.0000000	0.0000000
7059.9981542	7039.9814065	7039.6976074	-2.0000667	-2.0000667	0.2346156	0.2909751	0.1427018	0.0000000	0.0000000
7059.9981542	7034.9821676	7034.9370996	-2.0000667	-2.0000667	0.2302187	0.2886504	0.1469674	0.0000000	0.0000000
7059.9981542	7029.9865333	7029.7798828	-2.0000667	-2.0000667	0.2351459	0.2895480	0.1459661	0.0000000	0.0000000
7059.9981542	7024.9842404	7024.6226660	-2.0000667	-2.0000667	0.2427554	0.2905820	0.1459720	0.0000000	0.0000000
7059.9981542	7019.9852022	7019.8843262	-2.0000667	-2.0000667	0.2494836	0.2917802	0.1476501	0.0000000	0.0000000
7059.9981542	7014.9861162	7014.7847461	-2.0000667	-2.0000667	0.2789292	0.2909764	0.1546801	0.0000000	0.0000000
7059.9981542	7009.9855214	7009.6851660	-2.0000667	-2.0000667	0.2992089	0.2881139	0.1641249	0.0000000	0.0000000
7059.9981542	7004.9816281	7004.9778613	-2.0000667	-2.0000667	0.2668911	0.2913169	0.1572419	0.0000000	0.0000000
7059.9981542	7000.0292969	6999.8782813	-2.0000667	-2.0000667	0.2304829	0.2913802	0.1510254	0.0000000	0.0000000
