7324.9950136	7499.9984178	7499.6820801	-2.0000667	-2.0000667	0.0196243	0.2484889	0.1556371	0.0000000	7325.0000000
7324.9950136	7494.9907557	7494.7226807	-2.0000667	-2.0000667	0.0210724	0.2480370	0.1572665	0.0000000	0.0000000
7324.9950136	7489.9879164	7489.7632813	-2.0000667	-2.0000667	0.0234526	0.2491971	0.1571176	0.0000000	0.0000000
7324.9950136	7484.9906544	7484.8038818	-2.0000667	-2.0000667	0.0221547	0.2482147	0.1590126	0.0000000	0.0000000
7324.9950136	7479.9905873	7479.8981445	-2.0000667	-2.0000667	0.0289021	0.2470533	0.1583029	0.0000000	0.0000000
7324.9950136	7474.9849184	7474.9977734	-2.0000667	-2.0000667	0.0264886	0.2516716	0.1547167	0.0000000	0.0000000
7324.9950136	7469.9919479	7469.6519141	-2.0000667	-2.0000667	0.0257231	0.2512961	0.1513108	0.0000000	0.0000000
7324.9950136	7464.9880985	7464.7515430	-2.0000667	-2.0000667	0.0305574	0.2490128	0.1580083	0.0000000	0.0000000
7324.9950136	7459.9830834	7459.8511719	-2.0000667	-2.0000667	0.0314027	0.2487592	0.1638442	0.0000000	0.0000000
7324.9950136	7454.9866531	7454.9508008	-2.0000667	-2.0000667	0.0335923	0.2501973	0.1615547	0.0000000	0.0000000
7324.9950136	7449.9909928	7449.6049414	-2.0000667	-2.0000667	0.0338531	0.2506736	0.1576246	0.0000000	0.0000000
7324.9950136	7444.9852800	7444.7045703	-2.0000667	-2.0000667	0.0364417	0.2496583	0.1643870	0.0000000	0.0000000
7324.9950136	7439.9825665	7439.8041992	-2.0000667	-2.0000667	0.0381826	0.2488081	0.1675066	0.0000000	0.0000000
7324.9950136	7434.9858514	7434.9618359	-2.0000667	-2.0000667	0.0389005	0.2490908	0.1701353	0.0000000	0.0000000
7324.9950136	7429.9877688	7429.6792578	-2.0000667	-2.0000667	0.0416538	0.2463567	0.1728420	0.0000000	0.0000000
7324.9950136	7424.9840682	7424.8368945	-2.0000667	-2.0000667	0.0420721	0.2451543	0.1718820	0.0000000	0.0000000
7324.9950136	7419.9832450	7419.9945313	-2.0000667	-2.0000667	0.0459426	0.2450258	0.1749360	0.0000000	0.0000000
7324.9950136	7414.9881765	7414.7119531	-2.0000667	-2.0000667	0.0469539	0.2479443	0.1748887	0.0000000	0.0000000
7324.9950136	7409.9893015	7409.8695898	-2.0000667	-2.0000667	0.0512521	0.2475291	0.1714927	0.0000000	0.0000000
7324.9950136	7404.9880524	7404.5870117	-2.0000667	-2.0000667	0.0505754	0.2467230	0.1721697	0.0000000	0.0000000
7324.9950136	7399.9893051	7399.7446484	-2.0000667	-2.0000667	0.0542927	0.2468984	0.1694137	0.0000000	0.0000000
7324.9950136	7394.9884007	7394.9126367	-2.0000667	-2.0000667	0.0525825	0.2476927	0.1712484	0.0000000	0.0000000
7324.9950136	7389.9873611	7389.6921680	-2.0000667	-2.0000667	0.0544688	0.2482571	0.1686471	0.0000000	0.0000000
7324.9950136	7384.9891170	7384.9067383	-2.0000667	-2.0000667	0.0543878	0.2497809	0.1685472	0.0000000	0.0000000
7324.9950136	7379.9860592	7379.6862695	-2.0000667	-2.0000667	0.0553009	0.2517003	0.1706555	0.0000000	0.0000000
7324.9950136	7374.9850104	7374.9008398	-2.0000667	-2.0000667	0.0591354	0.2508243	0.1712606	0.0000000	0.0000000
7324.9950136	7369.9870092	7369.6803711	-2.0000667	-2.0000667	0.0600376	0.2511754	0.1735616	0.0000000	0.0000000
7324.9950136	7364.9814683	7364.8949414	-2.0000667	-2.0000667	0.0626437	0.2493958	0.1753354	0.0000000	0.0000000
7324.9950136	7359.9861795	7359.6744727	-2.0000667	-2.0000667	0.0633147	0.2473916	0.1746787	0.0000000	0.0000000
7324.9950136	7354.9845915	7354.8890430	-2.0000667	-2.0000667	0.0669502	0.2490494	0.1782537	0.0000000	0.0000000
7324.9950136	7349.9844428	7349.6991016	-2.0000667	-2.0000667	0.0703872	0.2495332	0.1748698	0.0000000	0.0000000
7324.9950136	7344.9830735	7344.9696387	-2.0000667	-2.0000667	0.0627764	0.2466580	0.1733552	0.0000000	0.0000000
7324.9950136	7339.9876760	7339.8102246	-2.0000667	-2.0000667	0.0768217	0.2487808	0.1800543	0.0000000	0.0000000
7324.9950136	7334.9906554	7334.6508105	-2.0000667	-2.0000667	0.0842349	0.2491017	0.1804971	0.0000000	0.0000000
7324.9950136	7329.9862695	7329.9213477	-2.0000667	-2.0000667	0.0793311	0.2475112	0.1768423	0.0000000	0.0000000
7324.9950136	7324.9878305	7324.7619336	-2.0000667	-2.0000667	0.0800184	0.2478950	0.1845602	0.0000000	0.0000000
7324.9950136	7319.9843762	7319.6025195	-2.0000667	-2.0000667	0.0820447	0.2476785	0.1830614	0.0000000	0.0000000
7324.9950136	7314.9856062	7314.8730566	-2.0000667	-2.0000667	0.0802103	0.2495365	0.1826598	0.0000000	0.0000000
7324.9950136	7309.9868361	7309.7136426	-2.0000667	-2.0000667	0.0786566	0.2491522	0.1823600	0.0000000	0.0000000
7324.9950136	7304.9850290	7304.6092822	-2.0000667	-2.0000667	0.0761189	0.2487555	0.1827513	0.0000000	0.0000000
7324.9950136	7299.9890361	7299.9348730	-2.0000667	-2.0000667	0.0747434	0.2482003	0.1840273	0.0000000	0.0000000
7324.9950136	7294.9795014	7294.8355176	-2.0000667	-2.0000667	0.0744314	0.2467986	0.1822104	0.0000000	0.0000000
7324.9950136	7289.9859351	7289.7361621	-2.0000667	-2.0000667	0.0747035	0.2485009	0.1808192	0.0000000	0.0000000
7324.9950136	7284.9854524	7284.6368066	-2.0000667	-2.0000667	0.0782980	0.2480602	0.1856239	0.0000000	0.0000000
7324.9950136	7279.9884279	7279.9623975	-2.0000667	-2.0000667	0.0752789	0.2481469	0.1887207	0.0000000	0.0000000
7324.9950136	7274.9837989	7274.8630420	-2.0000667	-2.0000667	0.0781165	0.2471113	0.1932238	0.0000000	0.0000000
7324.9950136	7269.9840093	7269.7636865	-2.0000667	-2.0000667	0.0781674	0.2469419	0.1917035	0.0000000	0.0000000
7324.9950136	7264.9842196	7264.6888672	-2.0000667	-2.0000667	0.0773176	0.2468593	0.1932186	0.0000000	0.0000000
7324.9950136	7259.9859215	7259.6483984	-2.0000667	-2.0000667	0.0805238	0.2467349	0.1927078	0.0000000	0.0000000
7324.9950136	7254.9818727	7254.6079297	-2.0000667	-2.0000667	0.0785067	0.2471322	0.1931122	0.0000000	0.0000000
7324.9950136	7249.9841501	7249.9875000	-2.0000667	-2.0000667	0.0789188	0.2469659	0.1953455	0.0000000	0.0000000
7324.9950136	7244.9832645	7244.9470313	-2.0000667	-2.0000667	0.0785593	0.2465159	0.1949681	0.0000000	0.0000000
7324.9950136	7239.9910569	7239.9065625	-2.0000667	-2.0000667	0.0767401	0.2450021	0.1921448	0.0000000	0.0000000
7324.9950136	7234.9891235	7234.8660938	-2.0000667	-2.0000667	0.0756525	0.2457744	0.1932703	0.0000000	0.0000000
7324.9950136	7229.9901764	7229.8256250	-2.0000667	-2.0000667	0.0745219	0.2462329	0.1904436	0.0000000	0.0000000
7324.9950136	7224.9850300	7224.7851563	-2.0000667	-2.0000667	0.0764646	0.2451876	0.1868673	0.0000000	0.0000000
7324.9950136	7219.9867826	7219.8026367	-2.0000667	-2.0000667	0.0771096	0.2480103	0.1901305	0.0000000	0.0000000
7324.9950136	7214.9856444	7214.8201172	-2.0000667	-2.0000667	0.0774902	0.2459111	0.1909506	0.0000000	0.0000000
7324.9950136	7209.9834979	7209.8375977	-2.0000667	-2.0000667	0.0757246	0.2459932	0.1926835	0.0000000	0.0000000
7324.9950136	7204.9856049	7204.8550781	-2.0000667	-2.0000667	0.0749805	0.2450405	0.1922122	0.0000000	0.0000000
7324.9950136	7199.9844833	7199.8725586	-2.0000667	-2.0000667	0.0748229	0.2491060	0.1917701	0.0000000	0.0000000
7324.9950136	7194.9864212	7194.8900391	-2.0000667	-2.0000667	0.0734973	0.2477507	0.1904332	0.0000000	0.0000000
7324.9950136	7189.9844123	7189.9075195	-2.0000667	-2.0000667	0.0709128	0.2475443	0.1913706	0.0000000	0.0000000
7324.9950136	7184.9857226	7184.9250000	-2.0000667	-2.0000667	0.0681238	0.2495194	0.1901974	0.0000000	0.0000000
7324.9950136	7179.9835760	7179.9804492	-2.0000667	-2.0000667	0.0663336	0.2502379	0.1893704	0.0000000	0.0000000
7324.9950136	7174.9840016	7174.6444189	-2.0000667	-2.0000667	0.0689166	0.2470662	0.1890239	0.0000000	0.0000000
7324.9950136	7169.9844272	7169.7188525	-2.0000667	-2.0000667	0.0656948	0.2476725	0.1921830	0.0000000	0.0000000
7324.9950136	7164.9848528	7164.7932861	-2.0000667	-2.0000667	0.0643265	0.2465818	0.1931411	0.0000000	0.0000000
7324.9950136	7159.9842183	7159.8677197	-2.0000667	-2.0000667	0.0628489	0.2480707	0.1917097	0.0000000	0.0000000
7324.9950136	7154.9859714	7154.9421533	-2.0000667	-2.0000667	0.0601187	0.2448347	0.1941971	0.0000000	0.0000000
7324.9950136	7149.9845143	7149.6061230	-2.0000667	-2.0000667	0.0598420	0.2474076	0.1932100	0.0000000	0.0000000
7324.9950136	7144.9847639	7144.6805566	-2.0000667	-2.0000667	0.0571567	0.2477651	0.1932515	0.0000000	0.0000000
7324.9950136	7139.9856218	7139.7829688	-2.0000667	-2.0000667	0.0557031	0.2494020	0.1960964	0.0000000	0.0000000
7324.9950136	7134.9864797	7134.9133594	-2.0000667	-2.0000667	0.0549913	0.2455146	0.1926146	0.0000000	0.0000000
7324.9950136	7129.9832069	7129.6379492	-2.0000667	-2.0000667	0.0548856	0.2465060	0.1899589	0.0000000	0.0000000
7324.9950136	7124.9850629	7124.7683398	-2.0000667	-2.0000667	0.0526381	0.2482892	0.1918324	0.0000000	0.0000000
7324.9950136	7119.9837614	7119.8987305	-2.0000667	-2.0000667	0.0516757	0.2462682	0.1910365	0.0000000	0.0000000
7324.9950136	7114.9824600	7114.6233203	-2.0000667	-2.0000667	0.0534045	0.2444061	0.1909716	0.0000000	0.0000000
7324.9950136	7109.9847957	7109.7537109	-2.0000667	-2.0000667	0.0475941	0.2463323	0.1924327	0.0000000	0.0000000
7324.9950136	7104.9825351	7104.8841016	-2.0000667	-2.0000667	0.0435614	0.2486610	0.1911184	0.0000000	0.0000000
7324.9950136	7099.9837702	7099.6316406	-2.0000667	-2.0000667	0.0420421	0.2464390	0.1895381	0.0000000	0.0000000
7324.9950136	7094.9817088	7094.8171094	-2.0000667	-2.0000667	0.0390635	0.2482383	0.1908175	0.0000000	0.0000000
7324.9950136	7089.9836449	7089.6013672	-2.0000667	-2.0000667	0.0389095	0.2461674	0.1920729	0.0000000	0.0000000
7324.9950136	7084.9855810	7084.7868359	-2.0000667	-2.0000667	0.0365616	0.2457744	0.1900067	0.0000000	0.0000000
7324.9950136	7079.9875171	7079.9723047	-2.0000667	-2.0000667	0.0356864	0.2476365	0.1872565	0.0000000	0.0000000
7324.9950136	7074.9849890	7074.7565625	-2.0000667	-2.0000667	0.0320446	0.2490081	0.1922845	0.0000000	0.0000000
7324.9950136	7069.9846289	7069.9420313	-2.0000667	-2.0000667	0.0307367	0.2495232	0.1895602	0.0000000	0.0000000
7324.9950136	7064.9842688	7064.7262891	-2.0000667	-2.0000667	0.0289225	0.2483981	0.1892349	0.0000000	0.0000000
7324.9950136	7059.9851958	7059.9297656	-2.0000667	-2.0000667	0.0286971	0.2471455	0.1887278	0.0000000	0.0000000
7324.9950136	7054.9845719	7054.7725488	-2.0000667	-2.0000667	0.0285935	0.2466584	0.1850520	0.0000000	0.0000000
7324.9950136	7049.9839480	7049.6153320	-2.0000667	-2.0000667	0.0296101	0.2487397	0.1880748	0.0000000	0.0000000
7324.9950136	7044.9839562	7044.8548242	-2.0000667	-2.0000667	0.0248829	0.2481810	0.1881423	0.0000000	0.0000000
7324.9950136	7039.9847173	7039.6976074	-2.0000667	-2.0000667	0.0219460	0.2464004	0.1897090	0.0000000	0.0000000
7324.9950136	7034.9854783	7034.9370996	-2.0000667	-2.0000667	0.0216798	0.2443561	0.1878190	0.0000000	0.0000000
7324.9950136	7029.9865333	7029.7798828	-2.0000667	-2.0000667	0.0228534	0.2475406	0.1893583	0.0000000	0.0000000
7324.9950136	7024.9809858	7024.6226660	-2.0000667	-2.0000667	0.0261412	0.2469531	0.1857136	0.0000000	0.0000000
7324.9950136	7019.9852022	7019.8843262	-2.0000667	-2.0000667	0.0180082	0.2475338	0.1857096	0.0000000	0.0000000
7324.9950136	7014.9861162	7014.7847461	-2.0000667	-2.0000667	0.0165284	0.2486908	0.1875879	0.0000000	0.0000000
7324.9950136	7009.9855214	7009.6851660	-2.0000667	-2.0000667	0.0158772	0.2491453	0.1826194	0.0000000	0.0000000
7324.9950136	7004.9849267	7004.9778613	-2.0000667	-2.0000667	0.0147217	0.2501348	0.1819104	0.0000000	0.0000000
7324.9950136	7000.0292969	6999.8782813	-2.0000667	-2.0000667	0.0132159	0.2508389	0.1832460	0.0000000	0.0000000
