7479.9958389	7500.0011376	7499.6820801	-2.0000667	-2.0000667	0.0097266	0.2653324	0.1637057	0.0000000	7480.0000000
7479.9958389	7494.9907557	7494.7226807	-2.0000667	-2.0000667	0.0122966	0.2641351	0.1621311	0.0000000	0.0000000
7479.9958389	7489.9851278	7489.7632813	-2.0000667	-2.0000667	0.0500753	0.2654045	0.1643781	0.0000000	0.0000000
7479.9958389	7484.9906544	7484.8038818	-2.0000667	-2.0000667	0.0098276	0.2651431	0.1653558	0.0000000	0.0000000
7479.9958389	7479.9905873	7479.8981445	-2.0000667	-2.0000667	0.0121921	0.2662583	0.1619109	0.0000000	0.0000000
7479.9958389	7474.9849184	7474.9977734	-2.0000667	-2.0000667	0.0116208	0.2656744	0.1648572	0.0000000	0.0000000
7479.9958389	7469.9919479	7469.6519141	-2.0000667	-2.0000667	0.0117360	0.2662882	0.1644451	0.0000000	0.0000000
7479.9958389	7464.9852369	7464.7515430	-2.0000667	-2.0000667	0.0096530	0.2654690	0.1651884	0.0000000	0.0000000
7479.9958389	7459.9830834	7459.8511719	-2.0000667	-2.0000667	0.0134985	0.2650662	0.1654224	0.0000000	0.0000000
7479.9958389	7454.9866531	7454.9508008	-2.0000667	-2.0000667	0.0103707	0.2653541	0.1674663	0.0000000	0.0000000
7479.9958389	7449.9879936	7449.6049414	-2.0000667	-2.0000667	0.0099503	0.2651560	0.1691533	0.0000000	0.0000000
7479.9958389	7444.9822808	7444.7045703	-2.0000667	-2.0000667	0.0149449	0.2658611	0.1677222	0.0000000	0.0000000
7479.9958389	7439.9825665	7439.8041992	-2.0000667	-2.0000667	0.0118392	0.2652615	0.1682249	0.0000000	0.0000000
7479.9958389	7434.9858514	7434.9618359	-2.0000667	-2.0000667	0.0182382	0.2649042	0.1675389	0.0000000	0.0000000
7479.9958389	7429.9877688	7429.6792578	-2.0000667	-2.0000667	0.0225590	0.2649292	0.1669310	0.0000000	0.0000000
7479.9958389	7424.9840682	7424.8368945	-2.0000667	-2.0000667	0.0138363	0.2649006	0.1677823	0.0000000	0.0000000
7479.9958389	7419.9861223	7419.9945313	-2.0000667	-2.0000667	0.0117765	0.2644905	0.1684802	0.0000000	0.0000000
7479.9958389	7414.9852991	7414.7119531	-2.0000667	-2.0000667	0.0130079	0.2654514	0.1648081	0.0000000	0.0000000
7479.9958389	7409.9893015	7409.8695898	-2.0000667	-2.0000667	0.0135980	0.2648242	0.1692920	0.0000000	0.0000000
7479.9958389	7404.9855505	7404.5870117	-2.0000667	-2.0000667	0.0158408	0.2665659	0.1676083	0.0000000	0.0000000
7479.9958389	7399.9868032	7399.7446484	-2.0000667	-2.0000667	0.0175482	0.2663956	0.1682260	0.0000000	0.0000000
7479.9958389	7394.9856052	7394.9126367	-2.0000667	-2.0000667	0.0144227	0.2652397	0.1723441	0.0000000	0.0000000
7479.9958389	7389.9845657	7389.6921680	-2.0000667	-2.0000667	0.0141007	0.2649694	0.1696062	0.0000000	0.0000000
7479.9958389	7384.9891170	7384.9067383	-2.0000667	-2.0000667	0.0173226	0.2659519	0.1702231	0.0000000	0.0000000
7479.9958389	7379.9860592	7379.6862695	-2.0000667	-2.0000667	0.0211689	0.2657926	0.1692125	0.0000000	0.0000000
7479.9958389	7374.9819628	7374.9008398	-2.0000667	-2.0000667	0.0251698	0.2656869	0.1719911	0.0000000	0.0000000
7479.9958389	7369.9839616	7369.6803711	-2.0000667	-2.0000667	0.0240630	0.2649666	0.1698424	0.0000000	0.0000000
7479.9958389	7364.9814683	7364.8949414	-2.0000667	-2.0000667	0.0238647	0.2650752	0.1721978	0.0000000	0.0000000
7479.9958389	7359.9861795	7359.6744727	-2.0000667	-2.0000667	0.0185164	0.2650591	0.1741804	0.0000000	0.0000000
7479.9958389	7354.9814419	7354.8890430	-2.0000667	-2.0000667	0.0208787	0.2646166	0.1725913	0.0000000	0.0000000
7479.9958389	7349.9844428	7349.6991016	-2.0000667	-2.0000667	0.0254276	0.2652899	0.1740183	0.0000000	0.0000000
7479.9958389	7344.9830735	7344.9696387	-2.0000667	-2.0000667	0.0215553	0.2657219	0.1729927	0.0000000	0.0000000
7479.9958389	7339.9876760	7339.8102246	-2.0000667	-2.0000667	0.0198079	0.2653669	0.1731366	0.0000000	0.0000000
7479.9958389	7334.9876819	7334.6508105	-2.0000667	-2.0000667	0.0223746	0.2657427	0.1740243	0.0000000	0.0000000
7479.9958389	7329.9862695	7329.9213477	-2.0000667	-2.0000667	0.0213829	0.2661440	0.1754059	0.0000000	0.0000000
7479.9958389	7324.9878305	7324.7619336	-2.0000667	-2.0000667	0.0226918	0.2647513	0.1768384	0.0000000	0.0000000
7479.9958389	7319.9843762	7319.6025195	-2.0000667	-2.0000667	0.0223899	0.2654287	0.1740437	0.0000000	0.0000000
7479.9958389	7314.9883833	7314.8730566	-2.0000667	-2.0000667	0.0216442	0.2667257	0.1749753	0.0000000	0.0000000
7479.9958389	7309.9868361	7309.7136426	-2.0000667	-2.0000667	0.0278956	0.2653496	0.1737019	0.0000000	0.0000000
7479.9958389	7304.9850290	7304.6092822	-2.0000667	-2.0000667	0.0234255	0.2662352	0.1768531	0.0000000	0.0000000
7479.9958389	7299.9861565	7299.9348730	-2.0000667	-2.0000667	0.0255809	0.2657740	0.1773165	0.0000000	0.0000000
7479.9958389	7294.9795014	7294.8355176	-2.0000667	-2.0000667	0.0266405	0.2644421	0.1785363	0.0000000	0.0000000
7479.9958389	7289.9859351	7289.7361621	-2.0000667	-2.0000667	0.0265499	0.2650183	0.1764850	0.0000000	0.0000000
7479.9958389	7284.9854524	7284.6368066	-2.0000667	-2.0000667	0.0232302	0.2652667	0.1789319	0.0000000	0.0000000
7479.9958389	7279.9884279	7279.9623975	-2.0000667	-2.0000667	0.0237095	0.2661320	0.1749192	0.0000000	0.0000000
7479.9958389	7274.9872494	7274.8630420	-2.0000667	-2.0000667	0.0255505	0.2655590	0.1774287	0.0000000	0.0000000
7479.9958389	7269.9840093	7269.7636865	-2.0000667	-2.0000667	0.0233594	0.2655928	0.1798685	0.0000000	0.0000000
7479.9958389	7264.9876701	7264.6888672	-2.0000667	-2.0000667	0.0245792	0.2659589	0.1796815	0.0000000	0.0000000
7479.9958389	7259.9827583	7259.6483984	-2.0000667	-2.0000667	0.0317092	0.2653024	0.1805903	0.0000000	0.0000000
7479.9958389	7254.9850358	7254.6079297	-2.0000667	-2.0000667	0.0283351	0.2653722	0.1785803	0.0000000	0.0000000
7479.9958389	7249.9904764	7249.9875000	-2.0000667	-2.0000667	0.0257113	0.2657002	0.1785649	0.0000000	0.0000000
7479.9958389	7244.9864276	7244.9470313	-2.0000667	-2.0000667	0.0238439	0.2654854	0.1769552	0.0000000	0.0000000
7479.9958389	7239.9850844	7239.9065625	-2.0000667	-2.0000667	0.0251826	0.2655981	0.1785839	0.0000000	0.0000000
7479.9958389	7234.9861373	7234.8660938	-2.0000667	-2.0000667	0.0236014	0.2654475	0.1796105	0.0000000	0.0000000
7479.9958389	7229.9871902	7229.8256250	-2.0000667	-2.0000667	0.0223674	0.2659427	0.1808378	0.0000000	0.0000000
7479.9958389	7224.9908117	7224.7851563	-2.0000667	-2.0000667	0.0228817	0.2656813	0.1841964	0.0000000	0.0000000
7479.9958389	7219.9867826	7219.8026367	-2.0000667	-2.0000667	0.0223868	0.2660355	0.1800709	0.0000000	0.0000000
7479.9958389	7214.9856444	7214.8201172	-2.0000667	-2.0000667	0.0202161	0.2654210	0.1815607	0.0000000	0.0000000
7479.9958389	7209.9867265	7209.8375977	-2.0000667	-2.0000667	0.0221805	0.2646877	0.1798903	0.0000000	0.0000000
7479.9958389	7204.9856049	7204.8550781	-2.0000667	-2.0000667	0.0237395	0.2640479	0.1797291	0.0000000	0.0000000
7479.9958389	7199.9844833	7199.8725586	-2.0000667	-2.0000667	0.0223091	0.2637130	0.1814774	0.0000000	0.0000000
7479.9958389	7194.9864212	7194.8900391	-2.0000667	-2.0000667	0.0216412	0.2643595	0.1818201	0.0000000	0.0000000
7479.9958389	7189.9844123	7189.9075195	-2.0000667	-2.0000667	0.0226819	0.2644348	0.1815503	0.0000000	0.0000000
7479.9958389	7184.9857226	7184.9250000	-2.0000667	-2.0000667	0.0219139	0.2644178	0.1823976	0.0000000	0.0000000
7479.9958389	7179.9871345	7179.9804492	-2.0000667	-2.0000667	0.0187253	0.2644540	0.1789875	0.0000000	0.0000000
7479.9958389	7174.9804432	7174.6444189	-2.0000667	-2.0000667	0.0200277	0.2645493	0.1820237	0.0000000	0.0000000
7479.9958389	7169.9808688	7169.7188525	-2.0000667	-2.0000667	0.0200667	0.2645092	0.1811705	0.0000000	0.0000000
7479.9958389	7164.9848528	7164.7932861	-2.0000667	-2.0000667	0.0188309	0.2648550	0.1816415	0.0000000	0.0000000
7479.9958389	7159.9842183	7159.8677197	-2.0000667	-2.0000667	0.0181985	0.2642623	0.1849917	0.0000000	0.0000000
7479.9958389	7154.9859714	7154.9421533	-2.0000667	-2.0000667	0.0210344	0.2647612	0.1843364	0.0000000	0.0000000
7479.9958389	7149.9845143	7149.6061230	-2.0000667	-2.0000667	0.0167737	0.2651284	0.1824381	0.0000000	0.0000000
7479.9958389	7144.9847639	7144.6805566	-2.0000667	-2.0000667	0.0161997	0.2655822	0.1853672	0.0000000	0.0000000
7479.9958389	7139.9824934	7139.7829688	-2.0000667	-2.0000667	0.0174756	0.2651770	0.1821923	0.0000000	0.0000000
7479.9958389	7134.9864797	7134.9133594	-2.0000667	-2.0000667	0.0148573	0.2652672	0.1845872	0.0000000	0.0000000
7479.9958389	7129.9832069	7129.6379492	-2.0000667	-2.0000667	0.0145148	0.2648485	0.1851465	0.0000000	0.0000000
7479.9958389	7124.9850629	7124.7683398	-2.0000667	-2.0000667	0.0139358	0.2638141	0.1874186	0.0000000	0.0000000
7479.9958389	7119.9869188	7119.8987305	-2.0000667	-2.0000667	0.0124247	0.2653334	0.1855983	0.0000000	0.0000000
7479.9958389	7114.9856174	7114.6233203	-2.0000667	-2.0000667	0.0110342	0.2645819	0.1852406	0.0000000	0.0000000
7479.9958389	7109.9882914	7109.7537109	-2.0000667	-2.0000667	0.0108204	0.2643497	0.1843544	0.0000000	0.0000000
7479.9958389	7104.9825351	7104.8841016	-2.0000667	-2.0000667	0.0108588	0.2637560	0.1828827	0.0000000	0.0000000
7479.9958389	7099.9837702	7099.6316406	-2.0000667	-2.0000667	0.0095889	0.2648174	0.1849808	0.0000000	0.0000000
7479.9958389	7094.9817088	7094.8171094	-2.0000667	-2.0000667	0.0099244	0.2650900	0.1820463	0.0000000	0.0000000
7479.9958389	7089.9874198	7089.6013672	-2.0000667	-2.0000667	0.0097323	0.2651906	0.1842618	0.0000000	0.0000000
7479.9958389	7084.9855810	7084.7868359	-2.0000667	-2.0000667	0.0089366	0.2649846	0.1825129	0.0000000	0.0000000
7479.9958389	7079.9875171	7079.9723047	-2.0000667	-2.0000667	0.0071793	0.2652921	0.1843392	0.0000000	0.0000000
7479.9958389	7074.9849890	7074.7565625	-2.0000667	-2.0000667	0.0079586	0.2666462	0.1824038	0.0000000	0.0000000
7479.9958389	7069.9846289	7069.9420313	-2.0000667	-2.0000667	0.0071090	0.2655173	0.1806785	0.0000000	0.0000000
7479.9958389	7064.9842688	7064.7262891	-2.0000667	-2.0000667	0.0064991	0.2662386	0.1817336	0.0000000	0.0000000
7479.9958389	7059.9851958	7059.9297656	-2.0000667	-2.0000667	0.0086362	0.2655111	0.1844762	0.0000000	0.0000000
7479.9958389	7054.9845719	7054.7725488	-2.0000667	-2.0000667	0.0063025	0.2652686	0.1834233	0.0000000	0.0000000
7479.9958389	7049.9839480	7049.6153320	-2.0000667	-2.0000667	0.0050790	0.2646646	0.1834294	0.0000000	0.0000000
7479.9958389	7044.9839562	7044.8548242	-2.0000667	-2.0000667	0.0044879	0.2630486	0.1846531	0.0000000	0.0000000
7479.9958389	7039.9847173	7039.6976074	-2.0000667	-2.0000667	0.0048278	0.2630205	0.1811951	0.0000000	0.0000000
7479.9958389	7034.9887891	7034.9370996	-2.0000667	-2.0000667	0.0051200	0.2630219	0.1858176	0.0000000	0.0000000
7479.9958389	7029.9897879	7029.7798828	-2.0000667	-2.0000667	0.0043761	0.2628823	0.1858561	0.0000000	0.0000000
7479.9958389	7024.9842404	7024.6226660	-2.0000667	-2.0000667	0.0043263	0.2642709	0.1844170	0.0000000	0.0000000
7479.9958389	7019.9852022	7019.8843262	-2.0000667	-2.0000667	0.0030698	0.2637096	0.1863569	0.0000000	0.0000000
7479.9958389	7014.9894147	7014.7847461	-2.0000667	-2.0000667	0.0041016	0.2656305	0.1848464	0.0000000	0.0000000
7479.9958389	7009.9855214	7009.6851660	-2.0000667	-2.0000667	0.0035696	0.2641068	0.1872946	0.0000000	0.0000000
7479.9958389	7004.9816281	7004.9778613	-2.0000667	-2.0000667	0.0033942	0.2639949	0.1867435	0.0000000	0.0000000
7479.9958389	7000.0292969	6999.8782813	-2.0000667	-2.0000667	0.0028344	0.2641394	0.1857584	0.0000000	0.0000000
