7339.9918601	7499.9984178	7499.6820801	-2.0000667	-2.0000667	0.0185289	0.2491771	0.1579432	0.0000000	7340.0000000
7339.9918601	7494.9907557	7494.7226807	-2.0000667	-2.0000667	0.0172177	0.2483195	0.1582720	0.0000000	0.0000000
7339.9918601	7489.9851278	7489.7632813	-2.0000667	-2.0000667	0.0214226	0.2492919	0.1587466	0.0000000	0.0000000
7339.9918601	7484.9850771	7484.8038818	-2.0000667	-2.0000667	0.0229702	0.2480308	0.1571429	0.0000000	0.0000000
7339.9918601	7479.9855080	7479.8981445	-2.0000667	-2.0000667	0.0215647	0.2491979	0.1571876	0.0000000	0.0000000
7339.9918601	7474.9849184	7474.9977734	-2.0000667	-2.0000667	0.0252611	0.2492363	0.1615396	0.0000000	0.0000000
7339.9918601	7469.9894082	7469.6519141	-2.0000667	-2.0000667	0.0262032	0.2473593	0.1589718	0.0000000	0.0000000
7339.9918601	7464.9852369	7464.7515430	-2.0000667	-2.0000667	0.0284913	0.2492991	0.1573578	0.0000000	0.0000000
7339.9918601	7459.9859450	7459.8511719	-2.0000667	-2.0000667	0.0269451	0.2505457	0.1587043	0.0000000	0.0000000
7339.9918601	7454.9866531	7454.9508008	-2.0000667	-2.0000667	0.0298253	0.2508693	0.1581704	0.0000000	0.0000000
7339.9918601	7449.9879936	7449.6049414	-2.0000667	-2.0000667	0.0322799	0.2498566	0.1607244	0.0000000	0.0000000
7339.9918601	7444.9852800	7444.7045703	-2.0000667	-2.0000667	0.0256707	0.2492247	0.1597111	0.0000000	0.0000000
7339.9918601	7439.9855657	7439.8041992	-2.0000667	-2.0000667	0.0273408	0.2528566	0.1637891	0.0000000	0.0000000
7339.9918601	7434.9858514	7434.9618359	-2.0000667	-2.0000667	0.0321483	0.2500074	0.1652686	0.0000000	0.0000000
7339.9918601	7429.9877688	7429.6792578	-2.0000667	-2.0000667	0.0345879	0.2513573	0.1680403	0.0000000	0.0000000
7339.9918601	7424.9840682	7424.8368945	-2.0000667	-2.0000667	0.0381652	0.2502946	0.1623707	0.0000000	0.0000000
7339.9918601	7419.9889997	7419.9945313	-2.0000667	-2.0000667	0.0406785	0.2513308	0.1635122	0.0000000	0.0000000
7339.9918601	7414.9852991	7414.7119531	-2.0000667	-2.0000667	0.0420961	0.2491235	0.1636843	0.0000000	0.0000000
7339.9918601	7409.9893015	7409.8695898	-2.0000667	-2.0000667	0.0435052	0.2497688	0.1658893	0.0000000	0.0000000
7339.9918601	7404.9855505	7404.5870117	-2.0000667	-2.0000667	0.0412053	0.2482399	0.1661904	0.0000000	0.0000000
7339.9918601	7399.9893051	7399.7446484	-2.0000667	-2.0000667	0.0451437	0.2491328	0.1656263	0.0000000	0.0000000
7339.9918601	7394.9884007	7394.9126367	-2.0000667	-2.0000667	0.0484580	0.2486591	0.1685331	0.0000000	0.0000000
7339.9918601	7389.9873611	7389.6921680	-2.0000667	-2.0000667	0.0504359	0.2493982	0.1648900	0.0000000	0.0000000
7339.9918601	7384.9891170	7384.9067383	-2.0000667	-2.0000667	0.0519948	0.2495199	0.1687227	0.0000000	0.0000000
7339.9918601	7379.9860592	7379.6862695	-2.0000667	-2.0000667	0.0533152	0.2498152	0.1696533	0.0000000	0.0000000
7339.9918601	7374.9850104	7374.9008398	-2.0000667	-2.0000667	0.0549695	0.2498926	0.1720250	0.0000000	0.0000000
7339.9918601	7369.9870092	7369.6803711	-2.0000667	-2.0000667	0.0575601	0.2502933	0.1712992	0.0000000	0.0000000
7339.9918601	7364.9846179	7364.8949414	-2.0000667	-2.0000667	0.0566425	0.2486436	0.1720887	0.0000000	0.0000000
7339.9918601	7359.9893291	7359.6744727	-2.0000667	-2.0000667	0.0640973	0.2492720	0.1743893	0.0000000	0.0000000
7339.9918601	7354.9845915	7354.8890430	-2.0000667	-2.0000667	0.0602234	0.2499421	0.1789440	0.0000000	0.0000000
7339.9918601	7349.9844428	7349.6991016	-2.0000667	-2.0000667	0.0710204	0.2489098	0.1733092	0.0000000	0.0000000
7339.9918601	7344.9860594	7344.9696387	-2.0000667	-2.0000667	0.0666080	0.2495236	0.1747953	0.0000000	0.0000000
7339.9918601	7339.9906619	7339.8102246	-2.0000667	-2.0000667	0.0665507	0.2499983	0.1797992	0.0000000	0.0000000
7339.9918601	7334.9876819	7334.6508105	-2.0000667	-2.0000667	0.0669872	0.2509705	0.1777771	0.0000000	0.0000000
7339.9918601	7329.9892429	7329.9213477	-2.0000667	-2.0000667	0.0671097	0.2504015	0.1765520	0.0000000	0.0000000
7339.9918601	7324.9908040	7324.7619336	-2.0000667	-2.0000667	0.0652336	0.2494506	0.1749363	0.0000000	0.0000000
7339.9918601	7319.9871533	7319.6025195	-2.0000667	-2.0000667	0.0640172	0.2478818	0.1774172	0.0000000	0.0000000
7339.9918601	7314.9883833	7314.8730566	-2.0000667	-2.0000667	0.0645342	0.2487932	0.1781743	0.0000000	0.0000000
7339.9918601	7309.9868361	7309.7136426	-2.0000667	-2.0000667	0.0678400	0.2497117	0.1815273	0.0000000	0.0000000
7339.9918601	7304.9879085	7304.6092822	-2.0000667	-2.0000667	0.0654362	0.2493984	0.1820996	0.0000000	0.0000000
7339.9918601	7299.9861565	7299.9348730	-2.0000667	-2.0000667	0.0652013	0.2473849	0.1799366	0.0000000	0.0000000
7339.9918601	7294.9829595	7294.8355176	-2.0000667	-2.0000667	0.0634088	0.2499457	0.1815023	0.0000000	0.0000000
7339.9918601	7289.9859351	7289.7361621	-2.0000667	-2.0000667	0.0634027	0.2450953	0.1877321	0.0000000	0.0000000
7339.9918601	7284.9889106	7284.6368066	-2.0000667	-2.0000667	0.0649932	0.2490990	0.1867910	0.0000000	0.0000000
7339.9918601	7279.9884279	7279.9623975	-2.0000667	-2.0000667	0.0661488	0.2468799	0.1901687	0.0000000	0.0000000
7339.9918601	7274.9837989	7274.8630420	-2.0000667	-2.0000667	0.0651570	0.2458270	0.1905172	0.0000000	0.0000000
7339.9918601	7269.9840093	7269.7636865	-2.0000667	-2.0000667	0.0658721	0.2454463	0.1917690	0.0000000	0.0000000
7339.9918601	7264.9876701	7264.6888672	-2.0000667	-2.0000667	0.0660029	0.2456738	0.1913477	0.0000000	0.0000000
7339.9918601	7259.9859215	7259.6483984	-2.0000667	-2.0000667	0.0679896	0.2475226	0.1926338	0.0000000	0.0000000
7339.9918601	7254.9818727	7254.6079297	-2.0000667	-2.0000667	0.0671005	0.2484541	0.1928446	0.0000000	0.0000000
7339.9918601	7249.9841501	7249.9875000	-2.0000667	-2.0000667	0.0651918	0.2494872	0.1901135	0.0000000	0.0000000
7339.9918601	7244.9864276	7244.9470313	-2.0000667	-2.0000667	0.0645519	0.2492341	0.1863777	0.0000000	0.0000000
7339.9918601	7239.9910569	7239.9065625	-2.0000667	-2.0000667	0.0637499	0.2484493	0.1842566	0.0000000	0.0000000
7339.9918601	7234.9891235	7234.8660938	-2.0000667	-2.0000667	0.0632319	0.2501956	0.1857657	0.0000000	0.0000000
7339.9918601	7229.9901764	7229.8256250	-2.0000667	-2.0000667	0.0634412	0.2501390	0.1846907	0.0000000	0.0000000
7339.9918601	7224.9850300	7224.7851563	-2.0000667	-2.0000667	0.0634363	0.2512655	0.1880062	0.0000000	0.0000000
7339.9918601	7219.9838918	7219.8026367	-2.0000667	-2.0000667	0.0632529	0.2516332	0.1899554	0.0000000	0.0000000
7339.9918601	7214.9856444	7214.8201172	-2.0000667	-2.0000667	0.0629965	0.2493141	0.1879877	0.0000000	0.0000000
7339.9918601	7209.9867265	7209.8375977	-2.0000667	-2.0000667	0.0627699	0.2488561	0.1893339	0.0000000	0.0000000
7339.9918601	7204.9856049	7204.8550781	-2.0000667	-2.0000667	0.0627971	0.2470862	0.1884441	0.0000000	0.0000000
7339.9918601	7199.9844833	7199.8725586	-2.0000667	-2.0000667	0.0614392	0.2499399	0.1889709	0.0000000	0.0000000
7339.9918601	7194.9864212	7194.8900391	-2.0000667	-2.0000667	0.0605374	0.2488530	0.1907445	0.0000000	0.0000000
7339.9918601	7189.9844123	7189.9075195	-2.0000667	-2.0000667	0.0588800	0.2466941	0.1944279	0.0000000	0.0000000
7339.9918601	7184.9857226	7184.9250000	-2.0000667	-2.0000667	0.0557526	0.2471118	0.1947981	0.0000000	0.0000000
7339.9918601	7179.9871345	7179.9804492	-2.0000667	-2.0000667	0.0544943	0.2475718	0.1935508	0.0000000	0.0000000
7339.9918601	7174.9840016	7174.6444189	-2.0000667	-2.0000667	0.0553330	0.2471411	0.1921840	0.0000000	0.0000000
7339.9918601	7169.9844272	7169.7188525	-2.0000667	-2.0000667	0.0525089	0.2495065	0.1938949	0.0000000	0.0000000
7339.9918601	7164.9848528	7164.7932861	-2.0000667	-2.0000667	0.0519775	0.2484860	0.1915634	0.0000000	0.0000000
7339.9918601	7159.9810081	7159.8677197	-2.0000667	-2.0000667	0.0536113	0.2476995	0.1913341	0.0000000	0.0000000
7339.9918601	7154.9859714	7154.9421533	-2.0000667	-2.0000667	0.0514044	0.2478936	0.1935321	0.0000000	0.0000000
7339.9918601	7149.9845143	7149.6061230	-2.0000667	-2.0000667	0.0502548	0.2480006	0.1944149	0.0000000	0.0000000
7339.9918601	7144.9847639	7144.6805566	-2.0000667	-2.0000667	0.0481072	0.2470590	0.1967836	0.0000000	0.0000000
7339.9918601	7139.9856218	7139.7829688	-2.0000667	-2.0000667	0.0467095	0.2490886	0.1934481	0.0000000	0.0000000
7339.9918601	7134.9864797	7134.9133594	-2.0000667	-2.0000667	0.0460315	0.2508400	0.1913252	0.0000000	0.0000000
7339.9918601	7129.9863643	7129.6379492	-2.0000667	-2.0000667	0.0448650	0.2500428	0.1917504	0.0000000	0.0000000
7339.9918601	7124.9850629	7124.7683398	-2.0000667	-2.0000667	0.0421211	0.2496532	0.1916217	0.0000000	0.0000000
7339.9918601	7119.9869188	7119.8987305	-2.0000667	-2.0000667	0.0406277	0.2505393	0.1922606	0.0000000	0.0000000
7339.9918601	7114.9824600	7114.6233203	-2.0000667	-2.0000667	0.0391642	0.2499789	0.1932578	0.0000000	0.0000000
7339.9918601	7109.9847957	7109.7537109	-2.0000667	-2.0000667	0.0391451	0.2492228	0.1922181	0.0000000	0.0000000
7339.9918601	7104.9825351	7104.8841016	-2.0000667	-2.0000667	0.0391365	0.2485883	0.1935072	0.0000000	0.0000000
7339.9918601	7099.9837702	7099.6316406	-2.0000667	-2.0000667	0.0351566	0.2460348	0.1933550	0.0000000	0.0000000
7339.9918601	7094.9817088	7094.8171094	-2.0000667	-2.0000667	0.0326077	0.2456760	0.1933870	0.0000000	0.0000000
7339.9918601	7089.9874198	7089.6013672	-2.0000667	-2.0000667	0.0309369	0.2458303	0.1930385	0.0000000	0.0000000
7339.9918601	7084.9855810	7084.7868359	-2.0000667	-2.0000667	0.0294241	0.2449348	0.1942792	0.0000000	0.0000000
7339.9918601	7079.9875171	7079.9723047	-2.0000667	-2.0000667	0.0292610	0.2461356	0.1934771	0.0000000	0.0000000
7339.9918601	7074.9849890	7074.7565625	-2.0000667	-2.0000667	0.0254799	0.2468883	0.1948113	0.0000000	0.0000000
7339.9918601	7069.9846289	7069.9420313	-2.0000667	-2.0000667	0.0250027	0.2482153	0.1923226	0.0000000	0.0000000
7339.9918601	7064.9842688	7064.7262891	-2.0000667	-2.0000667	0.0234774	0.2483965	0.1910818	0.0000000	0.0000000
7339.9918601	7059.9884642	7059.9297656	-2.0000667	-2.0000667	0.0233610	0.2478264	0.1897396	0.0000000	0.0000000
7339.9918601	7054.9845719	7054.7725488	-2.0000667	-2.0000667	0.0211425	0.2497084	0.1903790	0.0000000	0.0000000
7339.9918601	7049.9839480	7049.6153320	-2.0000667	-2.0000667	0.0210347	0.2499692	0.1900433	0.0000000	0.0000000
7339.9918601	7044.9839562	7044.8548242	-2.0000667	-2.0000667	0.0195027	0.2496890	0.1889371	0.0000000	0.0000000
7339.9918601	7039.9847173	7039.6976074	-2.0000667	-2.0000667	0.0179417	0.2501372	0.1905692	0.0000000	0.0000000
7339.9918601	7034.9887891	7034.9370996	-2.0000667	-2.0000667	0.0198341	0.2496174	0.1894038	0.0000000	0.0000000
7339.9918601	7029.9865333	7029.7798828	-2.0000667	-2.0000667	0.0159459	0.2502054	0.1913341	0.0000000	0.0000000
7339.9918601	7024.9842404	7024.6226660	-2.0000667	-2.0000667	0.0164368	0.2473142	0.1901693	0.0000000	0.0000000
7339.9918601	7019.9852022	7019.8843262	-2.0000667	-2.0000667	0.0143311	0.2431576	0.1900857	0.0000000	0.0000000
7339.9918601	7014.9894147	7014.7847461	-2.0000667	-2.0000667	0.0139805	0.2450198	0.1881096	0.0000000	0.0000000
7339.9918601	7009.9855214	7009.6851660	-2.0000667	-2.0000667	0.0119377	0.2476904	0.1898640	0.0000000	0.0000000
7339.9918601	7004.9816281	7004.9778613	-2.0000667	-2.0000667	0.0108088	0.2458658	0.1881337	0.0000000	0.0000000
7339.9918601	7000.0292969	6999.8782813	-2.0000667	-2.0000667	0.0097269	0.2461981	0.1878408	0.0000000	0.0000000
