7049.9930150	7499.9984178	7499.6820801	-2.0000667	-2.0000667	0.0006704	0.3002125	0.1269644	0.0000000	7050.0000000
7049.9930150	7494.9851784	7494.7226807	-2.0000667	-2.0000667	0.0007025	0.2995198	0.1205735	0.0000000	0.0000000
7049.9930150	7489.9851278	7489.7632813	-2.0000667	-2.0000667	0.0010259	0.2971527	0.1271311	0.0000000	0.0000000
7049.9930150	7484.9878658	7484.8038818	-2.0000667	-2.0000667	0.0016396	0.2958070	0.1337195	0.0000000	0.0000000
7049.9930150	7479.9855080	7479.8981445	-2.0000667	-2.0000667	0.0011682	0.2970924	0.1255284	0.0000000	0.0000000
7049.9930150	7474.9849184	7474.9977734	-2.0000667	-2.0000667	0.0015679	0.2967799	0.1304502	0.0000000	0.0000000
7049.9930150	7469.9894082	7469.6519141	-2.0000667	-2.0000667	0.0016814	0.2959728	0.1314514	0.0000000	0.0000000
7049.9930150	7464.9852369	7464.7515430	-2.0000667	-2.0000667	0.0017947	0.2964984	0.1343490	0.0000000	0.0000000
7049.9930150	7459.9830834	7459.8511719	-2.0000667	-2.0000667	0.0015812	0.2978363	0.1282290	0.0000000	0.0000000
7049.9930150	7454.9866531	7454.9508008	-2.0000667	-2.0000667	0.0016208	0.2990768	0.1231124	0.0000000	0.0000000
7049.9930150	7449.9849944	7449.6049414	-2.0000667	-2.0000667	0.0020077	0.2982141	0.1293901	0.0000000	0.0000000
7049.9930150	7444.9852800	7444.7045703	-2.0000667	-2.0000667	0.0025195	0.2958027	0.1353091	0.0000000	0.0000000
7049.9930150	7439.9825665	7439.8041992	-2.0000667	-2.0000667	0.0027819	0.2973369	0.1375881	0.0000000	0.0000000
7049.9930150	7434.9828522	7434.9618359	-2.0000667	-2.0000667	0.0034896	0.2966135	0.1329158	0.0000000	0.0000000
7049.9930150	7429.9848914	7429.6792578	-2.0000667	-2.0000667	0.0041708	0.2932477	0.1387253	0.0000000	0.0000000
7049.9930150	7424.9840682	7424.8368945	-2.0000667	-2.0000667	0.0038501	0.2962815	0.1334286	0.0000000	0.0000000
7049.9930150	7419.9889997	7419.9945313	-2.0000667	-2.0000667	0.0069658	0.2971017	0.1405005	0.0000000	0.0000000
7049.9930150	7414.9824218	7414.7119531	-2.0000667	-2.0000667	0.0111868	0.2949600	0.1466788	0.0000000	0.0000000
7049.9930150	7409.9893015	7409.8695898	-2.0000667	-2.0000667	0.0112233	0.2951046	0.1456151	0.0000000	0.0000000
7049.9930150	7404.9830486	7404.5870117	-2.0000667	-2.0000667	0.0130636	0.2943171	0.1483749	0.0000000	0.0000000
7049.9930150	7399.9868032	7399.7446484	-2.0000667	-2.0000667	0.0098749	0.2950507	0.1419744	0.0000000	0.0000000
7049.9930150	7394.9856052	7394.9126367	-2.0000667	-2.0000667	0.0065254	0.2945471	0.1319744	0.0000000	0.0000000
7049.9930150	7389.9845657	7389.6921680	-2.0000667	-2.0000667	0.0102904	0.2951091	0.1347246	0.0000000	0.0000000
7049.9930150	7384.9863215	7384.9067383	-2.0000667	-2.0000667	0.0147424	0.2935168	0.1440167	0.0000000	0.0000000
7049.9930150	7379.9860592	7379.6862695	-2.0000667	-2.0000667	0.0176019	0.2975011	0.1417487	0.0000000	0.0000000
7049.9930150	7374.9850104	7374.9008398	-2.0000667	-2.0000667	0.0146978	0.2964299	0.1361635	0.0000000	0.0000000
7049.9930150	7369.9839616	7369.6803711	-2.0000667	-2.0000667	0.0147227	0.2965261	0.1351960	0.0000000	0.0000000
7049.9930150	7364.9814683	7364.8949414	-2.0000667	-2.0000667	0.0174973	0.2973102	0.1408889	0.0000000	0.0000000
7049.9930150	7359.9861795	7359.6744727	-2.0000667	-2.0000667	0.0227566	0.2985198	0.1410541	0.0000000	0.0000000
7049.9930150	7354.9814419	7354.8890430	-2.0000667	-2.0000667	0.0210471	0.2980652	0.1416031	0.0000000	0.0000000
7049.9930150	7349.9844428	7349.6991016	-2.0000667	-2.0000667	0.0236069	0.2954836	0.1406945	0.0000000	0.0000000
7049.9930150	7344.9830735	7344.9696387	-2.0000667	-2.0000667	0.0271497	0.2988687	0.1426572	0.0000000	0.0000000
7049.9930150	7339.9876760	7339.8102246	-2.0000667	-2.0000667	0.0350338	0.2970498	0.1444979	0.0000000	0.0000000
7049.9930150	7334.9876819	7334.6508105	-2.0000667	-2.0000667	0.0278032	0.2974768	0.1360238	0.0000000	0.0000000
7049.9930150	7329.9862695	7329.9213477	-2.0000667	-2.0000667	0.0333448	0.2974384	0.1424637	0.0000000	0.0000000
7049.9930150	7324.9878305	7324.7619336	-2.0000667	-2.0000667	0.0391320	0.2959797	0.1419396	0.0000000	0.0000000
7049.9930150	7319.9843762	7319.6025195	-2.0000667	-2.0000667	0.0514059	0.2947690	0.1510804	0.0000000	0.0000000
7049.9930150	7314.9856062	7314.8730566	-2.0000667	-2.0000667	0.0443473	0.2965616	0.1450795	0.0000000	0.0000000
7049.9930150	7309.9868361	7309.7136426	-2.0000667	-2.0000667	0.0404065	0.2984922	0.1391090	0.0000000	0.0000000
7049.9930150	7304.9850290	7304.6092822	-2.0000667	-2.0000667	0.0387588	0.2957438	0.1372233	0.0000000	0.0000000
7049.9930150	7299.9861565	7299.9348730	-2.0000667	-2.0000667	0.0477261	0.2963395	0.1452103	0.0000000	0.0000000
7049.9930150	7294.9795014	7294.8355176	-2.0000667	-2.0000667	0.0395612	0.2985869	0.1373293	0.0000000	0.0000000
7049.9930150	7289.9824769	7289.7361621	-2.0000667	-2.0000667	0.0481385	0.2965022	0.1418716	0.0000000	0.0000000
7049.9930150	7284.9819943	7284.6368066	-2.0000667	-2.0000667	0.0619441	0.2970865	0.1467233	0.0000000	0.0000000
7049.9930150	7279.9849698	7279.9623975	-2.0000667	-2.0000667	0.0741661	0.2976815	0.1526621	0.0000000	0.0000000
7049.9930150	7274.9837989	7274.8630420	-2.0000667	-2.0000667	0.0669357	0.2972780	0.1485525	0.0000000	0.0000000
7049.9930150	7269.9840093	7269.7636865	-2.0000667	-2.0000667	0.0667604	0.2959695	0.1465231	0.0000000	0.0000000
7049.9930150	7264.9842196	7264.6888672	-2.0000667	-2.0000667	0.0725754	0.2957786	0.1481073	0.0000000	0.0000000
7049.9930150	7259.9859215	7259.6483984	-2.0000667	-2.0000667	0.0846940	0.2947689	0.1480388	0.0000000	0.0000000
7049.9930150	7254.9818727	7254.6079297	-2.0000667	-2.0000667	0.0969272	0.2961073	0.1500242	0.0000000	0.0000000
7049.9930150	7249.9841501	7249.9875000	-2.0000667	-2.0000667	0.0964849	0.2937938	0.1503392	0.0000000	0.0000000
7049.9930150	7244.9832645	7244.9470313	-2.0000667	-2.0000667	0.0858718	0.2942302	0.1480710	0.0000000	0.0000000
7049.9930150	7239.9850844	7239.9065625	-2.0000667	-2.0000667	0.0848234	0.2940673	0.1458884	0.0000000	0.0000000
7049.9930150	7234.9891235	7234.8660938	-2.0000667	-2.0000667	0.1024673	0.2951228	0.1458668	0.0000000	0.0000000
7049.9930150	7229.9871902	7229.8256250	-2.0000667	-2.0000667	0.1005209	0.2959255	0.1418905	0.0000000	0.0000000
7049.9930150	7224.9908117	7224.7851563	-2.0000667	-2.0000667	0.0983127	0.2957290	0.1436476	0.0000000	0.0000000
7049.9930150	7219.9838918	7219.8026367	-2.0000667	-2.0000667	0.1162769	0.2948999	0.1470684	0.0000000	0.0000000
7049.9930150	7214.9827535	7214.8201172	-2.0000667	-2.0000667	0.1138857	0.2933971	0.1486511	0.0000000	0.0000000
7049.9930150	7209.9867265	7209.8375977	-2.0000667	-2.0000667	0.1152939	0.2961132	0.1459871	0.0000000	0.0000000
7049.9930150	7204.9856049	7204.8550781	-2.0000667	-2.0000667	0.1374313	0.2953188	0.1500015	0.0000000	0.0000000
7049.9930150	7199.9844833	7199.8725586	-2.0000667	-2.0000667	0.1464370	0.2944496	0.1520786	0.0000000	0.0000000
7049.9930150	7194.9864212	7194.8900391	-2.0000667	-2.0000667	0.1540125	0.2944338	0.1541866	0.0000000	0.0000000
7049.9930150	7189.9844123	7189.9075195	-2.0000667	-2.0000667	0.1367097	0.2962162	0.1445182	0.0000000	0.0000000
7049.9930150	7184.9857226	7184.9250000	-2.0000667	-2.0000667	0.1240367	0.2971736	0.1450452	0.0000000	0.0000000
7049.9930150	7179.9835760	7179.9804492	-2.0000667	-2.0000667	0.1326345	0.2947333	0.1452855	0.0000000	0.0000000
7049.9930150	7174.9804432	7174.6444189	-2.0000667	-2.0000667	0.1434702	0.2960706	0.1472816	0.0000000	0.0000000
7049.9930150	7169.9844272	7169.7188525	-2.0000667	-2.0000667	0.1227780	0.2951792	0.1364550	0.0000000	0.0000000
7049.9930150	7164.9848528	7164.7932861	-2.0000667	-2.0000667	0.1282347	0.2988409	0.1353746	0.0000000	0.0000000
7049.9930150	7159.9842183	7159.8677197	-2.0000667	-2.0000667	0.1607349	0.2970342	0.1443380	0.0000000	0.0000000
7049.9930150	7154.9827612	7154.9421533	-2.0000667	-2.0000667	0.1714496	0.2978612	0.1498597	0.0000000	0.0000000
7049.9930150	7149.9813041	7149.6061230	-2.0000667	-2.0000667	0.1785463	0.2965898	0.1478540	0.0000000	0.0000000
7049.9930150	7144.9816355	7144.6805566	-2.0000667	-2.0000667	0.1992546	0.2958132	0.1505800	0.0000000	0.0000000
7049.9930150	7139.9856218	7139.7829688	-2.0000667	-2.0000667	0.1884116	0.2963944	0.1485189	0.0000000	0.0000000
7049.9930150	7134.9864797	7134.9133594	-2.0000667	-2.0000667	0.2011534	0.2980540	0.1473328	0.0000000	0.0000000
7049.9930150	7129.9832069	7129.6379492	-2.0000667	-2.0000667	0.2182311	0.2967689	0.1522736	0.0000000	0.0000000
7049.9930150	7124.9850629	7124.7683398	-2.0000667	-2.0000667	0.1954641	0.2950117	0.1459670	0.0000000	0.0000000
7049.9930150	7119.9837614	7119.8987305	-2.0000667	-2.0000667	0.2577714	0.2969576	0.1581870	0.0000000	0.0000000
7049.9930150	7114.9824600	7114.6233203	-2.0000667	-2.0000667	0.2396074	0.2973561	0.1520106	0.0000000	0.0000000
7049.9930150	7109.9847957	7109.7537109	-2.0000667	-2.0000667	0.2398434	0.2966732	0.1497043	0.0000000	0.0000000
7049.9930150	7104.9825351	7104.8841016	-2.0000667	-2.0000667	0.2237571	0.2971265	0.1462509	0.0000000	0.0000000
7049.9930150	7099.9837702	7099.6316406	-2.0000667	-2.0000667	0.2539197	0.2964020	0.1511368	0.0000000	0.0000000
7049.9930150	7094.9817088	7094.8171094	-2.0000667	-2.0000667	0.2554625	0.2968948	0.1518188	0.0000000	0.0000000
7049.9930150	7089.9836449	7089.6013672	-2.0000667	-2.0000667	0.2218910	0.2969730	0.1433292	0.0000000	0.0000000
7049.9930150	7084.9818060	7084.7868359	-2.0000667	-2.0000667	0.2135546	0.2983467	0.1420989	0.0000000	0.0000000
7049.9930150	7079.9875171	7079.9723047	-2.0000667	-2.0000667	0.2081619	0.2989047	0.1404635	0.0000000	0.0000000
7049.9930150	7074.9849890	7074.7565625	-2.0000667	-2.0000667	0.2295195	0.2992487	0.1479814	0.0000000	0.0000000
7049.9930150	7069.9846289	7069.9420313	-2.0000667	-2.0000667	0.2316406	0.3011425	0.1460002	0.0000000	0.0000000
7049.9930150	7064.9842688	7064.7262891	-2.0000667	-2.0000667	0.2368606	0.2969381	0.1469092	0.0000000	0.0000000
7049.9930150	7059.9851958	7059.9297656	-2.0000667	-2.0000667	0.2518494	0.2966754	0.1525001	0.0000000	0.0000000
7049.9930150	7054.9813035	7054.7725488	-2.0000667	-2.0000667	0.2715475	0.2984465	0.1524049	0.0000000	0.0000000
7049.9930150	7049.9839480	7049.6153320	-2.0000667	-2.0000667	0.2638339	0.2973467	0.1471188	0.0000000	0.0000000
7049.9930150	7044.9839562	7044.8548242	-2.0000667	-2.0000667	0.2177003	0.2974590	0.1392432	0.0000000	0.0000000
7049.9930150	7039.9814065	7039.6976074	-2.0000667	-2.0000667	0.2380641	0.2962512	0.1424832	0.0000000	0.0000000
7049.9930150	7034.9854783	7034.9370996	-2.0000667	-2.0000667	0.2569768	0.2938090	0.1469465	0.0000000	0.0000000
7049.9930150	7029.9897879	7029.7798828	-2.0000667	-2.0000667	0.2562686	0.2967330	0.1468789	0.0000000	0.0000000
7049.9930150	7024.9842404	7024.6226660	-2.0000667	-2.0000667	0.2644540	0.2951932	0.1478179	0.0000000	0.0000000
7049.9930150	7019.9852022	7019.8843262	-2.0000667	-2.0000667	0.2650005	0.2970077	0.1517690	0.0000000	0.0000000
7049.9930150	7014.9861162	7014.7847461	-2.0000667	-2.0000667	0.2796725	0.2946941	0.1573937	0.0000000	0.0000000
7049.9930150	7009.9822229	7009.6851660	-2.0000667	-2.0000667	0.2532756	0.2960791	0.1502444	0.0000000	0.0000000
7049.9930150	7004.9816281	7004.9778613	-2.0000667	-2.0000667	0.2293950	0.2958680	0.1459712	0.0000000	0.0000000
7049.9930150	7000.0292969	6999.8782813	-2.0000667	-2.0000667	0.2370100	0.2962101	0.1504075	0.0000000	0.0000000
