7309.9962958	7499.9984178	7499.6820801	-2.0000667	-2.0000667	0.0234077	0.2528673	0.1621680	0.0000000	7310.0000000
7309.9962958	7494.9879671	7494.7226807	-2.0000667	-2.0000667	0.0269116	0.2541775	0.1639727	0.0000000	0.0000000
7309.9962958	7489.9851278	7489.7632813	-2.0000667	-2.0000667	0.0265240	0.2522028	0.1642614	0.0000000	0.0000000
7309.9962958	7484.9878658	7484.8038818	-2.0000667	-2.0000667	0.0273157	0.2513065	0.1619802	0.0000000	0.0000000
7309.9962958	7479.9905873	7479.8981445	-2.0000667	-2.0000667	0.0305553	0.2521293	0.1714786	0.0000000	0.0000000
7309.9962958	7474.9849184	7474.9977734	-2.0000667	-2.0000667	0.0307673	0.2521227	0.1668438	0.0000000	0.0000000
7309.9962958	7469.9894082	7469.6519141	-2.0000667	-2.0000667	0.0333138	0.2531121	0.1658564	0.0000000	0.0000000
7309.9962958	7464.9852369	7464.7515430	-2.0000667	-2.0000667	0.0347125	0.2511503	0.1629585	0.0000000	0.0000000
7309.9962958	7459.9830834	7459.8511719	-2.0000667	-2.0000667	0.0373585	0.2526274	0.1673494	0.0000000	0.0000000
7309.9962958	7454.9866531	7454.9508008	-2.0000667	-2.0000667	0.0373068	0.2529050	0.1638115	0.0000000	0.0000000
7309.9962958	7449.9879936	7449.6049414	-2.0000667	-2.0000667	0.0382594	0.2533928	0.1642874	0.0000000	0.0000000
7309.9962958	7444.9882793	7444.7045703	-2.0000667	-2.0000667	0.0413184	0.2551721	0.1664141	0.0000000	0.0000000
7309.9962958	7439.9855657	7439.8041992	-2.0000667	-2.0000667	0.0428090	0.2544835	0.1679404	0.0000000	0.0000000
7309.9962958	7434.9858514	7434.9618359	-2.0000667	-2.0000667	0.0430415	0.2526638	0.1664044	0.0000000	0.0000000
7309.9962958	7429.9906461	7429.6792578	-2.0000667	-2.0000667	0.0460173	0.2536001	0.1687461	0.0000000	0.0000000
7309.9962958	7424.9840682	7424.8368945	-2.0000667	-2.0000667	0.0477006	0.2531794	0.1691085	0.0000000	0.0000000
7309.9962958	7419.9889997	7419.9945313	-2.0000667	-2.0000667	0.0504032	0.2542140	0.1672838	0.0000000	0.0000000
7309.9962958	7414.9852991	7414.7119531	-2.0000667	-2.0000667	0.0532343	0.2532107	0.1690966	0.0000000	0.0000000
7309.9962958	7409.9893015	7409.8695898	-2.0000667	-2.0000667	0.0545298	0.2544104	0.1695931	0.0000000	0.0000000
7309.9962958	7404.9855505	7404.5870117	-2.0000667	-2.0000667	0.0523572	0.2526016	0.1655682	0.0000000	0.0000000
7309.9962958	7399.9868032	7399.7446484	-2.0000667	-2.0000667	0.0580009	0.2533490	0.1733257	0.0000000	0.0000000
7309.9962958	7394.9884007	7394.9126367	-2.0000667	-2.0000667	0.0606383	0.2525551	0.1748713	0.0000000	0.0000000
7309.9962958	7389.9845657	7389.6921680	-2.0000667	-2.0000667	0.0602184	0.2540853	0.1676440	0.0000000	0.0000000
7309.9962958	7384.9891170	7384.9067383	-2.0000667	-2.0000667	0.0618081	0.2540823	0.1678511	0.0000000	0.0000000
7309.9962958	7379.9830116	7379.6862695	-2.0000667	-2.0000667	0.0668756	0.2556538	0.1704321	0.0000000	0.0000000
7309.9962958	7374.9850104	7374.9008398	-2.0000667	-2.0000667	0.0669113	0.2557856	0.1718268	0.0000000	0.0000000
7309.9962958	7369.9839616	7369.6803711	-2.0000667	-2.0000667	0.0683397	0.2559082	0.1731973	0.0000000	0.0000000
7309.9962958	7364.9814683	7364.8949414	-2.0000667	-2.0000667	0.0701627	0.2565603	0.1728995	0.0000000	0.0000000
7309.9962958	7359.9861795	7359.6744727	-2.0000667	-2.0000667	0.0706575	0.2561774	0.1698336	0.0000000	0.0000000
7309.9962958	7354.9814419	7354.8890430	-2.0000667	-2.0000667	0.0700353	0.2558361	0.1690181	0.0000000	0.0000000
7309.9962958	7349.9874287	7349.6991016	-2.0000667	-2.0000667	0.0737484	0.2569093	0.1672266	0.0000000	0.0000000
7309.9962958	7344.9860594	7344.9696387	-2.0000667	-2.0000667	0.0756801	0.2549722	0.1726946	0.0000000	0.0000000
7309.9962958	7339.9876760	7339.8102246	-2.0000667	-2.0000667	0.0757451	0.2556932	0.1713613	0.0000000	0.0000000
7309.9962958	7334.9876819	7334.6508105	-2.0000667	-2.0000667	0.0781940	0.2560439	0.1713536	0.0000000	0.0000000
7309.9962958	7329.9862695	7329.9213477	-2.0000667	-2.0000667	0.0797960	0.2558114	0.1726621	0.0000000	0.0000000
7309.9962958	7324.9878305	7324.7619336	-2.0000667	-2.0000667	0.0872263	0.2549183	0.1718397	0.0000000	0.0000000
7309.9962958	7319.9843762	7319.6025195	-2.0000667	-2.0000667	0.0948538	0.2533951	0.1805890	0.0000000	0.0000000
7309.9962958	7314.9883833	7314.8730566	-2.0000667	-2.0000667	0.0959021	0.2520168	0.1848538	0.0000000	0.0000000
7309.9962958	7309.9868361	7309.7136426	-2.0000667	-2.0000667	0.0998767	0.2511010	0.1867715	0.0000000	0.0000000
7309.9962958	7304.9850290	7304.6092822	-2.0000667	-2.0000667	0.0958334	0.2501146	0.1830253	0.0000000	0.0000000
7309.9962958	7299.9832770	7299.9348730	-2.0000667	-2.0000667	0.0948574	0.2498643	0.1897731	0.0000000	0.0000000
7309.9962958	7294.9795014	7294.8355176	-2.0000667	-2.0000667	0.0885619	0.2514041	0.1845366	0.0000000	0.0000000
7309.9962958	7289.9859351	7289.7361621	-2.0000667	-2.0000667	0.0893207	0.2485754	0.1875239	0.0000000	0.0000000
7309.9962958	7284.9854524	7284.6368066	-2.0000667	-2.0000667	0.0917598	0.2514534	0.1865626	0.0000000	0.0000000
7309.9962958	7279.9884279	7279.9623975	-2.0000667	-2.0000667	0.0871650	0.2469833	0.1879801	0.0000000	0.0000000
7309.9962958	7274.9872494	7274.8630420	-2.0000667	-2.0000667	0.0906259	0.2526653	0.1857618	0.0000000	0.0000000
7309.9962958	7269.9840093	7269.7636865	-2.0000667	-2.0000667	0.0901368	0.2548855	0.1860105	0.0000000	0.0000000
7309.9962958	7264.9876701	7264.6888672	-2.0000667	-2.0000667	0.0916846	0.2512262	0.1858673	0.0000000	0.0000000
7309.9962958	7259.9859215	7259.6483984	-2.0000667	-2.0000667	0.0939849	0.2532579	0.1853519	0.0000000	0.0000000
7309.9962958	7254.9850358	7254.6079297	-2.0000667	-2.0000667	0.0943833	0.2526583	0.1819637	0.0000000	0.0000000
7309.9962958	7249.9841501	7249.9875000	-2.0000667	-2.0000667	0.0944885	0.2544271	0.1856281	0.0000000	0.0000000
7309.9962958	7244.9832645	7244.9470313	-2.0000667	-2.0000667	0.0933898	0.2557345	0.1826010	0.0000000	0.0000000
7309.9962958	7239.9820982	7239.9065625	-2.0000667	-2.0000667	0.0931750	0.2574786	0.1868640	0.0000000	0.0000000
7309.9962958	7234.9861373	7234.8660938	-2.0000667	-2.0000667	0.0920009	0.2557704	0.1863724	0.0000000	0.0000000
7309.9962958	7229.9871902	7229.8256250	-2.0000667	-2.0000667	0.0929478	0.2540053	0.1862112	0.0000000	0.0000000
7309.9962958	7224.9850300	7224.7851563	-2.0000667	-2.0000667	0.0933156	0.2526324	0.1879811	0.0000000	0.0000000
7309.9962958	7219.9867826	7219.8026367	-2.0000667	-2.0000667	0.0919839	0.2522681	0.1873010	0.0000000	0.0000000
7309.9962958	7214.9856444	7214.8201172	-2.0000667	-2.0000667	0.0924502	0.2532986	0.1899758	0.0000000	0.0000000
7309.9962958	7209.9867265	7209.8375977	-2.0000667	-2.0000667	0.0897183	0.2509565	0.1877944	0.0000000	0.0000000
7309.9962958	7204.9856049	7204.8550781	-2.0000667	-2.0000667	0.0920579	0.2517092	0.1879731	0.0000000	0.0000000
7309.9962958	7199.9844833	7199.8725586	-2.0000667	-2.0000667	0.0899374	0.2529490	0.1910480	0.0000000	0.0000000
7309.9962958	7194.9864212	7194.8900391	-2.0000667	-2.0000667	0.0898766	0.2520042	0.1881254	0.0000000	0.0000000
7309.9962958	7189.9810932	7189.9075195	-2.0000667	-2.0000667	0.0869611	0.2535106	0.1905077	0.0000000	0.0000000
7309.9962958	7184.9857226	7184.9250000	-2.0000667	-2.0000667	0.0841595	0.2538646	0.1895116	0.0000000	0.0000000
7309.9962958	7179.9835760	7179.9804492	-2.0000667	-2.0000667	0.0831040	0.2541117	0.1884153	0.0000000	0.0000000
7309.9962958	7174.9804432	7174.6444189	-2.0000667	-2.0000667	0.0823519	0.2540414	0.1881620	0.0000000	0.0000000
7309.9962958	7169.9844272	7169.7188525	-2.0000667	-2.0000667	0.0795955	0.2542094	0.1885527	0.0000000	0.0000000
7309.9962958	7164.9884112	7164.7932861	-2.0000667	-2.0000667	0.0789657	0.2531488	0.1897845	0.0000000	0.0000000
7309.9962958	7159.9842183	7159.8677197	-2.0000667	-2.0000667	0.0772552	0.2528949	0.1879941	0.0000000	0.0000000
7309.9962958	7154.9859714	7154.9421533	-2.0000667	-2.0000667	0.0775894	0.2538368	0.1897729	0.0000000	0.0000000
7309.9962958	7149.9845143	7149.6061230	-2.0000667	-2.0000667	0.0749670	0.2522473	0.1882130	0.0000000	0.0000000
7309.9962958	7144.9847639	7144.6805566	-2.0000667	-2.0000667	0.0727015	0.2527715	0.1892316	0.0000000	0.0000000
7309.9962958	7139.9824934	7139.7829688	-2.0000667	-2.0000667	0.0700344	0.2507307	0.1903560	0.0000000	0.0000000
7309.9962958	7134.9864797	7134.9133594	-2.0000667	-2.0000667	0.0695043	0.2523997	0.1886029	0.0000000	0.0000000
7309.9962958	7129.9863643	7129.6379492	-2.0000667	-2.0000667	0.0687045	0.2519292	0.1866104	0.0000000	0.0000000
7309.9962958	7124.9850629	7124.7683398	-2.0000667	-2.0000667	0.0652240	0.2522419	0.1889087	0.0000000	0.0000000
7309.9962958	7119.9869188	7119.8987305	-2.0000667	-2.0000667	0.0619429	0.2528413	0.1879263	0.0000000	0.0000000
7309.9962958	7114.9856174	7114.6233203	-2.0000667	-2.0000667	0.0605682	0.2528643	0.1856271	0.0000000	0.0000000
7309.9962958	7109.9847957	7109.7537109	-2.0000667	-2.0000667	0.0575870	0.2532856	0.1868812	0.0000000	0.0000000
7309.9962958	7104.9825351	7104.8841016	-2.0000667	-2.0000667	0.0563375	0.2552671	0.1854679	0.0000000	0.0000000
7309.9962958	7099.9837702	7099.6316406	-2.0000667	-2.0000667	0.0539948	0.2540150	0.1854933	0.0000000	0.0000000
7309.9962958	7094.9817088	7094.8171094	-2.0000667	-2.0000667	0.0515934	0.2546583	0.1856544	0.0000000	0.0000000
7309.9962958	7089.9836449	7089.6013672	-2.0000667	-2.0000667	0.0496577	0.2539811	0.1868315	0.0000000	0.0000000
7309.9962958	7084.9818060	7084.7868359	-2.0000667	-2.0000667	0.0485140	0.2555087	0.1851893	0.0000000	0.0000000
7309.9962958	7079.9837421	7079.9723047	-2.0000667	-2.0000667	0.0452339	0.2549128	0.1855051	0.0000000	0.0000000
7309.9962958	7074.9849890	7074.7565625	-2.0000667	-2.0000667	0.0447777	0.2537640	0.1841320	0.0000000	0.0000000
7309.9962958	7069.9846289	7069.9420313	-2.0000667	-2.0000667	0.0407786	0.2509131	0.1856472	0.0000000	0.0000000
7309.9962958	7064.9842688	7064.7262891	-2.0000667	-2.0000667	0.0399083	0.2526539	0.1830605	0.0000000	0.0000000
7309.9962958	7059.9884642	7059.9297656	-2.0000667	-2.0000667	0.0380957	0.2493353	0.1817430	0.0000000	0.0000000
7309.9962958	7054.9845719	7054.7725488	-2.0000667	-2.0000667	0.0341401	0.2508511	0.1866700	0.0000000	0.0000000
7309.9962958	7049.9839480	7049.6153320	-2.0000667	-2.0000667	0.0310939	0.2525752	0.1878870	0.0000000	0.0000000
7309.9962958	7044.9806454	7044.8548242	-2.0000667	-2.0000667	0.0316154	0.2511903	0.1837657	0.0000000	0.0000000
7309.9962958	7039.9847173	7039.6976074	-2.0000667	-2.0000667	0.0285905	0.2514329	0.1854252	0.0000000	0.0000000
7309.9962958	7034.9887891	7034.9370996	-2.0000667	-2.0000667	0.0277321	0.2520599	0.1849426	0.0000000	0.0000000
7309.9962958	7029.9865333	7029.7798828	-2.0000667	-2.0000667	0.0283352	0.2512643	0.1854807	0.0000000	0.0000000
7309.9962958	7024.9842404	7024.6226660	-2.0000667	-2.0000667	0.0247936	0.2520677	0.1843831	0.0000000	0.0000000
7309.9962958	7019.9852022	7019.8843262	-2.0000667	-2.0000667	0.0230233	0.2502452	0.1843326	0.0000000	0.0000000
7309.9962958	7014.9894147	7014.7847461	-2.0000667	-2.0000667	0.0212992	0.2539415	0.1839274	0.0000000	0.0000000
7309.9962958	7009.9855214	7009.6851660	-2.0000667	-2.0000667	0.0203702	0.2549741	0.1822479	0.0000000	0.0000000
7309.9962958	7004.9816281	7004.9778613	-2.0000667	-2.0000667	0.0191901	0.2540056	0.1828363	0.0000000	0.0000000
7309.9962958	7000.0292969	6999.8782813	-2.0000667	-2.0000667	0.0176323	0.2540071	0.1801438	0.0000000	0.0000000
