7029.9947696	7500.0011376	7499.6820801	-2.0000667	-2.0000667	0.0004440	0.2990582	0.1280870	0.0000000	7030.0000000
7029.9947696	7494.9851784	7494.7226807	-2.0000667	-2.0000667	0.0005149	0.2986704	0.1281685	0.0000000	0.0000000
7029.9947696	7489.9851278	7489.7632813	-2.0000667	-2.0000667	0.0009957	0.2974094	0.1406824	0.0000000	0.0000000
7029.9947696	7484.9906544	7484.8038818	-2.0000667	-2.0000667	0.0012566	0.2962822	0.1428278	0.0000000	0.0000000
7029.9947696	7479.9905873	7479.8981445	-2.0000667	-2.0000667	0.0011482	0.2979385	0.1376099	0.0000000	0.0000000
7029.9947696	7474.9849184	7474.9977734	-2.0000667	-2.0000667	0.0016425	0.2989434	0.1399659	0.0000000	0.0000000
7029.9947696	7469.9919479	7469.6519141	-2.0000667	-2.0000667	0.0015852	0.2995496	0.1342574	0.0000000	0.0000000
7029.9947696	7464.9852369	7464.7515430	-2.0000667	-2.0000667	0.0020392	0.2978225	0.1396315	0.0000000	0.0000000
7029.9947696	7459.9830834	7459.8511719	-2.0000667	-2.0000667	0.0014980	0.3010856	0.1333492	0.0000000	0.0000000
7029.9947696	7454.9866531	7454.9508008	-2.0000667	-2.0000667	0.0009084	0.3012140	0.1233345	0.0000000	0.0000000
7029.9947696	7450.0329820	7449.6049414	-2.0000667	-2.0000667	0.0010150	0.3011725	0.1239830	0.0000000	0.0000000
7029.9947696	7445.0362669	7444.7045703	-2.0000667	-2.0000667	0.0013970	0.2972103	0.1342214	0.0000000	0.0000000
7029.9947696	7440.0245557	7439.8041992	-2.0000667	-2.0000667	0.0023213	0.2975416	0.1430521	0.0000000	0.0000000
7029.9947696	7435.0158437	7434.9618359	-2.0000667	-2.0000667	0.0023590	0.3001626	0.1336367	0.0000000	0.0000000
7029.9947696	7430.0309289	7429.6792578	-2.0000667	-2.0000667	0.0021685	0.2997683	0.1285812	0.0000000	0.0000000
7029.9947696	7424.9840682	7424.8368945	-2.0000667	-2.0000667	0.0021748	0.2993545	0.1287747	0.0000000	0.0000000
7029.9947696	7419.9861223	7419.9945313	-2.0000667	-2.0000667	0.0036456	0.2989688	0.1373773	0.0000000	0.0000000
7029.9947696	7414.9852991	7414.7119531	-2.0000667	-2.0000667	0.0055742	0.2979723	0.1443260	0.0000000	0.0000000
7029.9947696	7409.9893015	7409.8695898	-2.0000667	-2.0000667	0.0029529	0.3009200	0.1248076	0.0000000	0.0000000
7029.9947696	7404.9855505	7404.5870117	-2.0000667	-2.0000667	0.0034806	0.3002412	0.1287872	0.0000000	0.0000000
7029.9947696	7399.9868032	7399.7446484	-2.0000667	-2.0000667	0.0043267	0.2991644	0.1358462	0.0000000	0.0000000
7029.9947696	7394.9884007	7394.9126367	-2.0000667	-2.0000667	0.0075337	0.3005703	0.1421324	0.0000000	0.0000000
7029.9947696	7389.9845657	7389.6921680	-2.0000667	-2.0000667	0.0052760	0.3017804	0.1303893	0.0000000	0.0000000
7029.9947696	7384.9835261	7384.9067383	-2.0000667	-2.0000667	0.0058679	0.2999973	0.1368615	0.0000000	0.0000000
7029.9947696	7380.0287250	7379.6862695	-2.0000667	-2.0000667	0.0086450	0.3000637	0.1414132	0.0000000	0.0000000
7029.9947696	7375.0246287	7374.9008398	-2.0000667	-2.0000667	0.0080035	0.2978152	0.1396034	0.0000000	0.0000000
7029.9947696	7370.0205324	7369.6803711	-2.0000667	-2.0000667	0.0102924	0.3002975	0.1372534	0.0000000	0.0000000
7029.9947696	7365.0192636	7364.8949414	-2.0000667	-2.0000667	0.0085952	0.2979277	0.1389307	0.0000000	0.0000000
7029.9947696	7360.0145260	7359.6744727	-2.0000667	-2.0000667	0.0168081	0.2963811	0.1478346	0.0000000	0.0000000
7029.9947696	7355.0097884	7354.8890430	-2.0000667	-2.0000667	0.0198109	0.2974933	0.1484558	0.0000000	0.0000000
7029.9947696	7350.0172876	7349.6991016	-2.0000667	-2.0000667	0.0211287	0.3000637	0.1441257	0.0000000	0.0000000
7029.9947696	7345.0248760	7344.9696387	-2.0000667	-2.0000667	0.0162667	0.3019628	0.1354197	0.0000000	0.0000000
7029.9947696	7340.0354503	7339.8102246	-2.0000667	-2.0000667	0.0158134	0.3011188	0.1346454	0.0000000	0.0000000
7029.9947696	7335.0293108	7334.6508105	-2.0000667	-2.0000667	0.0213800	0.3009709	0.1362391	0.0000000	0.0000000
7029.9947696	7330.0308718	7329.9213477	-2.0000667	-2.0000667	0.0190392	0.3007111	0.1354143	0.0000000	0.0000000
7029.9947696	7325.0264859	7324.7619336	-2.0000667	-2.0000667	0.0210789	0.2998333	0.1301259	0.0000000	0.0000000
7029.9947696	7319.9843762	7319.6025195	-2.0000667	-2.0000667	0.0336182	0.2990469	0.1466990	0.0000000	0.0000000
7029.9947696	7314.9856062	7314.8730566	-2.0000667	-2.0000667	0.0323732	0.2983242	0.1410682	0.0000000	0.0000000
7029.9947696	7309.9896132	7309.7136426	-2.0000667	-2.0000667	0.0227777	0.3015978	0.1259022	0.0000000	0.0000000
7029.9947696	7304.9879085	7304.6092822	-2.0000667	-2.0000667	0.0246995	0.3011887	0.1267478	0.0000000	0.0000000
7029.9947696	7299.9861565	7299.9348730	-2.0000667	-2.0000667	0.0293232	0.2997386	0.1357009	0.0000000	0.0000000
7029.9947696	7294.9795014	7294.8355176	-2.0000667	-2.0000667	0.0438423	0.2988739	0.1534067	0.0000000	0.0000000
7029.9947696	7289.9859351	7289.7361621	-2.0000667	-2.0000667	0.0400922	0.2997645	0.1437684	0.0000000	0.0000000
7029.9947696	7284.9854524	7284.6368066	-2.0000667	-2.0000667	0.0436761	0.3019601	0.1419418	0.0000000	0.0000000
7029.9947696	7279.9884279	7279.9623975	-2.0000667	-2.0000667	0.0398947	0.2995677	0.1381232	0.0000000	0.0000000
7029.9947696	7274.9941504	7274.8630420	-2.0000667	-2.0000667	0.0408478	0.3003616	0.1327852	0.0000000	0.0000000
7029.9947696	7269.9840093	7269.7636865	-2.0000667	-2.0000667	0.0483069	0.2963947	0.1426965	0.0000000	0.0000000
7029.9947696	7264.9842196	7264.6888672	-2.0000667	-2.0000667	0.0478464	0.2993730	0.1375251	0.0000000	0.0000000
7029.9947696	7259.9954108	7259.6483984	-2.0000667	-2.0000667	0.0602220	0.3001942	0.1413958	0.0000000	0.0000000
7029.9947696	7255.0103407	7254.6079297	-2.0000667	-2.0000667	0.0530530	0.2995546	0.1353755	0.0000000	0.0000000
7029.9947696	7250.0094550	7249.9875000	-2.0000667	-2.0000667	0.0580380	0.2982583	0.1432184	0.0000000	0.0000000
7029.9947696	7245.0180587	7244.9470313	-2.0000667	-2.0000667	0.0638621	0.3002328	0.1419618	0.0000000	0.0000000
7029.9947696	7240.0239054	7239.9065625	-2.0000667	-2.0000667	0.0619280	0.3000509	0.1391711	0.0000000	0.0000000
7029.9947696	7235.0279445	7234.8660938	-2.0000667	-2.0000667	0.0771322	0.3000448	0.1446013	0.0000000	0.0000000
7029.9947696	7230.0379561	7229.8256250	-2.0000667	-2.0000667	0.0802953	0.3010562	0.1412290	0.0000000	0.0000000
7029.9947696	7224.9850300	7224.7851563	-2.0000667	-2.0000667	0.0663083	0.3005774	0.1342969	0.0000000	0.0000000
7029.9947696	7219.9838918	7219.8026367	-2.0000667	-2.0000667	0.0782957	0.2995176	0.1421292	0.0000000	0.0000000
7029.9947696	7214.9827535	7214.8201172	-2.0000667	-2.0000667	0.0995583	0.2987062	0.1515242	0.0000000	0.0000000
7029.9947696	7210.0125554	7209.8375977	-2.0000667	-2.0000667	0.1078739	0.2995449	0.1521707	0.0000000	0.0000000
7029.9947696	7205.0114338	7204.8550781	-2.0000667	-2.0000667	0.1065170	0.2975109	0.1521255	0.0000000	0.0000000
7029.9947696	7200.0006264	7199.8725586	-2.0000667	-2.0000667	0.0974908	0.2987491	0.1480536	0.0000000	0.0000000
7029.9947696	7195.0030172	7194.8900391	-2.0000667	-2.0000667	0.1103936	0.3029778	0.1543708	0.0000000	0.0000000
7029.9947696	7189.9810932	7189.9075195	-2.0000667	-2.0000667	0.1211431	0.3011993	0.1513704	0.0000000	0.0000000
7029.9947696	7184.9857226	7184.9250000	-2.0000667	-2.0000667	0.1382643	0.2973604	0.1551128	0.0000000	0.0000000
7029.9947696	7180.0049265	7179.9804492	-2.0000667	-2.0000667	0.1188518	0.2969795	0.1478412	0.0000000	0.0000000
7029.9947696	7174.9840016	7174.6444189	-2.0000667	-2.0000667	0.1223436	0.2983798	0.1480298	0.0000000	0.0000000
7029.9947696	7169.9844272	7169.7188525	-2.0000667	-2.0000667	0.1305826	0.2961863	0.1500891	0.0000000	0.0000000
7029.9947696	7164.9848528	7164.7932861	-2.0000667	-2.0000667	0.1533181	0.2981831	0.1546581	0.0000000	0.0000000
7029.9947696	7159.9810081	7159.8677197	-2.0000667	-2.0000667	0.1468048	0.2995708	0.1474645	0.0000000	0.0000000
7029.9947696	7155.0180732	7154.9421533	-2.0000667	-2.0000667	0.1448673	0.2996757	0.1457360	0.0000000	0.0000000
7029.9947696	7150.0069856	7149.6061230	-2.0000667	-2.0000667	0.1667748	0.3001594	0.1529038	0.0000000	0.0000000
7029.9947696	7145.0129192	7144.6805566	-2.0000667	-2.0000667	0.1912667	0.2991176	0.1525425	0.0000000	0.0000000
7029.9947696	7140.0169055	7139.7829688	-2.0000667	-2.0000667	0.1930291	0.2996855	0.1510912	0.0000000	0.0000000
7029.9947696	7135.0146351	7134.9133594	-2.0000667	-2.0000667	0.1488602	0.2995912	0.1399576	0.0000000	0.0000000
7029.9947696	7130.0274103	7129.6379492	-2.0000667	-2.0000667	0.1676028	0.2981051	0.1457268	0.0000000	0.0000000
7029.9947696	7125.0261089	7124.7683398	-2.0000667	-2.0000667	0.1689127	0.2976909	0.1419861	0.0000000	0.0000000
7029.9947696	7120.0216501	7119.8987305	-2.0000667	-2.0000667	0.1833729	0.2986050	0.1417610	0.0000000	0.0000000
7029.9947696	7115.0171912	7114.6233203	-2.0000667	-2.0000667	0.2291992	0.2941456	0.1560370	0.0000000	0.0000000
7029.9947696	7109.9952826	7109.7537109	-2.0000667	-2.0000667	0.2587208	0.2947419	0.1623081	0.0000000	0.0000000
7029.9947696	7104.9825351	7104.8841016	-2.0000667	-2.0000667	0.2459786	0.2943894	0.1520394	0.0000000	0.0000000
7029.9947696	7099.9837702	7099.6316406	-2.0000667	-2.0000667	0.2239103	0.2958228	0.1484669	0.0000000	0.0000000
7029.9947696	7094.9817088	7094.8171094	-2.0000667	-2.0000667	0.2181555	0.2978168	0.1471522	0.0000000	0.0000000
7029.9947696	7089.9836449	7089.6013672	-2.0000667	-2.0000667	0.2476903	0.2951133	0.1548585	0.0000000	0.0000000
7029.9947696	7084.9818060	7084.7868359	-2.0000667	-2.0000667	0.2757632	0.2977511	0.1577848	0.0000000	0.0000000
7029.9947696	7079.9837421	7079.9723047	-2.0000667	-2.0000667	0.2623213	0.2988684	0.1559825	0.0000000	0.0000000
7029.9947696	7074.9849890	7074.7565625	-2.0000667	-2.0000667	0.2546483	0.2982145	0.1534915	0.0000000	0.0000000
7029.9947696	7069.9846289	7069.9420313	-2.0000667	-2.0000667	0.2416923	0.2980808	0.1476578	0.0000000	0.0000000
7029.9947696	7064.9842688	7064.7262891	-2.0000667	-2.0000667	0.2234001	0.3000718	0.1418317	0.0000000	0.0000000
7029.9947696	7059.9851958	7059.9297656	-2.0000667	-2.0000667	0.2481447	0.2993783	0.1514971	0.0000000	0.0000000
7029.9947696	7055.0041822	7054.7725488	-2.0000667	-2.0000667	0.2800856	0.2968246	0.1559205	0.0000000	0.0000000
7029.9947696	7050.0068266	7049.6153320	-2.0000667	-2.0000667	0.2829103	0.2972758	0.1543949	0.0000000	0.0000000
7029.9947696	7045.0071315	7044.8548242	-2.0000667	-2.0000667	0.2688219	0.2988741	0.1525328	0.0000000	0.0000000
7029.9947696	7039.9847173	7039.6976074	-2.0000667	-2.0000667	0.3187480	0.2957458	0.1630842	0.0000000	0.0000000
7029.9947696	7034.9887891	7034.9370996	-2.0000667	-2.0000667	0.3179784	0.2957179	0.1640339	0.0000000	0.0000000
7029.9947696	7029.9865333	7029.7798828	-2.0000667	-2.0000667	0.2974434	0.2965223	0.1570742	0.0000000	0.0000000
7029.9947696	7024.9874950	7024.6226660	-2.0000667	-2.0000667	0.2681227	0.2978397	0.1508097	0.0000000	0.0000000
7029.9947696	7019.9852022	7019.8843262	-2.0000667	-2.0000667	0.2660603	0.2960830	0.1535652	0.0000000	0.0000000
7029.9947696	7014.9894147	7014.7847461	-2.0000667	-2.0000667	0.2616906	0.2960643	0.1526648	0.0000000	0.0000000
7029.9947696	7009.9855214	7009.6851660	-2.0000667	-2.0000667	0.2786821	0.2999928	0.1572192	0.0000000	0.0000000
7029.9947696	7004.9816281	7004.9778613	-2.0000667	-2.0000667	0.2541505	0.2943541	0.1558961	0.0000000	0.0000000
7029.9947696	7000.0292969	6999.8782813	-2.0000667	-2.0000667	0.2565911	0.2968171	0.1571799	0.0000000	0.0000000
