7129.9957686	7499.9984178	7499.6820801	-2.0000667	-2.0000667	0.0148041	0.2807682	0.1624723	0.0000000	7130.0000000
7129.9957686	7494.9851784	7494.7226807	-2.0000667	-2.0000667	0.0169812	0.2817765	0.1661633	0.0000000	0.0000000
7129.9957686	7489.9879164	7489.7632813	-2.0000667	-2.0000667	0.0192936	0.2853198	0.1600392	0.0000000	0.0000000
7129.9957686	7484.9878658	7484.8038818	-2.0000667	-2.0000667	0.0154786	0.2820256	0.1598644	0.0000000	0.0000000
7129.9957686	7479.9855080	7479.8981445	-2.0000667	-2.0000667	0.0137451	0.2810353	0.1520472	0.0000000	0.0000000
7129.9957686	7474.9849184	7474.9977734	-2.0000667	-2.0000667	0.0137495	0.2825857	0.1491841	0.0000000	0.0000000
7129.9957686	7469.9894082	7469.6519141	-2.0000667	-2.0000667	0.0178121	0.2818000	0.1539075	0.0000000	0.0000000
7129.9957686	7464.9909601	7464.7515430	-2.0000667	-2.0000667	0.0203391	0.2820775	0.1571556	0.0000000	0.0000000
7129.9957686	7459.9802217	7459.8511719	-2.0000667	-2.0000667	0.0136018	0.2837379	0.1476301	0.0000000	0.0000000
7129.9957686	7454.9923764	7454.9508008	-2.0000667	-2.0000667	0.0148376	0.2834253	0.1502800	0.0000000	0.0000000
7129.9957686	7449.9879936	7449.6049414	-2.0000667	-2.0000667	0.0108892	0.2833447	0.1369041	0.0000000	0.0000000
7129.9957686	7444.9822808	7444.7045703	-2.0000667	-2.0000667	0.0154940	0.2831628	0.1464360	0.0000000	0.0000000
7129.9957686	7439.9825665	7439.8041992	-2.0000667	-2.0000667	0.0232556	0.2821621	0.1561456	0.0000000	0.0000000
7129.9957686	7434.9828522	7434.9618359	-2.0000667	-2.0000667	0.0241490	0.2826215	0.1607101	0.0000000	0.0000000
7129.9957686	7429.9848914	7429.6792578	-2.0000667	-2.0000667	0.0285564	0.2832273	0.1538833	0.0000000	0.0000000
7129.9957686	7424.9898229	7424.8368945	-2.0000667	-2.0000667	0.0242963	0.2809912	0.1624349	0.0000000	0.0000000
7129.9957686	7419.9832450	7419.9945313	-2.0000667	-2.0000667	0.0221805	0.2832338	0.1432881	0.0000000	0.0000000
7129.9957686	7414.9824218	7414.7119531	-2.0000667	-2.0000667	0.0315454	0.2808765	0.1567555	0.0000000	0.0000000
7129.9957686	7409.9893015	7409.8695898	-2.0000667	-2.0000667	0.0271998	0.2801639	0.1536700	0.0000000	0.0000000
7129.9957686	7404.9830486	7404.5870117	-2.0000667	-2.0000667	0.0250282	0.2820681	0.1484135	0.0000000	0.0000000
7129.9957686	7399.9868032	7399.7446484	-2.0000667	-2.0000667	0.0258009	0.2839209	0.1393442	0.0000000	0.0000000
7129.9957686	7394.9856052	7394.9126367	-2.0000667	-2.0000667	0.0261222	0.2822596	0.1426725	0.0000000	0.0000000
7129.9957686	7389.9873611	7389.6921680	-2.0000667	-2.0000667	0.0361479	0.2804279	0.1585757	0.0000000	0.0000000
7129.9957686	7384.9891170	7384.9067383	-2.0000667	-2.0000667	0.0444358	0.2817686	0.1611794	0.0000000	0.0000000
7129.9957686	7379.9860592	7379.6862695	-2.0000667	-2.0000667	0.0482943	0.2814625	0.1491277	0.0000000	0.0000000
7129.9957686	7374.9850104	7374.9008398	-2.0000667	-2.0000667	0.0396180	0.2812532	0.1479131	0.0000000	0.0000000
7129.9957686	7369.9809141	7369.6803711	-2.0000667	-2.0000667	0.0372240	0.2806936	0.1466769	0.0000000	0.0000000
7129.9957686	7364.9814683	7364.8949414	-2.0000667	-2.0000667	0.0512527	0.2819054	0.1496145	0.0000000	0.0000000
7129.9957686	7359.9830299	7359.6744727	-2.0000667	-2.0000667	0.0415234	0.2824807	0.1502125	0.0000000	0.0000000
7129.9957686	7354.9814419	7354.8890430	-2.0000667	-2.0000667	0.0458009	0.2817351	0.1557128	0.0000000	0.0000000
7129.9957686	7349.9814569	7349.6991016	-2.0000667	-2.0000667	0.0631301	0.2818724	0.1595905	0.0000000	0.0000000
7129.9957686	7344.9830735	7344.9696387	-2.0000667	-2.0000667	0.0504061	0.2819503	0.1396079	0.0000000	0.0000000
7129.9957686	7339.9876760	7339.8102246	-2.0000667	-2.0000667	0.0471162	0.2827400	0.1410514	0.0000000	0.0000000
7129.9957686	7334.9876819	7334.6508105	-2.0000667	-2.0000667	0.0573053	0.2826040	0.1383911	0.0000000	0.0000000
7129.9957686	7329.9832960	7329.9213477	-2.0000667	-2.0000667	0.0524513	0.2827488	0.1353948	0.0000000	0.0000000
7129.9957686	7324.9848570	7324.7619336	-2.0000667	-2.0000667	0.0666227	0.2832106	0.1405374	0.0000000	0.0000000
7129.9957686	7319.9843762	7319.6025195	-2.0000667	-2.0000667	0.0754425	0.2829706	0.1418350	0.0000000	0.0000000
7129.9957686	7314.9883833	7314.8730566	-2.0000667	-2.0000667	0.0685310	0.2836890	0.1440272	0.0000000	0.0000000
7129.9957686	7309.9868361	7309.7136426	-2.0000667	-2.0000667	0.0616935	0.2848451	0.1340836	0.0000000	0.0000000
7129.9957686	7304.9907881	7304.6092822	-2.0000667	-2.0000667	0.0703019	0.2859481	0.1301804	0.0000000	0.0000000
7129.9957686	7299.9890361	7299.9348730	-2.0000667	-2.0000667	0.0701747	0.2868505	0.1330582	0.0000000	0.0000000
7129.9957686	7294.9795014	7294.8355176	-2.0000667	-2.0000667	0.0807556	0.2822982	0.1365020	0.0000000	0.0000000
7129.9957686	7289.9824769	7289.7361621	-2.0000667	-2.0000667	0.0803175	0.2845413	0.1366940	0.0000000	0.0000000
7129.9957686	7284.9819943	7284.6368066	-2.0000667	-2.0000667	0.0779265	0.2834849	0.1344053	0.0000000	0.0000000
7129.9957686	7279.9884279	7279.9623975	-2.0000667	-2.0000667	0.1046296	0.2812850	0.1521396	0.0000000	0.0000000
7129.9957686	7274.9837989	7274.8630420	-2.0000667	-2.0000667	0.1109633	0.2819794	0.1492299	0.0000000	0.0000000
7129.9957686	7269.9874598	7269.7636865	-2.0000667	-2.0000667	0.1003425	0.2814089	0.1445934	0.0000000	0.0000000
7129.9957686	7264.9876701	7264.6888672	-2.0000667	-2.0000667	0.1094032	0.2827268	0.1444211	0.0000000	0.0000000
7129.9957686	7259.9859215	7259.6483984	-2.0000667	-2.0000667	0.1369119	0.2813630	0.1520006	0.0000000	0.0000000
7129.9957686	7254.9818727	7254.6079297	-2.0000667	-2.0000667	0.1338590	0.2810219	0.1576167	0.0000000	0.0000000
7129.9957686	7249.9873132	7249.9875000	-2.0000667	-2.0000667	0.1306008	0.2820809	0.1475664	0.0000000	0.0000000
7129.9957686	7244.9864276	7244.9470313	-2.0000667	-2.0000667	0.1464980	0.2841010	0.1545529	0.0000000	0.0000000
7129.9957686	7239.9850844	7239.9065625	-2.0000667	-2.0000667	0.1499109	0.2831434	0.1530558	0.0000000	0.0000000
7129.9957686	7234.9891235	7234.8660938	-2.0000667	-2.0000667	0.1621470	0.2799418	0.1570835	0.0000000	0.0000000
7129.9957686	7229.9871902	7229.8256250	-2.0000667	-2.0000667	0.1730413	0.2809639	0.1543337	0.0000000	0.0000000
7129.9957686	7224.9850300	7224.7851563	-2.0000667	-2.0000667	0.1652086	0.2825396	0.1538739	0.0000000	0.0000000
7129.9957686	7219.9838918	7219.8026367	-2.0000667	-2.0000667	0.1919973	0.2821370	0.1610526	0.0000000	0.0000000
7129.9957686	7214.9856444	7214.8201172	-2.0000667	-2.0000667	0.1553282	0.2838444	0.1511620	0.0000000	0.0000000
7129.9957686	7209.9834979	7209.8375977	-2.0000667	-2.0000667	0.1467775	0.2830187	0.1399927	0.0000000	0.0000000
7129.9957686	7204.9856049	7204.8550781	-2.0000667	-2.0000667	0.1711653	0.2849620	0.1485348	0.0000000	0.0000000
7129.9957686	7199.9877120	7199.8725586	-2.0000667	-2.0000667	0.1728844	0.2839526	0.1496635	0.0000000	0.0000000
7129.9957686	7194.9864212	7194.8900391	-2.0000667	-2.0000667	0.1937218	0.2817902	0.1557965	0.0000000	0.0000000
7129.9957686	7189.9844123	7189.9075195	-2.0000667	-2.0000667	0.2019360	0.2796244	0.1627681	0.0000000	0.0000000
7129.9957686	7184.9857226	7184.9250000	-2.0000667	-2.0000667	0.1873262	0.2809802	0.1550582	0.0000000	0.0000000
7129.9957686	7179.9835760	7179.9804492	-2.0000667	-2.0000667	0.1750930	0.2797903	0.1506730	0.0000000	0.0000000
7129.9957686	7174.9840016	7174.6444189	-2.0000667	-2.0000667	0.1889613	0.2809958	0.1503615	0.0000000	0.0000000
7129.9957686	7169.9844272	7169.7188525	-2.0000667	-2.0000667	0.1870890	0.2829967	0.1480024	0.0000000	0.0000000
7129.9957686	7164.9848528	7164.7932861	-2.0000667	-2.0000667	0.1940878	0.2805253	0.1499958	0.0000000	0.0000000
7129.9957686	7159.9842183	7159.8677197	-2.0000667	-2.0000667	0.2038792	0.2827592	0.1483280	0.0000000	0.0000000
7129.9957686	7154.9859714	7154.9421533	-2.0000667	-2.0000667	0.2115635	0.2818062	0.1485863	0.0000000	0.0000000
7129.9957686	7149.9845143	7149.6061230	-2.0000667	-2.0000667	0.2160093	0.2819142	0.1488999	0.0000000	0.0000000
7129.9957686	7144.9847639	7144.6805566	-2.0000667	-2.0000667	0.2062336	0.2839021	0.1407618	0.0000000	0.0000000
7129.9957686	7139.9824934	7139.7829688	-2.0000667	-2.0000667	0.2418147	0.2812280	0.1506725	0.0000000	0.0000000
7129.9957686	7134.9864797	7134.9133594	-2.0000667	-2.0000667	0.2015499	0.2843860	0.1409609	0.0000000	0.0000000
7129.9957686	7129.9863643	7129.6379492	-2.0000667	-2.0000667	0.2027853	0.2844014	0.1343473	0.0000000	0.0000000
7129.9957686	7124.9850629	7124.7683398	-2.0000667	-2.0000667	0.2171901	0.2809702	0.1445535	0.0000000	0.0000000
7129.9957686	7119.9869188	7119.8987305	-2.0000667	-2.0000667	0.2285406	0.2822623	0.1438329	0.0000000	0.0000000
7129.9957686	7114.9856174	7114.6233203	-2.0000667	-2.0000667	0.2355007	0.2819790	0.1504657	0.0000000	0.0000000
7129.9957686	7109.9847957	7109.7537109	-2.0000667	-2.0000667	0.2404219	0.2810383	0.1542385	0.0000000	0.0000000
7129.9957686	7104.9825351	7104.8841016	-2.0000667	-2.0000667	0.2421088	0.2815765	0.1549510	0.0000000	0.0000000
7129.9957686	7099.9837702	7099.6316406	-2.0000667	-2.0000667	0.2456595	0.2830764	0.1503689	0.0000000	0.0000000
7129.9957686	7094.9779338	7094.8171094	-2.0000667	-2.0000667	0.2521390	0.2826886	0.1548021	0.0000000	0.0000000
7129.9957686	7089.9874198	7089.6013672	-2.0000667	-2.0000667	0.2449858	0.2829771	0.1544246	0.0000000	0.0000000
7129.9957686	7084.9818060	7084.7868359	-2.0000667	-2.0000667	0.2497708	0.2823995	0.1511191	0.0000000	0.0000000
7129.9957686	7079.9837421	7079.9723047	-2.0000667	-2.0000667	0.2346394	0.2818647	0.1498389	0.0000000	0.0000000
7129.9957686	7074.9849890	7074.7565625	-2.0000667	-2.0000667	0.2261530	0.2802450	0.1515074	0.0000000	0.0000000
7129.9957686	7069.9846289	7069.9420313	-2.0000667	-2.0000667	0.2357338	0.2821479	0.1534985	0.0000000	0.0000000
7129.9957686	7064.9806401	7064.7262891	-2.0000667	-2.0000667	0.2207456	0.2827626	0.1455016	0.0000000	0.0000000
7129.9957686	7059.9819274	7059.9297656	-2.0000667	-2.0000667	0.2052622	0.2820156	0.1404077	0.0000000	0.0000000
7129.9957686	7054.9813035	7054.7725488	-2.0000667	-2.0000667	0.2230901	0.2822415	0.1461533	0.0000000	0.0000000
7129.9957686	7049.9806796	7049.6153320	-2.0000667	-2.0000667	0.2098416	0.2815725	0.1430946	0.0000000	0.0000000
7129.9957686	7044.9806454	7044.8548242	-2.0000667	-2.0000667	0.2040977	0.2814786	0.1418575	0.0000000	0.0000000
7129.9957686	7039.9814065	7039.6976074	-2.0000667	-2.0000667	0.2091814	0.2822147	0.1447505	0.0000000	0.0000000
7129.9957686	7034.9854783	7034.9370996	-2.0000667	-2.0000667	0.2223999	0.2815165	0.1529227	0.0000000	0.0000000
7129.9957686	7029.9865333	7029.7798828	-2.0000667	-2.0000667	0.2182733	0.2799763	0.1559115	0.0000000	0.0000000
7129.9957686	7024.9842404	7024.6226660	-2.0000667	-2.0000667	0.2047664	0.2810869	0.1574697	0.0000000	0.0000000
7129.9957686	7019.9819476	7019.8843262	-2.0000667	-2.0000667	0.2013259	0.2820021	0.1524010	0.0000000	0.0000000
7129.9957686	7014.9861162	7014.7847461	-2.0000667	-2.0000667	0.1943589	0.2834948	0.1476898	0.0000000	0.0000000
7129.9957686	7009.9855214	7009.6851660	-2.0000667	-2.0000667	0.1788616	0.2841062	0.1453885	0.0000000	0.0000000
7129.9957686	7004.9816281	7004.9778613	-2.0000667	-2.0000667	0.1668230	0.2825823	0.1436329	0.0000000	0.0000000
7129.9957686	7000.0292969	6999.8782813	-2.0000667	-2.0000667	0.1640354	0.2812961	0.1465289	0.0000000	0.0000000
