7214.9960720	7499.9984178	7499.6820801	-2.0000667	-2.0000667	0.0225667	0.2686379	0.1506592	0.0000000	7215.0000000
7214.9960720	7494.9907557	7494.7226807	-2.0000667	-2.0000667	0.0257106	0.2696631	0.1517760	0.0000000	0.0000000
7214.9960720	7489.9851278	7489.7632813	-2.0000667	-2.0000667	0.0278080	0.2688405	0.1550647	0.0000000	0.0000000
7214.9960720	7484.9878658	7484.8038818	-2.0000667	-2.0000667	0.0281337	0.2690575	0.1528865	0.0000000	0.0000000
7214.9960720	7479.9905873	7479.8981445	-2.0000667	-2.0000667	0.0296403	0.2692726	0.1517972	0.0000000	0.0000000
7214.9960720	7474.9849184	7474.9977734	-2.0000667	-2.0000667	0.0343269	0.2689338	0.1598047	0.0000000	0.0000000
7214.9960720	7469.9894082	7469.6519141	-2.0000667	-2.0000667	0.0338051	0.2692235	0.1539934	0.0000000	0.0000000
7214.9960720	7464.9909601	7464.7515430	-2.0000667	-2.0000667	0.0346160	0.2698905	0.1527047	0.0000000	0.0000000
7214.9960720	7459.9888066	7459.8511719	-2.0000667	-2.0000667	0.0364286	0.2698683	0.1527722	0.0000000	0.0000000
7214.9960720	7454.9866531	7454.9508008	-2.0000667	-2.0000667	0.0374530	0.2708544	0.1549675	0.0000000	0.0000000
7214.9960720	7449.9879936	7449.6049414	-2.0000667	-2.0000667	0.0391604	0.2710017	0.1523757	0.0000000	0.0000000
7214.9960720	7444.9852800	7444.7045703	-2.0000667	-2.0000667	0.0412607	0.2706456	0.1560536	0.0000000	0.0000000
7214.9960720	7439.9825665	7439.8041992	-2.0000667	-2.0000667	0.0445636	0.2694534	0.1581157	0.0000000	0.0000000
7214.9960720	7434.9828522	7434.9618359	-2.0000667	-2.0000667	0.0490945	0.2707064	0.1618815	0.0000000	0.0000000
7214.9960720	7429.9877688	7429.6792578	-2.0000667	-2.0000667	0.0506423	0.2708446	0.1575192	0.0000000	0.0000000
7214.9960720	7424.9840682	7424.8368945	-2.0000667	-2.0000667	0.0539634	0.2695782	0.1626633	0.0000000	0.0000000
7214.9960720	7419.9889997	7419.9945313	-2.0000667	-2.0000667	0.0547068	0.2694285	0.1593555	0.0000000	0.0000000
7214.9960720	7414.9852991	7414.7119531	-2.0000667	-2.0000667	0.0556635	0.2689585	0.1573523	0.0000000	0.0000000
7214.9960720	7409.9893015	7409.8695898	-2.0000667	-2.0000667	0.0563315	0.2694705	0.1532861	0.0000000	0.0000000
7214.9960720	7404.9855505	7404.5870117	-2.0000667	-2.0000667	0.0588074	0.2701497	0.1547639	0.0000000	0.0000000
7214.9960720	7399.9868032	7399.7446484	-2.0000667	-2.0000667	0.0612783	0.2705942	0.1550314	0.0000000	0.0000000
7214.9960720	7394.9884007	7394.9126367	-2.0000667	-2.0000667	0.0631442	0.2698024	0.1570909	0.0000000	0.0000000
7214.9960720	7389.9845657	7389.6921680	-2.0000667	-2.0000667	0.0723075	0.2698120	0.1623837	0.0000000	0.0000000
7214.9960720	7384.9891170	7384.9067383	-2.0000667	-2.0000667	0.0775266	0.2701039	0.1641537	0.0000000	0.0000000
7214.9960720	7379.9860592	7379.6862695	-2.0000667	-2.0000667	0.0820948	0.2693687	0.1673459	0.0000000	0.0000000
7214.9960720	7374.9819628	7374.9008398	-2.0000667	-2.0000667	0.0855901	0.2690508	0.1683870	0.0000000	0.0000000
7214.9960720	7369.9839616	7369.6803711	-2.0000667	-2.0000667	0.0886973	0.2697863	0.1635157	0.0000000	0.0000000
7214.9960720	7364.9814683	7364.8949414	-2.0000667	-2.0000667	0.0872064	0.2696763	0.1623801	0.0000000	0.0000000
7214.9960720	7359.9861795	7359.6744727	-2.0000667	-2.0000667	0.0904548	0.2712438	0.1638901	0.0000000	0.0000000
7214.9960720	7354.9814419	7354.8890430	-2.0000667	-2.0000667	0.0926017	0.2708438	0.1621149	0.0000000	0.0000000
7214.9960720	7349.9874287	7349.6991016	-2.0000667	-2.0000667	0.0988590	0.2713481	0.1631454	0.0000000	0.0000000
7214.9960720	7344.9830735	7344.9696387	-2.0000667	-2.0000667	0.1060278	0.2700986	0.1669847	0.0000000	0.0000000
7214.9960720	7339.9876760	7339.8102246	-2.0000667	-2.0000667	0.1105591	0.2703658	0.1658264	0.0000000	0.0000000
7214.9960720	7334.9876819	7334.6508105	-2.0000667	-2.0000667	0.1138335	0.2707096	0.1644843	0.0000000	0.0000000
7214.9960720	7329.9862695	7329.9213477	-2.0000667	-2.0000667	0.1133807	0.2699021	0.1629535	0.0000000	0.0000000
7214.9960720	7324.9878305	7324.7619336	-2.0000667	-2.0000667	0.1207268	0.2705208	0.1646788	0.0000000	0.0000000
7214.9960720	7319.9843762	7319.6025195	-2.0000667	-2.0000667	0.1320349	0.2705663	0.1711801	0.0000000	0.0000000
7214.9960720	7314.9856062	7314.8730566	-2.0000667	-2.0000667	0.1295895	0.2699247	0.1692795	0.0000000	0.0000000
7214.9960720	7309.9896132	7309.7136426	-2.0000667	-2.0000667	0.1370500	0.2707472	0.1721931	0.0000000	0.0000000
7214.9960720	7304.9850290	7304.6092822	-2.0000667	-2.0000667	0.1327803	0.2698906	0.1687372	0.0000000	0.0000000
7214.9960720	7299.9861565	7299.9348730	-2.0000667	-2.0000667	0.1387534	0.2710516	0.1730712	0.0000000	0.0000000
7214.9960720	7294.9795014	7294.8355176	-2.0000667	-2.0000667	0.1401334	0.2719473	0.1719873	0.0000000	0.0000000
7214.9960720	7289.9824769	7289.7361621	-2.0000667	-2.0000667	0.1438180	0.2721740	0.1716941	0.0000000	0.0000000
7214.9960720	7284.9819943	7284.6368066	-2.0000667	-2.0000667	0.1471168	0.2719650	0.1715956	0.0000000	0.0000000
7214.9960720	7279.9884279	7279.9623975	-2.0000667	-2.0000667	0.1429004	0.2714216	0.1691976	0.0000000	0.0000000
7214.9960720	7274.9872494	7274.8630420	-2.0000667	-2.0000667	0.1465690	0.2700862	0.1698616	0.0000000	0.0000000
7214.9960720	7269.9840093	7269.7636865	-2.0000667	-2.0000667	0.1542983	0.2683536	0.1742535	0.0000000	0.0000000
7214.9960720	7264.9876701	7264.6888672	-2.0000667	-2.0000667	0.1625726	0.2682184	0.1769673	0.0000000	0.0000000
7214.9960720	7259.9859215	7259.6483984	-2.0000667	-2.0000667	0.1710774	0.2686445	0.1802920	0.0000000	0.0000000
7214.9960720	7254.9818727	7254.6079297	-2.0000667	-2.0000667	0.1728313	0.2685249	0.1770419	0.0000000	0.0000000
7214.9960720	7249.9841501	7249.9875000	-2.0000667	-2.0000667	0.1738588	0.2685688	0.1762716	0.0000000	0.0000000
7214.9960720	7244.9832645	7244.9470313	-2.0000667	-2.0000667	0.1775297	0.2703947	0.1778889	0.0000000	0.0000000
7214.9960720	7239.9820982	7239.9065625	-2.0000667	-2.0000667	0.1736443	0.2697700	0.1738274	0.0000000	0.0000000
7214.9960720	7234.9891235	7234.8660938	-2.0000667	-2.0000667	0.1724473	0.2696620	0.1688843	0.0000000	0.0000000
7214.9960720	7229.9901764	7229.8256250	-2.0000667	-2.0000667	0.1763796	0.2705291	0.1687153	0.0000000	0.0000000
7214.9960720	7224.9937025	7224.7851563	-2.0000667	-2.0000667	0.1820579	0.2710858	0.1689949	0.0000000	0.0000000
7214.9960720	7219.9838918	7219.8026367	-2.0000667	-2.0000667	0.1812161	0.2692528	0.1716686	0.0000000	0.0000000
7214.9960720	7214.9856444	7214.8201172	-2.0000667	-2.0000667	0.1851239	0.2698933	0.1736362	0.0000000	0.0000000
7214.9960720	7209.9867265	7209.8375977	-2.0000667	-2.0000667	0.1887225	0.2692534	0.1736111	0.0000000	0.0000000
7214.9960720	7204.9823763	7204.8550781	-2.0000667	-2.0000667	0.1922405	0.2691855	0.1760955	0.0000000	0.0000000
7214.9960720	7199.9877120	7199.8725586	-2.0000667	-2.0000667	0.1930635	0.2709875	0.1758916	0.0000000	0.0000000
7214.9960720	7194.9864212	7194.8900391	-2.0000667	-2.0000667	0.1922748	0.2713624	0.1776945	0.0000000	0.0000000
7214.9960720	7189.9844123	7189.9075195	-2.0000667	-2.0000667	0.1911228	0.2705642	0.1783207	0.0000000	0.0000000
7214.9960720	7184.9857226	7184.9250000	-2.0000667	-2.0000667	0.1850681	0.2694995	0.1763073	0.0000000	0.0000000
7214.9960720	7179.9835760	7179.9804492	-2.0000667	-2.0000667	0.1819331	0.2700425	0.1777322	0.0000000	0.0000000
7214.9960720	7174.9840016	7174.6444189	-2.0000667	-2.0000667	0.1818445	0.2718527	0.1719883	0.0000000	0.0000000
7214.9960720	7169.9808688	7169.7188525	-2.0000667	-2.0000667	0.1812631	0.2721011	0.1697260	0.0000000	0.0000000
7214.9960720	7164.9812944	7164.7932861	-2.0000667	-2.0000667	0.1805552	0.2708176	0.1635950	0.0000000	0.0000000
7214.9960720	7159.9842183	7159.8677197	-2.0000667	-2.0000667	0.1807083	0.2699893	0.1657848	0.0000000	0.0000000
7214.9960720	7154.9859714	7154.9421533	-2.0000667	-2.0000667	0.1848944	0.2705138	0.1717281	0.0000000	0.0000000
7214.9960720	7149.9813041	7149.6061230	-2.0000667	-2.0000667	0.1883928	0.2707107	0.1747423	0.0000000	0.0000000
7214.9960720	7144.9847639	7144.6805566	-2.0000667	-2.0000667	0.1841766	0.2690511	0.1756051	0.0000000	0.0000000
7214.9960720	7139.9856218	7139.7829688	-2.0000667	-2.0000667	0.1828241	0.2695315	0.1750875	0.0000000	0.0000000
7214.9960720	7134.9896081	7134.9133594	-2.0000667	-2.0000667	0.1796744	0.2701984	0.1737769	0.0000000	0.0000000
7214.9960720	7129.9832069	7129.6379492	-2.0000667	-2.0000667	0.1820753	0.2698977	0.1717850	0.0000000	0.0000000
7214.9960720	7124.9850629	7124.7683398	-2.0000667	-2.0000667	0.1808154	0.2686694	0.1695428	0.0000000	0.0000000
7214.9960720	7119.9869188	7119.8987305	-2.0000667	-2.0000667	0.1758984	0.2698445	0.1716816	0.0000000	0.0000000
7214.9960720	7114.9824600	7114.6233203	-2.0000667	-2.0000667	0.1697367	0.2701805	0.1711829	0.0000000	0.0000000
7214.9960720	7109.9882914	7109.7537109	-2.0000667	-2.0000667	0.1678519	0.2696567	0.1708094	0.0000000	0.0000000
7214.9960720	7104.9825351	7104.8841016	-2.0000667	-2.0000667	0.1651185	0.2694850	0.1708878	0.0000000	0.0000000
7214.9960720	7099.9837702	7099.6316406	-2.0000667	-2.0000667	0.1665592	0.2683911	0.1728561	0.0000000	0.0000000
7214.9960720	7094.9817088	7094.8171094	-2.0000667	-2.0000667	0.1603760	0.2698367	0.1755901	0.0000000	0.0000000
7214.9960720	7089.9836449	7089.6013672	-2.0000667	-2.0000667	0.1563726	0.2693860	0.1747294	0.0000000	0.0000000
7214.9960720	7084.9855810	7084.7868359	-2.0000667	-2.0000667	0.1510983	0.2698628	0.1768010	0.0000000	0.0000000
7214.9960720	7079.9837421	7079.9723047	-2.0000667	-2.0000667	0.1489119	0.2699813	0.1717041	0.0000000	0.0000000
7214.9960720	7074.9849890	7074.7565625	-2.0000667	-2.0000667	0.1437505	0.2696077	0.1723784	0.0000000	0.0000000
7214.9960720	7069.9846289	7069.9420313	-2.0000667	-2.0000667	0.1397637	0.2702499	0.1685436	0.0000000	0.0000000
7214.9960720	7064.9842688	7064.7262891	-2.0000667	-2.0000667	0.1328987	0.2698875	0.1716482	0.0000000	0.0000000
7214.9960720	7059.9819274	7059.9297656	-2.0000667	-2.0000667	0.1334364	0.2681283	0.1681871	0.0000000	0.0000000
7214.9960720	7054.9813035	7054.7725488	-2.0000667	-2.0000667	0.1299297	0.2707295	0.1646837	0.0000000	0.0000000
7214.9960720	7049.9806796	7049.6153320	-2.0000667	-2.0000667	0.1260592	0.2725649	0.1596538	0.0000000	0.0000000
7214.9960720	7044.9839562	7044.8548242	-2.0000667	-2.0000667	0.1232263	0.2718116	0.1612806	0.0000000	0.0000000
7214.9960720	7039.9814065	7039.6976074	-2.0000667	-2.0000667	0.1216255	0.2710981	0.1638451	0.0000000	0.0000000
7214.9960720	7034.9854783	7034.9370996	-2.0000667	-2.0000667	0.1156932	0.2705514	0.1622946	0.0000000	0.0000000
7214.9960720	7029.9865333	7029.7798828	-2.0000667	-2.0000667	0.1121920	0.2723475	0.1612811	0.0000000	0.0000000
7214.9960720	7024.9842404	7024.6226660	-2.0000667	-2.0000667	0.1055813	0.2714614	0.1632322	0.0000000	0.0000000
7214.9960720	7019.9884567	7019.8843262	-2.0000667	-2.0000667	0.1011497	0.2704779	0.1647688	0.0000000	0.0000000
7214.9960720	7014.9861162	7014.7847461	-2.0000667	-2.0000667	0.0972440	0.2678195	0.1691724	0.0000000	0.0000000
7214.9960720	7009.9855214	7009.6851660	-2.0000667	-2.0000667	0.0934712	0.2674174	0.1662333	0.0000000	0.0000000
7214.9960720	7004.9816281	7004.9778613	-2.0000667	-2.0000667	0.0869802	0.2680273	0.1690084	0.0000000	0.0000000
7214.9960720	7000.0292969	6999.8782813	-2.0000667	-2.0000667	0.0833843	0.2690687	0.1666113	0.0000000	0.0000000
