7334.9907094	7499.9984178	7499.6820801	-2.0000667	-2.0000667	0.0162567	0.2484983	0.1514393	0.0000000	7335.0000000
7334.9907094	7494.9851784	7494.7226807	-2.0000667	-2.0000667	0.0172607	0.2483671	0.1543358	0.0000000	0.0000000
7334.9907094	7489.9851278	7489.7632813	-2.0000667	-2.0000667	0.0221741	0.2502114	0.1568088	0.0000000	0.0000000
7334.9907094	7484.9878658	7484.8038818	-2.0000667	-2.0000667	0.0232448	0.2502175	0.1552682	0.0000000	0.0000000
7334.9907094	7479.9855080	7479.8981445	-2.0000667	-2.0000667	0.0237711	0.2501077	0.1551700	0.0000000	0.0000000
7334.9907094	7474.9849184	7474.9977734	-2.0000667	-2.0000667	0.0278180	0.2475458	0.1621615	0.0000000	0.0000000
7334.9907094	7469.9894082	7469.6519141	-2.0000667	-2.0000667	0.0276523	0.2483009	0.1612006	0.0000000	0.0000000
7334.9907094	7464.9880985	7464.7515430	-2.0000667	-2.0000667	0.0296063	0.2464094	0.1629851	0.0000000	0.0000000
7334.9907094	7459.9830834	7459.8511719	-2.0000667	-2.0000667	0.0315784	0.2442603	0.1678297	0.0000000	0.0000000
7334.9907094	7454.9837915	7454.9508008	-2.0000667	-2.0000667	0.0334838	0.2456643	0.1679304	0.0000000	0.0000000
7334.9907094	7449.9879936	7449.6049414	-2.0000667	-2.0000667	0.0354047	0.2464501	0.1680538	0.0000000	0.0000000
7334.9907094	7444.9852800	7444.7045703	-2.0000667	-2.0000667	0.0345806	0.2460026	0.1672839	0.0000000	0.0000000
7334.9907094	7439.9825665	7439.8041992	-2.0000667	-2.0000667	0.0360013	0.2475247	0.1678635	0.0000000	0.0000000
7334.9907094	7434.9858514	7434.9618359	-2.0000667	-2.0000667	0.0308148	0.2494572	0.1634384	0.0000000	0.0000000
7334.9907094	7429.9877688	7429.6792578	-2.0000667	-2.0000667	0.0337787	0.2472031	0.1666061	0.0000000	0.0000000
7334.9907094	7424.9869456	7424.8368945	-2.0000667	-2.0000667	0.0425543	0.2485352	0.1727074	0.0000000	0.0000000
7334.9907094	7419.9889997	7419.9945313	-2.0000667	-2.0000667	0.0410999	0.2491351	0.1703289	0.0000000	0.0000000
7334.9907094	7414.9852991	7414.7119531	-2.0000667	-2.0000667	0.0369141	0.2468691	0.1691750	0.0000000	0.0000000
7334.9907094	7409.9893015	7409.8695898	-2.0000667	-2.0000667	0.0396069	0.2471066	0.1684714	0.0000000	0.0000000
7334.9907094	7404.9855505	7404.5870117	-2.0000667	-2.0000667	0.0427711	0.2489050	0.1705499	0.0000000	0.0000000
7334.9907094	7399.9893051	7399.7446484	-2.0000667	-2.0000667	0.0465525	0.2486709	0.1684423	0.0000000	0.0000000
7334.9907094	7394.9884007	7394.9126367	-2.0000667	-2.0000667	0.0479373	0.2496853	0.1687794	0.0000000	0.0000000
7334.9907094	7389.9873611	7389.6921680	-2.0000667	-2.0000667	0.0506166	0.2493527	0.1708790	0.0000000	0.0000000
7334.9907094	7384.9891170	7384.9067383	-2.0000667	-2.0000667	0.0456333	0.2473585	0.1688074	0.0000000	0.0000000
7334.9907094	7379.9860592	7379.6862695	-2.0000667	-2.0000667	0.0535603	0.2493223	0.1723689	0.0000000	0.0000000
7334.9907094	7374.9819628	7374.9008398	-2.0000667	-2.0000667	0.0546356	0.2486714	0.1708213	0.0000000	0.0000000
7334.9907094	7369.9870092	7369.6803711	-2.0000667	-2.0000667	0.0563627	0.2490485	0.1693002	0.0000000	0.0000000
7334.9907094	7364.9846179	7364.8949414	-2.0000667	-2.0000667	0.0593127	0.2477693	0.1758582	0.0000000	0.0000000
7334.9907094	7359.9861795	7359.6744727	-2.0000667	-2.0000667	0.0557905	0.2459655	0.1754836	0.0000000	0.0000000
7334.9907094	7354.9845915	7354.8890430	-2.0000667	-2.0000667	0.0635599	0.2455002	0.1813195	0.0000000	0.0000000
7334.9907094	7349.9844428	7349.6991016	-2.0000667	-2.0000667	0.0662853	0.2466628	0.1795321	0.0000000	0.0000000
7334.9907094	7344.9830735	7344.9696387	-2.0000667	-2.0000667	0.0747825	0.2472113	0.1813840	0.0000000	0.0000000
7334.9907094	7339.9876760	7339.8102246	-2.0000667	-2.0000667	0.0716509	0.2433295	0.1852303	0.0000000	0.0000000
7334.9907094	7334.9906554	7334.6508105	-2.0000667	-2.0000667	0.0766541	0.2439137	0.1863093	0.0000000	0.0000000
7334.9907094	7329.9892429	7329.9213477	-2.0000667	-2.0000667	0.0731984	0.2446849	0.1844846	0.0000000	0.0000000
7334.9907094	7324.9878305	7324.7619336	-2.0000667	-2.0000667	0.0716230	0.2464060	0.1869280	0.0000000	0.0000000
7334.9907094	7319.9871533	7319.6025195	-2.0000667	-2.0000667	0.0696555	0.2470555	0.1839137	0.0000000	0.0000000
7334.9907094	7314.9883833	7314.8730566	-2.0000667	-2.0000667	0.0673632	0.2486965	0.1846542	0.0000000	0.0000000
7334.9907094	7309.9868361	7309.7136426	-2.0000667	-2.0000667	0.0653691	0.2486079	0.1794375	0.0000000	0.0000000
7334.9907094	7304.9879085	7304.6092822	-2.0000667	-2.0000667	0.0660199	0.2486729	0.1768191	0.0000000	0.0000000
7334.9907094	7299.9832770	7299.9348730	-2.0000667	-2.0000667	0.0680662	0.2476622	0.1801281	0.0000000	0.0000000
7334.9907094	7294.9829595	7294.8355176	-2.0000667	-2.0000667	0.0672299	0.2489827	0.1844008	0.0000000	0.0000000
7334.9907094	7289.9859351	7289.7361621	-2.0000667	-2.0000667	0.0671228	0.2460905	0.1853196	0.0000000	0.0000000
7334.9907094	7284.9854524	7284.6368066	-2.0000667	-2.0000667	0.0664095	0.2463325	0.1871702	0.0000000	0.0000000
7334.9907094	7279.9884279	7279.9623975	-2.0000667	-2.0000667	0.0689312	0.2489548	0.1883159	0.0000000	0.0000000
7334.9907094	7274.9837989	7274.8630420	-2.0000667	-2.0000667	0.0693311	0.2476492	0.1884001	0.0000000	0.0000000
7334.9907094	7269.9840093	7269.7636865	-2.0000667	-2.0000667	0.0684971	0.2491138	0.1882704	0.0000000	0.0000000
7334.9907094	7264.9876701	7264.6888672	-2.0000667	-2.0000667	0.0682050	0.2481475	0.1863640	0.0000000	0.0000000
7334.9907094	7259.9890846	7259.6483984	-2.0000667	-2.0000667	0.0692170	0.2470419	0.1884629	0.0000000	0.0000000
7334.9907094	7254.9850358	7254.6079297	-2.0000667	-2.0000667	0.0705762	0.2464844	0.1903873	0.0000000	0.0000000
7334.9907094	7249.9873132	7249.9875000	-2.0000667	-2.0000667	0.0701871	0.2457859	0.1968616	0.0000000	0.0000000
7334.9907094	7244.9864276	7244.9470313	-2.0000667	-2.0000667	0.0678518	0.2426488	0.1916918	0.0000000	0.0000000
7334.9907094	7239.9880707	7239.9065625	-2.0000667	-2.0000667	0.0674739	0.2448521	0.1938978	0.0000000	0.0000000
7334.9907094	7234.9891235	7234.8660938	-2.0000667	-2.0000667	0.0694326	0.2458423	0.1946151	0.0000000	0.0000000
7334.9907094	7229.9901764	7229.8256250	-2.0000667	-2.0000667	0.0677651	0.2456387	0.1897819	0.0000000	0.0000000
7334.9907094	7224.9850300	7224.7851563	-2.0000667	-2.0000667	0.0656082	0.2455652	0.1953596	0.0000000	0.0000000
7334.9907094	7219.9867826	7219.8026367	-2.0000667	-2.0000667	0.0683413	0.2455942	0.1962205	0.0000000	0.0000000
7334.9907094	7214.9856444	7214.8201172	-2.0000667	-2.0000667	0.0668325	0.2424154	0.1975437	0.0000000	0.0000000
7334.9907094	7209.9867265	7209.8375977	-2.0000667	-2.0000667	0.0686554	0.2452025	0.1959105	0.0000000	0.0000000
7334.9907094	7204.9823763	7204.8550781	-2.0000667	-2.0000667	0.0647535	0.2449652	0.1963049	0.0000000	0.0000000
7334.9907094	7199.9844833	7199.8725586	-2.0000667	-2.0000667	0.0656930	0.2464443	0.1921107	0.0000000	0.0000000
7334.9907094	7194.9864212	7194.8900391	-2.0000667	-2.0000667	0.0634966	0.2454097	0.1924016	0.0000000	0.0000000
7334.9907094	7189.9844123	7189.9075195	-2.0000667	-2.0000667	0.0661519	0.2476614	0.1907927	0.0000000	0.0000000
7334.9907094	7184.9857226	7184.9250000	-2.0000667	-2.0000667	0.0600573	0.2498025	0.1899835	0.0000000	0.0000000
7334.9907094	7179.9835760	7179.9804492	-2.0000667	-2.0000667	0.0577896	0.2490957	0.1883976	0.0000000	0.0000000
7334.9907094	7174.9804432	7174.6444189	-2.0000667	-2.0000667	0.0603564	0.2484618	0.1902262	0.0000000	0.0000000
7334.9907094	7169.9844272	7169.7188525	-2.0000667	-2.0000667	0.0569055	0.2444324	0.1946863	0.0000000	0.0000000
7334.9907094	7164.9848528	7164.7932861	-2.0000667	-2.0000667	0.0545697	0.2429838	0.1949879	0.0000000	0.0000000
7334.9907094	7159.9842183	7159.8677197	-2.0000667	-2.0000667	0.0547417	0.2467942	0.1971481	0.0000000	0.0000000
7334.9907094	7154.9859714	7154.9421533	-2.0000667	-2.0000667	0.0537345	0.2459384	0.1929154	0.0000000	0.0000000
7334.9907094	7149.9845143	7149.6061230	-2.0000667	-2.0000667	0.0515024	0.2481896	0.1932319	0.0000000	0.0000000
7334.9907094	7144.9847639	7144.6805566	-2.0000667	-2.0000667	0.0529624	0.2481517	0.1907272	0.0000000	0.0000000
7334.9907094	7139.9856218	7139.7829688	-2.0000667	-2.0000667	0.0488905	0.2461331	0.1948025	0.0000000	0.0000000
7334.9907094	7134.9864797	7134.9133594	-2.0000667	-2.0000667	0.0477153	0.2461134	0.1943551	0.0000000	0.0000000
7334.9907094	7129.9863643	7129.6379492	-2.0000667	-2.0000667	0.0454652	0.2479896	0.1937819	0.0000000	0.0000000
7334.9907094	7124.9850629	7124.7683398	-2.0000667	-2.0000667	0.0448718	0.2484270	0.1933882	0.0000000	0.0000000
7334.9907094	7119.9869188	7119.8987305	-2.0000667	-2.0000667	0.0430029	0.2468090	0.1939122	0.0000000	0.0000000
7334.9907094	7114.9824600	7114.6233203	-2.0000667	-2.0000667	0.0431993	0.2461162	0.1919565	0.0000000	0.0000000
7334.9907094	7109.9847957	7109.7537109	-2.0000667	-2.0000667	0.0394548	0.2471300	0.1937467	0.0000000	0.0000000
7334.9907094	7104.9825351	7104.8841016	-2.0000667	-2.0000667	0.0391226	0.2482509	0.1955626	0.0000000	0.0000000
7334.9907094	7099.9837702	7099.6316406	-2.0000667	-2.0000667	0.0361193	0.2465514	0.1956057	0.0000000	0.0000000
7334.9907094	7094.9817088	7094.8171094	-2.0000667	-2.0000667	0.0328135	0.2468654	0.1947928	0.0000000	0.0000000
7334.9907094	7089.9836449	7089.6013672	-2.0000667	-2.0000667	0.0330963	0.2468379	0.1919055	0.0000000	0.0000000
7334.9907094	7084.9818060	7084.7868359	-2.0000667	-2.0000667	0.0313112	0.2452091	0.1957665	0.0000000	0.0000000
7334.9907094	7079.9875171	7079.9723047	-2.0000667	-2.0000667	0.0297568	0.2462882	0.1929094	0.0000000	0.0000000
7334.9907094	7074.9849890	7074.7565625	-2.0000667	-2.0000667	0.0273838	0.2471821	0.1934287	0.0000000	0.0000000
7334.9907094	7069.9846289	7069.9420313	-2.0000667	-2.0000667	0.0266157	0.2480992	0.1921611	0.0000000	0.0000000
7334.9907094	7064.9842688	7064.7262891	-2.0000667	-2.0000667	0.0248663	0.2485688	0.1903871	0.0000000	0.0000000
7334.9907094	7059.9851958	7059.9297656	-2.0000667	-2.0000667	0.0242836	0.2461626	0.1913879	0.0000000	0.0000000
7334.9907094	7054.9878403	7054.7725488	-2.0000667	-2.0000667	0.0235566	0.2471647	0.1899889	0.0000000	0.0000000
7334.9907094	7049.9839480	7049.6153320	-2.0000667	-2.0000667	0.0206229	0.2474431	0.1899686	0.0000000	0.0000000
7334.9907094	7044.9839562	7044.8548242	-2.0000667	-2.0000667	0.0214741	0.2471873	0.1861595	0.0000000	0.0000000
7334.9907094	7039.9847173	7039.6976074	-2.0000667	-2.0000667	0.0209222	0.2472466	0.1885525	0.0000000	0.0000000
7334.9907094	7034.9887891	7034.9370996	-2.0000667	-2.0000667	0.0178116	0.2446810	0.1912875	0.0000000	0.0000000
7334.9907094	7029.9897879	7029.7798828	-2.0000667	-2.0000667	0.0173236	0.2445726	0.1876370	0.0000000	0.0000000
7334.9907094	7024.9842404	7024.6226660	-2.0000667	-2.0000667	0.0160210	0.2478125	0.1874272	0.0000000	0.0000000
7334.9907094	7019.9852022	7019.8843262	-2.0000667	-2.0000667	0.0138026	0.2457275	0.1910996	0.0000000	0.0000000
7334.9907094	7014.9861162	7014.7847461	-2.0000667	-2.0000667	0.0117771	0.2453131	0.1951036	0.0000000	0.0000000
7334.9907094	7009.9855214	7009.6851660	-2.0000667	-2.0000667	0.0119119	0.2444156	0.1934545	0.0000000	0.0000000
7334.9907094	7004.9816281	7004.9778613	-2.0000667	-2.0000667	0.0105931	0.2433422	0.1921582	0.0000000	0.0000000
7334.9907094	7000.0292969	6999.8782813	-2.0000667	-2.0000667	0.0092559	0.2462765	0.1916586	0.0000000	0.0000000
