7429.9929293	7499.9984178	7499.6820801	-2.0000667	-2.0000667	0.0119557	0.2687573	0.1582273	0.0000000	7430.0000000
7429.9929293	7494.9907557	7494.7226807	-2.0000667	-2.0000667	0.0127903	0.2675571	0.1584398	0.0000000	0.0000000
7429.9929293	7489.9851278	7489.7632813	-2.0000667	-2.0000667	0.0559293	0.2660332	0.1574802	0.0000000	0.0000000
7429.9929293	7484.9906544	7484.8038818	-2.0000667	-2.0000667	0.0119104	0.2692115	0.1559268	0.0000000	0.0000000
7429.9929293	7479.9931269	7479.8981445	-2.0000667	-2.0000667	0.0140310	0.2679678	0.1576705	0.0000000	0.0000000
7429.9929293	7474.9899978	7474.9977734	-2.0000667	-2.0000667	0.0153511	0.2679919	0.1568038	0.0000000	0.0000000
7429.9929293	7469.9894082	7469.6519141	-2.0000667	-2.0000667	0.0145500	0.2666702	0.1556884	0.0000000	0.0000000
7429.9929293	7464.9880985	7464.7515430	-2.0000667	-2.0000667	0.0167784	0.2658906	0.1567887	0.0000000	0.0000000
7429.9929293	7459.9916683	7459.8511719	-2.0000667	-2.0000667	0.0199758	0.2685082	0.1593373	0.0000000	0.0000000
7429.9929293	7454.9837915	7454.9508008	-2.0000667	-2.0000667	0.0205911	0.2681761	0.1586217	0.0000000	0.0000000
7429.9929293	7449.9849944	7449.6049414	-2.0000667	-2.0000667	0.0206188	0.2674515	0.1579008	0.0000000	0.0000000
7429.9929293	7444.9822808	7444.7045703	-2.0000667	-2.0000667	0.0233336	0.2673351	0.1626785	0.0000000	0.0000000
7429.9929293	7439.9825665	7439.8041992	-2.0000667	-2.0000667	0.0256615	0.2675002	0.1611094	0.0000000	0.0000000
7429.9929293	7434.9828522	7434.9618359	-2.0000667	-2.0000667	0.0236455	0.2666984	0.1605937	0.0000000	0.0000000
7429.9929293	7429.9877688	7429.6792578	-2.0000667	-2.0000667	0.0267665	0.2676587	0.1609011	0.0000000	0.0000000
7429.9929293	7424.9898229	7424.8368945	-2.0000667	-2.0000667	0.0279469	0.2687531	0.1598701	0.0000000	0.0000000
7429.9929293	7419.9832450	7419.9945313	-2.0000667	-2.0000667	0.0256770	0.2674755	0.1608203	0.0000000	0.0000000
7429.9929293	7414.9852991	7414.7119531	-2.0000667	-2.0000667	0.0297722	0.2677987	0.1628884	0.0000000	0.0000000
7429.9929293	7409.9893015	7409.8695898	-2.0000667	-2.0000667	0.0237532	0.2695242	0.1641392	0.0000000	0.0000000
7429.9929293	7404.9855505	7404.5870117	-2.0000667	-2.0000667	0.0286879	0.2687223	0.1623422	0.0000000	0.0000000
7429.9929293	7399.9893051	7399.7446484	-2.0000667	-2.0000667	0.0313896	0.2680747	0.1629048	0.0000000	0.0000000
7429.9929293	7394.9939915	7394.9126367	-2.0000667	-2.0000667	0.0276697	0.2691790	0.1606884	0.0000000	0.0000000
7429.9929293	7389.9873611	7389.6921680	-2.0000667	-2.0000667	0.0265676	0.2682172	0.1611802	0.0000000	0.0000000
7429.9929293	7384.9919124	7384.9067383	-2.0000667	-2.0000667	0.0322808	0.2664136	0.1613878	0.0000000	0.0000000
7429.9929293	7379.9830116	7379.6862695	-2.0000667	-2.0000667	0.0288832	0.2641504	0.1602263	0.0000000	0.0000000
7429.9929293	7374.9819628	7374.9008398	-2.0000667	-2.0000667	0.0307124	0.2646902	0.1586813	0.0000000	0.0000000
7429.9929293	7369.9839616	7369.6803711	-2.0000667	-2.0000667	0.0706100	0.2660951	0.1588119	0.0000000	0.0000000
7429.9929293	7364.9814683	7364.8949414	-2.0000667	-2.0000667	0.0311343	0.2668872	0.1611096	0.0000000	0.0000000
7429.9929293	7359.9861795	7359.6744727	-2.0000667	-2.0000667	0.0310171	0.2691653	0.1660315	0.0000000	0.0000000
7429.9929293	7354.9845915	7354.8890430	-2.0000667	-2.0000667	0.0361405	0.2705703	0.1683630	0.0000000	0.0000000
7429.9929293	7349.9844428	7349.6991016	-2.0000667	-2.0000667	0.0349487	0.2682456	0.1662979	0.0000000	0.0000000
7429.9929293	7344.9830735	7344.9696387	-2.0000667	-2.0000667	0.0309075	0.2659469	0.1683578	0.0000000	0.0000000
7429.9929293	7339.9876760	7339.8102246	-2.0000667	-2.0000667	0.0387363	0.2670520	0.1666846	0.0000000	0.0000000
7429.9929293	7334.9906554	7334.6508105	-2.0000667	-2.0000667	0.0353301	0.2686899	0.1678673	0.0000000	0.0000000
7429.9929293	7329.9862695	7329.9213477	-2.0000667	-2.0000667	0.0325408	0.2686133	0.1663944	0.0000000	0.0000000
7429.9929293	7324.9848570	7324.7619336	-2.0000667	-2.0000667	0.0389880	0.2678528	0.1666322	0.0000000	0.0000000
7429.9929293	7319.9871533	7319.6025195	-2.0000667	-2.0000667	0.0332961	0.2673148	0.1670751	0.0000000	0.0000000
7429.9929293	7314.9856062	7314.8730566	-2.0000667	-2.0000667	0.0372507	0.2644855	0.1658556	0.0000000	0.0000000
7429.9929293	7309.9868361	7309.7136426	-2.0000667	-2.0000667	0.0388075	0.2671484	0.1675791	0.0000000	0.0000000
7429.9929293	7304.9879085	7304.6092822	-2.0000667	-2.0000667	0.0333596	0.2664204	0.1677323	0.0000000	0.0000000
7429.9929293	7299.9890361	7299.9348730	-2.0000667	-2.0000667	0.0384302	0.2675833	0.1688071	0.0000000	0.0000000
7429.9929293	7294.9829595	7294.8355176	-2.0000667	-2.0000667	0.0404756	0.2682874	0.1685079	0.0000000	0.0000000
7429.9929293	7289.9859351	7289.7361621	-2.0000667	-2.0000667	0.0410206	0.2670674	0.1709452	0.0000000	0.0000000
7429.9929293	7284.9854524	7284.6368066	-2.0000667	-2.0000667	0.0402640	0.2687413	0.1727679	0.0000000	0.0000000
7429.9929293	7279.9884279	7279.9623975	-2.0000667	-2.0000667	0.0381836	0.2699174	0.1725697	0.0000000	0.0000000
7429.9929293	7274.9872494	7274.8630420	-2.0000667	-2.0000667	0.0406544	0.2690226	0.1735009	0.0000000	0.0000000
7429.9929293	7269.9840093	7269.7636865	-2.0000667	-2.0000667	0.0390529	0.2696080	0.1724182	0.0000000	0.0000000
7429.9929293	7264.9876701	7264.6888672	-2.0000667	-2.0000667	0.0384841	0.2684386	0.1711610	0.0000000	0.0000000
7429.9929293	7259.9859215	7259.6483984	-2.0000667	-2.0000667	0.0381306	0.2677644	0.1716263	0.0000000	0.0000000
7429.9929293	7254.9850358	7254.6079297	-2.0000667	-2.0000667	0.0435699	0.2680001	0.1721222	0.0000000	0.0000000
7429.9929293	7249.9841501	7249.9875000	-2.0000667	-2.0000667	0.0442556	0.2686161	0.1714026	0.0000000	0.0000000
7429.9929293	7244.9832645	7244.9470313	-2.0000667	-2.0000667	0.0345372	0.2692797	0.1728899	0.0000000	0.0000000
7429.9929293	7239.9880707	7239.9065625	-2.0000667	-2.0000667	0.0323074	0.2652767	0.1697874	0.0000000	0.0000000
7429.9929293	7234.9891235	7234.8660938	-2.0000667	-2.0000667	0.0342714	0.2651545	0.1709248	0.0000000	0.0000000
7429.9929293	7229.9901764	7229.8256250	-2.0000667	-2.0000667	0.0317953	0.2650768	0.1692450	0.0000000	0.0000000
7429.9929293	7224.9879209	7224.7851563	-2.0000667	-2.0000667	0.0283622	0.2625424	0.1685662	0.0000000	0.0000000
7429.9929293	7219.9838918	7219.8026367	-2.0000667	-2.0000667	0.0328300	0.2643575	0.1694631	0.0000000	0.0000000
7429.9929293	7214.9827535	7214.8201172	-2.0000667	-2.0000667	0.0305531	0.2645269	0.1697081	0.0000000	0.0000000
7429.9929293	7209.9834979	7209.8375977	-2.0000667	-2.0000667	0.0330968	0.2689474	0.1722755	0.0000000	0.0000000
7429.9929293	7204.9823763	7204.8550781	-2.0000667	-2.0000667	0.0331403	0.2690358	0.1734861	0.0000000	0.0000000
7429.9929293	7199.9877120	7199.8725586	-2.0000667	-2.0000667	0.0324269	0.2677308	0.1739805	0.0000000	0.0000000
7429.9929293	7194.9864212	7194.8900391	-2.0000667	-2.0000667	0.0326583	0.2692509	0.1770311	0.0000000	0.0000000
7429.9929293	7189.9844123	7189.9075195	-2.0000667	-2.0000667	0.0299242	0.2687543	0.1746460	0.0000000	0.0000000
7429.9929293	7184.9857226	7184.9250000	-2.0000667	-2.0000667	0.0280631	0.2693881	0.1741152	0.0000000	0.0000000
7429.9929293	7179.9835760	7179.9804492	-2.0000667	-2.0000667	0.0267640	0.2674424	0.1726932	0.0000000	0.0000000
7429.9929293	7174.9840016	7174.6444189	-2.0000667	-2.0000667	0.0271283	0.2667086	0.1744342	0.0000000	0.0000000
7429.9929293	7169.9844272	7169.7188525	-2.0000667	-2.0000667	0.0239374	0.2666465	0.1743676	0.0000000	0.0000000
7429.9929293	7164.9848528	7164.7932861	-2.0000667	-2.0000667	0.0249712	0.2647306	0.1732977	0.0000000	0.0000000
7429.9929293	7159.9874285	7159.8677197	-2.0000667	-2.0000667	0.0212191	0.2637699	0.1716421	0.0000000	0.0000000
7429.9929293	7154.9859714	7154.9421533	-2.0000667	-2.0000667	0.0242012	0.2641936	0.1733196	0.0000000	0.0000000
7429.9929293	7149.9845143	7149.6061230	-2.0000667	-2.0000667	0.0197900	0.2657675	0.1728439	0.0000000	0.0000000
7429.9929293	7144.9816355	7144.6805566	-2.0000667	-2.0000667	0.0189537	0.2637523	0.1717122	0.0000000	0.0000000
7429.9929293	7139.9824934	7139.7829688	-2.0000667	-2.0000667	0.0222445	0.2634880	0.1719196	0.0000000	0.0000000
7429.9929293	7134.9864797	7134.9133594	-2.0000667	-2.0000667	0.0245431	0.2652806	0.1733019	0.0000000	0.0000000
7429.9929293	7129.9832069	7129.6379492	-2.0000667	-2.0000667	0.0186682	0.2656650	0.1743359	0.0000000	0.0000000
7429.9929293	7124.9850629	7124.7683398	-2.0000667	-2.0000667	0.0173213	0.2669692	0.1758884	0.0000000	0.0000000
7429.9929293	7119.9869188	7119.8987305	-2.0000667	-2.0000667	0.0152953	0.2665829	0.1745183	0.0000000	0.0000000
7429.9929293	7114.9856174	7114.6233203	-2.0000667	-2.0000667	0.0138762	0.2669850	0.1732694	0.0000000	0.0000000
7429.9929293	7109.9882914	7109.7537109	-2.0000667	-2.0000667	0.0127886	0.2671638	0.1732601	0.0000000	0.0000000
7429.9929293	7104.9825351	7104.8841016	-2.0000667	-2.0000667	0.0120920	0.2659951	0.1737229	0.0000000	0.0000000
7429.9929293	7099.9837702	7099.6316406	-2.0000667	-2.0000667	0.0110219	0.2665430	0.1748424	0.0000000	0.0000000
7429.9929293	7094.9817088	7094.8171094	-2.0000667	-2.0000667	0.0104955	0.2670386	0.1765948	0.0000000	0.0000000
7429.9929293	7089.9836449	7089.6013672	-2.0000667	-2.0000667	0.0095946	0.2661082	0.1750762	0.0000000	0.0000000
7429.9929293	7084.9855810	7084.7868359	-2.0000667	-2.0000667	0.0089437	0.2666218	0.1755287	0.0000000	0.0000000
7429.9929293	7079.9875171	7079.9723047	-2.0000667	-2.0000667	0.0082180	0.2657709	0.1757214	0.0000000	0.0000000
7429.9929293	7074.9849890	7074.7565625	-2.0000667	-2.0000667	0.0072903	0.2660839	0.1739474	0.0000000	0.0000000
7429.9929293	7069.9846289	7069.9420313	-2.0000667	-2.0000667	0.0065996	0.2654900	0.1736477	0.0000000	0.0000000
7429.9929293	7064.9842688	7064.7262891	-2.0000667	-2.0000667	0.0063153	0.2637656	0.1735686	0.0000000	0.0000000
7429.9929293	7059.9851958	7059.9297656	-2.0000667	-2.0000667	0.0061647	0.2642085	0.1725819	0.0000000	0.0000000
7429.9929293	7054.9845719	7054.7725488	-2.0000667	-2.0000667	0.0060217	0.2666356	0.1778138	0.0000000	0.0000000
7429.9929293	7049.9872164	7049.6153320	-2.0000667	-2.0000667	0.0047615	0.2676689	0.1770125	0.0000000	0.0000000
7429.9929293	7044.9806454	7044.8548242	-2.0000667	-2.0000667	0.0048129	0.2678574	0.1772926	0.0000000	0.0000000
7429.9929293	7039.9847173	7039.6976074	-2.0000667	-2.0000667	0.0039542	0.2685054	0.1780590	0.0000000	0.0000000
7429.9929293	7034.9854783	7034.9370996	-2.0000667	-2.0000667	0.0036838	0.2687784	0.1802297	0.0000000	0.0000000
7429.9929293	7029.9865333	7029.7798828	-2.0000667	-2.0000667	0.0312441	0.2681428	0.1797039	0.0000000	0.0000000
7429.9929293	7024.9842404	7024.6226660	-2.0000667	-2.0000667	0.0030701	0.2674832	0.1793469	0.0000000	0.0000000
7429.9929293	7019.9852022	7019.8843262	-2.0000667	-2.0000667	0.0023982	0.2678483	0.1784575	0.0000000	0.0000000
7429.9929293	7014.9861162	7014.7847461	-2.0000667	-2.0000667	0.0021626	0.2665406	0.1786393	0.0000000	0.0000000
7429.9929293	7009.9855214	7009.6851660	-2.0000667	-2.0000667	0.0017537	0.2674362	0.1772148	0.0000000	0.0000000
7429.9929293	7004.9849267	7004.9778613	-2.0000667	-2.0000667	0.0019944	0.2665037	0.1783877	0.0000000	0.0000000
7429.9929293	7000.0292969	6999.8782813	-2.0000667	-2.0000667	0.0016578	0.2676942	0.1790602	0.0000000	0.0000000
