7434.9974594	7499.9984178	7499.6820801	-2.0000667	-2.0000667	0.0145914	0.2679564	0.1620056	0.0000000	7435.0000000
7434.9974594	7494.9935444	7494.7226807	-2.0000667	-2.0000667	0.0152963	0.2664722	0.1592158	0.0000000	0.0000000
7434.9974594	7489.9851278	7489.7632813	-2.0000667	-2.0000667	0.0148923	0.2648906	0.1586561	0.0000000	0.0000000
7434.9974594	7484.9906544	7484.8038818	-2.0000667	-2.0000667	0.0194467	0.2662502	0.1634720	0.0000000	0.0000000
7434.9974594	7479.9931269	7479.8981445	-2.0000667	-2.0000667	0.0178959	0.2655643	0.1625231	0.0000000	0.0000000
7434.9974594	7474.9849184	7474.9977734	-2.0000667	-2.0000667	0.0167640	0.2661360	0.1595598	0.0000000	0.0000000
7434.9974594	7469.9919479	7469.6519141	-2.0000667	-2.0000667	0.0163026	0.2659456	0.1574288	0.0000000	0.0000000
7434.9974594	7464.9909601	7464.7515430	-2.0000667	-2.0000667	0.0195203	0.2621410	0.1559335	0.0000000	0.0000000
7434.9974594	7459.9916683	7459.8511719	-2.0000667	-2.0000667	0.0983535	0.2637820	0.1582057	0.0000000	0.0000000
7434.9974594	7454.9837915	7454.9508008	-2.0000667	-2.0000667	0.0218246	0.2652115	0.1574143	0.0000000	0.0000000
7434.9974594	7449.9909928	7449.6049414	-2.0000667	-2.0000667	0.0209220	0.2668679	0.1559272	0.0000000	0.0000000
7434.9974594	7444.9822808	7444.7045703	-2.0000667	-2.0000667	0.0238181	0.2663198	0.1552129	0.0000000	0.0000000
7434.9974594	7439.9825665	7439.8041992	-2.0000667	-2.0000667	0.0245066	0.2653094	0.1574082	0.0000000	0.0000000
7434.9974594	7434.9858514	7434.9618359	-2.0000667	-2.0000667	0.0257406	0.2661182	0.1593246	0.0000000	0.0000000
7434.9974594	7429.9877688	7429.6792578	-2.0000667	-2.0000667	0.0291958	0.2655336	0.1621685	0.0000000	0.0000000
7434.9974594	7424.9840682	7424.8368945	-2.0000667	-2.0000667	0.0253755	0.2638162	0.1590250	0.0000000	0.0000000
7434.9974594	7419.9832450	7419.9945313	-2.0000667	-2.0000667	0.0226656	0.2650920	0.1541525	0.0000000	0.0000000
7434.9974594	7414.9881765	7414.7119531	-2.0000667	-2.0000667	0.0250829	0.2679316	0.1574591	0.0000000	0.0000000
7434.9974594	7409.9893015	7409.8695898	-2.0000667	-2.0000667	0.0279215	0.2684644	0.1606882	0.0000000	0.0000000
7434.9974594	7404.9930561	7404.5870117	-2.0000667	-2.0000667	0.0276582	0.2668000	0.1535692	0.0000000	0.0000000
7434.9974594	7399.9868032	7399.7446484	-2.0000667	-2.0000667	0.0283766	0.2671707	0.1558672	0.0000000	0.0000000
7434.9974594	7394.9884007	7394.9126367	-2.0000667	-2.0000667	0.0345166	0.2681901	0.1616373	0.0000000	0.0000000
7434.9974594	7389.9873611	7389.6921680	-2.0000667	-2.0000667	0.0278424	0.2690490	0.1604791	0.0000000	0.0000000
7434.9974594	7384.9919124	7384.9067383	-2.0000667	-2.0000667	0.0301785	0.2664733	0.1580756	0.0000000	0.0000000
7434.9974594	7379.9860592	7379.6862695	-2.0000667	-2.0000667	0.0327670	0.2654957	0.1611661	0.0000000	0.0000000
7434.9974594	7374.9819628	7374.9008398	-2.0000667	-2.0000667	0.0318168	0.2663898	0.1667590	0.0000000	0.0000000
7434.9974594	7369.9839616	7369.6803711	-2.0000667	-2.0000667	0.0386976	0.2665082	0.1648889	0.0000000	0.0000000
7434.9974594	7364.9814683	7364.8949414	-2.0000667	-2.0000667	0.0362173	0.2665721	0.1645864	0.0000000	0.0000000
7434.9974594	7359.9861795	7359.6744727	-2.0000667	-2.0000667	0.0361440	0.2650914	0.1646321	0.0000000	0.0000000
7434.9974594	7354.9814419	7354.8890430	-2.0000667	-2.0000667	0.0394490	0.2661472	0.1652980	0.0000000	0.0000000
7434.9974594	7349.9874287	7349.6991016	-2.0000667	-2.0000667	0.0383533	0.2661176	0.1640670	0.0000000	0.0000000
7434.9974594	7344.9860594	7344.9696387	-2.0000667	-2.0000667	0.0487432	0.2661647	0.1652471	0.0000000	0.0000000
7434.9974594	7339.9876760	7339.8102246	-2.0000667	-2.0000667	0.0601278	0.2642985	0.1620770	0.0000000	0.0000000
7434.9974594	7334.9876819	7334.6508105	-2.0000667	-2.0000667	0.0354854	0.2623969	0.1638280	0.0000000	0.0000000
7434.9974594	7329.9862695	7329.9213477	-2.0000667	-2.0000667	0.0345001	0.2622310	0.1606233	0.0000000	0.0000000
7434.9974594	7324.9878305	7324.7619336	-2.0000667	-2.0000667	0.0388455	0.2648746	0.1619816	0.0000000	0.0000000
7434.9974594	7319.9843762	7319.6025195	-2.0000667	-2.0000667	0.0345973	0.2636659	0.1620389	0.0000000	0.0000000
7434.9974594	7314.9856062	7314.8730566	-2.0000667	-2.0000667	0.0327517	0.2636517	0.1628313	0.0000000	0.0000000
7434.9974594	7309.9868361	7309.7136426	-2.0000667	-2.0000667	0.0393153	0.2624628	0.1633953	0.0000000	0.0000000
7434.9974594	7304.9907881	7304.6092822	-2.0000667	-2.0000667	0.0390022	0.2654175	0.1671569	0.0000000	0.0000000
7434.9974594	7299.9861565	7299.9348730	-2.0000667	-2.0000667	0.0359170	0.2636404	0.1660599	0.0000000	0.0000000
7434.9974594	7294.9864177	7294.8355176	-2.0000667	-2.0000667	0.0364952	0.2662714	0.1664205	0.0000000	0.0000000
7434.9974594	7289.9859351	7289.7361621	-2.0000667	-2.0000667	0.0413437	0.2678033	0.1712831	0.0000000	0.0000000
7434.9974594	7284.9819943	7284.6368066	-2.0000667	-2.0000667	0.0367258	0.2673453	0.1709156	0.0000000	0.0000000
7434.9974594	7279.9884279	7279.9623975	-2.0000667	-2.0000667	0.0362935	0.2643774	0.1685554	0.0000000	0.0000000
7434.9974594	7274.9837989	7274.8630420	-2.0000667	-2.0000667	0.0356328	0.2641526	0.1726001	0.0000000	0.0000000
7434.9974594	7269.9874598	7269.7636865	-2.0000667	-2.0000667	0.0395165	0.2661958	0.1732230	0.0000000	0.0000000
7434.9974594	7264.9876701	7264.6888672	-2.0000667	-2.0000667	0.0370043	0.2678364	0.1715494	0.0000000	0.0000000
7434.9974594	7259.9890846	7259.6483984	-2.0000667	-2.0000667	0.0376005	0.2669266	0.1717325	0.0000000	0.0000000
7434.9974594	7254.9818727	7254.6079297	-2.0000667	-2.0000667	0.0369951	0.2647180	0.1719794	0.0000000	0.0000000
7434.9974594	7249.9841501	7249.9875000	-2.0000667	-2.0000667	0.0358475	0.2659628	0.1706412	0.0000000	0.0000000
7434.9974594	7244.9832645	7244.9470313	-2.0000667	-2.0000667	0.0368470	0.2629209	0.1695896	0.0000000	0.0000000
7434.9974594	7239.9880707	7239.9065625	-2.0000667	-2.0000667	0.0368835	0.2649817	0.1687081	0.0000000	0.0000000
7434.9974594	7234.9891235	7234.8660938	-2.0000667	-2.0000667	0.0344371	0.2643212	0.1698881	0.0000000	0.0000000
7434.9974594	7229.9901764	7229.8256250	-2.0000667	-2.0000667	0.0362755	0.2653938	0.1717749	0.0000000	0.0000000
7434.9974594	7224.9850300	7224.7851563	-2.0000667	-2.0000667	0.0357971	0.2641620	0.1693613	0.0000000	0.0000000
7434.9974594	7219.9867826	7219.8026367	-2.0000667	-2.0000667	0.0351322	0.2633861	0.1695643	0.0000000	0.0000000
7434.9974594	7214.9856444	7214.8201172	-2.0000667	-2.0000667	0.0320668	0.2639594	0.1680425	0.0000000	0.0000000
7434.9974594	7209.9867265	7209.8375977	-2.0000667	-2.0000667	0.0971152	0.2653292	0.1720663	0.0000000	0.0000000
7434.9974594	7204.9856049	7204.8550781	-2.0000667	-2.0000667	0.0338358	0.2650750	0.1711696	0.0000000	0.0000000
7434.9974594	7199.9844833	7199.8725586	-2.0000667	-2.0000667	0.0337582	0.2638325	0.1729802	0.0000000	0.0000000
7434.9974594	7194.9864212	7194.8900391	-2.0000667	-2.0000667	0.0341511	0.2660592	0.1718279	0.0000000	0.0000000
7434.9974594	7189.9844123	7189.9075195	-2.0000667	-2.0000667	0.0324447	0.2660126	0.1730475	0.0000000	0.0000000
7434.9974594	7184.9857226	7184.9250000	-2.0000667	-2.0000667	0.0324431	0.2656764	0.1737521	0.0000000	0.0000000
7434.9974594	7179.9871345	7179.9804492	-2.0000667	-2.0000667	0.0282000	0.2659253	0.1743547	0.0000000	0.0000000
7434.9974594	7174.9840016	7174.6444189	-2.0000667	-2.0000667	0.0278701	0.2666669	0.1721071	0.0000000	0.0000000
7434.9974594	7169.9879856	7169.7188525	-2.0000667	-2.0000667	0.0301139	0.2672068	0.1747101	0.0000000	0.0000000
7434.9974594	7164.9848528	7164.7932861	-2.0000667	-2.0000667	0.0273302	0.2661661	0.1734457	0.0000000	0.0000000
7434.9974594	7159.9842183	7159.8677197	-2.0000667	-2.0000667	0.0263203	0.2655656	0.1719296	0.0000000	0.0000000
7434.9974594	7154.9859714	7154.9421533	-2.0000667	-2.0000667	0.0235518	0.2660262	0.1736442	0.0000000	0.0000000
7434.9974594	7149.9845143	7149.6061230	-2.0000667	-2.0000667	0.0244149	0.2666370	0.1746914	0.0000000	0.0000000
7434.9974594	7144.9847639	7144.6805566	-2.0000667	-2.0000667	0.0244078	0.2682792	0.1758575	0.0000000	0.0000000
7434.9974594	7139.9824934	7139.7829688	-2.0000667	-2.0000667	0.0220430	0.2652191	0.1725033	0.0000000	0.0000000
7434.9974594	7134.9864797	7134.9133594	-2.0000667	-2.0000667	0.0222476	0.2648760	0.1732275	0.0000000	0.0000000
7434.9974594	7129.9832069	7129.6379492	-2.0000667	-2.0000667	0.0157911	0.2673962	0.1752920	0.0000000	0.0000000
7434.9974594	7124.9850629	7124.7683398	-2.0000667	-2.0000667	0.0178801	0.2651620	0.1752906	0.0000000	0.0000000
7434.9974594	7119.9869188	7119.8987305	-2.0000667	-2.0000667	0.0179652	0.2649816	0.1750514	0.0000000	0.0000000
7434.9974594	7114.9856174	7114.6233203	-2.0000667	-2.0000667	0.0179315	0.2682301	0.1768824	0.0000000	0.0000000
7434.9974594	7109.9882914	7109.7537109	-2.0000667	-2.0000667	0.0160295	0.2675452	0.1773015	0.0000000	0.0000000
7434.9974594	7104.9825351	7104.8841016	-2.0000667	-2.0000667	0.0156663	0.2659713	0.1746888	0.0000000	0.0000000
7434.9974594	7099.9872658	7099.6316406	-2.0000667	-2.0000667	0.0146466	0.2676946	0.1765164	0.0000000	0.0000000
7434.9974594	7094.9854837	7094.8171094	-2.0000667	-2.0000667	0.0140400	0.2677035	0.1775480	0.0000000	0.0000000
7434.9974594	7089.9874198	7089.6013672	-2.0000667	-2.0000667	0.0213827	0.2662639	0.1771013	0.0000000	0.0000000
7434.9974594	7084.9818060	7084.7868359	-2.0000667	-2.0000667	0.0108334	0.2652556	0.1762853	0.0000000	0.0000000
7434.9974594	7079.9875171	7079.9723047	-2.0000667	-2.0000667	0.0092938	0.2659937	0.1763206	0.0000000	0.0000000
7434.9974594	7074.9849890	7074.7565625	-2.0000667	-2.0000667	0.0085328	0.2658459	0.1756190	0.0000000	0.0000000
7434.9974594	7069.9846289	7069.9420313	-2.0000667	-2.0000667	0.0080673	0.2653831	0.1717172	0.0000000	0.0000000
7434.9974594	7064.9842688	7064.7262891	-2.0000667	-2.0000667	0.0072388	0.2648719	0.1720715	0.0000000	0.0000000
7434.9974594	7059.9851958	7059.9297656	-2.0000667	-2.0000667	0.0067994	0.2645518	0.1737505	0.0000000	0.0000000
7434.9974594	7054.9845719	7054.7725488	-2.0000667	-2.0000667	0.0067086	0.2638578	0.1753176	0.0000000	0.0000000
7434.9974594	7049.9839480	7049.6153320	-2.0000667	-2.0000667	0.0058514	0.2650612	0.1756033	0.0000000	0.0000000
7434.9974594	7044.9806454	7044.8548242	-2.0000667	-2.0000667	0.0061346	0.2656047	0.1747791	0.0000000	0.0000000
7434.9974594	7039.9847173	7039.6976074	-2.0000667	-2.0000667	0.0046273	0.2651329	0.1758655	0.0000000	0.0000000
7434.9974594	7034.9887891	7034.9370996	-2.0000667	-2.0000667	0.0041770	0.2674454	0.1787074	0.0000000	0.0000000
7434.9974594	7029.9865333	7029.7798828	-2.0000667	-2.0000667	0.0039045	0.2659473	0.1760972	0.0000000	0.0000000
7434.9974594	7024.9842404	7024.6226660	-2.0000667	-2.0000667	0.0033058	0.2678918	0.1778564	0.0000000	0.0000000
7434.9974594	7019.9852022	7019.8843262	-2.0000667	-2.0000667	0.0030620	0.2681095	0.1777456	0.0000000	0.0000000
7434.9974594	7014.9894147	7014.7847461	-2.0000667	-2.0000667	0.0028580	0.2694719	0.1783163	0.0000000	0.0000000
7434.9974594	7009.9855214	7009.6851660	-2.0000667	-2.0000667	0.0023018	0.2691362	0.1803899	0.0000000	0.0000000
7434.9974594	7004.9816281	7004.9778613	-2.0000667	-2.0000667	0.0020325	0.2690254	0.1797080	0.0000000	0.0000000
7434.9974594	7000.0292969	6999.8782813	-2.0000667	-2.0000667	0.0016565	0.2693533	0.1798694	0.0000000	0.0000000
