7114.9925567	7500.0011376	7499.6820801	-2.0000667	-2.0000667	0.0045369	0.2845024	0.1594602	0.0000000	7115.0000000
7114.9925567	7494.9907557	7494.7226807	-2.0000667	-2.0000667	0.0028933	0.2845170	0.1474166	0.0000000	0.0000000
7114.9925567	7489.9851278	7489.7632813	-2.0000667	-2.0000667	0.0027489	0.2901724	0.1333521	0.0000000	0.0000000
7114.9925567	7484.9906544	7484.8038818	-2.0000667	-2.0000667	0.0030424	0.2855718	0.1331641	0.0000000	0.0000000
7114.9925567	7479.9905873	7479.8981445	-2.0000667	-2.0000667	0.0036946	0.2876980	0.1355739	0.0000000	0.0000000
7114.9925567	7474.9849184	7474.9977734	-2.0000667	-2.0000667	0.0056587	0.2873123	0.1410551	0.0000000	0.0000000
7114.9925567	7469.9894082	7469.6519141	-2.0000667	-2.0000667	0.0102767	0.2877871	0.1522296	0.0000000	0.0000000
7114.9925567	7464.9852369	7464.7515430	-2.0000667	-2.0000667	0.0047925	0.2879514	0.1328787	0.0000000	0.0000000
7114.9925567	7459.9802217	7459.8511719	-2.0000667	-2.0000667	0.0070214	0.2842115	0.1411880	0.0000000	0.0000000
7114.9925567	7454.9866531	7454.9508008	-2.0000667	-2.0000667	0.0106649	0.2868203	0.1485359	0.0000000	0.0000000
7114.9925567	7449.9849944	7449.6049414	-2.0000667	-2.0000667	0.0151667	0.2859727	0.1583213	0.0000000	0.0000000
7114.9925567	7444.9822808	7444.7045703	-2.0000667	-2.0000667	0.0131416	0.2866125	0.1496476	0.0000000	0.0000000
7114.9925567	7439.9825665	7439.8041992	-2.0000667	-2.0000667	0.0107024	0.2854858	0.1496655	0.0000000	0.0000000
7114.9925567	7434.9858514	7434.9618359	-2.0000667	-2.0000667	0.0093048	0.2877249	0.1449689	0.0000000	0.0000000
7114.9925567	7429.9848914	7429.6792578	-2.0000667	-2.0000667	0.0137487	0.2858044	0.1492678	0.0000000	0.0000000
7114.9925567	7424.9840682	7424.8368945	-2.0000667	-2.0000667	0.0165991	0.2852834	0.1607065	0.0000000	0.0000000
7114.9925567	7419.9889997	7419.9945313	-2.0000667	-2.0000667	0.0135673	0.2848312	0.1397880	0.0000000	0.0000000
7114.9925567	7414.9852991	7414.7119531	-2.0000667	-2.0000667	0.0143866	0.2861379	0.1463499	0.0000000	0.0000000
7114.9925567	7409.9893015	7409.8695898	-2.0000667	-2.0000667	0.0170854	0.2865122	0.1409612	0.0000000	0.0000000
7114.9925567	7404.9855505	7404.5870117	-2.0000667	-2.0000667	0.0240596	0.2830211	0.1453687	0.0000000	0.0000000
7114.9925567	7399.9868032	7399.7446484	-2.0000667	-2.0000667	0.0250356	0.2831361	0.1431334	0.0000000	0.0000000
7114.9925567	7394.9856052	7394.9126367	-2.0000667	-2.0000667	0.0245598	0.2857349	0.1406089	0.0000000	0.0000000
7114.9925567	7389.9873611	7389.6921680	-2.0000667	-2.0000667	0.0353741	0.2848224	0.1580547	0.0000000	0.0000000
7114.9925567	7384.9891170	7384.9067383	-2.0000667	-2.0000667	0.0353097	0.2865337	0.1580354	0.0000000	0.0000000
7114.9925567	7379.9860592	7379.6862695	-2.0000667	-2.0000667	0.0364366	0.2853475	0.1547034	0.0000000	0.0000000
7114.9925567	7374.9850104	7374.9008398	-2.0000667	-2.0000667	0.0444170	0.2850099	0.1586158	0.0000000	0.0000000
7114.9925567	7369.9839616	7369.6803711	-2.0000667	-2.0000667	0.0420706	0.2836384	0.1483088	0.0000000	0.0000000
7114.9925567	7364.9814683	7364.8949414	-2.0000667	-2.0000667	0.0411906	0.2856989	0.1427943	0.0000000	0.0000000
7114.9925567	7359.9861795	7359.6744727	-2.0000667	-2.0000667	0.0429543	0.2869717	0.1437612	0.0000000	0.0000000
7114.9925567	7354.9814419	7354.8890430	-2.0000667	-2.0000667	0.0414272	0.2873717	0.1397693	0.0000000	0.0000000
7114.9925567	7349.9844428	7349.6991016	-2.0000667	-2.0000667	0.0549419	0.2883674	0.1552142	0.0000000	0.0000000
7114.9925567	7344.9830735	7344.9696387	-2.0000667	-2.0000667	0.0492036	0.2864521	0.1412931	0.0000000	0.0000000
7114.9925567	7339.9876760	7339.8102246	-2.0000667	-2.0000667	0.0536376	0.2873253	0.1423762	0.0000000	0.0000000
7114.9925567	7334.9847084	7334.6508105	-2.0000667	-2.0000667	0.0611754	0.2874270	0.1441445	0.0000000	0.0000000
7114.9925567	7329.9832960	7329.9213477	-2.0000667	-2.0000667	0.0577753	0.2873005	0.1354012	0.0000000	0.0000000
7114.9925567	7324.9878305	7324.7619336	-2.0000667	-2.0000667	0.0699570	0.2863074	0.1403365	0.0000000	0.0000000
7114.9925567	7319.9843762	7319.6025195	-2.0000667	-2.0000667	0.0788451	0.2860175	0.1427810	0.0000000	0.0000000
7114.9925567	7314.9856062	7314.8730566	-2.0000667	-2.0000667	0.0774496	0.2834075	0.1508042	0.0000000	0.0000000
7114.9925567	7309.9896132	7309.7136426	-2.0000667	-2.0000667	0.0656190	0.2876478	0.1366835	0.0000000	0.0000000
7114.9925567	7304.9850290	7304.6092822	-2.0000667	-2.0000667	0.0713248	0.2869004	0.1353595	0.0000000	0.0000000
7114.9925567	7299.9861565	7299.9348730	-2.0000667	-2.0000667	0.0742043	0.2870326	0.1380225	0.0000000	0.0000000
7114.9925567	7294.9795014	7294.8355176	-2.0000667	-2.0000667	0.0731605	0.2894430	0.1349264	0.0000000	0.0000000
7114.9925567	7289.9824769	7289.7361621	-2.0000667	-2.0000667	0.0855582	0.2851040	0.1424967	0.0000000	0.0000000
7114.9925567	7284.9854524	7284.6368066	-2.0000667	-2.0000667	0.1012554	0.2853274	0.1461105	0.0000000	0.0000000
7114.9925567	7279.9849698	7279.9623975	-2.0000667	-2.0000667	0.1093047	0.2845469	0.1536210	0.0000000	0.0000000
7114.9925567	7274.9872494	7274.8630420	-2.0000667	-2.0000667	0.1028628	0.2836385	0.1520472	0.0000000	0.0000000
7114.9925567	7269.9840093	7269.7636865	-2.0000667	-2.0000667	0.0985305	0.2867964	0.1442684	0.0000000	0.0000000
7114.9925567	7264.9842196	7264.6888672	-2.0000667	-2.0000667	0.1106891	0.2871702	0.1404973	0.0000000	0.0000000
7114.9925567	7259.9827583	7259.6483984	-2.0000667	-2.0000667	0.1280313	0.2886770	0.1472170	0.0000000	0.0000000
7114.9925567	7254.9850358	7254.6079297	-2.0000667	-2.0000667	0.1274498	0.2863147	0.1439802	0.0000000	0.0000000
7114.9925567	7249.9873132	7249.9875000	-2.0000667	-2.0000667	0.1149849	0.2863633	0.1369891	0.0000000	0.0000000
7114.9925567	7244.9864276	7244.9470313	-2.0000667	-2.0000667	0.1268462	0.2872118	0.1463113	0.0000000	0.0000000
7114.9925567	7239.9880707	7239.9065625	-2.0000667	-2.0000667	0.1308965	0.2861226	0.1507021	0.0000000	0.0000000
7114.9925567	7234.9891235	7234.8660938	-2.0000667	-2.0000667	0.1255870	0.2855454	0.1448777	0.0000000	0.0000000
7114.9925567	7229.9901764	7229.8256250	-2.0000667	-2.0000667	0.1293790	0.2859911	0.1380457	0.0000000	0.0000000
7114.9925567	7224.9850300	7224.7851563	-2.0000667	-2.0000667	0.1472592	0.2874934	0.1360007	0.0000000	0.0000000
7114.9925567	7219.9838918	7219.8026367	-2.0000667	-2.0000667	0.1394069	0.2860164	0.1373510	0.0000000	0.0000000
7114.9925567	7214.9827535	7214.8201172	-2.0000667	-2.0000667	0.1441646	0.2867776	0.1411525	0.0000000	0.0000000
7114.9925567	7209.9834979	7209.8375977	-2.0000667	-2.0000667	0.1642363	0.2869401	0.1526464	0.0000000	0.0000000
7114.9925567	7204.9823763	7204.8550781	-2.0000667	-2.0000667	0.1956636	0.2866998	0.1584724	0.0000000	0.0000000
7114.9925567	7199.9844833	7199.8725586	-2.0000667	-2.0000667	0.1910280	0.2858239	0.1499735	0.0000000	0.0000000
7114.9925567	7194.9864212	7194.8900391	-2.0000667	-2.0000667	0.1690378	0.2864211	0.1435914	0.0000000	0.0000000
7114.9925567	7189.9844123	7189.9075195	-2.0000667	-2.0000667	0.1758682	0.2853584	0.1463391	0.0000000	0.0000000
7114.9925567	7184.9857226	7184.9250000	-2.0000667	-2.0000667	0.1880337	0.2844819	0.1483567	0.0000000	0.0000000
7114.9925567	7179.9835760	7179.9804492	-2.0000667	-2.0000667	0.1891223	0.2847202	0.1537261	0.0000000	0.0000000
7114.9925567	7174.9804432	7174.6444189	-2.0000667	-2.0000667	0.1947827	0.2880591	0.1536201	0.0000000	0.0000000
7114.9925567	7169.9844272	7169.7188525	-2.0000667	-2.0000667	0.1686500	0.2883583	0.1350784	0.0000000	0.0000000
7114.9925567	7164.9848528	7164.7932861	-2.0000667	-2.0000667	0.2035790	0.2846571	0.1469060	0.0000000	0.0000000
7114.9925567	7159.9810081	7159.8677197	-2.0000667	-2.0000667	0.2212499	0.2859498	0.1536885	0.0000000	0.0000000
7114.9925567	7154.9859714	7154.9421533	-2.0000667	-2.0000667	0.2175148	0.2835782	0.1520326	0.0000000	0.0000000
7114.9925567	7149.9813041	7149.6061230	-2.0000667	-2.0000667	0.2314750	0.2844465	0.1514651	0.0000000	0.0000000
7114.9925567	7144.9847639	7144.6805566	-2.0000667	-2.0000667	0.2445269	0.2859100	0.1502063	0.0000000	0.0000000
7114.9925567	7139.9824934	7139.7829688	-2.0000667	-2.0000667	0.2377711	0.2863986	0.1473895	0.0000000	0.0000000
7114.9925567	7134.9833513	7134.9133594	-2.0000667	-2.0000667	0.2067402	0.2854143	0.1395029	0.0000000	0.0000000
7114.9925567	7129.9832069	7129.6379492	-2.0000667	-2.0000667	0.2239200	0.2868024	0.1430730	0.0000000	0.0000000
7114.9925567	7124.9819055	7124.7683398	-2.0000667	-2.0000667	0.2408945	0.2846974	0.1491145	0.0000000	0.0000000
7114.9925567	7119.9869188	7119.8987305	-2.0000667	-2.0000667	0.2355548	0.2860302	0.1447637	0.0000000	0.0000000
7114.9925567	7114.9824600	7114.6233203	-2.0000667	-2.0000667	0.2445979	0.2857777	0.1477891	0.0000000	0.0000000
7114.9925567	7109.9847957	7109.7537109	-2.0000667	-2.0000667	0.2483815	0.2852462	0.1468152	0.0000000	0.0000000
7114.9925567	7104.9825351	7104.8841016	-2.0000667	-2.0000667	0.2507423	0.2859215	0.1483737	0.0000000	0.0000000
7114.9925567	7099.9837702	7099.6316406	-2.0000667	-2.0000667	0.2617057	0.2852639	0.1492622	0.0000000	0.0000000
7114.9925567	7094.9817088	7094.8171094	-2.0000667	-2.0000667	0.2608391	0.2831522	0.1515261	0.0000000	0.0000000
7114.9925567	7089.9836449	7089.6013672	-2.0000667	-2.0000667	0.2777899	0.2854542	0.1552838	0.0000000	0.0000000
7114.9925567	7084.9818060	7084.7868359	-2.0000667	-2.0000667	0.2725964	0.2862014	0.1581500	0.0000000	0.0000000
7114.9925567	7079.9875171	7079.9723047	-2.0000667	-2.0000667	0.2671969	0.2848807	0.1577977	0.0000000	0.0000000
7114.9925567	7074.9849890	7074.7565625	-2.0000667	-2.0000667	0.2655187	0.2865725	0.1559922	0.0000000	0.0000000
7114.9925567	7069.9846289	7069.9420313	-2.0000667	-2.0000667	0.2394021	0.2872053	0.1445043	0.0000000	0.0000000
7114.9925567	7064.9842688	7064.7262891	-2.0000667	-2.0000667	0.2326453	0.2892241	0.1385947	0.0000000	0.0000000
7114.9925567	7059.9851958	7059.9297656	-2.0000667	-2.0000667	0.2153193	0.2882190	0.1327588	0.0000000	0.0000000
7114.9925567	7054.9845719	7054.7725488	-2.0000667	-2.0000667	0.2280732	0.2879189	0.1406860	0.0000000	0.0000000
7114.9925567	7049.9806796	7049.6153320	-2.0000667	-2.0000667	0.2290151	0.2869696	0.1389354	0.0000000	0.0000000
7114.9925567	7044.9806454	7044.8548242	-2.0000667	-2.0000667	0.2440699	0.2860540	0.1481163	0.0000000	0.0000000
7114.9925567	7039.9814065	7039.6976074	-2.0000667	-2.0000667	0.2533169	0.2857728	0.1506406	0.0000000	0.0000000
7114.9925567	7034.9854783	7034.9370996	-2.0000667	-2.0000667	0.2421792	0.2868856	0.1462828	0.0000000	0.0000000
7114.9925567	7029.9865333	7029.7798828	-2.0000667	-2.0000667	0.2378882	0.2867422	0.1460719	0.0000000	0.0000000
7114.9925567	7024.9842404	7024.6226660	-2.0000667	-2.0000667	0.2352377	0.2860415	0.1489164	0.0000000	0.0000000
7114.9925567	7019.9819476	7019.8843262	-2.0000667	-2.0000667	0.2090773	0.2862272	0.1406356	0.0000000	0.0000000
7114.9925567	7014.9861162	7014.7847461	-2.0000667	-2.0000667	0.2018513	0.2859945	0.1394609	0.0000000	0.0000000
7114.9925567	7009.9822229	7009.6851660	-2.0000667	-2.0000667	0.2110470	0.2885237	0.1435143	0.0000000	0.0000000
7114.9925567	7004.9816281	7004.9778613	-2.0000667	-2.0000667	0.2013983	0.2878427	0.1426926	0.0000000	0.0000000
7114.9925567	7000.0292969	6999.8782813	-2.0000667	-2.0000667	0.1959493	0.2869166	0.1435234	0.0000000	0.0000000
