7469.9958490	7500.0011376	7499.6820801	-2.0000667	-2.0000667	0.0115983	0.2694420	0.1591783	0.0000000	7470.0000000
7469.9958490	7494.9935444	7494.7226807	-2.0000667	-2.0000667	0.0150045	0.2702654	0.1599897	0.0000000	0.0000000
7469.9958490	7489.9907051	7489.7632813	-2.0000667	-2.0000667	0.0151212	0.2715992	0.1638689	0.0000000	0.0000000
7469.9958490	7484.9906544	7484.8038818	-2.0000667	-2.0000667	0.0138440	0.2704363	0.1601747	0.0000000	0.0000000
7469.9958490	7479.9905873	7479.8981445	-2.0000667	-2.0000667	0.0161160	0.2710261	0.1613718	0.0000000	0.0000000
7469.9958490	7474.9849184	7474.9977734	-2.0000667	-2.0000667	0.0168160	0.2716566	0.1618395	0.0000000	0.0000000
7469.9958490	7469.9894082	7469.6519141	-2.0000667	-2.0000667	0.0178923	0.2711484	0.1612296	0.0000000	0.0000000
7469.9958490	7464.9852369	7464.7515430	-2.0000667	-2.0000667	0.0181953	0.2673842	0.1594797	0.0000000	0.0000000
7469.9958490	7459.9830834	7459.8511719	-2.0000667	-2.0000667	0.0179182	0.2660392	0.1562800	0.0000000	0.0000000
7469.9958490	7454.9866531	7454.9508008	-2.0000667	-2.0000667	0.0168663	0.2649501	0.1590525	0.0000000	0.0000000
7469.9958490	7449.9849944	7449.6049414	-2.0000667	-2.0000667	0.0184559	0.2650519	0.1564139	0.0000000	0.0000000
7469.9958490	7444.9852800	7444.7045703	-2.0000667	-2.0000667	0.0168489	0.2662992	0.1619523	0.0000000	0.0000000
7469.9958490	7439.9825665	7439.8041992	-2.0000667	-2.0000667	0.0191299	0.2688604	0.1645577	0.0000000	0.0000000
7469.9958490	7434.9828522	7434.9618359	-2.0000667	-2.0000667	0.0221201	0.2712133	0.1664434	0.0000000	0.0000000
7469.9958490	7429.9848914	7429.6792578	-2.0000667	-2.0000667	0.0234241	0.2690637	0.1625436	0.0000000	0.0000000
7469.9958490	7424.9898229	7424.8368945	-2.0000667	-2.0000667	0.0452838	0.2679927	0.1642959	0.0000000	0.0000000
7469.9958490	7419.9889997	7419.9945313	-2.0000667	-2.0000667	0.0247573	0.2674604	0.1659796	0.0000000	0.0000000
7469.9958490	7414.9881765	7414.7119531	-2.0000667	-2.0000667	0.0260261	0.2699716	0.1672100	0.0000000	0.0000000
7469.9958490	7409.9893015	7409.8695898	-2.0000667	-2.0000667	0.0251111	0.2714141	0.1644521	0.0000000	0.0000000
7469.9958490	7404.9855505	7404.5870117	-2.0000667	-2.0000667	0.0288008	0.2707109	0.1649956	0.0000000	0.0000000
7469.9958490	7399.9868032	7399.7446484	-2.0000667	-2.0000667	0.0238331	0.2712281	0.1608958	0.0000000	0.0000000
7469.9958490	7394.9856052	7394.9126367	-2.0000667	-2.0000667	0.0282667	0.2698167	0.1633412	0.0000000	0.0000000
7469.9958490	7389.9845657	7389.6921680	-2.0000667	-2.0000667	0.0287493	0.2696666	0.1634197	0.0000000	0.0000000
7469.9958490	7384.9891170	7384.9067383	-2.0000667	-2.0000667	0.0306855	0.2689246	0.1650115	0.0000000	0.0000000
7469.9958490	7379.9860592	7379.6862695	-2.0000667	-2.0000667	0.0270715	0.2691621	0.1646248	0.0000000	0.0000000
7469.9958490	7374.9819628	7374.9008398	-2.0000667	-2.0000667	0.0296818	0.2683545	0.1651189	0.0000000	0.0000000
7469.9958490	7369.9870092	7369.6803711	-2.0000667	-2.0000667	0.0302002	0.2684185	0.1636609	0.0000000	0.0000000
7469.9958490	7364.9846179	7364.8949414	-2.0000667	-2.0000667	0.0313427	0.2680432	0.1650800	0.0000000	0.0000000
7469.9958490	7359.9861795	7359.6744727	-2.0000667	-2.0000667	0.0311216	0.2708135	0.1660428	0.0000000	0.0000000
7469.9958490	7354.9814419	7354.8890430	-2.0000667	-2.0000667	0.0346475	0.2712760	0.1668076	0.0000000	0.0000000
7469.9958490	7349.9814569	7349.6991016	-2.0000667	-2.0000667	0.0372703	0.2707638	0.1692157	0.0000000	0.0000000
7469.9958490	7344.9830735	7344.9696387	-2.0000667	-2.0000667	0.0380977	0.2689174	0.1712286	0.0000000	0.0000000
7469.9958490	7339.9906619	7339.8102246	-2.0000667	-2.0000667	0.0351232	0.2692457	0.1757958	0.0000000	0.0000000
7469.9958490	7334.9906554	7334.6508105	-2.0000667	-2.0000667	0.0348899	0.2698007	0.1733514	0.0000000	0.0000000
7469.9958490	7329.9862695	7329.9213477	-2.0000667	-2.0000667	0.0340736	0.2728401	0.1732097	0.0000000	0.0000000
7469.9958490	7324.9878305	7324.7619336	-2.0000667	-2.0000667	0.0378866	0.2728363	0.1712505	0.0000000	0.0000000
7469.9958490	7319.9843762	7319.6025195	-2.0000667	-2.0000667	0.0344918	0.2726571	0.1706678	0.0000000	0.0000000
7469.9958490	7314.9856062	7314.8730566	-2.0000667	-2.0000667	0.0351224	0.2700392	0.1713345	0.0000000	0.0000000
7469.9958490	7309.9868361	7309.7136426	-2.0000667	-2.0000667	0.0358517	0.2683461	0.1684779	0.0000000	0.0000000
7469.9958490	7304.9850290	7304.6092822	-2.0000667	-2.0000667	0.0606158	0.2672147	0.1669812	0.0000000	0.0000000
7469.9958490	7299.9861565	7299.9348730	-2.0000667	-2.0000667	0.0337529	0.2678666	0.1697664	0.0000000	0.0000000
7469.9958490	7294.9829595	7294.8355176	-2.0000667	-2.0000667	0.0427543	0.2687059	0.1756676	0.0000000	0.0000000
7469.9958490	7289.9859351	7289.7361621	-2.0000667	-2.0000667	0.0332714	0.2686096	0.1755306	0.0000000	0.0000000
7469.9958490	7284.9819943	7284.6368066	-2.0000667	-2.0000667	0.0358127	0.2691333	0.1759172	0.0000000	0.0000000
7469.9958490	7279.9849698	7279.9623975	-2.0000667	-2.0000667	0.0355455	0.2671606	0.1726123	0.0000000	0.0000000
7469.9958490	7274.9837989	7274.8630420	-2.0000667	-2.0000667	0.0348702	0.2681573	0.1748933	0.0000000	0.0000000
7469.9958490	7269.9840093	7269.7636865	-2.0000667	-2.0000667	0.0367162	0.2689023	0.1737629	0.0000000	0.0000000
7469.9958490	7264.9876701	7264.6888672	-2.0000667	-2.0000667	0.0300144	0.2683629	0.1763967	0.0000000	0.0000000
7469.9958490	7259.9859215	7259.6483984	-2.0000667	-2.0000667	0.0335648	0.2699539	0.1756133	0.0000000	0.0000000
7469.9958490	7254.9850358	7254.6079297	-2.0000667	-2.0000667	0.0335573	0.2687798	0.1698983	0.0000000	0.0000000
7469.9958490	7249.9873132	7249.9875000	-2.0000667	-2.0000667	0.0354976	0.2700887	0.1747766	0.0000000	0.0000000
7469.9958490	7244.9832645	7244.9470313	-2.0000667	-2.0000667	0.0333435	0.2695344	0.1785978	0.0000000	0.0000000
7469.9958490	7239.9820982	7239.9065625	-2.0000667	-2.0000667	0.0305139	0.2710988	0.1787438	0.0000000	0.0000000
7469.9958490	7234.9891235	7234.8660938	-2.0000667	-2.0000667	0.0312424	0.2720634	0.1786281	0.0000000	0.0000000
7469.9958490	7229.9901764	7229.8256250	-2.0000667	-2.0000667	0.0313827	0.2725353	0.1759290	0.0000000	0.0000000
7469.9958490	7224.9908117	7224.7851563	-2.0000667	-2.0000667	0.0331219	0.2721611	0.1794398	0.0000000	0.0000000
7469.9958490	7219.9867826	7219.8026367	-2.0000667	-2.0000667	0.0294032	0.2718911	0.1773141	0.0000000	0.0000000
7469.9958490	7214.9856444	7214.8201172	-2.0000667	-2.0000667	0.0319252	0.2712839	0.1764189	0.0000000	0.0000000
7469.9958490	7209.9867265	7209.8375977	-2.0000667	-2.0000667	0.0305044	0.2707753	0.1785004	0.0000000	0.0000000
7469.9958490	7204.9823763	7204.8550781	-2.0000667	-2.0000667	0.0325698	0.2713130	0.1759714	0.0000000	0.0000000
7469.9958490	7199.9844833	7199.8725586	-2.0000667	-2.0000667	0.0349958	0.2717096	0.1781118	0.0000000	0.0000000
7469.9958490	7194.9864212	7194.8900391	-2.0000667	-2.0000667	0.0356479	0.2711173	0.1776899	0.0000000	0.0000000
7469.9958490	7189.9844123	7189.9075195	-2.0000667	-2.0000667	0.0269980	0.2711188	0.1812872	0.0000000	0.0000000
7469.9958490	7184.9857226	7184.9250000	-2.0000667	-2.0000667	0.0228191	0.2713295	0.1815242	0.0000000	0.0000000
7469.9958490	7179.9835760	7179.9804492	-2.0000667	-2.0000667	0.0298912	0.2713936	0.1828629	0.0000000	0.0000000
7469.9958490	7174.9840016	7174.6444189	-2.0000667	-2.0000667	0.0273534	0.2713875	0.1838113	0.0000000	0.0000000
7469.9958490	7169.9879856	7169.7188525	-2.0000667	-2.0000667	0.0273257	0.2710186	0.1818368	0.0000000	0.0000000
7469.9958490	7164.9848528	7164.7932861	-2.0000667	-2.0000667	0.0263572	0.2719036	0.1795276	0.0000000	0.0000000
7469.9958490	7159.9842183	7159.8677197	-2.0000667	-2.0000667	0.0239583	0.2717935	0.1799081	0.0000000	0.0000000
7469.9958490	7154.9859714	7154.9421533	-2.0000667	-2.0000667	0.0188838	0.2721691	0.1798378	0.0000000	0.0000000
7469.9958490	7149.9845143	7149.6061230	-2.0000667	-2.0000667	0.0223669	0.2719220	0.1822856	0.0000000	0.0000000
7469.9958490	7144.9847639	7144.6805566	-2.0000667	-2.0000667	0.0206619	0.2716630	0.1828340	0.0000000	0.0000000
7469.9958490	7139.9824934	7139.7829688	-2.0000667	-2.0000667	0.0218062	0.2712698	0.1823947	0.0000000	0.0000000
7469.9958490	7134.9864797	7134.9133594	-2.0000667	-2.0000667	0.0203739	0.2716407	0.1788739	0.0000000	0.0000000
7469.9958490	7129.9863643	7129.6379492	-2.0000667	-2.0000667	0.0172041	0.2716571	0.1780967	0.0000000	0.0000000
7469.9958490	7124.9850629	7124.7683398	-2.0000667	-2.0000667	0.0196991	0.2716899	0.1781526	0.0000000	0.0000000
7469.9958490	7119.9837614	7119.8987305	-2.0000667	-2.0000667	0.0187014	0.2723306	0.1786820	0.0000000	0.0000000
7469.9958490	7114.9824600	7114.6233203	-2.0000667	-2.0000667	0.0174329	0.2724646	0.1776423	0.0000000	0.0000000
7469.9958490	7109.9882914	7109.7537109	-2.0000667	-2.0000667	0.0159058	0.2718705	0.1810917	0.0000000	0.0000000
7469.9958490	7104.9825351	7104.8841016	-2.0000667	-2.0000667	0.0117167	0.2717064	0.1770300	0.0000000	0.0000000
7469.9958490	7099.9837702	7099.6316406	-2.0000667	-2.0000667	0.0231031	0.2704998	0.1742809	0.0000000	0.0000000
7469.9958490	7094.9817088	7094.8171094	-2.0000667	-2.0000667	0.0141489	0.2702742	0.1747845	0.0000000	0.0000000
7469.9958490	7089.9836449	7089.6013672	-2.0000667	-2.0000667	0.0096383	0.2710134	0.1761171	0.0000000	0.0000000
7469.9958490	7084.9818060	7084.7868359	-2.0000667	-2.0000667	0.0115707	0.2705135	0.1763641	0.0000000	0.0000000
7469.9958490	7079.9875171	7079.9723047	-2.0000667	-2.0000667	0.0085654	0.2706193	0.1759105	0.0000000	0.0000000
7469.9958490	7074.9849890	7074.7565625	-2.0000667	-2.0000667	0.0110081	0.2673690	0.1751941	0.0000000	0.0000000
7469.9958490	7069.9846289	7069.9420313	-2.0000667	-2.0000667	0.0103085	0.2672881	0.1731532	0.0000000	0.0000000
7469.9958490	7064.9842688	7064.7262891	-2.0000667	-2.0000667	0.0093535	0.2696227	0.1761982	0.0000000	0.0000000
7469.9958490	7059.9851958	7059.9297656	-2.0000667	-2.0000667	0.0087559	0.2711821	0.1790375	0.0000000	0.0000000
7469.9958490	7054.9845719	7054.7725488	-2.0000667	-2.0000667	0.0077236	0.2705630	0.1760212	0.0000000	0.0000000
7469.9958490	7049.9839480	7049.6153320	-2.0000667	-2.0000667	0.0069045	0.2715393	0.1788652	0.0000000	0.0000000
7469.9958490	7044.9839562	7044.8548242	-2.0000667	-2.0000667	0.0070569	0.2710079	0.1747279	0.0000000	0.0000000
7469.9958490	7039.9814065	7039.6976074	-2.0000667	-2.0000667	0.0064702	0.2704528	0.1785736	0.0000000	0.0000000
7469.9958490	7034.9887891	7034.9370996	-2.0000667	-2.0000667	0.0057971	0.2711644	0.1791454	0.0000000	0.0000000
7469.9958490	7029.9865333	7029.7798828	-2.0000667	-2.0000667	0.0055160	0.2713497	0.1828319	0.0000000	0.0000000
7469.9958490	7024.9874950	7024.6226660	-2.0000667	-2.0000667	0.0045474	0.2711901	0.1794194	0.0000000	0.0000000
7469.9958490	7019.9852022	7019.8843262	-2.0000667	-2.0000667	0.0039246	0.2712587	0.1816348	0.0000000	0.0000000
7469.9958490	7014.9861162	7014.7847461	-2.0000667	-2.0000667	0.0043832	0.2704519	0.1791913	0.0000000	0.0000000
7469.9958490	7009.9855214	7009.6851660	-2.0000667	-2.0000667	0.0035990	0.2695304	0.1764630	0.0000000	0.0000000
7469.9958490	7004.9816281	7004.9778613	-2.0000667	-2.0000667	0.0063334	0.2695411	0.1793936	0.0000000	0.0000000
7469.9958490	7000.0292969	6999.8782813	-2.0000667	-2.0000667	0.0029883	0.2707251	0.1819874	0.0000000	0.0000000
