7409.9977459	7499.9984178	7499.6820801	-2.0000667	-2.0000667	0.0104302	0.2637963	0.1645148	0.0000000	7410.0000000
7409.9977459	7494.9879671	7494.7226807	-2.0000667	-2.0000667	0.0127067	0.2612391	0.1669110	0.0000000	0.0000000
7409.9977459	7489.9879164	7489.7632813	-2.0000667	-2.0000667	0.0108617	0.2642953	0.1678842	0.0000000	0.0000000
7409.9977459	7484.9878658	7484.8038818	-2.0000667	-2.0000667	0.0141228	0.2644954	0.1654528	0.0000000	0.0000000
7409.9977459	7479.9931269	7479.8981445	-2.0000667	-2.0000667	0.0133979	0.2646782	0.1651340	0.0000000	0.0000000
7409.9977459	7474.9849184	7474.9977734	-2.0000667	-2.0000667	0.0149828	0.2640548	0.1671154	0.0000000	0.0000000
7409.9977459	7469.9894082	7469.6519141	-2.0000667	-2.0000667	0.0172876	0.2647935	0.1659208	0.0000000	0.0000000
7409.9977459	7464.9852369	7464.7515430	-2.0000667	-2.0000667	0.0152305	0.2639832	0.1646898	0.0000000	0.0000000
7409.9977459	7459.9888066	7459.8511719	-2.0000667	-2.0000667	0.0136305	0.2640946	0.1661438	0.0000000	0.0000000
7409.9977459	7454.9837915	7454.9508008	-2.0000667	-2.0000667	0.0164127	0.2643994	0.1676144	0.0000000	0.0000000
7409.9977459	7449.9879936	7449.6049414	-2.0000667	-2.0000667	0.0178196	0.2632050	0.1660542	0.0000000	0.0000000
7409.9977459	7444.9852800	7444.7045703	-2.0000667	-2.0000667	0.0205437	0.2631276	0.1692987	0.0000000	0.0000000
7409.9977459	7439.9825665	7439.8041992	-2.0000667	-2.0000667	0.0195088	0.2626884	0.1707456	0.0000000	0.0000000
7409.9977459	7434.9828522	7434.9618359	-2.0000667	-2.0000667	0.0210620	0.2637643	0.1679875	0.0000000	0.0000000
7409.9977459	7429.9877688	7429.6792578	-2.0000667	-2.0000667	0.0215370	0.2642755	0.1682085	0.0000000	0.0000000
7409.9977459	7424.9840682	7424.8368945	-2.0000667	-2.0000667	0.0238969	0.2631036	0.1681082	0.0000000	0.0000000
7409.9977459	7419.9889997	7419.9945313	-2.0000667	-2.0000667	0.0255530	0.2643867	0.1644924	0.0000000	0.0000000
7409.9977459	7414.9910538	7414.7119531	-2.0000667	-2.0000667	0.0259022	0.2631410	0.1687242	0.0000000	0.0000000
7409.9977459	7409.9918034	7409.8695898	-2.0000667	-2.0000667	0.0280891	0.2635654	0.1686598	0.0000000	0.0000000
7409.9977459	7404.9855505	7404.5870117	-2.0000667	-2.0000667	0.0271007	0.2627312	0.1687557	0.0000000	0.0000000
7409.9977459	7399.9868032	7399.7446484	-2.0000667	-2.0000667	0.0287775	0.2635917	0.1678088	0.0000000	0.0000000
7409.9977459	7394.9856052	7394.9126367	-2.0000667	-2.0000667	0.0252106	0.2634772	0.1677302	0.0000000	0.0000000
7409.9977459	7389.9845657	7389.6921680	-2.0000667	-2.0000667	0.0286852	0.2635939	0.1701483	0.0000000	0.0000000
7409.9977459	7384.9891170	7384.9067383	-2.0000667	-2.0000667	0.0266768	0.2633272	0.1683268	0.0000000	0.0000000
7409.9977459	7379.9830116	7379.6862695	-2.0000667	-2.0000667	0.0259426	0.2647764	0.1686449	0.0000000	0.0000000
7409.9977459	7374.9850104	7374.9008398	-2.0000667	-2.0000667	0.0240214	0.2648536	0.1689275	0.0000000	0.0000000
7409.9977459	7369.9900567	7369.6803711	-2.0000667	-2.0000667	0.0273456	0.2643462	0.1690903	0.0000000	0.0000000
7409.9977459	7364.9814683	7364.8949414	-2.0000667	-2.0000667	0.0317172	0.2636162	0.1714702	0.0000000	0.0000000
7409.9977459	7359.9861795	7359.6744727	-2.0000667	-2.0000667	0.0281729	0.2631320	0.1736240	0.0000000	0.0000000
7409.9977459	7354.9814419	7354.8890430	-2.0000667	-2.0000667	0.0299575	0.2637192	0.1714724	0.0000000	0.0000000
7409.9977459	7349.9874287	7349.6991016	-2.0000667	-2.0000667	0.0370504	0.2646783	0.1734677	0.0000000	0.0000000
7409.9977459	7344.9860594	7344.9696387	-2.0000667	-2.0000667	0.0354784	0.2653746	0.1741830	0.0000000	0.0000000
7409.9977459	7339.9876760	7339.8102246	-2.0000667	-2.0000667	0.0355730	0.2625465	0.1713840	0.0000000	0.0000000
7409.9977459	7334.9876819	7334.6508105	-2.0000667	-2.0000667	0.0405739	0.2634935	0.1741693	0.0000000	0.0000000
7409.9977459	7329.9862695	7329.9213477	-2.0000667	-2.0000667	0.0384650	0.2647229	0.1740325	0.0000000	0.0000000
7409.9977459	7324.9878305	7324.7619336	-2.0000667	-2.0000667	0.0358224	0.2636327	0.1730261	0.0000000	0.0000000
7409.9977459	7319.9843762	7319.6025195	-2.0000667	-2.0000667	0.0349600	0.2647731	0.1736259	0.0000000	0.0000000
7409.9977459	7314.9856062	7314.8730566	-2.0000667	-2.0000667	0.0374670	0.2646648	0.1730046	0.0000000	0.0000000
7409.9977459	7309.9868361	7309.7136426	-2.0000667	-2.0000667	0.0362405	0.2647715	0.1764088	0.0000000	0.0000000
7409.9977459	7304.9907881	7304.6092822	-2.0000667	-2.0000667	0.0387145	0.2648499	0.1791532	0.0000000	0.0000000
7409.9977459	7299.9890361	7299.9348730	-2.0000667	-2.0000667	0.0342748	0.2635435	0.1767480	0.0000000	0.0000000
7409.9977459	7294.9829595	7294.8355176	-2.0000667	-2.0000667	0.0384230	0.2641775	0.1786172	0.0000000	0.0000000
7409.9977459	7289.9859351	7289.7361621	-2.0000667	-2.0000667	0.0391305	0.2643953	0.1818046	0.0000000	0.0000000
7409.9977459	7284.9854524	7284.6368066	-2.0000667	-2.0000667	0.0410886	0.2637302	0.1799031	0.0000000	0.0000000
7409.9977459	7279.9884279	7279.9623975	-2.0000667	-2.0000667	0.0393232	0.2638772	0.1817844	0.0000000	0.0000000
7409.9977459	7274.9837989	7274.8630420	-2.0000667	-2.0000667	0.0392887	0.2642911	0.1831387	0.0000000	0.0000000
7409.9977459	7269.9874598	7269.7636865	-2.0000667	-2.0000667	0.0390587	0.2638354	0.1805374	0.0000000	0.0000000
7409.9977459	7264.9876701	7264.6888672	-2.0000667	-2.0000667	0.0396217	0.2643474	0.1809313	0.0000000	0.0000000
7409.9977459	7259.9859215	7259.6483984	-2.0000667	-2.0000667	0.0378033	0.2642689	0.1811078	0.0000000	0.0000000
7409.9977459	7254.9850358	7254.6079297	-2.0000667	-2.0000667	0.0388584	0.2648353	0.1824562	0.0000000	0.0000000
7409.9977459	7249.9873132	7249.9875000	-2.0000667	-2.0000667	0.0393481	0.2642366	0.1838363	0.0000000	0.0000000
7409.9977459	7244.9864276	7244.9470313	-2.0000667	-2.0000667	0.0387366	0.2642766	0.1824269	0.0000000	0.0000000
7409.9977459	7239.9850844	7239.9065625	-2.0000667	-2.0000667	0.0397405	0.2639717	0.1808656	0.0000000	0.0000000
7409.9977459	7234.9891235	7234.8660938	-2.0000667	-2.0000667	0.0397692	0.2646531	0.1823420	0.0000000	0.0000000
7409.9977459	7229.9901764	7229.8256250	-2.0000667	-2.0000667	0.0374451	0.2611531	0.1819365	0.0000000	0.0000000
7409.9977459	7224.9908117	7224.7851563	-2.0000667	-2.0000667	0.0379641	0.2630719	0.1823378	0.0000000	0.0000000
7409.9977459	7219.9838918	7219.8026367	-2.0000667	-2.0000667	0.0397747	0.2631559	0.1808087	0.0000000	0.0000000
7409.9977459	7214.9885352	7214.8201172	-2.0000667	-2.0000667	0.0382170	0.2626432	0.1820353	0.0000000	0.0000000
7409.9977459	7209.9867265	7209.8375977	-2.0000667	-2.0000667	0.0369393	0.2645370	0.1831571	0.0000000	0.0000000
7409.9977459	7204.9856049	7204.8550781	-2.0000667	-2.0000667	0.0330905	0.2629875	0.1840033	0.0000000	0.0000000
7409.9977459	7199.9844833	7199.8725586	-2.0000667	-2.0000667	0.0347012	0.2638578	0.1827440	0.0000000	0.0000000
7409.9977459	7194.9897404	7194.8900391	-2.0000667	-2.0000667	0.0354551	0.2632877	0.1830955	0.0000000	0.0000000
7409.9977459	7189.9810932	7189.9075195	-2.0000667	-2.0000667	0.0344813	0.2633932	0.1840745	0.0000000	0.0000000
7409.9977459	7184.9857226	7184.9250000	-2.0000667	-2.0000667	0.0312877	0.2640179	0.1849663	0.0000000	0.0000000
7409.9977459	7179.9835760	7179.9804492	-2.0000667	-2.0000667	0.0301501	0.2634740	0.1831912	0.0000000	0.0000000
7409.9977459	7174.9840016	7174.6444189	-2.0000667	-2.0000667	0.0281708	0.2635787	0.1831049	0.0000000	0.0000000
7409.9977459	7169.9879856	7169.7188525	-2.0000667	-2.0000667	0.0281200	0.2640870	0.1845300	0.0000000	0.0000000
7409.9977459	7164.9884112	7164.7932861	-2.0000667	-2.0000667	0.0284216	0.2646027	0.1859181	0.0000000	0.0000000
7409.9977459	7159.9810081	7159.8677197	-2.0000667	-2.0000667	0.0257731	0.2647681	0.1852607	0.0000000	0.0000000
7409.9977459	7154.9859714	7154.9421533	-2.0000667	-2.0000667	0.0250756	0.2639952	0.1843138	0.0000000	0.0000000
7409.9977459	7149.9845143	7149.6061230	-2.0000667	-2.0000667	0.0242310	0.2635435	0.1864279	0.0000000	0.0000000
7409.9977459	7144.9847639	7144.6805566	-2.0000667	-2.0000667	0.0224487	0.2630087	0.1863663	0.0000000	0.0000000
7409.9977459	7139.9856218	7139.7829688	-2.0000667	-2.0000667	0.0220659	0.2636080	0.1872275	0.0000000	0.0000000
7409.9977459	7134.9896081	7134.9133594	-2.0000667	-2.0000667	0.0208893	0.2634614	0.1892319	0.0000000	0.0000000
7409.9977459	7129.9863643	7129.6379492	-2.0000667	-2.0000667	0.0199014	0.2630242	0.1862345	0.0000000	0.0000000
7409.9977459	7124.9850629	7124.7683398	-2.0000667	-2.0000667	0.0190391	0.2642932	0.1885231	0.0000000	0.0000000
7409.9977459	7119.9869188	7119.8987305	-2.0000667	-2.0000667	0.0162786	0.2646572	0.1922706	0.0000000	0.0000000
7409.9977459	7114.9856174	7114.6233203	-2.0000667	-2.0000667	0.0152780	0.2633511	0.1913468	0.0000000	0.0000000
7409.9977459	7109.9882914	7109.7537109	-2.0000667	-2.0000667	0.0165361	0.2642295	0.1909987	0.0000000	0.0000000
7409.9977459	7104.9860308	7104.8841016	-2.0000667	-2.0000667	0.0152316	0.2636555	0.1891218	0.0000000	0.0000000
7409.9977459	7099.9837702	7099.6316406	-2.0000667	-2.0000667	0.0133252	0.2638123	0.1879457	0.0000000	0.0000000
7409.9977459	7094.9817088	7094.8171094	-2.0000667	-2.0000667	0.0126399	0.2627994	0.1874036	0.0000000	0.0000000
7409.9977459	7089.9836449	7089.6013672	-2.0000667	-2.0000667	0.0120530	0.2633597	0.1880789	0.0000000	0.0000000
7409.9977459	7084.9855810	7084.7868359	-2.0000667	-2.0000667	0.0108621	0.2640048	0.1879315	0.0000000	0.0000000
7409.9977459	7079.9837421	7079.9723047	-2.0000667	-2.0000667	0.0118004	0.2633865	0.1865660	0.0000000	0.0000000
7409.9977459	7074.9886177	7074.7565625	-2.0000667	-2.0000667	0.0106661	0.2640630	0.1850591	0.0000000	0.0000000
7409.9977459	7069.9846289	7069.9420313	-2.0000667	-2.0000667	0.0098425	0.2623787	0.1848435	0.0000000	0.0000000
7409.9977459	7064.9842688	7064.7262891	-2.0000667	-2.0000667	0.0086378	0.2626376	0.1857275	0.0000000	0.0000000
7409.9977459	7059.9851958	7059.9297656	-2.0000667	-2.0000667	0.0079100	0.2643174	0.1884421	0.0000000	0.0000000
7409.9977459	7054.9845719	7054.7725488	-2.0000667	-2.0000667	0.0075856	0.2636577	0.1877023	0.0000000	0.0000000
7409.9977459	7049.9839480	7049.6153320	-2.0000667	-2.0000667	0.0071669	0.2643888	0.1896301	0.0000000	0.0000000
7409.9977459	7044.9839562	7044.8548242	-2.0000667	-2.0000667	0.0065100	0.2638057	0.1881384	0.0000000	0.0000000
7409.9977459	7039.9847173	7039.6976074	-2.0000667	-2.0000667	0.0061317	0.2628158	0.1877416	0.0000000	0.0000000
7409.9977459	7034.9887891	7034.9370996	-2.0000667	-2.0000667	0.0060713	0.2620735	0.1880754	0.0000000	0.0000000
7409.9977459	7029.9865333	7029.7798828	-2.0000667	-2.0000667	0.0055233	0.2630676	0.1888016	0.0000000	0.0000000
7409.9977459	7024.9842404	7024.6226660	-2.0000667	-2.0000667	0.0047372	0.2636996	0.1894124	0.0000000	0.0000000
7409.9977459	7019.9852022	7019.8843262	-2.0000667	-2.0000667	0.0042178	0.2640343	0.1925950	0.0000000	0.0000000
7409.9977459	7014.9861162	7014.7847461	-2.0000667	-2.0000667	0.0037976	0.2637986	0.1909215	0.0000000	0.0000000
7409.9977459	7009.9855214	7009.6851660	-2.0000667	-2.0000667	0.0033279	0.2636656	0.1911460	0.0000000	0.0000000
7409.9977459	7004.9816281	7004.9778613	-2.0000667	-2.0000667	0.0032750	0.2635974	0.1905693	0.0000000	0.0000000
7409.9977459	7000.0292969	6999.8782813	-2.0000667	-2.0000667	0.0028783	0.2630990	0.1902722	0.0000000	0.0000000
