7244.9944718	7500.0011376	7499.6820801	-2.0000667	-2.0000667	0.0211570	0.2615652	0.1484739	0.0000000	7245.0000000
7244.9944718	7494.9935444	7494.7226807	-2.0000667	-2.0000667	0.0245911	0.2591073	0.1525840	0.0000000	0.0000000
7244.9944718	7489.9851278	7489.7632813	-2.0000667	-2.0000667	0.0278883	0.2616448	0.1550796	0.0000000	0.0000000
7244.9944718	7484.9906544	7484.8038818	-2.0000667	-2.0000667	0.0297423	0.2607689	0.1540857	0.0000000	0.0000000
7244.9944718	7479.9905873	7479.8981445	-2.0000667	-2.0000667	0.0309944	0.2597928	0.1529709	0.0000000	0.0000000
7244.9944718	7474.9874581	7474.9977734	-2.0000667	-2.0000667	0.0331163	0.2607505	0.1551278	0.0000000	0.0000000
7244.9944718	7469.9894082	7469.6519141	-2.0000667	-2.0000667	0.0351049	0.2582809	0.1571498	0.0000000	0.0000000
7244.9944718	7464.9880985	7464.7515430	-2.0000667	-2.0000667	0.0364784	0.2587590	0.1565118	0.0000000	0.0000000
7244.9944718	7459.9859450	7459.8511719	-2.0000667	-2.0000667	0.0357482	0.2607616	0.1508650	0.0000000	0.0000000
7244.9944718	7454.9866531	7454.9508008	-2.0000667	-2.0000667	0.0382792	0.2613783	0.1544103	0.0000000	0.0000000
7244.9944718	7449.9879936	7449.6049414	-2.0000667	-2.0000667	0.0403557	0.2607708	0.1549811	0.0000000	0.0000000
7244.9944718	7444.9852800	7444.7045703	-2.0000667	-2.0000667	0.0421019	0.2608259	0.1576500	0.0000000	0.0000000
7244.9944718	7439.9825665	7439.8041992	-2.0000667	-2.0000667	0.0407303	0.2607709	0.1495588	0.0000000	0.0000000
7244.9944718	7434.9858514	7434.9618359	-2.0000667	-2.0000667	0.0486802	0.2622312	0.1589915	0.0000000	0.0000000
7244.9944718	7429.9848914	7429.6792578	-2.0000667	-2.0000667	0.0495563	0.2619697	0.1585518	0.0000000	0.0000000
7244.9944718	7424.9898229	7424.8368945	-2.0000667	-2.0000667	0.0500835	0.2620425	0.1546885	0.0000000	0.0000000
7244.9944718	7419.9832450	7419.9945313	-2.0000667	-2.0000667	0.0529446	0.2626577	0.1576564	0.0000000	0.0000000
7244.9944718	7414.9881765	7414.7119531	-2.0000667	-2.0000667	0.0554518	0.2626063	0.1598892	0.0000000	0.0000000
7244.9944718	7409.9893015	7409.8695898	-2.0000667	-2.0000667	0.0552036	0.2619000	0.1531318	0.0000000	0.0000000
7244.9944718	7404.9855505	7404.5870117	-2.0000667	-2.0000667	0.0568232	0.2626733	0.1568018	0.0000000	0.0000000
7244.9944718	7399.9868032	7399.7446484	-2.0000667	-2.0000667	0.0572426	0.2625753	0.1549928	0.0000000	0.0000000
7244.9944718	7394.9884007	7394.9126367	-2.0000667	-2.0000667	0.0637684	0.2633313	0.1583508	0.0000000	0.0000000
7244.9944718	7389.9873611	7389.6921680	-2.0000667	-2.0000667	0.0695449	0.2621023	0.1592506	0.0000000	0.0000000
7244.9944718	7384.9891170	7384.9067383	-2.0000667	-2.0000667	0.0741267	0.2620420	0.1629373	0.0000000	0.0000000
7244.9944718	7379.9860592	7379.6862695	-2.0000667	-2.0000667	0.0773041	0.2612472	0.1674016	0.0000000	0.0000000
7244.9944718	7374.9819628	7374.9008398	-2.0000667	-2.0000667	0.0833448	0.2611066	0.1690713	0.0000000	0.0000000
7244.9944718	7369.9839616	7369.6803711	-2.0000667	-2.0000667	0.0862662	0.2616715	0.1682593	0.0000000	0.0000000
7244.9944718	7364.9814683	7364.8949414	-2.0000667	-2.0000667	0.0872670	0.2589768	0.1683267	0.0000000	0.0000000
7244.9944718	7359.9861795	7359.6744727	-2.0000667	-2.0000667	0.0915367	0.2611024	0.1688595	0.0000000	0.0000000
7244.9944718	7354.9814419	7354.8890430	-2.0000667	-2.0000667	0.0933491	0.2607322	0.1692505	0.0000000	0.0000000
7244.9944718	7349.9844428	7349.6991016	-2.0000667	-2.0000667	0.0974791	0.2619182	0.1719326	0.0000000	0.0000000
7244.9944718	7344.9830735	7344.9696387	-2.0000667	-2.0000667	0.1030966	0.2619464	0.1745243	0.0000000	0.0000000
7244.9944718	7339.9846901	7339.8102246	-2.0000667	-2.0000667	0.1043627	0.2621792	0.1700847	0.0000000	0.0000000
7244.9944718	7334.9876819	7334.6508105	-2.0000667	-2.0000667	0.1108776	0.2621294	0.1732760	0.0000000	0.0000000
7244.9944718	7329.9862695	7329.9213477	-2.0000667	-2.0000667	0.1130471	0.2591390	0.1754830	0.0000000	0.0000000
7244.9944718	7324.9878305	7324.7619336	-2.0000667	-2.0000667	0.1166638	0.2605378	0.1755399	0.0000000	0.0000000
7244.9944718	7319.9843762	7319.6025195	-2.0000667	-2.0000667	0.1223453	0.2596663	0.1785879	0.0000000	0.0000000
7244.9944718	7314.9856062	7314.8730566	-2.0000667	-2.0000667	0.1231986	0.2593390	0.1800594	0.0000000	0.0000000
7244.9944718	7309.9868361	7309.7136426	-2.0000667	-2.0000667	0.1237754	0.2583041	0.1795554	0.0000000	0.0000000
7244.9944718	7304.9850290	7304.6092822	-2.0000667	-2.0000667	0.1258518	0.2582921	0.1783546	0.0000000	0.0000000
7244.9944718	7299.9861565	7299.9348730	-2.0000667	-2.0000667	0.1250250	0.2598440	0.1789464	0.0000000	0.0000000
7244.9944718	7294.9829595	7294.8355176	-2.0000667	-2.0000667	0.1220330	0.2594247	0.1716222	0.0000000	0.0000000
7244.9944718	7289.9859351	7289.7361621	-2.0000667	-2.0000667	0.1281384	0.2599244	0.1732870	0.0000000	0.0000000
7244.9944718	7284.9854524	7284.6368066	-2.0000667	-2.0000667	0.1318685	0.2592745	0.1753469	0.0000000	0.0000000
7244.9944718	7279.9884279	7279.9623975	-2.0000667	-2.0000667	0.1312452	0.2590077	0.1758208	0.0000000	0.0000000
7244.9944718	7274.9872494	7274.8630420	-2.0000667	-2.0000667	0.1358540	0.2598846	0.1801174	0.0000000	0.0000000
7244.9944718	7269.9840093	7269.7636865	-2.0000667	-2.0000667	0.1372920	0.2607559	0.1784963	0.0000000	0.0000000
7244.9944718	7264.9876701	7264.6888672	-2.0000667	-2.0000667	0.1416400	0.2603894	0.1803156	0.0000000	0.0000000
7244.9944718	7259.9859215	7259.6483984	-2.0000667	-2.0000667	0.1448585	0.2602992	0.1820031	0.0000000	0.0000000
7244.9944718	7254.9818727	7254.6079297	-2.0000667	-2.0000667	0.1482640	0.2595469	0.1811918	0.0000000	0.0000000
7244.9944718	7249.9873132	7249.9875000	-2.0000667	-2.0000667	0.1490660	0.2592263	0.1773909	0.0000000	0.0000000
7244.9944718	7244.9832645	7244.9470313	-2.0000667	-2.0000667	0.1463990	0.2609543	0.1734412	0.0000000	0.0000000
7244.9944718	7239.9850844	7239.9065625	-2.0000667	-2.0000667	0.1488668	0.2609359	0.1766663	0.0000000	0.0000000
7244.9944718	7234.9891235	7234.8660938	-2.0000667	-2.0000667	0.1464192	0.2600758	0.1732471	0.0000000	0.0000000
7244.9944718	7229.9871902	7229.8256250	-2.0000667	-2.0000667	0.1475389	0.2586076	0.1771885	0.0000000	0.0000000
7244.9944718	7224.9908117	7224.7851563	-2.0000667	-2.0000667	0.1501846	0.2591968	0.1806399	0.0000000	0.0000000
7244.9944718	7219.9867826	7219.8026367	-2.0000667	-2.0000667	0.1504297	0.2614966	0.1714911	0.0000000	0.0000000
7244.9944718	7214.9885352	7214.8201172	-2.0000667	-2.0000667	0.1530050	0.2611334	0.1758936	0.0000000	0.0000000
7244.9944718	7209.9867265	7209.8375977	-2.0000667	-2.0000667	0.1556388	0.2600717	0.1815646	0.0000000	0.0000000
7244.9944718	7204.9856049	7204.8550781	-2.0000667	-2.0000667	0.1552101	0.2596879	0.1820420	0.0000000	0.0000000
7244.9944718	7199.9844833	7199.8725586	-2.0000667	-2.0000667	0.1532710	0.2591478	0.1767743	0.0000000	0.0000000
7244.9944718	7194.9831021	7194.8900391	-2.0000667	-2.0000667	0.1538519	0.2599135	0.1780519	0.0000000	0.0000000
7244.9944718	7189.9810932	7189.9075195	-2.0000667	-2.0000667	0.1510441	0.2603003	0.1753807	0.0000000	0.0000000
7244.9944718	7184.9857226	7184.9250000	-2.0000667	-2.0000667	0.1489873	0.2624344	0.1753735	0.0000000	0.0000000
7244.9944718	7179.9871345	7179.9804492	-2.0000667	-2.0000667	0.1454164	0.2613647	0.1767887	0.0000000	0.0000000
7244.9944718	7174.9804432	7174.6444189	-2.0000667	-2.0000667	0.1465006	0.2607524	0.1772465	0.0000000	0.0000000
7244.9944718	7169.9844272	7169.7188525	-2.0000667	-2.0000667	0.1484147	0.2606141	0.1801298	0.0000000	0.0000000
7244.9944718	7164.9884112	7164.7932861	-2.0000667	-2.0000667	0.1476656	0.2595338	0.1828654	0.0000000	0.0000000
7244.9944718	7159.9842183	7159.8677197	-2.0000667	-2.0000667	0.1471929	0.2594202	0.1829381	0.0000000	0.0000000
7244.9944718	7154.9859714	7154.9421533	-2.0000667	-2.0000667	0.1445994	0.2589574	0.1855957	0.0000000	0.0000000
7244.9944718	7149.9845143	7149.6061230	-2.0000667	-2.0000667	0.1428845	0.2613074	0.1852106	0.0000000	0.0000000
7244.9944718	7144.9816355	7144.6805566	-2.0000667	-2.0000667	0.1407915	0.2605073	0.1776089	0.0000000	0.0000000
7244.9944718	7139.9824934	7139.7829688	-2.0000667	-2.0000667	0.1388781	0.2593094	0.1769686	0.0000000	0.0000000
7244.9944718	7134.9864797	7134.9133594	-2.0000667	-2.0000667	0.1370388	0.2602252	0.1776161	0.0000000	0.0000000
7244.9944718	7129.9832069	7129.6379492	-2.0000667	-2.0000667	0.1368370	0.2601644	0.1785127	0.0000000	0.0000000
7244.9944718	7124.9850629	7124.7683398	-2.0000667	-2.0000667	0.1339119	0.2607081	0.1780082	0.0000000	0.0000000
7244.9944718	7119.9869188	7119.8987305	-2.0000667	-2.0000667	0.1293228	0.2619089	0.1767522	0.0000000	0.0000000
7244.9944718	7114.9856174	7114.6233203	-2.0000667	-2.0000667	0.1274037	0.2610687	0.1758715	0.0000000	0.0000000
7244.9944718	7109.9882914	7109.7537109	-2.0000667	-2.0000667	0.1262220	0.2611321	0.1781683	0.0000000	0.0000000
7244.9944718	7104.9825351	7104.8841016	-2.0000667	-2.0000667	0.1219814	0.2614518	0.1775109	0.0000000	0.0000000
7244.9944718	7099.9837702	7099.6316406	-2.0000667	-2.0000667	0.1207264	0.2616316	0.1766936	0.0000000	0.0000000
7244.9944718	7094.9817088	7094.8171094	-2.0000667	-2.0000667	0.1126935	0.2617281	0.1803607	0.0000000	0.0000000
7244.9944718	7089.9836449	7089.6013672	-2.0000667	-2.0000667	0.1095120	0.2610396	0.1793496	0.0000000	0.0000000
7244.9944718	7084.9855810	7084.7868359	-2.0000667	-2.0000667	0.1046212	0.2599413	0.1811196	0.0000000	0.0000000
7244.9944718	7079.9875171	7079.9723047	-2.0000667	-2.0000667	0.1044993	0.2597587	0.1745852	0.0000000	0.0000000
7244.9944718	7074.9849890	7074.7565625	-2.0000667	-2.0000667	0.1002681	0.2599148	0.1733453	0.0000000	0.0000000
7244.9944718	7069.9846289	7069.9420313	-2.0000667	-2.0000667	0.0983730	0.2609086	0.1669072	0.0000000	0.0000000
7244.9944718	7064.9842688	7064.7262891	-2.0000667	-2.0000667	0.0950563	0.2606771	0.1709928	0.0000000	0.0000000
7244.9944718	7059.9884642	7059.9297656	-2.0000667	-2.0000667	0.0920948	0.2612794	0.1676827	0.0000000	0.0000000
7244.9944718	7054.9845719	7054.7725488	-2.0000667	-2.0000667	0.0884855	0.2617883	0.1672013	0.0000000	0.0000000
7244.9944718	7049.9839480	7049.6153320	-2.0000667	-2.0000667	0.0894004	0.2613792	0.1670745	0.0000000	0.0000000
7244.9944718	7044.9806454	7044.8548242	-2.0000667	-2.0000667	0.0830310	0.2603480	0.1680935	0.0000000	0.0000000
7244.9944718	7039.9814065	7039.6976074	-2.0000667	-2.0000667	0.0802068	0.2588622	0.1728129	0.0000000	0.0000000
7244.9944718	7034.9887891	7034.9370996	-2.0000667	-2.0000667	0.0737909	0.2579658	0.1768351	0.0000000	0.0000000
7244.9944718	7029.9865333	7029.7798828	-2.0000667	-2.0000667	0.0692327	0.2569939	0.1778510	0.0000000	0.0000000
7244.9944718	7024.9842404	7024.6226660	-2.0000667	-2.0000667	0.0677943	0.2579360	0.1746241	0.0000000	0.0000000
7244.9944718	7019.9852022	7019.8843262	-2.0000667	-2.0000667	0.0652834	0.2600764	0.1738951	0.0000000	0.0000000
7244.9944718	7014.9861162	7014.7847461	-2.0000667	-2.0000667	0.0627061	0.2606978	0.1736177	0.0000000	0.0000000
7244.9944718	7009.9855214	7009.6851660	-2.0000667	-2.0000667	0.0606604	0.2619965	0.1696519	0.0000000	0.0000000
7244.9944718	7004.9816281	7004.9778613	-2.0000667	-2.0000667	0.0614648	0.2623103	0.1669333	0.0000000	0.0000000
7244.9944718	7000.0292969	6999.8782813	-2.0000667	-2.0000667	0.0540107	0.2607372	0.1715701	0.0000000	0.0000000
