7009.9968194	7499.9984178	7499.6820801	-2.0000667	-2.0000667	0.0005132	0.2981240	0.1384731	0.0000000	7010.0000000
7009.9968194	7494.9851784	7494.7226807	-2.0000667	-2.0000667	0.0004906	0.2990496	0.1392482	0.0000000	0.0000000
7009.9968194	7489.9851278	7489.7632813	-2.0000667	-2.0000667	0.0006381	0.2988551	0.1384556	0.0000000	0.0000000
7009.9968194	7484.9906544	7484.8038818	-2.0000667	-2.0000667	0.0007194	0.2988199	0.1378853	0.0000000	0.0000000
7009.9968194	7479.9880476	7479.8981445	-2.0000667	-2.0000667	0.0003757	0.2992709	0.1183766	0.0000000	0.0000000
7009.9968194	7474.9849184	7474.9977734	-2.0000667	-2.0000667	0.0007458	0.3028121	0.1337260	0.0000000	0.0000000
7009.9968194	7469.9919479	7469.6519141	-2.0000667	-2.0000667	0.0008430	0.2994659	0.1337468	0.0000000	0.0000000
7009.9968194	7464.9852369	7464.7515430	-2.0000667	-2.0000667	0.0009006	0.2999890	0.1334764	0.0000000	0.0000000
7009.9968194	7460.0260080	7459.8511719	-2.0000667	-2.0000667	0.0010055	0.2990880	0.1366238	0.0000000	0.0000000
7009.9968194	7454.9837915	7454.9508008	-2.0000667	-2.0000667	0.0013455	0.3001039	0.1401812	0.0000000	0.0000000
7009.9968194	7450.0299828	7449.6049414	-2.0000667	-2.0000667	0.0015967	0.2998746	0.1406354	0.0000000	0.0000000
7009.9968194	7445.0242700	7444.7045703	-2.0000667	-2.0000667	0.0008573	0.2986960	0.1344707	0.0000000	0.0000000
7009.9968194	7439.9825665	7439.8041992	-2.0000667	-2.0000667	0.0012610	0.2979229	0.1384829	0.0000000	0.0000000
7009.9968194	7435.0248414	7434.9618359	-2.0000667	-2.0000667	0.0013851	0.2998225	0.1403412	0.0000000	0.0000000
7009.9968194	7430.0251742	7429.6792578	-2.0000667	-2.0000667	0.0023130	0.2985033	0.1440472	0.0000000	0.0000000
7009.9968194	7424.9840682	7424.8368945	-2.0000667	-2.0000667	0.0024293	0.2989908	0.1464813	0.0000000	0.0000000
7009.9968194	7419.9889997	7419.9945313	-2.0000667	-2.0000667	0.0020631	0.3019369	0.1357826	0.0000000	0.0000000
7009.9968194	7414.9852991	7414.7119531	-2.0000667	-2.0000667	0.0026935	0.2978176	0.1440764	0.0000000	0.0000000
7009.9968194	7409.9893015	7409.8695898	-2.0000667	-2.0000667	0.0030177	0.2964481	0.1422411	0.0000000	0.0000000
7009.9968194	7404.9855505	7404.5870117	-2.0000667	-2.0000667	0.0037628	0.2987911	0.1405514	0.0000000	0.0000000
7009.9968194	7399.9868032	7399.7446484	-2.0000667	-2.0000667	0.0033120	0.2988256	0.1400725	0.0000000	0.0000000
7009.9968194	7394.9856052	7394.9126367	-2.0000667	-2.0000667	0.0032830	0.3010234	0.1413903	0.0000000	0.0000000
7009.9968194	7389.9845657	7389.6921680	-2.0000667	-2.0000667	0.0051835	0.3002527	0.1471748	0.0000000	0.0000000
7009.9968194	7384.9891170	7384.9067383	-2.0000667	-2.0000667	0.0052784	0.3004927	0.1442104	0.0000000	0.0000000
7009.9968194	7380.0287250	7379.6862695	-2.0000667	-2.0000667	0.0058854	0.2991763	0.1418623	0.0000000	0.0000000
7009.9968194	7375.0246287	7374.9008398	-2.0000667	-2.0000667	0.0051151	0.3003136	0.1379924	0.0000000	0.0000000
7009.9968194	7370.0205324	7369.6803711	-2.0000667	-2.0000667	0.0074126	0.2990289	0.1453925	0.0000000	0.0000000
7009.9968194	7365.0255629	7364.8949414	-2.0000667	-2.0000667	0.0073015	0.2995255	0.1435815	0.0000000	0.0000000
7009.9968194	7360.0208252	7359.6744727	-2.0000667	-2.0000667	0.0087289	0.3000415	0.1445707	0.0000000	0.0000000
7009.9968194	7355.0129380	7354.8890430	-2.0000667	-2.0000667	0.0087609	0.3015767	0.1411444	0.0000000	0.0000000
7009.9968194	7350.0172876	7349.6991016	-2.0000667	-2.0000667	0.0112279	0.3006118	0.1446830	0.0000000	0.0000000
7009.9968194	7345.0278619	7344.9696387	-2.0000667	-2.0000667	0.0116121	0.3005204	0.1424515	0.0000000	0.0000000
7009.9968194	7340.0354503	7339.8102246	-2.0000667	-2.0000667	0.0140408	0.2999606	0.1448892	0.0000000	0.0000000
7009.9968194	7335.0263373	7334.6508105	-2.0000667	-2.0000667	0.0147728	0.3005763	0.1353345	0.0000000	0.0000000
7009.9968194	7330.0308718	7329.9213477	-2.0000667	-2.0000667	0.0153398	0.3020032	0.1417397	0.0000000	0.0000000
7009.9968194	7325.0264859	7324.7619336	-2.0000667	-2.0000667	0.0120642	0.3006814	0.1350692	0.0000000	0.0000000
7009.9968194	7320.0260326	7319.6025195	-2.0000667	-2.0000667	0.0132357	0.3018381	0.1340554	0.0000000	0.0000000
7009.9968194	7314.9856062	7314.8730566	-2.0000667	-2.0000667	0.0180969	0.3036328	0.1377208	0.0000000	0.0000000
7009.9968194	7309.9868361	7309.7136426	-2.0000667	-2.0000667	0.0207810	0.3027832	0.1389722	0.0000000	0.0000000
7009.9968194	7304.9850290	7304.6092822	-2.0000667	-2.0000667	0.0234724	0.3007992	0.1424219	0.0000000	0.0000000
7009.9968194	7299.9861565	7299.9348730	-2.0000667	-2.0000667	0.0215895	0.3013301	0.1408308	0.0000000	0.0000000
7009.9968194	7294.9829595	7294.8355176	-2.0000667	-2.0000667	0.0243364	0.2986188	0.1444846	0.0000000	0.0000000
7009.9968194	7289.9963095	7289.7361621	-2.0000667	-2.0000667	0.0312391	0.3019640	0.1474059	0.0000000	0.0000000
7009.9968194	7284.9889106	7284.6368066	-2.0000667	-2.0000667	0.0349794	0.2975344	0.1509641	0.0000000	0.0000000
7009.9968194	7279.9849698	7279.9623975	-2.0000667	-2.0000667	0.0383658	0.3003868	0.1512252	0.0000000	0.0000000
7009.9968194	7274.9976010	7274.8630420	-2.0000667	-2.0000667	0.0386514	0.3002719	0.1484677	0.0000000	0.0000000
7009.9968194	7269.9840093	7269.7636865	-2.0000667	-2.0000667	0.0374617	0.2986174	0.1464117	0.0000000	0.0000000
7009.9968194	7265.0014721	7264.6888672	-2.0000667	-2.0000667	0.0457135	0.2987435	0.1521207	0.0000000	0.0000000
7009.9968194	7260.0017370	7259.6483984	-2.0000667	-2.0000667	0.0523767	0.2968650	0.1517617	0.0000000	0.0000000
7009.9968194	7255.0198301	7254.6079297	-2.0000667	-2.0000667	0.0595817	0.2967019	0.1561414	0.0000000	0.0000000
7009.9968194	7250.0189444	7249.9875000	-2.0000667	-2.0000667	0.0679725	0.3001663	0.1517753	0.0000000	0.0000000
7009.9968194	7245.0212218	7244.9470313	-2.0000667	-2.0000667	0.0619821	0.3027703	0.1464165	0.0000000	0.0000000
7009.9968194	7240.0239054	7239.9065625	-2.0000667	-2.0000667	0.0545308	0.3014087	0.1410402	0.0000000	0.0000000
7009.9968194	7235.0219721	7234.8660938	-2.0000667	-2.0000667	0.0623647	0.3011118	0.1470250	0.0000000	0.0000000
7009.9968194	7230.0319836	7229.8256250	-2.0000667	-2.0000667	0.0568220	0.3020179	0.1424758	0.0000000	0.0000000
7009.9968194	7224.9908117	7224.7851563	-2.0000667	-2.0000667	0.0537319	0.3009404	0.1414899	0.0000000	0.0000000
7009.9968194	7219.9838918	7219.8026367	-2.0000667	-2.0000667	0.0593940	0.3014048	0.1431954	0.0000000	0.0000000
7009.9968194	7214.9827535	7214.8201172	-2.0000667	-2.0000667	0.0583027	0.3013779	0.1446091	0.0000000	0.0000000
7009.9968194	7210.0125554	7209.8375977	-2.0000667	-2.0000667	0.0651125	0.3013180	0.1456798	0.0000000	0.0000000
7009.9968194	7205.0082052	7204.8550781	-2.0000667	-2.0000667	0.0807695	0.3002863	0.1537131	0.0000000	0.0000000
7009.9968194	7200.0038550	7199.8725586	-2.0000667	-2.0000667	0.0827908	0.3003076	0.1465242	0.0000000	0.0000000
7009.9968194	7195.0030172	7194.8900391	-2.0000667	-2.0000667	0.0794995	0.2972107	0.1481097	0.0000000	0.0000000
7009.9968194	7189.9943699	7189.9075195	-2.0000667	-2.0000667	0.0761063	0.2985211	0.1466052	0.0000000	0.0000000
7009.9968194	7185.0056377	7184.9250000	-2.0000667	-2.0000667	0.0655656	0.3010569	0.1403625	0.0000000	0.0000000
7009.9968194	7179.9978097	7179.9804492	-2.0000667	-2.0000667	0.0710110	0.3018179	0.1433621	0.0000000	0.0000000
7009.9968194	7174.9804432	7174.6444189	-2.0000667	-2.0000667	0.0913566	0.3020499	0.1494408	0.0000000	0.0000000
7009.9968194	7169.9844272	7169.7188525	-2.0000667	-2.0000667	0.0878010	0.3016777	0.1436812	0.0000000	0.0000000
7009.9968194	7164.9812944	7164.7932861	-2.0000667	-2.0000667	0.1000027	0.3015043	0.1445062	0.0000000	0.0000000
7009.9968194	7160.0002692	7159.8677197	-2.0000667	-2.0000667	0.1086467	0.2992197	0.1475038	0.0000000	0.0000000
7009.9968194	7155.0148630	7154.9421533	-2.0000667	-2.0000667	0.1128120	0.3008169	0.1483585	0.0000000	0.0000000
7009.9968194	7150.0069856	7149.6061230	-2.0000667	-2.0000667	0.1313456	0.3025071	0.1477344	0.0000000	0.0000000
7009.9968194	7145.0097909	7144.6805566	-2.0000667	-2.0000667	0.1453630	0.2973639	0.1515591	0.0000000	0.0000000
7009.9968194	7140.0262906	7139.7829688	-2.0000667	-2.0000667	0.1364736	0.2981907	0.1468422	0.0000000	0.0000000
7009.9968194	7135.0302769	7134.9133594	-2.0000667	-2.0000667	0.1464305	0.3013828	0.1536556	0.0000000	0.0000000
7009.9968194	7130.0274103	7129.6379492	-2.0000667	-2.0000667	0.1640118	0.2991769	0.1528563	0.0000000	0.0000000
7009.9968194	7125.0134793	7124.7683398	-2.0000667	-2.0000667	0.1698472	0.3003480	0.1539180	0.0000000	0.0000000
7009.9968194	7120.0090205	7119.8987305	-2.0000667	-2.0000667	0.1744716	0.3003027	0.1502653	0.0000000	0.0000000
7009.9968194	7115.0203486	7114.6233203	-2.0000667	-2.0000667	0.1714923	0.2999088	0.1502783	0.0000000	0.0000000
7009.9968194	7109.9847957	7109.7537109	-2.0000667	-2.0000667	0.1847604	0.3023665	0.1481649	0.0000000	0.0000000
7009.9968194	7104.9825351	7104.8841016	-2.0000667	-2.0000667	0.2173342	0.3008900	0.1559772	0.0000000	0.0000000
7009.9968194	7099.9837702	7099.6316406	-2.0000667	-2.0000667	0.2248262	0.3028418	0.1554877	0.0000000	0.0000000
7009.9968194	7094.9779338	7094.8171094	-2.0000667	-2.0000667	0.2093470	0.2997444	0.1526879	0.0000000	0.0000000
7009.9968194	7089.9798699	7089.6013672	-2.0000667	-2.0000667	0.2185637	0.2991543	0.1572083	0.0000000	0.0000000
7009.9968194	7084.9818060	7084.7868359	-2.0000667	-2.0000667	0.2308718	0.2991349	0.1594069	0.0000000	0.0000000
7009.9968194	7079.9799671	7079.9723047	-2.0000667	-2.0000667	0.1857545	0.3017679	0.1458704	0.0000000	0.0000000
7009.9968194	7074.9849890	7074.7565625	-2.0000667	-2.0000667	0.1514900	0.3003290	0.1390858	0.0000000	0.0000000
7009.9968194	7069.9846289	7069.9420313	-2.0000667	-2.0000667	0.1606865	0.3012556	0.1413982	0.0000000	0.0000000
7009.9968194	7064.9806401	7064.7262891	-2.0000667	-2.0000667	0.2040085	0.3025874	0.1474353	0.0000000	0.0000000
7009.9968194	7059.9884642	7059.9297656	-2.0000667	-2.0000667	0.2059619	0.3021836	0.1486539	0.0000000	0.0000000
7009.9968194	7055.0009138	7054.7725488	-2.0000667	-2.0000667	0.2248160	0.3001215	0.1533246	0.0000000	0.0000000
7009.9968194	7050.0035583	7049.6153320	-2.0000667	-2.0000667	0.2505636	0.2989000	0.1603009	0.0000000	0.0000000
7009.9968194	7045.0104422	7044.8548242	-2.0000667	-2.0000667	0.2399142	0.3004343	0.1577358	0.0000000	0.0000000
7009.9968194	7039.9814065	7039.6976074	-2.0000667	-2.0000667	0.2525560	0.3018864	0.1538126	0.0000000	0.0000000
7009.9968194	7034.9854783	7034.9370996	-2.0000667	-2.0000667	0.2499204	0.2993248	0.1591025	0.0000000	0.0000000
7009.9968194	7029.9865333	7029.7798828	-2.0000667	-2.0000667	0.2876826	0.2994198	0.1613265	0.0000000	0.0000000
7009.9968194	7024.9842404	7024.6226660	-2.0000667	-2.0000667	0.3025258	0.3028190	0.1650757	0.0000000	0.0000000
7009.9968194	7019.9852022	7019.8843262	-2.0000667	-2.0000667	0.2460424	0.3020162	0.1578293	0.0000000	0.0000000
7009.9968194	7014.9861162	7014.7847461	-2.0000667	-2.0000667	0.2503956	0.2983135	0.1596147	0.0000000	0.0000000
7009.9968194	7009.9822229	7009.6851660	-2.0000667	-2.0000667	0.2283112	0.2995339	0.1543506	0.0000000	0.0000000
7009.9968194	7004.9816281	7004.9778613	-2.0000667	-2.0000667	0.1953007	0.2988499	0.1513610	0.0000000	0.0000000
7009.9968194	7000.0292969	6999.8782813	-2.0000667	-2.0000667	0.2000457	0.2992328	0.1551151	0.0000000	0.0000000
