7044.9996582	7499.9984178	7499.6820801	-2.0000667	-2.0000667	0.0012592	0.2969189	0.1455460	0.0000000	7045.0000000
7044.9996582	7494.9907557	7494.7226807	-2.0000667	-2.0000667	0.0008944	0.2973081	0.1306002	0.0000000	0.0000000
7044.9996582	7489.9851278	7489.7632813	-2.0000667	-2.0000667	0.0014381	0.2978772	0.1335476	0.0000000	0.0000000
7044.9996582	7484.9906544	7484.8038818	-2.0000667	-2.0000667	0.0010486	0.2955079	0.1370690	0.0000000	0.0000000
7044.9996582	7479.9880476	7479.8981445	-2.0000667	-2.0000667	0.0012350	0.2979733	0.1303269	0.0000000	0.0000000
7044.9996582	7474.9874581	7474.9977734	-2.0000667	-2.0000667	0.0013064	0.2964734	0.1367468	0.0000000	0.0000000
7044.9996582	7469.9894082	7469.6519141	-2.0000667	-2.0000667	0.0012209	0.2985416	0.1293359	0.0000000	0.0000000
7044.9996582	7464.9852369	7464.7515430	-2.0000667	-2.0000667	0.0013536	0.2990171	0.1270081	0.0000000	0.0000000
7044.9996582	7459.9802217	7459.8511719	-2.0000667	-2.0000667	0.0020729	0.2967804	0.1388224	0.0000000	0.0000000
7044.9996582	7454.9866531	7454.9508008	-2.0000667	-2.0000667	0.0031145	0.2957334	0.1439874	0.0000000	0.0000000
7044.9996582	7449.9849944	7449.6049414	-2.0000667	-2.0000667	0.0035266	0.2969152	0.1446927	0.0000000	0.0000000
7044.9996582	7444.9852800	7444.7045703	-2.0000667	-2.0000667	0.0023904	0.3006862	0.1380979	0.0000000	0.0000000
7044.9996582	7439.9825665	7439.8041992	-2.0000667	-2.0000667	0.0014446	0.2984072	0.1257585	0.0000000	0.0000000
7044.9996582	7434.9828522	7434.9618359	-2.0000667	-2.0000667	0.0025591	0.2980779	0.1334932	0.0000000	0.0000000
7044.9996582	7429.9877688	7429.6792578	-2.0000667	-2.0000667	0.0035579	0.2952234	0.1388038	0.0000000	0.0000000
7044.9996582	7424.9840682	7424.8368945	-2.0000667	-2.0000667	0.0035442	0.2964022	0.1338192	0.0000000	0.0000000
7044.9996582	7419.9803677	7419.9945313	-2.0000667	-2.0000667	0.0023983	0.3009335	0.1204041	0.0000000	0.0000000
7044.9996582	7414.9852991	7414.7119531	-2.0000667	-2.0000667	0.0040492	0.2990886	0.1281531	0.0000000	0.0000000
7044.9996582	7409.9893015	7409.8695898	-2.0000667	-2.0000667	0.0046984	0.2971436	0.1286418	0.0000000	0.0000000
7044.9996582	7404.9855505	7404.5870117	-2.0000667	-2.0000667	0.0024904	0.3020135	0.1131613	0.0000000	0.0000000
7044.9996582	7399.9868032	7399.7446484	-2.0000667	-2.0000667	0.0053195	0.2991011	0.1246523	0.0000000	0.0000000
7044.9996582	7394.9856052	7394.9126367	-2.0000667	-2.0000667	0.0069716	0.2982612	0.1408939	0.0000000	0.0000000
7044.9996582	7389.9873611	7389.6921680	-2.0000667	-2.0000667	0.0079746	0.3005886	0.1392268	0.0000000	0.0000000
7044.9996582	7384.9891170	7384.9067383	-2.0000667	-2.0000667	0.0099777	0.2962322	0.1377947	0.0000000	0.0000000
7044.9996582	7379.9860592	7379.6862695	-2.0000667	-2.0000667	0.0139541	0.2976989	0.1380038	0.0000000	0.0000000
7044.9996582	7374.9819628	7374.9008398	-2.0000667	-2.0000667	0.0106047	0.2989583	0.1347007	0.0000000	0.0000000
7044.9996582	7369.9839616	7369.6803711	-2.0000667	-2.0000667	0.0156547	0.3002332	0.1399777	0.0000000	0.0000000
7044.9996582	7364.9846179	7364.8949414	-2.0000667	-2.0000667	0.0181747	0.2964238	0.1477214	0.0000000	0.0000000
7044.9996582	7359.9861795	7359.6744727	-2.0000667	-2.0000667	0.0213209	0.2961362	0.1488293	0.0000000	0.0000000
7044.9996582	7354.9814419	7354.8890430	-2.0000667	-2.0000667	0.0186475	0.2971150	0.1417670	0.0000000	0.0000000
7044.9996582	7349.9844428	7349.6991016	-2.0000667	-2.0000667	0.0156648	0.2961268	0.1348427	0.0000000	0.0000000
7044.9996582	7344.9830735	7344.9696387	-2.0000667	-2.0000667	0.0208522	0.2950491	0.1393181	0.0000000	0.0000000
7044.9996582	7339.9876760	7339.8102246	-2.0000667	-2.0000667	0.0249979	0.2954514	0.1392125	0.0000000	0.0000000
7044.9996582	7334.9876819	7334.6508105	-2.0000667	-2.0000667	0.0290585	0.2951400	0.1440829	0.0000000	0.0000000
7044.9996582	7329.9862695	7329.9213477	-2.0000667	-2.0000667	0.0251248	0.2980355	0.1369286	0.0000000	0.0000000
7044.9996582	7324.9878305	7324.7619336	-2.0000667	-2.0000667	0.0279962	0.2968009	0.1381359	0.0000000	0.0000000
7044.9996582	7319.9843762	7319.6025195	-2.0000667	-2.0000667	0.0269718	0.2992511	0.1348623	0.0000000	0.0000000
7044.9996582	7314.9883833	7314.8730566	-2.0000667	-2.0000667	0.0294462	0.2979082	0.1344740	0.0000000	0.0000000
7044.9996582	7309.9868361	7309.7136426	-2.0000667	-2.0000667	0.0332596	0.2965973	0.1414446	0.0000000	0.0000000
7044.9996582	7304.9850290	7304.6092822	-2.0000667	-2.0000667	0.0434092	0.2970233	0.1461390	0.0000000	0.0000000
7044.9996582	7299.9861565	7299.9348730	-2.0000667	-2.0000667	0.0414028	0.2988711	0.1453175	0.0000000	0.0000000
7044.9996582	7294.9795014	7294.8355176	-2.0000667	-2.0000667	0.0426550	0.2984572	0.1392264	0.0000000	0.0000000
7044.9996582	7289.9824769	7289.7361621	-2.0000667	-2.0000667	0.0557185	0.2960814	0.1478812	0.0000000	0.0000000
7044.9996582	7284.9854524	7284.6368066	-2.0000667	-2.0000667	0.0529174	0.2994016	0.1417257	0.0000000	0.0000000
7044.9996582	7279.9884279	7279.9623975	-2.0000667	-2.0000667	0.0461763	0.2992295	0.1373674	0.0000000	0.0000000
7044.9996582	7274.9837989	7274.8630420	-2.0000667	-2.0000667	0.0449125	0.2970479	0.1334175	0.0000000	0.0000000
7044.9996582	7269.9840093	7269.7636865	-2.0000667	-2.0000667	0.0431349	0.2983285	0.1332118	0.0000000	0.0000000
7044.9996582	7264.9876701	7264.6888672	-2.0000667	-2.0000667	0.0524529	0.2961299	0.1407013	0.0000000	0.0000000
7044.9996582	7259.9859215	7259.6483984	-2.0000667	-2.0000667	0.0729863	0.2998271	0.1441128	0.0000000	0.0000000
7044.9996582	7254.9818727	7254.6079297	-2.0000667	-2.0000667	0.0670787	0.2981770	0.1365277	0.0000000	0.0000000
7044.9996582	7249.9841501	7249.9875000	-2.0000667	-2.0000667	0.0784180	0.2982297	0.1443335	0.0000000	0.0000000
7044.9996582	7244.9832645	7244.9470313	-2.0000667	-2.0000667	0.0737108	0.2999100	0.1371847	0.0000000	0.0000000
7044.9996582	7239.9820982	7239.9065625	-2.0000667	-2.0000667	0.0848546	0.2976553	0.1441146	0.0000000	0.0000000
7044.9996582	7234.9861373	7234.8660938	-2.0000667	-2.0000667	0.0774933	0.2975143	0.1382252	0.0000000	0.0000000
7044.9996582	7229.9842040	7229.8256250	-2.0000667	-2.0000667	0.0727499	0.2953821	0.1372762	0.0000000	0.0000000
7044.9996582	7224.9908117	7224.7851563	-2.0000667	-2.0000667	0.0822417	0.2986177	0.1390300	0.0000000	0.0000000
7044.9996582	7219.9838918	7219.8026367	-2.0000667	-2.0000667	0.0892167	0.3000308	0.1369064	0.0000000	0.0000000
7044.9996582	7214.9856444	7214.8201172	-2.0000667	-2.0000667	0.0911387	0.2991195	0.1436711	0.0000000	0.0000000
7044.9996582	7209.9867265	7209.8375977	-2.0000667	-2.0000667	0.1073156	0.2959202	0.1461792	0.0000000	0.0000000
7044.9996582	7204.9856049	7204.8550781	-2.0000667	-2.0000667	0.1228925	0.2969158	0.1483446	0.0000000	0.0000000
7044.9996582	7199.9844833	7199.8725586	-2.0000667	-2.0000667	0.1045237	0.2982463	0.1404208	0.0000000	0.0000000
7044.9996582	7194.9831021	7194.8900391	-2.0000667	-2.0000667	0.1016377	0.2978787	0.1360676	0.0000000	0.0000000
7044.9996582	7189.9810932	7189.9075195	-2.0000667	-2.0000667	0.1211874	0.2995635	0.1429708	0.0000000	0.0000000
7044.9996582	7184.9857226	7184.9250000	-2.0000667	-2.0000667	0.1159764	0.2937145	0.1470568	0.0000000	0.0000000
7044.9996582	7179.9835760	7179.9804492	-2.0000667	-2.0000667	0.1142008	0.2974106	0.1445139	0.0000000	0.0000000
7044.9996582	7174.9840016	7174.6444189	-2.0000667	-2.0000667	0.1201777	0.2990396	0.1424344	0.0000000	0.0000000
7044.9996582	7169.9844272	7169.7188525	-2.0000667	-2.0000667	0.1428335	0.2949822	0.1513502	0.0000000	0.0000000
7044.9996582	7164.9848528	7164.7932861	-2.0000667	-2.0000667	0.1525544	0.2960272	0.1446074	0.0000000	0.0000000
7044.9996582	7159.9777979	7159.8677197	-2.0000667	-2.0000667	0.1739330	0.3027500	0.1528179	0.0000000	0.0000000
7044.9996582	7154.9859714	7154.9421533	-2.0000667	-2.0000667	0.1838652	0.2988203	0.1519698	0.0000000	0.0000000
7044.9996582	7149.9813041	7149.6061230	-2.0000667	-2.0000667	0.1894359	0.2992787	0.1492759	0.0000000	0.0000000
7044.9996582	7144.9816355	7144.6805566	-2.0000667	-2.0000667	0.1941846	0.2976686	0.1486738	0.0000000	0.0000000
7044.9996582	7139.9856218	7139.7829688	-2.0000667	-2.0000667	0.1897576	0.2973579	0.1494000	0.0000000	0.0000000
7044.9996582	7134.9864797	7134.9133594	-2.0000667	-2.0000667	0.1763373	0.2978331	0.1490874	0.0000000	0.0000000
7044.9996582	7129.9832069	7129.6379492	-2.0000667	-2.0000667	0.1978627	0.2993702	0.1469977	0.0000000	0.0000000
7044.9996582	7124.9819055	7124.7683398	-2.0000667	-2.0000667	0.1932427	0.3009895	0.1439227	0.0000000	0.0000000
7044.9996582	7119.9837614	7119.8987305	-2.0000667	-2.0000667	0.2101526	0.2975415	0.1509910	0.0000000	0.0000000
7044.9996582	7114.9824600	7114.6233203	-2.0000667	-2.0000667	0.2446803	0.2974714	0.1541453	0.0000000	0.0000000
7044.9996582	7109.9882914	7109.7537109	-2.0000667	-2.0000667	0.2581752	0.2983899	0.1554883	0.0000000	0.0000000
7044.9996582	7104.9825351	7104.8841016	-2.0000667	-2.0000667	0.2587548	0.2976055	0.1526733	0.0000000	0.0000000
7044.9996582	7099.9837702	7099.6316406	-2.0000667	-2.0000667	0.2454330	0.2970750	0.1492084	0.0000000	0.0000000
7044.9996582	7094.9817088	7094.8171094	-2.0000667	-2.0000667	0.2551643	0.2975355	0.1525137	0.0000000	0.0000000
7044.9996582	7089.9836449	7089.6013672	-2.0000667	-2.0000667	0.2882649	0.2970878	0.1583917	0.0000000	0.0000000
7044.9996582	7084.9855810	7084.7868359	-2.0000667	-2.0000667	0.3088508	0.2969556	0.1650125	0.0000000	0.0000000
7044.9996582	7079.9837421	7079.9723047	-2.0000667	-2.0000667	0.2617438	0.2982518	0.1530079	0.0000000	0.0000000
7044.9996582	7074.9849890	7074.7565625	-2.0000667	-2.0000667	0.1868645	0.2978324	0.1338262	0.0000000	0.0000000
7044.9996582	7069.9846289	7069.9420313	-2.0000667	-2.0000667	0.2727571	0.3020840	0.1518092	0.0000000	0.0000000
7044.9996582	7064.9842688	7064.7262891	-2.0000667	-2.0000667	0.2433043	0.2993136	0.1475455	0.0000000	0.0000000
7044.9996582	7059.9851958	7059.9297656	-2.0000667	-2.0000667	0.2378602	0.2978864	0.1453971	0.0000000	0.0000000
7044.9996582	7054.9845719	7054.7725488	-2.0000667	-2.0000667	0.2349229	0.3001425	0.1440087	0.0000000	0.0000000
7044.9996582	7049.9806796	7049.6153320	-2.0000667	-2.0000667	0.2327612	0.2986898	0.1428263	0.0000000	0.0000000
7044.9996582	7044.9806454	7044.8548242	-2.0000667	-2.0000667	0.2602823	0.3001189	0.1496805	0.0000000	0.0000000
7044.9996582	7039.9814065	7039.6976074	-2.0000667	-2.0000667	0.2566272	0.3003472	0.1476161	0.0000000	0.0000000
7044.9996582	7034.9887891	7034.9370996	-2.0000667	-2.0000667	0.2560702	0.3004263	0.1473102	0.0000000	0.0000000
7044.9996582	7029.9865333	7029.7798828	-2.0000667	-2.0000667	0.2662971	0.2995326	0.1504393	0.0000000	0.0000000
7044.9996582	7024.9874950	7024.6226660	-2.0000667	-2.0000667	0.2889955	0.2951074	0.1568755	0.0000000	0.0000000
7044.9996582	7019.9852022	7019.8843262	-2.0000667	-2.0000667	0.2862023	0.2964381	0.1573630	0.0000000	0.0000000
7044.9996582	7014.9861162	7014.7847461	-2.0000667	-2.0000667	0.2796896	0.2975033	0.1552104	0.0000000	0.0000000
7044.9996582	7009.9855214	7009.6851660	-2.0000667	-2.0000667	0.2054359	0.2996926	0.1367668	0.0000000	0.0000000
7044.9996582	7004.9816281	7004.9778613	-2.0000667	-2.0000667	0.2270238	0.2986211	0.1508064	0.0000000	0.0000000
7044.9996582	7000.0292969	6999.8782813	-2.0000667	-2.0000667	0.2163782	0.2976987	0.1481049	0.0000000	0.0000000
