7179.9958490	7500.0038573	7499.6820801	-2.0000667	-2.0000667	0.0184771	0.2727738	0.1578750	0.0000000	7180.0000000
7179.9958490	7494.9935444	7494.7226807	-2.0000667	-2.0000667	0.0185946	0.2726779	0.1516666	0.0000000	0.0000000
7179.9958490	7489.9851278	7489.7632813	-2.0000667	-2.0000667	0.0212921	0.2744747	0.1495463	0.0000000	0.0000000
7179.9958490	7484.9850771	7484.8038818	-2.0000667	-2.0000667	0.0227197	0.2749127	0.1525992	0.0000000	0.0000000
7179.9958490	7479.9905873	7479.8981445	-2.0000667	-2.0000667	0.0233239	0.2726963	0.1514344	0.0000000	0.0000000
7179.9958490	7474.9849184	7474.9977734	-2.0000667	-2.0000667	0.0252673	0.2749430	0.1508010	0.0000000	0.0000000
7179.9958490	7469.9919479	7469.6519141	-2.0000667	-2.0000667	0.0268508	0.2762427	0.1487095	0.0000000	0.0000000
7179.9958490	7464.9880985	7464.7515430	-2.0000667	-2.0000667	0.0270594	0.2764254	0.1459576	0.0000000	0.0000000
7179.9958490	7459.9830834	7459.8511719	-2.0000667	-2.0000667	0.0274017	0.2756573	0.1439181	0.0000000	0.0000000
7179.9958490	7454.9895148	7454.9508008	-2.0000667	-2.0000667	0.0299232	0.2743889	0.1501321	0.0000000	0.0000000
7179.9958490	7449.9879936	7449.6049414	-2.0000667	-2.0000667	0.0314325	0.2772781	0.1535872	0.0000000	0.0000000
7179.9958490	7444.9822808	7444.7045703	-2.0000667	-2.0000667	0.0319033	0.2749180	0.1497391	0.0000000	0.0000000
7179.9958490	7439.9795673	7439.8041992	-2.0000667	-2.0000667	0.0347074	0.2757413	0.1517814	0.0000000	0.0000000
7179.9958490	7434.9828522	7434.9618359	-2.0000667	-2.0000667	0.0387477	0.2747083	0.1560544	0.0000000	0.0000000
7179.9958490	7429.9848914	7429.6792578	-2.0000667	-2.0000667	0.0438918	0.2743821	0.1593901	0.0000000	0.0000000
7179.9958490	7424.9840682	7424.8368945	-2.0000667	-2.0000667	0.0502758	0.2737980	0.1657557	0.0000000	0.0000000
7179.9958490	7419.9832450	7419.9945313	-2.0000667	-2.0000667	0.0475922	0.2732689	0.1558019	0.0000000	0.0000000
7179.9958490	7414.9852991	7414.7119531	-2.0000667	-2.0000667	0.0514872	0.2747681	0.1569994	0.0000000	0.0000000
7179.9958490	7409.9893015	7409.8695898	-2.0000667	-2.0000667	0.0539437	0.2731978	0.1628105	0.0000000	0.0000000
7179.9958490	7404.9830486	7404.5870117	-2.0000667	-2.0000667	0.0600304	0.2744398	0.1630353	0.0000000	0.0000000
7179.9958490	7399.9868032	7399.7446484	-2.0000667	-2.0000667	0.0613522	0.2753379	0.1635179	0.0000000	0.0000000
7179.9958490	7394.9856052	7394.9126367	-2.0000667	-2.0000667	0.0588623	0.2757499	0.1588740	0.0000000	0.0000000
7179.9958490	7389.9845657	7389.6921680	-2.0000667	-2.0000667	0.0646467	0.2745206	0.1603827	0.0000000	0.0000000
7179.9958490	7384.9891170	7384.9067383	-2.0000667	-2.0000667	0.0635872	0.2760850	0.1534956	0.0000000	0.0000000
7179.9958490	7379.9860592	7379.6862695	-2.0000667	-2.0000667	0.0692848	0.2752383	0.1571416	0.0000000	0.0000000
7179.9958490	7374.9850104	7374.9008398	-2.0000667	-2.0000667	0.0781726	0.2734645	0.1629219	0.0000000	0.0000000
7179.9958490	7369.9839616	7369.6803711	-2.0000667	-2.0000667	0.0827114	0.2742292	0.1638815	0.0000000	0.0000000
7179.9958490	7364.9814683	7364.8949414	-2.0000667	-2.0000667	0.0829692	0.2755260	0.1624685	0.0000000	0.0000000
7179.9958490	7359.9861795	7359.6744727	-2.0000667	-2.0000667	0.0750781	0.2749508	0.1488229	0.0000000	0.0000000
7179.9958490	7354.9814419	7354.8890430	-2.0000667	-2.0000667	0.0784839	0.2749535	0.1530953	0.0000000	0.0000000
7179.9958490	7349.9814569	7349.6991016	-2.0000667	-2.0000667	0.0864741	0.2755327	0.1540649	0.0000000	0.0000000
7179.9958490	7344.9830735	7344.9696387	-2.0000667	-2.0000667	0.0960326	0.2764576	0.1631346	0.0000000	0.0000000
7179.9958490	7339.9876760	7339.8102246	-2.0000667	-2.0000667	0.1056289	0.2760322	0.1641025	0.0000000	0.0000000
7179.9958490	7334.9876819	7334.6508105	-2.0000667	-2.0000667	0.1145117	0.2752101	0.1663864	0.0000000	0.0000000
7179.9958490	7329.9862695	7329.9213477	-2.0000667	-2.0000667	0.1182236	0.2758530	0.1643434	0.0000000	0.0000000
7179.9958490	7324.9878305	7324.7619336	-2.0000667	-2.0000667	0.1255862	0.2746593	0.1657096	0.0000000	0.0000000
7179.9958490	7319.9843762	7319.6025195	-2.0000667	-2.0000667	0.1344152	0.2747828	0.1698596	0.0000000	0.0000000
7179.9958490	7314.9883833	7314.8730566	-2.0000667	-2.0000667	0.1311396	0.2746359	0.1662401	0.0000000	0.0000000
7179.9958490	7309.9868361	7309.7136426	-2.0000667	-2.0000667	0.1314902	0.2739283	0.1658466	0.0000000	0.0000000
7179.9958490	7304.9879085	7304.6092822	-2.0000667	-2.0000667	0.1336967	0.2752681	0.1622081	0.0000000	0.0000000
7179.9958490	7299.9861565	7299.9348730	-2.0000667	-2.0000667	0.1264668	0.2751251	0.1603289	0.0000000	0.0000000
7179.9958490	7294.9829595	7294.8355176	-2.0000667	-2.0000667	0.1266528	0.2764392	0.1587665	0.0000000	0.0000000
7179.9958490	7289.9824769	7289.7361621	-2.0000667	-2.0000667	0.1326471	0.2757032	0.1607336	0.0000000	0.0000000
7179.9958490	7284.9854524	7284.6368066	-2.0000667	-2.0000667	0.1377736	0.2752173	0.1597106	0.0000000	0.0000000
7179.9958490	7279.9849698	7279.9623975	-2.0000667	-2.0000667	0.1452737	0.2757578	0.1633453	0.0000000	0.0000000
7179.9958490	7274.9837989	7274.8630420	-2.0000667	-2.0000667	0.1523265	0.2755374	0.1630762	0.0000000	0.0000000
7179.9958490	7269.9874598	7269.7636865	-2.0000667	-2.0000667	0.1590240	0.2760864	0.1677991	0.0000000	0.0000000
7179.9958490	7264.9842196	7264.6888672	-2.0000667	-2.0000667	0.1680507	0.2757540	0.1704512	0.0000000	0.0000000
7179.9958490	7259.9827583	7259.6483984	-2.0000667	-2.0000667	0.1792058	0.2763540	0.1712423	0.0000000	0.0000000
7179.9958490	7254.9818727	7254.6079297	-2.0000667	-2.0000667	0.1845945	0.2735408	0.1720741	0.0000000	0.0000000
7179.9958490	7249.9841501	7249.9875000	-2.0000667	-2.0000667	0.1927534	0.2737079	0.1740438	0.0000000	0.0000000
7179.9958490	7244.9832645	7244.9470313	-2.0000667	-2.0000667	0.1946151	0.2726556	0.1736436	0.0000000	0.0000000
7179.9958490	7239.9850844	7239.9065625	-2.0000667	-2.0000667	0.1948524	0.2732045	0.1707284	0.0000000	0.0000000
7179.9958490	7234.9891235	7234.8660938	-2.0000667	-2.0000667	0.2029095	0.2731541	0.1751868	0.0000000	0.0000000
7179.9958490	7229.9901764	7229.8256250	-2.0000667	-2.0000667	0.2043928	0.2725588	0.1729971	0.0000000	0.0000000
7179.9958490	7224.9908117	7224.7851563	-2.0000667	-2.0000667	0.2049315	0.2750460	0.1720864	0.0000000	0.0000000
7179.9958490	7219.9838918	7219.8026367	-2.0000667	-2.0000667	0.2003547	0.2748722	0.1659421	0.0000000	0.0000000
7179.9958490	7214.9856444	7214.8201172	-2.0000667	-2.0000667	0.1952455	0.2749202	0.1630635	0.0000000	0.0000000
7179.9958490	7209.9834979	7209.8375977	-2.0000667	-2.0000667	0.2050931	0.2764460	0.1638203	0.0000000	0.0000000
7179.9958490	7204.9856049	7204.8550781	-2.0000667	-2.0000667	0.2070145	0.2757378	0.1661564	0.0000000	0.0000000
7179.9958490	7199.9844833	7199.8725586	-2.0000667	-2.0000667	0.2084647	0.2762723	0.1647957	0.0000000	0.0000000
7179.9958490	7194.9864212	7194.8900391	-2.0000667	-2.0000667	0.2162424	0.2787545	0.1641511	0.0000000	0.0000000
7179.9958490	7189.9844123	7189.9075195	-2.0000667	-2.0000667	0.2200482	0.2740327	0.1682026	0.0000000	0.0000000
7179.9958490	7184.9857226	7184.9250000	-2.0000667	-2.0000667	0.2138389	0.2746862	0.1659963	0.0000000	0.0000000
7179.9958490	7179.9835760	7179.9804492	-2.0000667	-2.0000667	0.2016519	0.2762388	0.1579924	0.0000000	0.0000000
7179.9958490	7174.9840016	7174.6444189	-2.0000667	-2.0000667	0.2020952	0.2782062	0.1540667	0.0000000	0.0000000
7179.9958490	7169.9844272	7169.7188525	-2.0000667	-2.0000667	0.2043749	0.2779297	0.1533014	0.0000000	0.0000000
7179.9958490	7164.9812944	7164.7932861	-2.0000667	-2.0000667	0.2090876	0.2759338	0.1552644	0.0000000	0.0000000
7179.9958490	7159.9810081	7159.8677197	-2.0000667	-2.0000667	0.2214298	0.2752358	0.1590627	0.0000000	0.0000000
7179.9958490	7154.9859714	7154.9421533	-2.0000667	-2.0000667	0.2213693	0.2748866	0.1594860	0.0000000	0.0000000
7179.9958490	7149.9813041	7149.6061230	-2.0000667	-2.0000667	0.2245104	0.2749803	0.1592825	0.0000000	0.0000000
7179.9958490	7144.9847639	7144.6805566	-2.0000667	-2.0000667	0.2258112	0.2753337	0.1598395	0.0000000	0.0000000
7179.9958490	7139.9824934	7139.7829688	-2.0000667	-2.0000667	0.2253784	0.2758629	0.1627367	0.0000000	0.0000000
7179.9958490	7134.9864797	7134.9133594	-2.0000667	-2.0000667	0.2313173	0.2743170	0.1690585	0.0000000	0.0000000
7179.9958490	7129.9832069	7129.6379492	-2.0000667	-2.0000667	0.2317920	0.2746504	0.1660792	0.0000000	0.0000000
7179.9958490	7124.9850629	7124.7683398	-2.0000667	-2.0000667	0.2246932	0.2747491	0.1604561	0.0000000	0.0000000
7179.9958490	7119.9837614	7119.8987305	-2.0000667	-2.0000667	0.2237943	0.2754594	0.1624384	0.0000000	0.0000000
7179.9958490	7114.9824600	7114.6233203	-2.0000667	-2.0000667	0.2189161	0.2751117	0.1608059	0.0000000	0.0000000
7179.9958490	7109.9847957	7109.7537109	-2.0000667	-2.0000667	0.2212642	0.2755724	0.1628326	0.0000000	0.0000000
7179.9958490	7104.9825351	7104.8841016	-2.0000667	-2.0000667	0.2160851	0.2758328	0.1589819	0.0000000	0.0000000
7179.9958490	7099.9837702	7099.6316406	-2.0000667	-2.0000667	0.2154888	0.2754318	0.1594561	0.0000000	0.0000000
7179.9958490	7094.9817088	7094.8171094	-2.0000667	-2.0000667	0.2172882	0.2744656	0.1639685	0.0000000	0.0000000
7179.9958490	7089.9836449	7089.6013672	-2.0000667	-2.0000667	0.2134479	0.2751346	0.1651555	0.0000000	0.0000000
7179.9958490	7084.9855810	7084.7868359	-2.0000667	-2.0000667	0.2079141	0.2751335	0.1632052	0.0000000	0.0000000
7179.9958490	7079.9837421	7079.9723047	-2.0000667	-2.0000667	0.2025487	0.2750852	0.1652684	0.0000000	0.0000000
7179.9958490	7074.9849890	7074.7565625	-2.0000667	-2.0000667	0.1975510	0.2756923	0.1611952	0.0000000	0.0000000
7179.9958490	7069.9846289	7069.9420313	-2.0000667	-2.0000667	0.1925670	0.2752352	0.1550939	0.0000000	0.0000000
7179.9958490	7064.9842688	7064.7262891	-2.0000667	-2.0000667	0.1935914	0.2758193	0.1567219	0.0000000	0.0000000
7179.9958490	7059.9819274	7059.9297656	-2.0000667	-2.0000667	0.1911506	0.2746021	0.1557961	0.0000000	0.0000000
7179.9958490	7054.9845719	7054.7725488	-2.0000667	-2.0000667	0.1816942	0.2750135	0.1525831	0.0000000	0.0000000
7179.9958490	7049.9839480	7049.6153320	-2.0000667	-2.0000667	0.1804821	0.2747928	0.1483269	0.0000000	0.0000000
7179.9958490	7044.9806454	7044.8548242	-2.0000667	-2.0000667	0.1674637	0.2756417	0.1402096	0.0000000	0.0000000
7179.9958490	7039.9847173	7039.6976074	-2.0000667	-2.0000667	0.1670250	0.2763303	0.1447347	0.0000000	0.0000000
7179.9958490	7034.9887891	7034.9370996	-2.0000667	-2.0000667	0.1572688	0.2758201	0.1421873	0.0000000	0.0000000
7179.9958490	7029.9897879	7029.7798828	-2.0000667	-2.0000667	0.1593666	0.2753484	0.1446937	0.0000000	0.0000000
7179.9958490	7024.9842404	7024.6226660	-2.0000667	-2.0000667	0.1592094	0.2754553	0.1494417	0.0000000	0.0000000
7179.9958490	7019.9852022	7019.8843262	-2.0000667	-2.0000667	0.1562114	0.2752462	0.1602620	0.0000000	0.0000000
7179.9958490	7014.9861162	7014.7847461	-2.0000667	-2.0000667	0.1480775	0.2754266	0.1684773	0.0000000	0.0000000
7179.9958490	7009.9855214	7009.6851660	-2.0000667	-2.0000667	0.1393956	0.2746616	0.1619672	0.0000000	0.0000000
7179.9958490	7004.9816281	7004.9778613	-2.0000667	-2.0000667	0.1345952	0.2730609	0.1593153	0.0000000	0.0000000
7179.9958490	7000.0292969	6999.8782813	-2.0000667	-2.0000667	0.1269126	0.2764818	0.1531508	0.0000000	0.0000000
