7149.9962015	7499.9984178	7499.6820801	-2.0000667	-2.0000667	0.0058010	0.2791832	0.1408817	0.0000000	7150.0000000
7149.9962015	7494.9907557	7494.7226807	-2.0000667	-2.0000667	0.0077406	0.2822075	0.1453379	0.0000000	0.0000000
7149.9962015	7489.9851278	7489.7632813	-2.0000667	-2.0000667	0.0087905	0.2808940	0.1477478	0.0000000	0.0000000
7149.9962015	7484.9878658	7484.8038818	-2.0000667	-2.0000667	0.0142456	0.2779254	0.1539503	0.0000000	0.0000000
7149.9962015	7479.9905873	7479.8981445	-2.0000667	-2.0000667	0.0128494	0.2777495	0.1409419	0.0000000	0.0000000
7149.9962015	7474.9849184	7474.9977734	-2.0000667	-2.0000667	0.0106674	0.2787931	0.1340209	0.0000000	0.0000000
7149.9962015	7469.9919479	7469.6519141	-2.0000667	-2.0000667	0.0153917	0.2776714	0.1536321	0.0000000	0.0000000
7149.9962015	7464.9852369	7464.7515430	-2.0000667	-2.0000667	0.0188027	0.2760671	0.1599662	0.0000000	0.0000000
7149.9962015	7459.9830834	7459.8511719	-2.0000667	-2.0000667	0.0227982	0.2759250	0.1670127	0.0000000	0.0000000
7149.9962015	7454.9866531	7454.9508008	-2.0000667	-2.0000667	0.0224723	0.2785543	0.1606577	0.0000000	0.0000000
7149.9962015	7449.9879936	7449.6049414	-2.0000667	-2.0000667	0.0240736	0.2771353	0.1521447	0.0000000	0.0000000
7149.9962015	7444.9852800	7444.7045703	-2.0000667	-2.0000667	0.0181357	0.2780670	0.1380186	0.0000000	0.0000000
7149.9962015	7439.9825665	7439.8041992	-2.0000667	-2.0000667	0.0200895	0.2792504	0.1539030	0.0000000	0.0000000
7149.9962015	7434.9828522	7434.9618359	-2.0000667	-2.0000667	0.0210912	0.2764946	0.1558632	0.0000000	0.0000000
7149.9962015	7429.9848914	7429.6792578	-2.0000667	-2.0000667	0.0234347	0.2793018	0.1515383	0.0000000	0.0000000
7149.9962015	7424.9840682	7424.8368945	-2.0000667	-2.0000667	0.0289410	0.2772461	0.1584860	0.0000000	0.0000000
7149.9962015	7419.9832450	7419.9945313	-2.0000667	-2.0000667	0.0318813	0.2756095	0.1603831	0.0000000	0.0000000
7149.9962015	7414.9852991	7414.7119531	-2.0000667	-2.0000667	0.0353297	0.2790262	0.1569933	0.0000000	0.0000000
7149.9962015	7409.9893015	7409.8695898	-2.0000667	-2.0000667	0.0414562	0.2780701	0.1603312	0.0000000	0.0000000
7149.9962015	7404.9855505	7404.5870117	-2.0000667	-2.0000667	0.0409952	0.2778197	0.1596475	0.0000000	0.0000000
7149.9962015	7399.9868032	7399.7446484	-2.0000667	-2.0000667	0.0388082	0.2774241	0.1561398	0.0000000	0.0000000
7149.9962015	7394.9856052	7394.9126367	-2.0000667	-2.0000667	0.0405551	0.2779816	0.1550632	0.0000000	0.0000000
7149.9962015	7389.9873611	7389.6921680	-2.0000667	-2.0000667	0.0368011	0.2791716	0.1435475	0.0000000	0.0000000
7149.9962015	7384.9891170	7384.9067383	-2.0000667	-2.0000667	0.0375446	0.2802748	0.1426324	0.0000000	0.0000000
7149.9962015	7379.9830116	7379.6862695	-2.0000667	-2.0000667	0.0425460	0.2790311	0.1454407	0.0000000	0.0000000
7149.9962015	7374.9850104	7374.9008398	-2.0000667	-2.0000667	0.0579534	0.2765282	0.1548085	0.0000000	0.0000000
7149.9962015	7369.9839616	7369.6803711	-2.0000667	-2.0000667	0.0671443	0.2752611	0.1670020	0.0000000	0.0000000
7149.9962015	7364.9814683	7364.8949414	-2.0000667	-2.0000667	0.0682765	0.2770029	0.1617920	0.0000000	0.0000000
7149.9962015	7359.9861795	7359.6744727	-2.0000667	-2.0000667	0.0694674	0.2766190	0.1644850	0.0000000	0.0000000
7149.9962015	7354.9814419	7354.8890430	-2.0000667	-2.0000667	0.0735668	0.2777086	0.1626169	0.0000000	0.0000000
7149.9962015	7349.9844428	7349.6991016	-2.0000667	-2.0000667	0.0845813	0.2778580	0.1663290	0.0000000	0.0000000
7149.9962015	7344.9860594	7344.9696387	-2.0000667	-2.0000667	0.0786227	0.2768627	0.1626583	0.0000000	0.0000000
7149.9962015	7339.9876760	7339.8102246	-2.0000667	-2.0000667	0.0847506	0.2764912	0.1659014	0.0000000	0.0000000
7149.9962015	7334.9906554	7334.6508105	-2.0000667	-2.0000667	0.0833848	0.2778174	0.1575757	0.0000000	0.0000000
7149.9962015	7329.9862695	7329.9213477	-2.0000667	-2.0000667	0.0853964	0.2771368	0.1574191	0.0000000	0.0000000
7149.9962015	7324.9878305	7324.7619336	-2.0000667	-2.0000667	0.0975746	0.2792177	0.1603162	0.0000000	0.0000000
7149.9962015	7319.9843762	7319.6025195	-2.0000667	-2.0000667	0.1064700	0.2789622	0.1630475	0.0000000	0.0000000
7149.9962015	7314.9856062	7314.8730566	-2.0000667	-2.0000667	0.1035598	0.2788849	0.1593505	0.0000000	0.0000000
7149.9962015	7309.9896132	7309.7136426	-2.0000667	-2.0000667	0.1042644	0.2770137	0.1605912	0.0000000	0.0000000
7149.9962015	7304.9879085	7304.6092822	-2.0000667	-2.0000667	0.1122832	0.2786428	0.1591682	0.0000000	0.0000000
7149.9962015	7299.9832770	7299.9348730	-2.0000667	-2.0000667	0.1135847	0.2784009	0.1588024	0.0000000	0.0000000
7149.9962015	7294.9795014	7294.8355176	-2.0000667	-2.0000667	0.1083016	0.2790448	0.1565620	0.0000000	0.0000000
7149.9962015	7289.9824769	7289.7361621	-2.0000667	-2.0000667	0.1158409	0.2799279	0.1572314	0.0000000	0.0000000
7149.9962015	7284.9819943	7284.6368066	-2.0000667	-2.0000667	0.1335479	0.2793080	0.1669332	0.0000000	0.0000000
7149.9962015	7279.9849698	7279.9623975	-2.0000667	-2.0000667	0.1365615	0.2777922	0.1679200	0.0000000	0.0000000
7149.9962015	7274.9872494	7274.8630420	-2.0000667	-2.0000667	0.1381561	0.2777938	0.1611053	0.0000000	0.0000000
7149.9962015	7269.9840093	7269.7636865	-2.0000667	-2.0000667	0.1318785	0.2796346	0.1549960	0.0000000	0.0000000
7149.9962015	7264.9876701	7264.6888672	-2.0000667	-2.0000667	0.1352690	0.2785016	0.1539139	0.0000000	0.0000000
7149.9962015	7259.9859215	7259.6483984	-2.0000667	-2.0000667	0.1492887	0.2770122	0.1561068	0.0000000	0.0000000
7149.9962015	7254.9850358	7254.6079297	-2.0000667	-2.0000667	0.1567058	0.2793177	0.1585072	0.0000000	0.0000000
7149.9962015	7249.9904764	7249.9875000	-2.0000667	-2.0000667	0.1458441	0.2778282	0.1511204	0.0000000	0.0000000
7149.9962015	7244.9864276	7244.9470313	-2.0000667	-2.0000667	0.1437416	0.2773950	0.1458131	0.0000000	0.0000000
7149.9962015	7239.9880707	7239.9065625	-2.0000667	-2.0000667	0.1437662	0.2778254	0.1441157	0.0000000	0.0000000
7149.9962015	7234.9891235	7234.8660938	-2.0000667	-2.0000667	0.1636422	0.2763209	0.1518070	0.0000000	0.0000000
7149.9962015	7229.9842040	7229.8256250	-2.0000667	-2.0000667	0.1726702	0.2780601	0.1562689	0.0000000	0.0000000
7149.9962015	7224.9850300	7224.7851563	-2.0000667	-2.0000667	0.1806841	0.2788505	0.1607943	0.0000000	0.0000000
7149.9962015	7219.9867826	7219.8026367	-2.0000667	-2.0000667	0.1809119	0.2784388	0.1602838	0.0000000	0.0000000
7149.9962015	7214.9827535	7214.8201172	-2.0000667	-2.0000667	0.1830618	0.2790867	0.1568824	0.0000000	0.0000000
7149.9962015	7209.9834979	7209.8375977	-2.0000667	-2.0000667	0.1823153	0.2782488	0.1515253	0.0000000	0.0000000
7149.9962015	7204.9856049	7204.8550781	-2.0000667	-2.0000667	0.1957378	0.2782446	0.1593611	0.0000000	0.0000000
7149.9962015	7199.9844833	7199.8725586	-2.0000667	-2.0000667	0.1939879	0.2765499	0.1559310	0.0000000	0.0000000
7149.9962015	7194.9864212	7194.8900391	-2.0000667	-2.0000667	0.2134368	0.2783840	0.1629740	0.0000000	0.0000000
7149.9962015	7189.9844123	7189.9075195	-2.0000667	-2.0000667	0.2203229	0.2788749	0.1647501	0.0000000	0.0000000
7149.9962015	7184.9824034	7184.9250000	-2.0000667	-2.0000667	0.1937683	0.2791575	0.1527202	0.0000000	0.0000000
7149.9962015	7179.9835760	7179.9804492	-2.0000667	-2.0000667	0.1865681	0.2793792	0.1487788	0.0000000	0.0000000
7149.9962015	7174.9840016	7174.6444189	-2.0000667	-2.0000667	0.1968939	0.2807418	0.1522771	0.0000000	0.0000000
7149.9962015	7169.9844272	7169.7188525	-2.0000667	-2.0000667	0.2165409	0.2799333	0.1597756	0.0000000	0.0000000
7149.9962015	7164.9848528	7164.7932861	-2.0000667	-2.0000667	0.1930884	0.2797467	0.1450228	0.0000000	0.0000000
7149.9962015	7159.9842183	7159.8677197	-2.0000667	-2.0000667	0.2188411	0.2789180	0.1548757	0.0000000	0.0000000
7149.9962015	7154.9859714	7154.9421533	-2.0000667	-2.0000667	0.2207391	0.2789849	0.1544747	0.0000000	0.0000000
7149.9962015	7149.9813041	7149.6061230	-2.0000667	-2.0000667	0.2173082	0.2803625	0.1483109	0.0000000	0.0000000
7149.9962015	7144.9847639	7144.6805566	-2.0000667	-2.0000667	0.2082069	0.2791194	0.1414921	0.0000000	0.0000000
7149.9962015	7139.9856218	7139.7829688	-2.0000667	-2.0000667	0.1945582	0.2807992	0.1342745	0.0000000	0.0000000
7149.9962015	7134.9864797	7134.9133594	-2.0000667	-2.0000667	0.2244706	0.2771849	0.1496200	0.0000000	0.0000000
7149.9962015	7129.9832069	7129.6379492	-2.0000667	-2.0000667	0.2356017	0.2772468	0.1570964	0.0000000	0.0000000
7149.9962015	7124.9819055	7124.7683398	-2.0000667	-2.0000667	0.2203208	0.2800640	0.1472905	0.0000000	0.0000000
7149.9962015	7119.9869188	7119.8987305	-2.0000667	-2.0000667	0.2192678	0.2775503	0.1445164	0.0000000	0.0000000
7149.9962015	7114.9856174	7114.6233203	-2.0000667	-2.0000667	0.2343016	0.2768845	0.1507106	0.0000000	0.0000000
7149.9962015	7109.9847957	7109.7537109	-2.0000667	-2.0000667	0.2443844	0.2784261	0.1594087	0.0000000	0.0000000
7149.9962015	7104.9825351	7104.8841016	-2.0000667	-2.0000667	0.2417654	0.2763896	0.1561217	0.0000000	0.0000000
7149.9962015	7099.9837702	7099.6316406	-2.0000667	-2.0000667	0.2457552	0.2766683	0.1575803	0.0000000	0.0000000
7149.9962015	7094.9779338	7094.8171094	-2.0000667	-2.0000667	0.2391871	0.2768705	0.1633381	0.0000000	0.0000000
7149.9962015	7089.9798699	7089.6013672	-2.0000667	-2.0000667	0.2228335	0.2780674	0.1490737	0.0000000	0.0000000
7149.9962015	7084.9818060	7084.7868359	-2.0000667	-2.0000667	0.2092565	0.2787163	0.1400629	0.0000000	0.0000000
7149.9962015	7079.9875171	7079.9723047	-2.0000667	-2.0000667	0.2107102	0.2781360	0.1442456	0.0000000	0.0000000
7149.9962015	7074.9849890	7074.7565625	-2.0000667	-2.0000667	0.2259091	0.2783763	0.1522755	0.0000000	0.0000000
7149.9962015	7069.9846289	7069.9420313	-2.0000667	-2.0000667	0.2207433	0.2797633	0.1525645	0.0000000	0.0000000
7149.9962015	7064.9842688	7064.7262891	-2.0000667	-2.0000667	0.2208334	0.2773975	0.1509672	0.0000000	0.0000000
7149.9962015	7059.9851958	7059.9297656	-2.0000667	-2.0000667	0.2122603	0.2778800	0.1460370	0.0000000	0.0000000
7149.9962015	7054.9845719	7054.7725488	-2.0000667	-2.0000667	0.2012803	0.2770499	0.1415631	0.0000000	0.0000000
7149.9962015	7049.9806796	7049.6153320	-2.0000667	-2.0000667	0.1805571	0.2786541	0.1289313	0.0000000	0.0000000
7149.9962015	7044.9806454	7044.8548242	-2.0000667	-2.0000667	0.1900038	0.2779454	0.1389255	0.0000000	0.0000000
7149.9962015	7039.9847173	7039.6976074	-2.0000667	-2.0000667	0.1957310	0.2797781	0.1430438	0.0000000	0.0000000
7149.9962015	7034.9854783	7034.9370996	-2.0000667	-2.0000667	0.1961884	0.2802292	0.1489961	0.0000000	0.0000000
7149.9962015	7029.9865333	7029.7798828	-2.0000667	-2.0000667	0.1987767	0.2774330	0.1494501	0.0000000	0.0000000
7149.9962015	7024.9842404	7024.6226660	-2.0000667	-2.0000667	0.2003199	0.2757678	0.1568064	0.0000000	0.0000000
7149.9962015	7019.9884567	7019.8843262	-2.0000667	-2.0000667	0.1912876	0.2744658	0.1682316	0.0000000	0.0000000
7149.9962015	7014.9861162	7014.7847461	-2.0000667	-2.0000667	0.1900101	0.2757614	0.1710054	0.0000000	0.0000000
7149.9962015	7009.9855214	7009.6851660	-2.0000667	-2.0000667	0.1739019	0.2774163	0.1542261	0.0000000	0.0000000
7149.9962015	7004.9816281	7004.9778613	-2.0000667	-2.0000667	0.1609041	0.2790696	0.1458572	0.0000000	0.0000000
7149.9962015	7000.0292969	6999.8782813	-2.0000667	-2.0000667	0.1560576	0.2772849	0.1448950	0.0000000	0.0000000
