7274.9927828	7500.0011376	7499.6820801	-2.0000667	-2.0000667	0.0224608	0.2585150	0.1506294	0.0000000	7275.0000000
7274.9927828	7494.9907557	7494.7226807	-2.0000667	-2.0000667	0.0238932	0.2578778	0.1532925	0.0000000	0.0000000
7274.9927828	7489.9851278	7489.7632813	-2.0000667	-2.0000667	0.0257573	0.2557532	0.1545264	0.0000000	0.0000000
7274.9927828	7484.9878658	7484.8038818	-2.0000667	-2.0000667	0.0282080	0.2566917	0.1537048	0.0000000	0.0000000
7274.9927828	7479.9905873	7479.8981445	-2.0000667	-2.0000667	0.0323058	0.2557836	0.1619899	0.0000000	0.0000000
7274.9927828	7474.9849184	7474.9977734	-2.0000667	-2.0000667	0.0336904	0.2570625	0.1630542	0.0000000	0.0000000
7274.9927828	7469.9894082	7469.6519141	-2.0000667	-2.0000667	0.0349937	0.2570371	0.1584307	0.0000000	0.0000000
7274.9927828	7464.9852369	7464.7515430	-2.0000667	-2.0000667	0.0353473	0.2567350	0.1598345	0.0000000	0.0000000
7274.9927828	7459.9830834	7459.8511719	-2.0000667	-2.0000667	0.0387041	0.2580773	0.1613955	0.0000000	0.0000000
7274.9927828	7454.9866531	7454.9508008	-2.0000667	-2.0000667	0.0394305	0.2585291	0.1620226	0.0000000	0.0000000
7274.9927828	7449.9849944	7449.6049414	-2.0000667	-2.0000667	0.0395493	0.2588137	0.1579557	0.0000000	0.0000000
7274.9927828	7444.9822808	7444.7045703	-2.0000667	-2.0000667	0.0412443	0.2577769	0.1597805	0.0000000	0.0000000
7274.9927828	7439.9825665	7439.8041992	-2.0000667	-2.0000667	0.0437668	0.2578877	0.1615521	0.0000000	0.0000000
7274.9927828	7434.9858514	7434.9618359	-2.0000667	-2.0000667	0.0450859	0.2591355	0.1596018	0.0000000	0.0000000
7274.9927828	7429.9848914	7429.6792578	-2.0000667	-2.0000667	0.0486486	0.2587229	0.1652693	0.0000000	0.0000000
7274.9927828	7424.9898229	7424.8368945	-2.0000667	-2.0000667	0.0508936	0.2582817	0.1599281	0.0000000	0.0000000
7274.9927828	7419.9889997	7419.9945313	-2.0000667	-2.0000667	0.0522677	0.2590114	0.1642185	0.0000000	0.0000000
7274.9927828	7414.9852991	7414.7119531	-2.0000667	-2.0000667	0.0549031	0.2575955	0.1652955	0.0000000	0.0000000
7274.9927828	7409.9918034	7409.8695898	-2.0000667	-2.0000667	0.0562064	0.2580336	0.1624692	0.0000000	0.0000000
7274.9927828	7404.9830486	7404.5870117	-2.0000667	-2.0000667	0.0589873	0.2543400	0.1677698	0.0000000	0.0000000
7274.9927828	7399.9868032	7399.7446484	-2.0000667	-2.0000667	0.0616854	0.2575796	0.1656792	0.0000000	0.0000000
7274.9927828	7394.9884007	7394.9126367	-2.0000667	-2.0000667	0.0640785	0.2564602	0.1673701	0.0000000	0.0000000
7274.9927828	7389.9873611	7389.6921680	-2.0000667	-2.0000667	0.0643314	0.2553119	0.1653693	0.0000000	0.0000000
7274.9927828	7384.9891170	7384.9067383	-2.0000667	-2.0000667	0.0696985	0.2594728	0.1686283	0.0000000	0.0000000
7274.9927828	7379.9860592	7379.6862695	-2.0000667	-2.0000667	0.0704026	0.2579783	0.1696150	0.0000000	0.0000000
7274.9927828	7374.9819628	7374.9008398	-2.0000667	-2.0000667	0.0732389	0.2564131	0.1685029	0.0000000	0.0000000
7274.9927828	7369.9839616	7369.6803711	-2.0000667	-2.0000667	0.0741398	0.2567330	0.1701847	0.0000000	0.0000000
7274.9927828	7364.9814683	7364.8949414	-2.0000667	-2.0000667	0.0776782	0.2574802	0.1707793	0.0000000	0.0000000
7274.9927828	7359.9861795	7359.6744727	-2.0000667	-2.0000667	0.0792397	0.2556160	0.1715959	0.0000000	0.0000000
7274.9927828	7354.9814419	7354.8890430	-2.0000667	-2.0000667	0.0843248	0.2584746	0.1762407	0.0000000	0.0000000
7274.9927828	7349.9874287	7349.6991016	-2.0000667	-2.0000667	0.0878672	0.2581582	0.1742493	0.0000000	0.0000000
7274.9927828	7344.9860594	7344.9696387	-2.0000667	-2.0000667	0.0903481	0.2587095	0.1747090	0.0000000	0.0000000
7274.9927828	7339.9876760	7339.8102246	-2.0000667	-2.0000667	0.0905719	0.2594540	0.1728010	0.0000000	0.0000000
7274.9927828	7334.9876819	7334.6508105	-2.0000667	-2.0000667	0.0914937	0.2587141	0.1724541	0.0000000	0.0000000
7274.9927828	7329.9862695	7329.9213477	-2.0000667	-2.0000667	0.0925111	0.2597919	0.1678119	0.0000000	0.0000000
7274.9927828	7324.9878305	7324.7619336	-2.0000667	-2.0000667	0.0953591	0.2591686	0.1711147	0.0000000	0.0000000
7274.9927828	7319.9843762	7319.6025195	-2.0000667	-2.0000667	0.0991549	0.2574723	0.1729253	0.0000000	0.0000000
7274.9927828	7314.9856062	7314.8730566	-2.0000667	-2.0000667	0.1030320	0.2603276	0.1774004	0.0000000	0.0000000
7274.9927828	7309.9868361	7309.7136426	-2.0000667	-2.0000667	0.1022992	0.2559116	0.1790865	0.0000000	0.0000000
7274.9927828	7304.9850290	7304.6092822	-2.0000667	-2.0000667	0.1064485	0.2566910	0.1788973	0.0000000	0.0000000
7274.9927828	7299.9890361	7299.9348730	-2.0000667	-2.0000667	0.1062045	0.2570195	0.1813516	0.0000000	0.0000000
7274.9927828	7294.9795014	7294.8355176	-2.0000667	-2.0000667	0.1063379	0.2558976	0.1812587	0.0000000	0.0000000
7274.9927828	7289.9859351	7289.7361621	-2.0000667	-2.0000667	0.1097103	0.2559569	0.1853035	0.0000000	0.0000000
7274.9927828	7284.9819943	7284.6368066	-2.0000667	-2.0000667	0.1163892	0.2572515	0.1828424	0.0000000	0.0000000
7274.9927828	7279.9884279	7279.9623975	-2.0000667	-2.0000667	0.1145670	0.2545718	0.1835300	0.0000000	0.0000000
7274.9927828	7274.9837989	7274.8630420	-2.0000667	-2.0000667	0.1183608	0.2574182	0.1870677	0.0000000	0.0000000
7274.9927828	7269.9840093	7269.7636865	-2.0000667	-2.0000667	0.1179607	0.2575554	0.1844225	0.0000000	0.0000000
7274.9927828	7264.9842196	7264.6888672	-2.0000667	-2.0000667	0.1193049	0.2590342	0.1839353	0.0000000	0.0000000
7274.9927828	7259.9859215	7259.6483984	-2.0000667	-2.0000667	0.1177144	0.2564771	0.1802731	0.0000000	0.0000000
7274.9927828	7254.9850358	7254.6079297	-2.0000667	-2.0000667	0.1177695	0.2578431	0.1839543	0.0000000	0.0000000
7274.9927828	7249.9841501	7249.9875000	-2.0000667	-2.0000667	0.1169395	0.2580223	0.1804550	0.0000000	0.0000000
7274.9927828	7244.9832645	7244.9470313	-2.0000667	-2.0000667	0.1194143	0.2579314	0.1819100	0.0000000	0.0000000
7274.9927828	7239.9820982	7239.9065625	-2.0000667	-2.0000667	0.1179779	0.2578062	0.1802639	0.0000000	0.0000000
7274.9927828	7234.9861373	7234.8660938	-2.0000667	-2.0000667	0.1196584	0.2573455	0.1797869	0.0000000	0.0000000
7274.9927828	7229.9871902	7229.8256250	-2.0000667	-2.0000667	0.1201957	0.2583135	0.1797593	0.0000000	0.0000000
7274.9927828	7224.9879209	7224.7851563	-2.0000667	-2.0000667	0.1208662	0.2577582	0.1796267	0.0000000	0.0000000
7274.9927828	7219.9838918	7219.8026367	-2.0000667	-2.0000667	0.1226412	0.2578290	0.1801477	0.0000000	0.0000000
7274.9927828	7214.9856444	7214.8201172	-2.0000667	-2.0000667	0.1247468	0.2566106	0.1813966	0.0000000	0.0000000
7274.9927828	7209.9834979	7209.8375977	-2.0000667	-2.0000667	0.1233525	0.2554896	0.1816959	0.0000000	0.0000000
7274.9927828	7204.9823763	7204.8550781	-2.0000667	-2.0000667	0.1243324	0.2553971	0.1799684	0.0000000	0.0000000
7274.9927828	7199.9844833	7199.8725586	-2.0000667	-2.0000667	0.1222128	0.2553105	0.1810769	0.0000000	0.0000000
7274.9927828	7194.9831021	7194.8900391	-2.0000667	-2.0000667	0.1216384	0.2574832	0.1828660	0.0000000	0.0000000
7274.9927828	7189.9844123	7189.9075195	-2.0000667	-2.0000667	0.1182128	0.2570391	0.1802177	0.0000000	0.0000000
7274.9927828	7184.9857226	7184.9250000	-2.0000667	-2.0000667	0.1162673	0.2587174	0.1825027	0.0000000	0.0000000
7274.9927828	7179.9835760	7179.9804492	-2.0000667	-2.0000667	0.1135635	0.2563937	0.1814048	0.0000000	0.0000000
7274.9927828	7174.9840016	7174.6444189	-2.0000667	-2.0000667	0.1141500	0.2559691	0.1831774	0.0000000	0.0000000
7274.9927828	7169.9844272	7169.7188525	-2.0000667	-2.0000667	0.1140911	0.2567350	0.1845494	0.0000000	0.0000000
7274.9927828	7164.9884112	7164.7932861	-2.0000667	-2.0000667	0.1114353	0.2590540	0.1833713	0.0000000	0.0000000
7274.9927828	7159.9842183	7159.8677197	-2.0000667	-2.0000667	0.1103854	0.2583461	0.1850212	0.0000000	0.0000000
7274.9927828	7154.9859714	7154.9421533	-2.0000667	-2.0000667	0.1084774	0.2580968	0.1820175	0.0000000	0.0000000
7274.9927828	7149.9845143	7149.6061230	-2.0000667	-2.0000667	0.1097188	0.2585394	0.1796663	0.0000000	0.0000000
7274.9927828	7144.9847639	7144.6805566	-2.0000667	-2.0000667	0.1059158	0.2580127	0.1819299	0.0000000	0.0000000
7274.9927828	7139.9824934	7139.7829688	-2.0000667	-2.0000667	0.1032288	0.2587000	0.1783016	0.0000000	0.0000000
7274.9927828	7134.9864797	7134.9133594	-2.0000667	-2.0000667	0.1019673	0.2583383	0.1788756	0.0000000	0.0000000
7274.9927828	7129.9832069	7129.6379492	-2.0000667	-2.0000667	0.0999409	0.2570271	0.1799004	0.0000000	0.0000000
7274.9927828	7124.9850629	7124.7683398	-2.0000667	-2.0000667	0.0966422	0.2571478	0.1802216	0.0000000	0.0000000
7274.9927828	7119.9837614	7119.8987305	-2.0000667	-2.0000667	0.0947224	0.2564797	0.1781559	0.0000000	0.0000000
7274.9927828	7114.9824600	7114.6233203	-2.0000667	-2.0000667	0.0916954	0.2582108	0.1779291	0.0000000	0.0000000
7274.9927828	7109.9847957	7109.7537109	-2.0000667	-2.0000667	0.0888850	0.2584902	0.1792749	0.0000000	0.0000000
7274.9927828	7104.9825351	7104.8841016	-2.0000667	-2.0000667	0.0861396	0.2559080	0.1781946	0.0000000	0.0000000
7274.9927828	7099.9837702	7099.6316406	-2.0000667	-2.0000667	0.0840442	0.2558075	0.1774852	0.0000000	0.0000000
7274.9927828	7094.9817088	7094.8171094	-2.0000667	-2.0000667	0.0822025	0.2579532	0.1770648	0.0000000	0.0000000
7274.9927828	7089.9836449	7089.6013672	-2.0000667	-2.0000667	0.0786909	0.2580787	0.1786591	0.0000000	0.0000000
7274.9927828	7084.9818060	7084.7868359	-2.0000667	-2.0000667	0.0772930	0.2586427	0.1773604	0.0000000	0.0000000
7274.9927828	7079.9875171	7079.9723047	-2.0000667	-2.0000667	0.0735189	0.2573823	0.1775492	0.0000000	0.0000000
7274.9927828	7074.9849890	7074.7565625	-2.0000667	-2.0000667	0.0706763	0.2580250	0.1790220	0.0000000	0.0000000
7274.9927828	7069.9846289	7069.9420313	-2.0000667	-2.0000667	0.0682604	0.2569790	0.1766591	0.0000000	0.0000000
7274.9927828	7064.9842688	7064.7262891	-2.0000667	-2.0000667	0.0655892	0.2560941	0.1770247	0.0000000	0.0000000
7274.9927828	7059.9851958	7059.9297656	-2.0000667	-2.0000667	0.0628245	0.2583550	0.1751913	0.0000000	0.0000000
7274.9927828	7054.9845719	7054.7725488	-2.0000667	-2.0000667	0.0595020	0.2571669	0.1782837	0.0000000	0.0000000
7274.9927828	7049.9839480	7049.6153320	-2.0000667	-2.0000667	0.0542539	0.2564011	0.1800404	0.0000000	0.0000000
7274.9927828	7044.9839562	7044.8548242	-2.0000667	-2.0000667	0.0540204	0.2571377	0.1752152	0.0000000	0.0000000
7274.9927828	7039.9847173	7039.6976074	-2.0000667	-2.0000667	0.0528871	0.2568236	0.1740490	0.0000000	0.0000000
7274.9927828	7034.9887891	7034.9370996	-2.0000667	-2.0000667	0.0505623	0.2579420	0.1736484	0.0000000	0.0000000
7274.9927828	7029.9865333	7029.7798828	-2.0000667	-2.0000667	0.0473174	0.2560461	0.1741099	0.0000000	0.0000000
7274.9927828	7024.9842404	7024.6226660	-2.0000667	-2.0000667	0.0454025	0.2567792	0.1767019	0.0000000	0.0000000
7274.9927828	7019.9852022	7019.8843262	-2.0000667	-2.0000667	0.0420007	0.2538542	0.1796947	0.0000000	0.0000000
7274.9927828	7014.9861162	7014.7847461	-2.0000667	-2.0000667	0.0396667	0.2550928	0.1782375	0.0000000	0.0000000
7274.9927828	7009.9855214	7009.6851660	-2.0000667	-2.0000667	0.0386440	0.2550718	0.1754636	0.0000000	0.0000000
7274.9927828	7004.9816281	7004.9778613	-2.0000667	-2.0000667	0.0373121	0.2560100	0.1738503	0.0000000	0.0000000
7274.9927828	7000.0292969	6999.8782813	-2.0000667	-2.0000667	0.0342831	0.2562568	0.1742915	0.0000000	0.0000000
