7219.9969098	7499.9984178	7499.6820801	-2.0000667	-2.0000667	0.0223127	0.2718643	0.1514586	0.0000000	7220.0000000
7219.9969098	7494.9935444	7494.7226807	-2.0000667	-2.0000667	0.0257318	0.2703202	0.1576105	0.0000000	0.0000000
7219.9969098	7489.9851278	7489.7632813	-2.0000667	-2.0000667	0.0273560	0.2701655	0.1539210	0.0000000	0.0000000
7219.9969098	7484.9906544	7484.8038818	-2.0000667	-2.0000667	0.0290912	0.2701404	0.1520724	0.0000000	0.0000000
7219.9969098	7479.9931269	7479.8981445	-2.0000667	-2.0000667	0.0317217	0.2701348	0.1545022	0.0000000	0.0000000
7219.9969098	7474.9899978	7474.9977734	-2.0000667	-2.0000667	0.0323192	0.2698440	0.1531053	0.0000000	0.0000000
7219.9969098	7469.9894082	7469.6519141	-2.0000667	-2.0000667	0.0331581	0.2677732	0.1496367	0.0000000	0.0000000
7219.9969098	7464.9852369	7464.7515430	-2.0000667	-2.0000667	0.0368037	0.2710377	0.1573102	0.0000000	0.0000000
7219.9969098	7459.9916683	7459.8511719	-2.0000667	-2.0000667	0.0393617	0.2715115	0.1594597	0.0000000	0.0000000
7219.9969098	7454.9895148	7454.9508008	-2.0000667	-2.0000667	0.0427810	0.2697455	0.1624994	0.0000000	0.0000000
7219.9969098	7449.9879936	7449.6049414	-2.0000667	-2.0000667	0.0456350	0.2714747	0.1634279	0.0000000	0.0000000
7219.9969098	7444.9822808	7444.7045703	-2.0000667	-2.0000667	0.0454413	0.2704430	0.1604703	0.0000000	0.0000000
7219.9969098	7439.9825665	7439.8041992	-2.0000667	-2.0000667	0.0469102	0.2689854	0.1597362	0.0000000	0.0000000
7219.9969098	7434.9828522	7434.9618359	-2.0000667	-2.0000667	0.0515427	0.2705469	0.1647478	0.0000000	0.0000000
7219.9969098	7429.9848914	7429.6792578	-2.0000667	-2.0000667	0.0517200	0.2690471	0.1602073	0.0000000	0.0000000
7219.9969098	7424.9898229	7424.8368945	-2.0000667	-2.0000667	0.0505834	0.2702948	0.1594012	0.0000000	0.0000000
7219.9969098	7419.9889997	7419.9945313	-2.0000667	-2.0000667	0.0516764	0.2706292	0.1571907	0.0000000	0.0000000
7219.9969098	7414.9852991	7414.7119531	-2.0000667	-2.0000667	0.0585067	0.2696924	0.1589705	0.0000000	0.0000000
7219.9969098	7409.9893015	7409.8695898	-2.0000667	-2.0000667	0.0645020	0.2646127	0.1660070	0.0000000	0.0000000
7219.9969098	7404.9855505	7404.5870117	-2.0000667	-2.0000667	0.0671885	0.2686123	0.1635046	0.0000000	0.0000000
7219.9969098	7399.9893051	7399.7446484	-2.0000667	-2.0000667	0.0699707	0.2708740	0.1666127	0.0000000	0.0000000
7219.9969098	7394.9856052	7394.9126367	-2.0000667	-2.0000667	0.0700610	0.2702350	0.1630089	0.0000000	0.0000000
7219.9969098	7389.9845657	7389.6921680	-2.0000667	-2.0000667	0.0731764	0.2709091	0.1648186	0.0000000	0.0000000
7219.9969098	7384.9863215	7384.9067383	-2.0000667	-2.0000667	0.0767971	0.2705724	0.1645377	0.0000000	0.0000000
7219.9969098	7379.9891067	7379.6862695	-2.0000667	-2.0000667	0.0802739	0.2705660	0.1638210	0.0000000	0.0000000
7219.9969098	7374.9850104	7374.9008398	-2.0000667	-2.0000667	0.0839673	0.2677612	0.1704082	0.0000000	0.0000000
7219.9969098	7369.9839616	7369.6803711	-2.0000667	-2.0000667	0.0911552	0.2690503	0.1725166	0.0000000	0.0000000
7219.9969098	7364.9814683	7364.8949414	-2.0000667	-2.0000667	0.0947714	0.2693541	0.1728683	0.0000000	0.0000000
7219.9969098	7359.9861795	7359.6744727	-2.0000667	-2.0000667	0.0977932	0.2689886	0.1725277	0.0000000	0.0000000
7219.9969098	7354.9814419	7354.8890430	-2.0000667	-2.0000667	0.1008354	0.2690304	0.1712479	0.0000000	0.0000000
7219.9969098	7349.9814569	7349.6991016	-2.0000667	-2.0000667	0.1031417	0.2694755	0.1675735	0.0000000	0.0000000
7219.9969098	7344.9830735	7344.9696387	-2.0000667	-2.0000667	0.1069020	0.2705338	0.1692255	0.0000000	0.0000000
7219.9969098	7339.9876760	7339.8102246	-2.0000667	-2.0000667	0.1144427	0.2693862	0.1718278	0.0000000	0.0000000
7219.9969098	7334.9906554	7334.6508105	-2.0000667	-2.0000667	0.1173055	0.2685042	0.1717974	0.0000000	0.0000000
7219.9969098	7329.9862695	7329.9213477	-2.0000667	-2.0000667	0.1237717	0.2705615	0.1731010	0.0000000	0.0000000
7219.9969098	7324.9848570	7324.7619336	-2.0000667	-2.0000667	0.1282524	0.2691492	0.1734028	0.0000000	0.0000000
7219.9969098	7319.9843762	7319.6025195	-2.0000667	-2.0000667	0.1317068	0.2701432	0.1719734	0.0000000	0.0000000
7219.9969098	7314.9856062	7314.8730566	-2.0000667	-2.0000667	0.1342806	0.2688573	0.1747573	0.0000000	0.0000000
7219.9969098	7309.9868361	7309.7136426	-2.0000667	-2.0000667	0.1378704	0.2674874	0.1770400	0.0000000	0.0000000
7219.9969098	7304.9879085	7304.6092822	-2.0000667	-2.0000667	0.1409210	0.2672970	0.1772380	0.0000000	0.0000000
7219.9969098	7299.9890361	7299.9348730	-2.0000667	-2.0000667	0.1432637	0.2684373	0.1770408	0.0000000	0.0000000
7219.9969098	7294.9829595	7294.8355176	-2.0000667	-2.0000667	0.1428759	0.2682018	0.1772994	0.0000000	0.0000000
7219.9969098	7289.9859351	7289.7361621	-2.0000667	-2.0000667	0.1489314	0.2692380	0.1777495	0.0000000	0.0000000
7219.9969098	7284.9854524	7284.6368066	-2.0000667	-2.0000667	0.1508422	0.2696354	0.1768735	0.0000000	0.0000000
7219.9969098	7279.9849698	7279.9623975	-2.0000667	-2.0000667	0.1530027	0.2702916	0.1772410	0.0000000	0.0000000
7219.9969098	7274.9837989	7274.8630420	-2.0000667	-2.0000667	0.1542717	0.2703994	0.1763301	0.0000000	0.0000000
7219.9969098	7269.9840093	7269.7636865	-2.0000667	-2.0000667	0.1543867	0.2706677	0.1740890	0.0000000	0.0000000
7219.9969098	7264.9876701	7264.6888672	-2.0000667	-2.0000667	0.1617208	0.2704867	0.1793234	0.0000000	0.0000000
7219.9969098	7259.9859215	7259.6483984	-2.0000667	-2.0000667	0.1647537	0.2693064	0.1734750	0.0000000	0.0000000
7219.9969098	7254.9850358	7254.6079297	-2.0000667	-2.0000667	0.1686221	0.2701746	0.1748193	0.0000000	0.0000000
7219.9969098	7249.9873132	7249.9875000	-2.0000667	-2.0000667	0.1703328	0.2695577	0.1750304	0.0000000	0.0000000
7219.9969098	7244.9864276	7244.9470313	-2.0000667	-2.0000667	0.1716674	0.2699379	0.1749940	0.0000000	0.0000000
7219.9969098	7239.9880707	7239.9065625	-2.0000667	-2.0000667	0.1782046	0.2688889	0.1763672	0.0000000	0.0000000
7219.9969098	7234.9891235	7234.8660938	-2.0000667	-2.0000667	0.1791415	0.2692115	0.1768629	0.0000000	0.0000000
7219.9969098	7229.9871902	7229.8256250	-2.0000667	-2.0000667	0.1799686	0.2684917	0.1758962	0.0000000	0.0000000
7219.9969098	7224.9850300	7224.7851563	-2.0000667	-2.0000667	0.1791782	0.2699858	0.1712744	0.0000000	0.0000000
7219.9969098	7219.9867826	7219.8026367	-2.0000667	-2.0000667	0.1806649	0.2700232	0.1721875	0.0000000	0.0000000
7219.9969098	7214.9856444	7214.8201172	-2.0000667	-2.0000667	0.1798685	0.2696630	0.1724810	0.0000000	0.0000000
7219.9969098	7209.9867265	7209.8375977	-2.0000667	-2.0000667	0.1845803	0.2699055	0.1743298	0.0000000	0.0000000
7219.9969098	7204.9856049	7204.8550781	-2.0000667	-2.0000667	0.1835707	0.2697909	0.1729053	0.0000000	0.0000000
7219.9969098	7199.9844833	7199.8725586	-2.0000667	-2.0000667	0.1839883	0.2689966	0.1736815	0.0000000	0.0000000
7219.9969098	7194.9864212	7194.8900391	-2.0000667	-2.0000667	0.1826754	0.2698450	0.1766445	0.0000000	0.0000000
7219.9969098	7189.9844123	7189.9075195	-2.0000667	-2.0000667	0.1835215	0.2704207	0.1724171	0.0000000	0.0000000
7219.9969098	7184.9857226	7184.9250000	-2.0000667	-2.0000667	0.1808938	0.2695781	0.1748151	0.0000000	0.0000000
7219.9969098	7179.9835760	7179.9804492	-2.0000667	-2.0000667	0.1775221	0.2684476	0.1766453	0.0000000	0.0000000
7219.9969098	7174.9840016	7174.6444189	-2.0000667	-2.0000667	0.1780231	0.2693778	0.1733138	0.0000000	0.0000000
7219.9969098	7169.9879856	7169.7188525	-2.0000667	-2.0000667	0.1814670	0.2695779	0.1735254	0.0000000	0.0000000
7219.9969098	7164.9848528	7164.7932861	-2.0000667	-2.0000667	0.1808427	0.2696815	0.1701366	0.0000000	0.0000000
7219.9969098	7159.9842183	7159.8677197	-2.0000667	-2.0000667	0.1795142	0.2703126	0.1693325	0.0000000	0.0000000
7219.9969098	7154.9859714	7154.9421533	-2.0000667	-2.0000667	0.1817495	0.2698798	0.1715109	0.0000000	0.0000000
7219.9969098	7149.9845143	7149.6061230	-2.0000667	-2.0000667	0.1799757	0.2701813	0.1700203	0.0000000	0.0000000
7219.9969098	7144.9847639	7144.6805566	-2.0000667	-2.0000667	0.1808488	0.2699204	0.1750580	0.0000000	0.0000000
7219.9969098	7139.9824934	7139.7829688	-2.0000667	-2.0000667	0.1773356	0.2683306	0.1779502	0.0000000	0.0000000
7219.9969098	7134.9864797	7134.9133594	-2.0000667	-2.0000667	0.1719398	0.2693007	0.1799935	0.0000000	0.0000000
7219.9969098	7129.9832069	7129.6379492	-2.0000667	-2.0000667	0.1725992	0.2698962	0.1796871	0.0000000	0.0000000
7219.9969098	7124.9850629	7124.7683398	-2.0000667	-2.0000667	0.1690773	0.2689750	0.1804519	0.0000000	0.0000000
7219.9969098	7119.9837614	7119.8987305	-2.0000667	-2.0000667	0.1689722	0.2677052	0.1770260	0.0000000	0.0000000
7219.9969098	7114.9824600	7114.6233203	-2.0000667	-2.0000667	0.1664473	0.2689648	0.1734059	0.0000000	0.0000000
7219.9969098	7109.9847957	7109.7537109	-2.0000667	-2.0000667	0.1629551	0.2703645	0.1701906	0.0000000	0.0000000
7219.9969098	7104.9825351	7104.8841016	-2.0000667	-2.0000667	0.1590784	0.2705520	0.1701426	0.0000000	0.0000000
7219.9969098	7099.9837702	7099.6316406	-2.0000667	-2.0000667	0.1570853	0.2705835	0.1653262	0.0000000	0.0000000
7219.9969098	7094.9817088	7094.8171094	-2.0000667	-2.0000667	0.1542825	0.2712657	0.1598629	0.0000000	0.0000000
7219.9969098	7089.9874198	7089.6013672	-2.0000667	-2.0000667	0.1535327	0.2698483	0.1663340	0.0000000	0.0000000
7219.9969098	7084.9855810	7084.7868359	-2.0000667	-2.0000667	0.1490320	0.2700406	0.1696198	0.0000000	0.0000000
7219.9969098	7079.9837421	7079.9723047	-2.0000667	-2.0000667	0.1445562	0.2700004	0.1705828	0.0000000	0.0000000
7219.9969098	7074.9849890	7074.7565625	-2.0000667	-2.0000667	0.1401273	0.2699946	0.1730468	0.0000000	0.0000000
7219.9969098	7069.9846289	7069.9420313	-2.0000667	-2.0000667	0.1334520	0.2693510	0.1735269	0.0000000	0.0000000
7219.9969098	7064.9842688	7064.7262891	-2.0000667	-2.0000667	0.1299487	0.2701404	0.1704110	0.0000000	0.0000000
7219.9969098	7059.9851958	7059.9297656	-2.0000667	-2.0000667	0.1291318	0.2687657	0.1714136	0.0000000	0.0000000
7219.9969098	7054.9845719	7054.7725488	-2.0000667	-2.0000667	0.1216685	0.2698351	0.1729457	0.0000000	0.0000000
7219.9969098	7049.9839480	7049.6153320	-2.0000667	-2.0000667	0.1201567	0.2690001	0.1713231	0.0000000	0.0000000
7219.9969098	7044.9806454	7044.8548242	-2.0000667	-2.0000667	0.1135031	0.2700045	0.1702920	0.0000000	0.0000000
7219.9969098	7039.9814065	7039.6976074	-2.0000667	-2.0000667	0.1172552	0.2704310	0.1626818	0.0000000	0.0000000
7219.9969098	7034.9854783	7034.9370996	-2.0000667	-2.0000667	0.1102703	0.2704584	0.1594246	0.0000000	0.0000000
7219.9969098	7029.9865333	7029.7798828	-2.0000667	-2.0000667	0.1076713	0.2703116	0.1603920	0.0000000	0.0000000
7219.9969098	7024.9842404	7024.6226660	-2.0000667	-2.0000667	0.1033632	0.2707384	0.1653779	0.0000000	0.0000000
7219.9969098	7019.9852022	7019.8843262	-2.0000667	-2.0000667	0.0978750	0.2698401	0.1667480	0.0000000	0.0000000
7219.9969098	7014.9861162	7014.7847461	-2.0000667	-2.0000667	0.0965490	0.2698478	0.1612748	0.0000000	0.0000000
7219.9969098	7009.9855214	7009.6851660	-2.0000667	-2.0000667	0.0932408	0.2703231	0.1645729	0.0000000	0.0000000
7219.9969098	7004.9816281	7004.9778613	-2.0000667	-2.0000667	0.0865552	0.2692850	0.1659109	0.0000000	0.0000000
7219.9969098	7000.0292969	6999.8782813	-2.0000667	-2.0000667	0.0816287	0.2675789	0.1689832	0.0000000	0.0000000
