7424.9927902	7499.9984178	7499.6820801	-2.0000667	-2.0000667	0.0087830	0.2665317	0.1599330	0.0000000	7425.0000000
7424.9927902	7494.9907557	7494.7226807	-2.0000667	-2.0000667	0.0101506	0.2667939	0.1589623	0.0000000	0.0000000
7424.9927902	7489.9851278	7489.7632813	-2.0000667	-2.0000667	0.0119672	0.2684229	0.1609421	0.0000000	0.0000000
7424.9927902	7484.9906544	7484.8038818	-2.0000667	-2.0000667	0.0114261	0.2682692	0.1619417	0.0000000	0.0000000
7424.9927902	7479.9905873	7479.8981445	-2.0000667	-2.0000667	0.0133754	0.2672817	0.1617295	0.0000000	0.0000000
7424.9927902	7474.9899978	7474.9977734	-2.0000667	-2.0000667	0.0112560	0.2673024	0.1601991	0.0000000	0.0000000
7424.9927902	7469.9919479	7469.6519141	-2.0000667	-2.0000667	0.0134803	0.2672537	0.1608993	0.0000000	0.0000000
7424.9927902	7464.9880985	7464.7515430	-2.0000667	-2.0000667	0.0158850	0.2675309	0.1605597	0.0000000	0.0000000
7424.9927902	7459.9830834	7459.8511719	-2.0000667	-2.0000667	0.0161262	0.2670707	0.1592361	0.0000000	0.0000000
7424.9927902	7454.9866531	7454.9508008	-2.0000667	-2.0000667	0.0141698	0.2675778	0.1595107	0.0000000	0.0000000
7424.9927902	7449.9849944	7449.6049414	-2.0000667	-2.0000667	0.0154708	0.2674891	0.1632981	0.0000000	0.0000000
7424.9927902	7444.9882793	7444.7045703	-2.0000667	-2.0000667	0.0195187	0.2662059	0.1604713	0.0000000	0.0000000
7424.9927902	7439.9825665	7439.8041992	-2.0000667	-2.0000667	0.0172954	0.2660837	0.1620468	0.0000000	0.0000000
7424.9927902	7434.9828522	7434.9618359	-2.0000667	-2.0000667	0.0206151	0.2651984	0.1623160	0.0000000	0.0000000
7424.9927902	7429.9906461	7429.6792578	-2.0000667	-2.0000667	0.0230067	0.2651014	0.1637329	0.0000000	0.0000000
7424.9927902	7424.9840682	7424.8368945	-2.0000667	-2.0000667	0.0216044	0.2659030	0.1618351	0.0000000	0.0000000
7424.9927902	7419.9889997	7419.9945313	-2.0000667	-2.0000667	0.0206780	0.2659015	0.1625225	0.0000000	0.0000000
7424.9927902	7414.9852991	7414.7119531	-2.0000667	-2.0000667	0.0222969	0.2665684	0.1590232	0.0000000	0.0000000
7424.9927902	7409.9893015	7409.8695898	-2.0000667	-2.0000667	0.0223114	0.2671062	0.1603427	0.0000000	0.0000000
7424.9927902	7404.9855505	7404.5870117	-2.0000667	-2.0000667	0.0216104	0.2683276	0.1645946	0.0000000	0.0000000
7424.9927902	7399.9868032	7399.7446484	-2.0000667	-2.0000667	0.0216388	0.2667126	0.1662286	0.0000000	0.0000000
7424.9927902	7394.9884007	7394.9126367	-2.0000667	-2.0000667	0.0243870	0.2675217	0.1626959	0.0000000	0.0000000
7424.9927902	7389.9845657	7389.6921680	-2.0000667	-2.0000667	0.0272235	0.2681982	0.1650181	0.0000000	0.0000000
7424.9927902	7384.9891170	7384.9067383	-2.0000667	-2.0000667	0.0504189	0.2666152	0.1631416	0.0000000	0.0000000
7424.9927902	7379.9891067	7379.6862695	-2.0000667	-2.0000667	0.0283204	0.2670171	0.1639198	0.0000000	0.0000000
7424.9927902	7374.9819628	7374.9008398	-2.0000667	-2.0000667	0.0244998	0.2684189	0.1626859	0.0000000	0.0000000
7424.9927902	7369.9839616	7369.6803711	-2.0000667	-2.0000667	0.0287997	0.2677246	0.1651284	0.0000000	0.0000000
7424.9927902	7364.9814683	7364.8949414	-2.0000667	-2.0000667	0.0291357	0.2681542	0.1691787	0.0000000	0.0000000
7424.9927902	7359.9861795	7359.6744727	-2.0000667	-2.0000667	0.0262493	0.2669418	0.1689751	0.0000000	0.0000000
7424.9927902	7354.9814419	7354.8890430	-2.0000667	-2.0000667	0.0321926	0.2666288	0.1680514	0.0000000	0.0000000
7424.9927902	7349.9844428	7349.6991016	-2.0000667	-2.0000667	0.0302057	0.2666385	0.1679689	0.0000000	0.0000000
7424.9927902	7344.9830735	7344.9696387	-2.0000667	-2.0000667	0.0275341	0.2654235	0.1674276	0.0000000	0.0000000
7424.9927902	7339.9876760	7339.8102246	-2.0000667	-2.0000667	0.0281644	0.2659990	0.1685280	0.0000000	0.0000000
7424.9927902	7334.9876819	7334.6508105	-2.0000667	-2.0000667	0.0324076	0.2665408	0.1695728	0.0000000	0.0000000
7424.9927902	7329.9892429	7329.9213477	-2.0000667	-2.0000667	0.0308859	0.2649634	0.1676342	0.0000000	0.0000000
7424.9927902	7324.9878305	7324.7619336	-2.0000667	-2.0000667	0.0321755	0.2659258	0.1684949	0.0000000	0.0000000
7424.9927902	7319.9843762	7319.6025195	-2.0000667	-2.0000667	0.0315776	0.2653837	0.1675684	0.0000000	0.0000000
7424.9927902	7314.9883833	7314.8730566	-2.0000667	-2.0000667	0.0317001	0.2662535	0.1688705	0.0000000	0.0000000
7424.9927902	7309.9896132	7309.7136426	-2.0000667	-2.0000667	0.0308545	0.2673171	0.1725116	0.0000000	0.0000000
7424.9927902	7304.9907881	7304.6092822	-2.0000667	-2.0000667	0.0320319	0.2669712	0.1694899	0.0000000	0.0000000
7424.9927902	7299.9890361	7299.9348730	-2.0000667	-2.0000667	0.0319847	0.2667188	0.1716799	0.0000000	0.0000000
7424.9927902	7294.9829595	7294.8355176	-2.0000667	-2.0000667	0.0329623	0.2672327	0.1727822	0.0000000	0.0000000
7424.9927902	7289.9859351	7289.7361621	-2.0000667	-2.0000667	0.0316766	0.2672875	0.1754502	0.0000000	0.0000000
7424.9927902	7284.9819943	7284.6368066	-2.0000667	-2.0000667	0.0309653	0.2679630	0.1728577	0.0000000	0.0000000
7424.9927902	7279.9884279	7279.9623975	-2.0000667	-2.0000667	0.0326520	0.2668917	0.1725612	0.0000000	0.0000000
7424.9927902	7274.9837989	7274.8630420	-2.0000667	-2.0000667	0.0321769	0.2669392	0.1740696	0.0000000	0.0000000
7424.9927902	7269.9840093	7269.7636865	-2.0000667	-2.0000667	0.0351824	0.2656930	0.1729119	0.0000000	0.0000000
7424.9927902	7264.9876701	7264.6888672	-2.0000667	-2.0000667	0.0324479	0.2653677	0.1720421	0.0000000	0.0000000
7424.9927902	7259.9890846	7259.6483984	-2.0000667	-2.0000667	0.0341177	0.2663315	0.1757079	0.0000000	0.0000000
7424.9927902	7254.9850358	7254.6079297	-2.0000667	-2.0000667	0.0326727	0.2656351	0.1733193	0.0000000	0.0000000
7424.9927902	7249.9873132	7249.9875000	-2.0000667	-2.0000667	0.0350504	0.2659717	0.1753981	0.0000000	0.0000000
7424.9927902	7244.9864276	7244.9470313	-2.0000667	-2.0000667	0.0335247	0.2664739	0.1729476	0.0000000	0.0000000
7424.9927902	7239.9880707	7239.9065625	-2.0000667	-2.0000667	0.0322231	0.2663824	0.1751993	0.0000000	0.0000000
7424.9927902	7234.9921098	7234.8660938	-2.0000667	-2.0000667	0.0327904	0.2673362	0.1750507	0.0000000	0.0000000
7424.9927902	7229.9901764	7229.8256250	-2.0000667	-2.0000667	0.0944199	0.2676927	0.1739290	0.0000000	0.0000000
7424.9927902	7224.9908117	7224.7851563	-2.0000667	-2.0000667	0.0334836	0.2658358	0.1751846	0.0000000	0.0000000
7424.9927902	7219.9896734	7219.8026367	-2.0000667	-2.0000667	0.0319402	0.2669940	0.1767299	0.0000000	0.0000000
7424.9927902	7214.9856444	7214.8201172	-2.0000667	-2.0000667	0.0288638	0.2670233	0.1759647	0.0000000	0.0000000
7424.9927902	7209.9899551	7209.8375977	-2.0000667	-2.0000667	0.0293290	0.2660725	0.1762891	0.0000000	0.0000000
7424.9927902	7204.9856049	7204.8550781	-2.0000667	-2.0000667	0.0285834	0.2662511	0.1798524	0.0000000	0.0000000
7424.9927902	7199.9877120	7199.8725586	-2.0000667	-2.0000667	0.0285399	0.2658820	0.1760515	0.0000000	0.0000000
7424.9927902	7194.9864212	7194.8900391	-2.0000667	-2.0000667	0.0292900	0.2669984	0.1797649	0.0000000	0.0000000
7424.9927902	7189.9877315	7189.9075195	-2.0000667	-2.0000667	0.0270387	0.2658854	0.1777308	0.0000000	0.0000000
7424.9927902	7184.9857226	7184.9250000	-2.0000667	-2.0000667	0.0257939	0.2652264	0.1749972	0.0000000	0.0000000
7424.9927902	7179.9835760	7179.9804492	-2.0000667	-2.0000667	0.0250050	0.2643732	0.1741796	0.0000000	0.0000000
7424.9927902	7174.9840016	7174.6444189	-2.0000667	-2.0000667	0.0237058	0.2654908	0.1774126	0.0000000	0.0000000
7424.9927902	7169.9844272	7169.7188525	-2.0000667	-2.0000667	0.0233437	0.2659630	0.1769535	0.0000000	0.0000000
7424.9927902	7164.9848528	7164.7932861	-2.0000667	-2.0000667	0.0195223	0.2653726	0.1758391	0.0000000	0.0000000
7424.9927902	7159.9810081	7159.8677197	-2.0000667	-2.0000667	0.0215803	0.2648396	0.1776570	0.0000000	0.0000000
7424.9927902	7154.9859714	7154.9421533	-2.0000667	-2.0000667	0.0200317	0.2654578	0.1779792	0.0000000	0.0000000
7424.9927902	7149.9845143	7149.6061230	-2.0000667	-2.0000667	0.0184482	0.2660724	0.1830950	0.0000000	0.0000000
7424.9927902	7144.9847639	7144.6805566	-2.0000667	-2.0000667	0.0163380	0.2669333	0.1809518	0.0000000	0.0000000
7424.9927902	7139.9856218	7139.7829688	-2.0000667	-2.0000667	0.0172539	0.2668445	0.1802577	0.0000000	0.0000000
7424.9927902	7134.9864797	7134.9133594	-2.0000667	-2.0000667	0.0153066	0.2669734	0.1795676	0.0000000	0.0000000
7424.9927902	7129.9863643	7129.6379492	-2.0000667	-2.0000667	0.0153579	0.2659763	0.1783727	0.0000000	0.0000000
7424.9927902	7124.9850629	7124.7683398	-2.0000667	-2.0000667	0.0132959	0.2660845	0.1798942	0.0000000	0.0000000
7424.9927902	7119.9869188	7119.8987305	-2.0000667	-2.0000667	0.0122098	0.2626669	0.1783912	0.0000000	0.0000000
7424.9927902	7114.9856174	7114.6233203	-2.0000667	-2.0000667	0.0130598	0.2666145	0.1787721	0.0000000	0.0000000
7424.9927902	7109.9882914	7109.7537109	-2.0000667	-2.0000667	0.0129492	0.2656213	0.1791807	0.0000000	0.0000000
7424.9927902	7104.9860308	7104.8841016	-2.0000667	-2.0000667	0.0125500	0.2643434	0.1784951	0.0000000	0.0000000
7424.9927902	7099.9872658	7099.6316406	-2.0000667	-2.0000667	0.0098956	0.2642069	0.1766887	0.0000000	0.0000000
7424.9927902	7094.9817088	7094.8171094	-2.0000667	-2.0000667	0.0098910	0.2645961	0.1813430	0.0000000	0.0000000
7424.9927902	7089.9836449	7089.6013672	-2.0000667	-2.0000667	0.0118606	0.2650679	0.1822418	0.0000000	0.0000000
7424.9927902	7084.9855810	7084.7868359	-2.0000667	-2.0000667	0.0089015	0.2661991	0.1810048	0.0000000	0.0000000
7424.9927902	7079.9875171	7079.9723047	-2.0000667	-2.0000667	0.0075446	0.2652062	0.1811228	0.0000000	0.0000000
7424.9927902	7074.9849890	7074.7565625	-2.0000667	-2.0000667	0.0069749	0.2666567	0.1789099	0.0000000	0.0000000
7424.9927902	7069.9846289	7069.9420313	-2.0000667	-2.0000667	0.0065630	0.2668131	0.1803066	0.0000000	0.0000000
7424.9927902	7064.9842688	7064.7262891	-2.0000667	-2.0000667	0.0063551	0.2655776	0.1795497	0.0000000	0.0000000
7424.9927902	7059.9851958	7059.9297656	-2.0000667	-2.0000667	0.0055074	0.2648184	0.1814469	0.0000000	0.0000000
7424.9927902	7054.9845719	7054.7725488	-2.0000667	-2.0000667	0.0050903	0.2657203	0.1804335	0.0000000	0.0000000
7424.9927902	7049.9839480	7049.6153320	-2.0000667	-2.0000667	0.0054199	0.2650348	0.1791636	0.0000000	0.0000000
7424.9927902	7044.9806454	7044.8548242	-2.0000667	-2.0000667	0.0056631	0.2657273	0.1828954	0.0000000	0.0000000
7424.9927902	7039.9880280	7039.6976074	-2.0000667	-2.0000667	0.0055913	0.2658059	0.1841544	0.0000000	0.0000000
7424.9927902	7034.9854783	7034.9370996	-2.0000667	-2.0000667	0.0046708	0.2661428	0.1812419	0.0000000	0.0000000
7424.9927902	7029.9865333	7029.7798828	-2.0000667	-2.0000667	0.0039181	0.2666964	0.1824194	0.0000000	0.0000000
7424.9927902	7024.9842404	7024.6226660	-2.0000667	-2.0000667	0.0041338	0.2667772	0.1824924	0.0000000	0.0000000
7424.9927902	7019.9884567	7019.8843262	-2.0000667	-2.0000667	0.0031969	0.2667521	0.1834160	0.0000000	0.0000000
7424.9927902	7014.9861162	7014.7847461	-2.0000667	-2.0000667	0.0027870	0.2658131	0.1827498	0.0000000	0.0000000
7424.9927902	7009.9855214	7009.6851660	-2.0000667	-2.0000667	0.0025109	0.2656565	0.1847870	0.0000000	0.0000000
7424.9927902	7004.9816281	7004.9778613	-2.0000667	-2.0000667	0.0021160	0.2672606	0.1808005	0.0000000	0.0000000
7424.9927902	7000.0292969	6999.8782813	-2.0000667	-2.0000667	0.0019324	0.2669778	0.1829673	0.0000000	0.0000000
