7104.9896674	7499.9984178	7499.6820801	-2.0000667	-2.0000667	0.0025907	0.2843917	0.1493826	0.0000000	7105.0000000
7104.9896674	7494.9851784	7494.7226807	-2.0000667	-2.0000667	0.0029595	0.2862939	0.1446490	0.0000000	0.0000000
7104.9896674	7489.9851278	7489.7632813	-2.0000667	-2.0000667	0.0020593	0.2867474	0.1363756	0.0000000	0.0000000
7104.9896674	7484.9878658	7484.8038818	-2.0000667	-2.0000667	0.0032644	0.2872893	0.1331740	0.0000000	0.0000000
7104.9896674	7479.9905873	7479.8981445	-2.0000667	-2.0000667	0.0035510	0.2848217	0.1469623	0.0000000	0.0000000
7104.9896674	7474.9849184	7474.9977734	-2.0000667	-2.0000667	0.0044830	0.2868942	0.1467798	0.0000000	0.0000000
7104.9896674	7469.9894082	7469.6519141	-2.0000667	-2.0000667	0.0042870	0.2847332	0.1470770	0.0000000	0.0000000
7104.9896674	7464.9880985	7464.7515430	-2.0000667	-2.0000667	0.0071697	0.2848457	0.1502003	0.0000000	0.0000000
7104.9896674	7459.9859450	7459.8511719	-2.0000667	-2.0000667	0.0051886	0.2874687	0.1468920	0.0000000	0.0000000
7104.9896674	7454.9866531	7454.9508008	-2.0000667	-2.0000667	0.0062808	0.2870732	0.1524789	0.0000000	0.0000000
7104.9896674	7450.0389805	7449.6049414	-2.0000667	-2.0000667	0.0066548	0.2873716	0.1533231	0.0000000	0.0000000
7104.9896674	7445.0272693	7444.7045703	-2.0000667	-2.0000667	0.0060439	0.2852987	0.1451138	0.0000000	0.0000000
7104.9896674	7440.0365526	7439.8041992	-2.0000667	-2.0000667	0.0094537	0.2848461	0.1486202	0.0000000	0.0000000
7104.9896674	7435.0218422	7434.9618359	-2.0000667	-2.0000667	0.0071470	0.2858783	0.1477173	0.0000000	0.0000000
7104.9896674	7430.0309289	7429.6792578	-2.0000667	-2.0000667	0.0081068	0.2871697	0.1460490	0.0000000	0.0000000
7104.9896674	7424.9840682	7424.8368945	-2.0000667	-2.0000667	0.0064910	0.2874360	0.1429404	0.0000000	0.0000000
7104.9896674	7419.9889997	7419.9945313	-2.0000667	-2.0000667	0.0073065	0.2883564	0.1297694	0.0000000	0.0000000
7104.9896674	7414.9852991	7414.7119531	-2.0000667	-2.0000667	0.0106475	0.2861006	0.1368127	0.0000000	0.0000000
7104.9896674	7409.9893015	7409.8695898	-2.0000667	-2.0000667	0.0156733	0.2853387	0.1382407	0.0000000	0.0000000
7104.9896674	7404.9855505	7404.5870117	-2.0000667	-2.0000667	0.0157141	0.2857676	0.1426189	0.0000000	0.0000000
7104.9896674	7399.9893051	7399.7446484	-2.0000667	-2.0000667	0.0146417	0.2872187	0.1403774	0.0000000	0.0000000
7104.9896674	7394.9884007	7394.9126367	-2.0000667	-2.0000667	0.0093148	0.2883079	0.1188851	0.0000000	0.0000000
7104.9896674	7389.9845657	7389.6921680	-2.0000667	-2.0000667	0.0130162	0.2875145	0.1234124	0.0000000	0.0000000
7104.9896674	7384.9891170	7384.9067383	-2.0000667	-2.0000667	0.0150471	0.2847120	0.1306769	0.0000000	0.0000000
7104.9896674	7380.0317726	7379.6862695	-2.0000667	-2.0000667	0.0235039	0.2873881	0.1302374	0.0000000	0.0000000
7104.9896674	7375.0246287	7374.9008398	-2.0000667	-2.0000667	0.0226279	0.2897051	0.1344685	0.0000000	0.0000000
7104.9896674	7370.0296750	7369.6803711	-2.0000667	-2.0000667	0.0297366	0.2870502	0.1403435	0.0000000	0.0000000
7104.9896674	7365.0161140	7364.8949414	-2.0000667	-2.0000667	0.0386519	0.2862577	0.1478440	0.0000000	0.0000000
7104.9896674	7360.0145260	7359.6744727	-2.0000667	-2.0000667	0.0492522	0.2845343	0.1584585	0.0000000	0.0000000
7104.9896674	7355.0318357	7354.8890430	-2.0000667	-2.0000667	0.0479269	0.2848910	0.1509406	0.0000000	0.0000000
7104.9896674	7350.0202735	7349.6991016	-2.0000667	-2.0000667	0.0493207	0.2855414	0.1420815	0.0000000	0.0000000
7104.9896674	7345.0308478	7344.9696387	-2.0000667	-2.0000667	0.0420876	0.2851072	0.1441948	0.0000000	0.0000000
7104.9896674	7340.0205208	7339.8102246	-2.0000667	-2.0000667	0.0456917	0.2856541	0.1418702	0.0000000	0.0000000
7104.9896674	7335.0263373	7334.6508105	-2.0000667	-2.0000667	0.0510564	0.2861486	0.1422844	0.0000000	0.0000000
7104.9896674	7330.0338453	7329.9213477	-2.0000667	-2.0000667	0.0565325	0.2858804	0.1402346	0.0000000	0.0000000
7104.9896674	7325.0383798	7324.7619336	-2.0000667	-2.0000667	0.0674242	0.2843821	0.1517181	0.0000000	0.0000000
7104.9896674	7319.9871533	7319.6025195	-2.0000667	-2.0000667	0.0721094	0.2864791	0.1589862	0.0000000	0.0000000
7104.9896674	7314.9856062	7314.8730566	-2.0000667	-2.0000667	0.0703409	0.2857766	0.1426560	0.0000000	0.0000000
7104.9896674	7309.9896132	7309.7136426	-2.0000667	-2.0000667	0.0717911	0.2869839	0.1399674	0.0000000	0.0000000
7104.9896674	7304.9907881	7304.6092822	-2.0000667	-2.0000667	0.0709781	0.2881641	0.1375243	0.0000000	0.0000000
7104.9896674	7299.9861565	7299.9348730	-2.0000667	-2.0000667	0.0854042	0.2885366	0.1434700	0.0000000	0.0000000
7104.9896674	7295.0348318	7294.8355176	-2.0000667	-2.0000667	0.0809852	0.2849048	0.1480762	0.0000000	0.0000000
7104.9896674	7289.9859351	7289.7361621	-2.0000667	-2.0000667	0.0846870	0.2873962	0.1425470	0.0000000	0.0000000
7104.9896674	7284.9819943	7284.6368066	-2.0000667	-2.0000667	0.0659562	0.2877477	0.1290155	0.0000000	0.0000000
7104.9896674	7279.9884279	7279.9623975	-2.0000667	-2.0000667	0.0858059	0.2876089	0.1385582	0.0000000	0.0000000
7104.9896674	7274.9837989	7274.8630420	-2.0000667	-2.0000667	0.0843735	0.2865248	0.1392032	0.0000000	0.0000000
7104.9896674	7269.9978113	7269.7636865	-2.0000667	-2.0000667	0.0839828	0.2873044	0.1361403	0.0000000	0.0000000
7104.9896674	7264.9842196	7264.6888672	-2.0000667	-2.0000667	0.0849648	0.2861132	0.1357623	0.0000000	0.0000000
7104.9896674	7260.0017370	7259.6483984	-2.0000667	-2.0000667	0.0987672	0.2849143	0.1382936	0.0000000	0.0000000
7104.9896674	7255.0198301	7254.6079297	-2.0000667	-2.0000667	0.1156870	0.2860087	0.1426205	0.0000000	0.0000000
7104.9896674	7250.0221075	7249.9875000	-2.0000667	-2.0000667	0.1259296	0.2868304	0.1456169	0.0000000	0.0000000
7104.9896674	7245.0117325	7244.9470313	-2.0000667	-2.0000667	0.1522665	0.2855703	0.1550421	0.0000000	0.0000000
7104.9896674	7240.0328641	7239.9065625	-2.0000667	-2.0000667	0.1437981	0.2883660	0.1496755	0.0000000	0.0000000
7104.9896674	7235.0279445	7234.8660938	-2.0000667	-2.0000667	0.1297372	0.2871071	0.1436471	0.0000000	0.0000000
7104.9896674	7230.0260112	7229.8256250	-2.0000667	-2.0000667	0.1409143	0.2846063	0.1494409	0.0000000	0.0000000
7104.9896674	7224.9879209	7224.7851563	-2.0000667	-2.0000667	0.1466537	0.2834880	0.1486936	0.0000000	0.0000000
7104.9896674	7219.9867826	7219.8026367	-2.0000667	-2.0000667	0.1668618	0.2854592	0.1519784	0.0000000	0.0000000
7104.9896674	7214.9856444	7214.8201172	-2.0000667	-2.0000667	0.1554877	0.2849131	0.1489823	0.0000000	0.0000000
7104.9896674	7210.0157840	7209.8375977	-2.0000667	-2.0000667	0.1795199	0.2865792	0.1520764	0.0000000	0.0000000
7104.9896674	7205.0211197	7204.8550781	-2.0000667	-2.0000667	0.1809225	0.2861299	0.1518146	0.0000000	0.0000000
7104.9896674	7200.0038550	7199.8725586	-2.0000667	-2.0000667	0.1782208	0.2850322	0.1505355	0.0000000	0.0000000
7104.9896674	7195.0030172	7194.8900391	-2.0000667	-2.0000667	0.1766598	0.2857789	0.1477271	0.0000000	0.0000000
7104.9896674	7190.0043274	7189.9075195	-2.0000667	-2.0000667	0.1491346	0.2878852	0.1354299	0.0000000	0.0000000
7104.9896674	7185.0023185	7184.9250000	-2.0000667	-2.0000667	0.1590980	0.2866650	0.1408580	0.0000000	0.0000000
7104.9896674	7179.9978097	7179.9804492	-2.0000667	-2.0000667	0.1829427	0.2869628	0.1475704	0.0000000	0.0000000
7104.9896674	7174.9804432	7174.6444189	-2.0000667	-2.0000667	0.1900148	0.2861659	0.1501249	0.0000000	0.0000000
7104.9896674	7169.9844272	7169.7188525	-2.0000667	-2.0000667	0.2004164	0.2861753	0.1501069	0.0000000	0.0000000
7104.9896674	7164.9884112	7164.7932861	-2.0000667	-2.0000667	0.2005016	0.2872327	0.1449736	0.0000000	0.0000000
7104.9896674	7160.0002692	7159.8677197	-2.0000667	-2.0000667	0.2013145	0.2865621	0.1444934	0.0000000	0.0000000
7104.9896674	7155.0148630	7154.9421533	-2.0000667	-2.0000667	0.1947017	0.2867159	0.1410835	0.0000000	0.0000000
7104.9896674	7150.0037754	7149.6061230	-2.0000667	-2.0000667	0.2204468	0.2865251	0.1479617	0.0000000	0.0000000
7104.9896674	7145.0160476	7144.6805566	-2.0000667	-2.0000667	0.2098135	0.2860106	0.1404318	0.0000000	0.0000000
7104.9896674	7140.0169055	7139.7829688	-2.0000667	-2.0000667	0.2236235	0.2875771	0.1420461	0.0000000	0.0000000
7104.9896674	7135.0146351	7134.9133594	-2.0000667	-2.0000667	0.2147557	0.2881334	0.1404282	0.0000000	0.0000000
7104.9896674	7130.0242529	7129.6379492	-2.0000667	-2.0000667	0.2091642	0.2879553	0.1351909	0.0000000	0.0000000
7104.9896674	7125.0103220	7124.7683398	-2.0000667	-2.0000667	0.2307291	0.2865361	0.1439297	0.0000000	0.0000000
7104.9896674	7120.0153353	7119.8987305	-2.0000667	-2.0000667	0.2412947	0.2858915	0.1466826	0.0000000	0.0000000
7104.9896674	7115.0203486	7114.6233203	-2.0000667	-2.0000667	0.2633850	0.2854949	0.1494767	0.0000000	0.0000000
7104.9896674	7109.9847957	7109.7537109	-2.0000667	-2.0000667	0.2776152	0.2866010	0.1534930	0.0000000	0.0000000
7104.9896674	7104.9825351	7104.8841016	-2.0000667	-2.0000667	0.2589385	0.2858820	0.1484222	0.0000000	0.0000000
7104.9896674	7099.9837702	7099.6316406	-2.0000667	-2.0000667	0.2771384	0.2841726	0.1535626	0.0000000	0.0000000
7104.9896674	7094.9817088	7094.8171094	-2.0000667	-2.0000667	0.2853292	0.2847040	0.1548522	0.0000000	0.0000000
7104.9896674	7089.9836449	7089.6013672	-2.0000667	-2.0000667	0.2655997	0.2875212	0.1474901	0.0000000	0.0000000
7104.9896674	7084.9818060	7084.7868359	-2.0000667	-2.0000667	0.2502124	0.2886184	0.1420514	0.0000000	0.0000000
7104.9896674	7079.9875171	7079.9723047	-2.0000667	-2.0000667	0.2545667	0.2878992	0.1448115	0.0000000	0.0000000
7104.9896674	7074.9849890	7074.7565625	-2.0000667	-2.0000667	0.2416256	0.2887346	0.1427748	0.0000000	0.0000000
7104.9896674	7069.9846289	7069.9420313	-2.0000667	-2.0000667	0.2571840	0.2862480	0.1477465	0.0000000	0.0000000
7104.9896674	7064.9806401	7064.7262891	-2.0000667	-2.0000667	0.2558794	0.2866656	0.1475592	0.0000000	0.0000000
7104.9896674	7059.9851958	7059.9297656	-2.0000667	-2.0000667	0.2644946	0.2857065	0.1484159	0.0000000	0.0000000
7104.9896674	7055.0139873	7054.7725488	-2.0000667	-2.0000667	0.2712299	0.2838774	0.1504552	0.0000000	0.0000000
7104.9896674	7050.0068266	7049.6153320	-2.0000667	-2.0000667	0.2807227	0.2862031	0.1550385	0.0000000	0.0000000
7104.9896674	7045.0071315	7044.8548242	-2.0000667	-2.0000667	0.2483456	0.2878721	0.1434779	0.0000000	0.0000000
7104.9896674	7040.0045818	7039.6976074	-2.0000667	-2.0000667	0.2462991	0.2882998	0.1457028	0.0000000	0.0000000
7104.9896674	7035.0053429	7034.9370996	-2.0000667	-2.0000667	0.2725699	0.2855144	0.1575991	0.0000000	0.0000000
7104.9896674	7029.9995516	7029.7798828	-2.0000667	-2.0000667	0.2649722	0.2874065	0.1538624	0.0000000	0.0000000
7104.9896674	7024.9842404	7024.6226660	-2.0000667	-2.0000667	0.2613610	0.2879861	0.1511344	0.0000000	0.0000000
7104.9896674	7019.9852022	7019.8843262	-2.0000667	-2.0000667	0.2544938	0.2880267	0.1548080	0.0000000	0.0000000
7104.9896674	7014.9861162	7014.7847461	-2.0000667	-2.0000667	0.2459580	0.2874275	0.1531155	0.0000000	0.0000000
7104.9896674	7009.9855214	7009.6851660	-2.0000667	-2.0000667	0.2197332	0.2877985	0.1418468	0.0000000	0.0000000
7104.9896674	7004.9816281	7004.9778613	-2.0000667	-2.0000667	0.2201072	0.2870465	0.1466952	0.0000000	0.0000000
7104.9896674	7000.0292969	6999.8782813	-2.0000667	-2.0000667	0.2273187	0.2843838	0.1522604	0.0000000	0.0000000
