7484.9942844	7499.9984178	7499.6820801	-2.0000667	-2.0000667	0.0067236	0.2621699	0.1640979	0.0000000	7485.0000000
7484.9942844	7494.9879671	7494.7226807	-2.0000667	-2.0000667	0.0049124	0.2617437	0.1651067	0.0000000	0.0000000
7484.9942844	7489.9879164	7489.7632813	-2.0000667	-2.0000667	0.0055822	0.2611307	0.1647561	0.0000000	0.0000000
7484.9942844	7484.9878658	7484.8038818	-2.0000667	-2.0000667	0.0073945	0.2595284	0.1652643	0.0000000	0.0000000
7484.9942844	7479.9905873	7479.8981445	-2.0000667	-2.0000667	0.0078147	0.2607051	0.1653695	0.0000000	0.0000000
7484.9942844	7474.9849184	7474.9977734	-2.0000667	-2.0000667	0.0097242	0.2604822	0.1680182	0.0000000	0.0000000
7484.9942844	7469.9894082	7469.6519141	-2.0000667	-2.0000667	0.0041079	0.2613887	0.1676064	0.0000000	0.0000000
7484.9942844	7464.9880985	7464.7515430	-2.0000667	-2.0000667	0.0048966	0.2611692	0.1667524	0.0000000	0.0000000
7484.9942844	7459.9830834	7459.8511719	-2.0000667	-2.0000667	0.0404578	0.2596143	0.1683038	0.0000000	0.0000000
7484.9942844	7454.9866531	7454.9508008	-2.0000667	-2.0000667	0.0062012	0.2608549	0.1688726	0.0000000	0.0000000
7484.9942844	7449.9879936	7449.6049414	-2.0000667	-2.0000667	0.0082325	0.2620806	0.1698240	0.0000000	0.0000000
7484.9942844	7444.9852800	7444.7045703	-2.0000667	-2.0000667	0.0083018	0.2615063	0.1671403	0.0000000	0.0000000
7484.9942844	7439.9825665	7439.8041992	-2.0000667	-2.0000667	0.0064814	0.2623247	0.1697365	0.0000000	0.0000000
7484.9942844	7434.9828522	7434.9618359	-2.0000667	-2.0000667	0.0070051	0.2609895	0.1697777	0.0000000	0.0000000
7484.9942844	7429.9877688	7429.6792578	-2.0000667	-2.0000667	0.0055438	0.2619785	0.1692739	0.0000000	0.0000000
7484.9942844	7424.9840682	7424.8368945	-2.0000667	-2.0000667	0.0052064	0.2616632	0.1697129	0.0000000	0.0000000
7484.9942844	7419.9861223	7419.9945313	-2.0000667	-2.0000667	0.0065278	0.2611638	0.1695200	0.0000000	0.0000000
7484.9942844	7414.9852991	7414.7119531	-2.0000667	-2.0000667	0.0061062	0.2611000	0.1702126	0.0000000	0.0000000
7484.9942844	7409.9893015	7409.8695898	-2.0000667	-2.0000667	0.0113835	0.2616687	0.1672571	0.0000000	0.0000000
7484.9942844	7404.9855505	7404.5870117	-2.0000667	-2.0000667	0.0067120	0.2618142	0.1713616	0.0000000	0.0000000
7484.9942844	7399.9868032	7399.7446484	-2.0000667	-2.0000667	0.0063175	0.2610874	0.1696254	0.0000000	0.0000000
7484.9942844	7394.9884007	7394.9126367	-2.0000667	-2.0000667	0.0232441	0.2624009	0.1683118	0.0000000	0.0000000
7484.9942844	7389.9873611	7389.6921680	-2.0000667	-2.0000667	0.0128964	0.2628364	0.1682738	0.0000000	0.0000000
7484.9942844	7384.9835261	7384.9067383	-2.0000667	-2.0000667	0.0097648	0.2606305	0.1705973	0.0000000	0.0000000
7484.9942844	7379.9860592	7379.6862695	-2.0000667	-2.0000667	0.0104987	0.2606422	0.1713303	0.0000000	0.0000000
7484.9942844	7374.9819628	7374.9008398	-2.0000667	-2.0000667	0.0134907	0.2617284	0.1693171	0.0000000	0.0000000
7484.9942844	7369.9839616	7369.6803711	-2.0000667	-2.0000667	0.0101189	0.2611692	0.1727273	0.0000000	0.0000000
7484.9942844	7364.9846179	7364.8949414	-2.0000667	-2.0000667	0.0169041	0.2606774	0.1728124	0.0000000	0.0000000
7484.9942844	7359.9861795	7359.6744727	-2.0000667	-2.0000667	0.0150808	0.2601802	0.1756230	0.0000000	0.0000000
7484.9942844	7354.9814419	7354.8890430	-2.0000667	-2.0000667	0.0125248	0.2599639	0.1768485	0.0000000	0.0000000
7484.9942844	7349.9874287	7349.6991016	-2.0000667	-2.0000667	0.0181837	0.2617794	0.1766823	0.0000000	0.0000000
7484.9942844	7344.9860594	7344.9696387	-2.0000667	-2.0000667	0.0295455	0.2611906	0.1777335	0.0000000	0.0000000
7484.9942844	7339.9906619	7339.8102246	-2.0000667	-2.0000667	0.0212069	0.2605563	0.1767987	0.0000000	0.0000000
7484.9942844	7334.9906554	7334.6508105	-2.0000667	-2.0000667	0.0158059	0.2617308	0.1766083	0.0000000	0.0000000
7484.9942844	7329.9862695	7329.9213477	-2.0000667	-2.0000667	0.0141953	0.2628135	0.1755345	0.0000000	0.0000000
7484.9942844	7324.9878305	7324.7619336	-2.0000667	-2.0000667	0.0109894	0.2612208	0.1780649	0.0000000	0.0000000
7484.9942844	7319.9843762	7319.6025195	-2.0000667	-2.0000667	0.0126891	0.2612670	0.1775801	0.0000000	0.0000000
7484.9942844	7314.9856062	7314.8730566	-2.0000667	-2.0000667	0.0149446	0.2601050	0.1773802	0.0000000	0.0000000
7484.9942844	7309.9868361	7309.7136426	-2.0000667	-2.0000667	0.0211033	0.2586642	0.1822766	0.0000000	0.0000000
7484.9942844	7304.9879085	7304.6092822	-2.0000667	-2.0000667	0.0316744	0.2626157	0.1761725	0.0000000	0.0000000
7484.9942844	7299.9861565	7299.9348730	-2.0000667	-2.0000667	0.0211235	0.2610704	0.1804448	0.0000000	0.0000000
7484.9942844	7294.9829595	7294.8355176	-2.0000667	-2.0000667	0.0146169	0.2612874	0.1791875	0.0000000	0.0000000
7484.9942844	7289.9859351	7289.7361621	-2.0000667	-2.0000667	0.0202263	0.2614329	0.1819901	0.0000000	0.0000000
7484.9942844	7284.9854524	7284.6368066	-2.0000667	-2.0000667	0.0202603	0.2601285	0.1820978	0.0000000	0.0000000
7484.9942844	7279.9849698	7279.9623975	-2.0000667	-2.0000667	0.0165203	0.2615372	0.1800684	0.0000000	0.0000000
7484.9942844	7274.9837989	7274.8630420	-2.0000667	-2.0000667	0.0194257	0.2605265	0.1829037	0.0000000	0.0000000
7484.9942844	7269.9874598	7269.7636865	-2.0000667	-2.0000667	0.0219570	0.2604023	0.1830021	0.0000000	0.0000000
7484.9942844	7264.9842196	7264.6888672	-2.0000667	-2.0000667	0.0213146	0.2611274	0.1822986	0.0000000	0.0000000
7484.9942844	7259.9859215	7259.6483984	-2.0000667	-2.0000667	0.0181937	0.2605667	0.1811306	0.0000000	0.0000000
7484.9942844	7254.9818727	7254.6079297	-2.0000667	-2.0000667	0.0169069	0.2614939	0.1808369	0.0000000	0.0000000
7484.9942844	7249.9841501	7249.9875000	-2.0000667	-2.0000667	0.0216127	0.2622418	0.1839014	0.0000000	0.0000000
7484.9942844	7244.9832645	7244.9470313	-2.0000667	-2.0000667	0.0409423	0.2615065	0.1840841	0.0000000	0.0000000
7484.9942844	7239.9880707	7239.9065625	-2.0000667	-2.0000667	0.0185278	0.2629302	0.1806071	0.0000000	0.0000000
7484.9942844	7234.9891235	7234.8660938	-2.0000667	-2.0000667	0.0209302	0.2618278	0.1794958	0.0000000	0.0000000
7484.9942844	7229.9901764	7229.8256250	-2.0000667	-2.0000667	0.0183695	0.2607888	0.1848492	0.0000000	0.0000000
7484.9942844	7224.9850300	7224.7851563	-2.0000667	-2.0000667	0.0175645	0.2619543	0.1817017	0.0000000	0.0000000
7484.9942844	7219.9838918	7219.8026367	-2.0000667	-2.0000667	0.0166174	0.2616633	0.1811434	0.0000000	0.0000000
7484.9942844	7214.9827535	7214.8201172	-2.0000667	-2.0000667	0.0207711	0.2614141	0.1852185	0.0000000	0.0000000
7484.9942844	7209.9867265	7209.8375977	-2.0000667	-2.0000667	0.0175239	0.2615143	0.1850507	0.0000000	0.0000000
7484.9942844	7204.9856049	7204.8550781	-2.0000667	-2.0000667	0.0151136	0.2605902	0.1852847	0.0000000	0.0000000
7484.9942844	7199.9844833	7199.8725586	-2.0000667	-2.0000667	0.0160336	0.2616099	0.1812085	0.0000000	0.0000000
7484.9942844	7194.9864212	7194.8900391	-2.0000667	-2.0000667	0.0160691	0.2626440	0.1816718	0.0000000	0.0000000
7484.9942844	7189.9844123	7189.9075195	-2.0000667	-2.0000667	0.0176262	0.2616831	0.1845142	0.0000000	0.0000000
7484.9942844	7184.9857226	7184.9250000	-2.0000667	-2.0000667	0.0145682	0.2615947	0.1845366	0.0000000	0.0000000
7484.9942844	7179.9835760	7179.9804492	-2.0000667	-2.0000667	0.0173348	0.2613328	0.1843979	0.0000000	0.0000000
7484.9942844	7174.9840016	7174.6444189	-2.0000667	-2.0000667	0.0148013	0.2617501	0.1868839	0.0000000	0.0000000
7484.9942844	7169.9879856	7169.7188525	-2.0000667	-2.0000667	0.0155613	0.2605518	0.1869321	0.0000000	0.0000000
7484.9942844	7164.9848528	7164.7932861	-2.0000667	-2.0000667	0.0141261	0.2608163	0.1837560	0.0000000	0.0000000
7484.9942844	7159.9874285	7159.8677197	-2.0000667	-2.0000667	0.0127179	0.2606934	0.1860601	0.0000000	0.0000000
7484.9942844	7154.9859714	7154.9421533	-2.0000667	-2.0000667	0.0123712	0.2604812	0.1882869	0.0000000	0.0000000
7484.9942844	7149.9845143	7149.6061230	-2.0000667	-2.0000667	0.0153429	0.2630059	0.1868483	0.0000000	0.0000000
7484.9942844	7144.9847639	7144.6805566	-2.0000667	-2.0000667	0.0124099	0.2611836	0.1890641	0.0000000	0.0000000
7484.9942844	7139.9824934	7139.7829688	-2.0000667	-2.0000667	0.0110762	0.2633086	0.1887303	0.0000000	0.0000000
7484.9942844	7134.9864797	7134.9133594	-2.0000667	-2.0000667	0.0099182	0.2621224	0.1871769	0.0000000	0.0000000
7484.9942844	7129.9863643	7129.6379492	-2.0000667	-2.0000667	0.0097723	0.2629619	0.1855511	0.0000000	0.0000000
7484.9942844	7124.9850629	7124.7683398	-2.0000667	-2.0000667	0.0090928	0.2620380	0.1876941	0.0000000	0.0000000
7484.9942844	7119.9869188	7119.8987305	-2.0000667	-2.0000667	0.0099268	0.2623639	0.1878347	0.0000000	0.0000000
7484.9942844	7114.9856174	7114.6233203	-2.0000667	-2.0000667	0.0087988	0.2612069	0.1872332	0.0000000	0.0000000
7484.9942844	7109.9882914	7109.7537109	-2.0000667	-2.0000667	0.0079636	0.2622279	0.1897069	0.0000000	0.0000000
7484.9942844	7104.9825351	7104.8841016	-2.0000667	-2.0000667	0.0077382	0.2618751	0.1880863	0.0000000	0.0000000
7484.9942844	7099.9837702	7099.6316406	-2.0000667	-2.0000667	0.0068544	0.2611650	0.1882118	0.0000000	0.0000000
7484.9942844	7094.9817088	7094.8171094	-2.0000667	-2.0000667	0.0079011	0.2618258	0.1885396	0.0000000	0.0000000
7484.9942844	7089.9836449	7089.6013672	-2.0000667	-2.0000667	0.0071066	0.2618069	0.1897238	0.0000000	0.0000000
7484.9942844	7084.9855810	7084.7868359	-2.0000667	-2.0000667	0.0075260	0.2613043	0.1918633	0.0000000	0.0000000
7484.9942844	7079.9875171	7079.9723047	-2.0000667	-2.0000667	0.0063954	0.2615179	0.1909056	0.0000000	0.0000000
7484.9942844	7074.9849890	7074.7565625	-2.0000667	-2.0000667	0.0062072	0.2629070	0.1902438	0.0000000	0.0000000
7484.9942844	7069.9846289	7069.9420313	-2.0000667	-2.0000667	0.0056250	0.2617338	0.1892120	0.0000000	0.0000000
7484.9942844	7064.9842688	7064.7262891	-2.0000667	-2.0000667	0.0092904	0.2625752	0.1885939	0.0000000	0.0000000
7484.9942844	7059.9884642	7059.9297656	-2.0000667	-2.0000667	0.0041998	0.2620012	0.1906702	0.0000000	0.0000000
7484.9942844	7054.9878403	7054.7725488	-2.0000667	-2.0000667	0.0032480	0.2622130	0.1889832	0.0000000	0.0000000
7484.9942844	7049.9839480	7049.6153320	-2.0000667	-2.0000667	0.0049515	0.2627589	0.1882051	0.0000000	0.0000000
7484.9942844	7044.9839562	7044.8548242	-2.0000667	-2.0000667	0.0043922	0.2626075	0.1898616	0.0000000	0.0000000
7484.9942844	7039.9847173	7039.6976074	-2.0000667	-2.0000667	0.0035732	0.2623541	0.1898154	0.0000000	0.0000000
7484.9942844	7034.9887891	7034.9370996	-2.0000667	-2.0000667	0.0037104	0.2619958	0.1871063	0.0000000	0.0000000
7484.9942844	7029.9865333	7029.7798828	-2.0000667	-2.0000667	0.0039849	0.2612087	0.1887891	0.0000000	0.0000000
7484.9942844	7024.9842404	7024.6226660	-2.0000667	-2.0000667	0.0034858	0.2611233	0.1898275	0.0000000	0.0000000
7484.9942844	7019.9852022	7019.8843262	-2.0000667	-2.0000667	0.0035420	0.2625734	0.1867969	0.0000000	0.0000000
7484.9942844	7014.9861162	7014.7847461	-2.0000667	-2.0000667	0.0032236	0.2621234	0.1886597	0.0000000	0.0000000
7484.9942844	7009.9855214	7009.6851660	-2.0000667	-2.0000667	0.0028801	0.2619109	0.1895804	0.0000000	0.0000000
7484.9942844	7004.9816281	7004.9778613	-2.0000667	-2.0000667	0.0026379	0.2629355	0.1887703	0.0000000	0.0000000
7484.9942844	7000.0292969	6999.8782813	-2.0000667	-2.0000667	0.0026497	0.2620695	0.1906078	0.0000000	0.0000000
