7024.9938139	7499.9984178	7499.6820801	-2.0000667	-2.0000667	0.0006754	0.2999537	0.1293685	0.0000000	7025.0000000
7024.9938139	7494.9879671	7494.7226807	-2.0000667	-2.0000667	0.0008174	0.3000605	0.1337499	0.0000000	0.0000000
7024.9938139	7489.9851278	7489.7632813	-2.0000667	-2.0000667	0.0007418	0.2991466	0.1285162	0.0000000	0.0000000
7024.9938139	7484.9878658	7484.8038818	-2.0000667	-2.0000667	0.0004724	0.2987043	0.1174122	0.0000000	0.0000000
7024.9938139	7479.9880476	7479.8981445	-2.0000667	-2.0000667	0.0008125	0.2989309	0.1275812	0.0000000	0.0000000
7024.9938139	7474.9849184	7474.9977734	-2.0000667	-2.0000667	0.0011079	0.2985133	0.1354491	0.0000000	0.0000000
7024.9938139	7469.9894082	7469.6519141	-2.0000667	-2.0000667	0.0007002	0.2971113	0.1242482	0.0000000	0.0000000
7024.9938139	7464.9852369	7464.7515430	-2.0000667	-2.0000667	0.0011671	0.2961499	0.1355333	0.0000000	0.0000000
7024.9938139	7459.9830834	7459.8511719	-2.0000667	-2.0000667	0.0017219	0.2990193	0.1353171	0.0000000	0.0000000
7024.9938139	7454.9866531	7454.9508008	-2.0000667	-2.0000667	0.0009854	0.3008376	0.1233359	0.0000000	0.0000000
7024.9938139	7449.9879936	7449.6049414	-2.0000667	-2.0000667	0.0013386	0.2992043	0.1276533	0.0000000	0.0000000
7024.9938139	7445.0272693	7444.7045703	-2.0000667	-2.0000667	0.0017582	0.2980504	0.1367944	0.0000000	0.0000000
7024.9938139	7440.0245557	7439.8041992	-2.0000667	-2.0000667	0.0012056	0.3002733	0.1245742	0.0000000	0.0000000
7024.9938139	7435.0248414	7434.9618359	-2.0000667	-2.0000667	0.0016334	0.3005343	0.1332139	0.0000000	0.0000000
7024.9938139	7430.0280516	7429.6792578	-2.0000667	-2.0000667	0.0019550	0.2996713	0.1325938	0.0000000	0.0000000
7024.9938139	7425.0387377	7424.8368945	-2.0000667	-2.0000667	0.0019038	0.2986520	0.1319240	0.0000000	0.0000000
7024.9938139	7419.9832450	7419.9945313	-2.0000667	-2.0000667	0.0018970	0.3002187	0.1279039	0.0000000	0.0000000
7024.9938139	7415.0370913	7414.7119531	-2.0000667	-2.0000667	0.0029628	0.2956083	0.1346267	0.0000000	0.0000000
7024.9938139	7409.9893015	7409.8695898	-2.0000667	-2.0000667	0.0045081	0.2972899	0.1377828	0.0000000	0.0000000
7024.9938139	7404.9855505	7404.5870117	-2.0000667	-2.0000667	0.0054169	0.2992078	0.1399181	0.0000000	0.0000000
7024.9938139	7399.9868032	7399.7446484	-2.0000667	-2.0000667	0.0062811	0.2995040	0.1421708	0.0000000	0.0000000
7024.9938139	7394.9856052	7394.9126367	-2.0000667	-2.0000667	0.0054856	0.2982649	0.1393146	0.0000000	0.0000000
7024.9938139	7389.9845657	7389.6921680	-2.0000667	-2.0000667	0.0066392	0.2988197	0.1383772	0.0000000	0.0000000
7024.9938139	7384.9891170	7384.9067383	-2.0000667	-2.0000667	0.0079906	0.2986549	0.1376249	0.0000000	0.0000000
7024.9938139	7379.9860592	7379.6862695	-2.0000667	-2.0000667	0.0089493	0.3006042	0.1359985	0.0000000	0.0000000
7024.9938139	7375.0215811	7374.9008398	-2.0000667	-2.0000667	0.0057610	0.2987299	0.1280162	0.0000000	0.0000000
7024.9938139	7370.0205324	7369.6803711	-2.0000667	-2.0000667	0.0087886	0.2978339	0.1377581	0.0000000	0.0000000
7024.9938139	7365.0161140	7364.8949414	-2.0000667	-2.0000667	0.0111447	0.2983929	0.1393060	0.0000000	0.0000000
7024.9938139	7360.0145260	7359.6744727	-2.0000667	-2.0000667	0.0118817	0.2958823	0.1413358	0.0000000	0.0000000
7024.9938139	7355.0129380	7354.8890430	-2.0000667	-2.0000667	0.0127521	0.2982996	0.1383643	0.0000000	0.0000000
7024.9938139	7350.0232594	7349.6991016	-2.0000667	-2.0000667	0.0139340	0.2939315	0.1383231	0.0000000	0.0000000
7024.9938139	7345.0278619	7344.9696387	-2.0000667	-2.0000667	0.0161476	0.2992344	0.1417526	0.0000000	0.0000000
7024.9938139	7340.0294785	7339.8102246	-2.0000667	-2.0000667	0.0151650	0.2983895	0.1322837	0.0000000	0.0000000
7024.9938139	7335.0322843	7334.6508105	-2.0000667	-2.0000667	0.0257365	0.2979219	0.1487346	0.0000000	0.0000000
7024.9938139	7330.0249248	7329.9213477	-2.0000667	-2.0000667	0.0248735	0.2999264	0.1417341	0.0000000	0.0000000
7024.9938139	7325.0294594	7324.7619336	-2.0000667	-2.0000667	0.0242761	0.3011036	0.1352614	0.0000000	0.0000000
7024.9938139	7319.9871533	7319.6025195	-2.0000667	-2.0000667	0.0285211	0.3010822	0.1384156	0.0000000	0.0000000
7024.9938139	7314.9856062	7314.8730566	-2.0000667	-2.0000667	0.0251296	0.2999028	0.1359152	0.0000000	0.0000000
7024.9938139	7309.9896132	7309.7136426	-2.0000667	-2.0000667	0.0333073	0.3009390	0.1415410	0.0000000	0.0000000
7024.9938139	7304.9850290	7304.6092822	-2.0000667	-2.0000667	0.0383527	0.2979795	0.1510164	0.0000000	0.0000000
7024.9938139	7299.9861565	7299.9348730	-2.0000667	-2.0000667	0.0368329	0.2975322	0.1469532	0.0000000	0.0000000
7024.9938139	7294.9829595	7294.8355176	-2.0000667	-2.0000667	0.0417620	0.2972827	0.1524893	0.0000000	0.0000000
7024.9938139	7289.9824769	7289.7361621	-2.0000667	-2.0000667	0.0567303	0.2980402	0.1564661	0.0000000	0.0000000
7024.9938139	7284.9819943	7284.6368066	-2.0000667	-2.0000667	0.0529496	0.2980643	0.1533562	0.0000000	0.0000000
7024.9938139	7279.9849698	7279.9623975	-2.0000667	-2.0000667	0.0535059	0.2990309	0.1517570	0.0000000	0.0000000
7024.9938139	7274.9837989	7274.8630420	-2.0000667	-2.0000667	0.0494875	0.3013092	0.1465907	0.0000000	0.0000000
7024.9938139	7269.9840093	7269.7636865	-2.0000667	-2.0000667	0.0474758	0.2980076	0.1448826	0.0000000	0.0000000
7024.9938139	7264.9876701	7264.6888672	-2.0000667	-2.0000667	0.0437307	0.2983699	0.1425491	0.0000000	0.0000000
7024.9938139	7259.9859215	7259.6483984	-2.0000667	-2.0000667	0.0523632	0.2981388	0.1447755	0.0000000	0.0000000
7024.9938139	7255.0071776	7254.6079297	-2.0000667	-2.0000667	0.0647944	0.2965927	0.1428899	0.0000000	0.0000000
7024.9938139	7250.0221075	7249.9875000	-2.0000667	-2.0000667	0.0756263	0.2979666	0.1497948	0.0000000	0.0000000
7024.9938139	7245.0180587	7244.9470313	-2.0000667	-2.0000667	0.0740856	0.3020204	0.1452800	0.0000000	0.0000000
7024.9938139	7240.0239054	7239.9065625	-2.0000667	-2.0000667	0.0775085	0.2984485	0.1460751	0.0000000	0.0000000
7024.9938139	7235.0219721	7234.8660938	-2.0000667	-2.0000667	0.0851709	0.2981633	0.1476488	0.0000000	0.0000000
7024.9938139	7230.0319836	7229.8256250	-2.0000667	-2.0000667	0.0832968	0.2955183	0.1477485	0.0000000	0.0000000
7024.9938139	7224.9850300	7224.7851563	-2.0000667	-2.0000667	0.0870581	0.2971084	0.1512076	0.0000000	0.0000000
7024.9938139	7219.9867826	7219.8026367	-2.0000667	-2.0000667	0.1010863	0.2966262	0.1543483	0.0000000	0.0000000
7024.9938139	7214.9856444	7214.8201172	-2.0000667	-2.0000667	0.0950629	0.2970197	0.1498931	0.0000000	0.0000000
7024.9938139	7210.0125554	7209.8375977	-2.0000667	-2.0000667	0.0973484	0.2959052	0.1514121	0.0000000	0.0000000
7024.9938139	7205.0017480	7204.8550781	-2.0000667	-2.0000667	0.0976346	0.2957941	0.1480219	0.0000000	0.0000000
7024.9938139	7200.0006264	7199.8725586	-2.0000667	-2.0000667	0.1091901	0.2971921	0.1496417	0.0000000	0.0000000
7024.9938139	7195.0030172	7194.8900391	-2.0000667	-2.0000667	0.1115848	0.2979720	0.1500535	0.0000000	0.0000000
7024.9938139	7190.0043274	7189.9075195	-2.0000667	-2.0000667	0.1043386	0.2991177	0.1472412	0.0000000	0.0000000
7024.9938139	7185.0056377	7184.9250000	-2.0000667	-2.0000667	0.0943540	0.2971436	0.1445364	0.0000000	0.0000000
7024.9938139	7180.0049265	7179.9804492	-2.0000667	-2.0000667	0.0918019	0.2961038	0.1460029	0.0000000	0.0000000
7024.9938139	7174.9804432	7174.6444189	-2.0000667	-2.0000667	0.1274135	0.2967485	0.1529053	0.0000000	0.0000000
7024.9938139	7169.9844272	7169.7188525	-2.0000667	-2.0000667	0.1259384	0.2963379	0.1507655	0.0000000	0.0000000
7024.9938139	7164.9848528	7164.7932861	-2.0000667	-2.0000667	0.1434052	0.2968680	0.1533573	0.0000000	0.0000000
7024.9938139	7159.9938488	7159.8677197	-2.0000667	-2.0000667	0.1588892	0.2968513	0.1517030	0.0000000	0.0000000
7024.9938139	7155.0180732	7154.9421533	-2.0000667	-2.0000667	0.1211993	0.3014703	0.1412183	0.0000000	0.0000000
7024.9938139	7150.0134059	7149.6061230	-2.0000667	-2.0000667	0.1203290	0.3004200	0.1375219	0.0000000	0.0000000
7024.9938139	7145.0160476	7144.6805566	-2.0000667	-2.0000667	0.1427703	0.2998478	0.1476741	0.0000000	0.0000000
7024.9938139	7140.0169055	7139.7829688	-2.0000667	-2.0000667	0.1717767	0.2996929	0.1489274	0.0000000	0.0000000
7024.9938139	7135.0115067	7134.9133594	-2.0000667	-2.0000667	0.1706335	0.2978607	0.1475421	0.0000000	0.0000000
7024.9938139	7130.0242529	7129.6379492	-2.0000667	-2.0000667	0.1708225	0.2980533	0.1484403	0.0000000	0.0000000
7024.9938139	7125.0229515	7124.7683398	-2.0000667	-2.0000667	0.1904752	0.2979098	0.1512775	0.0000000	0.0000000
7024.9938139	7120.0184927	7119.8987305	-2.0000667	-2.0000667	0.2111814	0.2974135	0.1519805	0.0000000	0.0000000
7024.9938139	7115.0140339	7114.6233203	-2.0000667	-2.0000667	0.2202119	0.2980642	0.1559521	0.0000000	0.0000000
7024.9938139	7109.9882914	7109.7537109	-2.0000667	-2.0000667	0.2006658	0.2999473	0.1468654	0.0000000	0.0000000
7024.9938139	7104.9825351	7104.8841016	-2.0000667	-2.0000667	0.2125066	0.2980786	0.1509413	0.0000000	0.0000000
7024.9938139	7099.9837702	7099.6316406	-2.0000667	-2.0000667	0.2183590	0.2961411	0.1533907	0.0000000	0.0000000
7024.9938139	7094.9854837	7094.8171094	-2.0000667	-2.0000667	0.2093942	0.2975366	0.1474637	0.0000000	0.0000000
7024.9938139	7089.9874198	7089.6013672	-2.0000667	-2.0000667	0.2289452	0.2983939	0.1509784	0.0000000	0.0000000
7024.9938139	7084.9818060	7084.7868359	-2.0000667	-2.0000667	0.2400649	0.2971019	0.1503300	0.0000000	0.0000000
7024.9938139	7079.9837421	7079.9723047	-2.0000667	-2.0000667	0.2506520	0.2927079	0.1581918	0.0000000	0.0000000
7024.9938139	7074.9849890	7074.7565625	-2.0000667	-2.0000667	0.2599875	0.2950684	0.1570717	0.0000000	0.0000000
7024.9938139	7069.9846289	7069.9420313	-2.0000667	-2.0000667	0.2298652	0.2974894	0.1500149	0.0000000	0.0000000
7024.9938139	7064.9842688	7064.7262891	-2.0000667	-2.0000667	0.2457649	0.2997582	0.1491542	0.0000000	0.0000000
7024.9938139	7059.9884642	7059.9297656	-2.0000667	-2.0000667	0.2517810	0.2986458	0.1518347	0.0000000	0.0000000
7024.9938139	7055.0139873	7054.7725488	-2.0000667	-2.0000667	0.2933174	0.2962683	0.1612056	0.0000000	0.0000000
7024.9938139	7050.0068266	7049.6153320	-2.0000667	-2.0000667	0.2429440	0.2995856	0.1505415	0.0000000	0.0000000
7024.9938139	7045.0137530	7044.8548242	-2.0000667	-2.0000667	0.2166547	0.2982401	0.1439625	0.0000000	0.0000000
7024.9938139	7039.9847173	7039.6976074	-2.0000667	-2.0000667	0.2138077	0.2981078	0.1432706	0.0000000	0.0000000
7024.9938139	7034.9854783	7034.9370996	-2.0000667	-2.0000667	0.2361938	0.2982467	0.1506116	0.0000000	0.0000000
7024.9938139	7030.0028062	7029.7798828	-2.0000667	-2.0000667	0.2238356	0.2978815	0.1430195	0.0000000	0.0000000
7024.9938139	7024.9809858	7024.6226660	-2.0000667	-2.0000667	0.2405703	0.2990579	0.1510074	0.0000000	0.0000000
7024.9938139	7019.9852022	7019.8843262	-2.0000667	-2.0000667	0.2608311	0.2963938	0.1560752	0.0000000	0.0000000
7024.9938139	7014.9861162	7014.7847461	-2.0000667	-2.0000667	0.2417294	0.2977559	0.1486654	0.0000000	0.0000000
7024.9938139	7009.9855214	7009.6851660	-2.0000667	-2.0000667	0.2114252	0.2990852	0.1434948	0.0000000	0.0000000
7024.9938139	7004.9816281	7004.9778613	-2.0000667	-2.0000667	0.2122518	0.2988102	0.1454047	0.0000000	0.0000000
7024.9938139	7000.0292969	6999.8782813	-2.0000667	-2.0000667	0.2227947	0.2969995	0.1523687	0.0000000	0.0000000
