7019.9962078	7499.9984178	7499.6820801	-2.0000667	-2.0000667	0.0003456	0.3008565	0.1177369	0.0000000	7020.0000000
7019.9962078	7494.9879671	7494.7226807	-2.0000667	-2.0000667	0.0005206	0.3009467	0.1277050	0.0000000	0.0000000
7019.9962078	7489.9851278	7489.7632813	-2.0000667	-2.0000667	0.0008099	0.2995786	0.1342378	0.0000000	0.0000000
7019.9962078	7484.9906544	7484.8038818	-2.0000667	-2.0000667	0.0009738	0.2990328	0.1385402	0.0000000	0.0000000
7019.9962078	7479.9855080	7479.8981445	-2.0000667	-2.0000667	0.0006628	0.3012908	0.1272992	0.0000000	0.0000000
7019.9962078	7474.9874581	7474.9977734	-2.0000667	-2.0000667	0.0009346	0.3037875	0.1317448	0.0000000	0.0000000
7019.9962078	7469.9894082	7469.6519141	-2.0000667	-2.0000667	0.0008612	0.3019534	0.1288053	0.0000000	0.0000000
7019.9962078	7464.9852369	7464.7515430	-2.0000667	-2.0000667	0.0013303	0.3002725	0.1339031	0.0000000	0.0000000
7019.9962078	7459.9830834	7459.8511719	-2.0000667	-2.0000667	0.0018990	0.3020493	0.1414896	0.0000000	0.0000000
7019.9962078	7454.9837915	7454.9508008	-2.0000667	-2.0000667	0.0016100	0.2991250	0.1401189	0.0000000	0.0000000
7019.9962078	7450.0389805	7449.6049414	-2.0000667	-2.0000667	0.0016583	0.2992771	0.1366556	0.0000000	0.0000000
7019.9962078	7445.0332677	7444.7045703	-2.0000667	-2.0000667	0.0015562	0.3007147	0.1378203	0.0000000	0.0000000
7019.9962078	7440.0275549	7439.8041992	-2.0000667	-2.0000667	0.0014775	0.2999761	0.1339622	0.0000000	0.0000000
7019.9962078	7435.0368383	7434.9618359	-2.0000667	-2.0000667	0.0013970	0.3038795	0.1290927	0.0000000	0.0000000
7019.9962078	7430.0309289	7429.6792578	-2.0000667	-2.0000667	0.0019617	0.3032882	0.1307811	0.0000000	0.0000000
7019.9962078	7424.9840682	7424.8368945	-2.0000667	-2.0000667	0.0018539	0.3033716	0.1309596	0.0000000	0.0000000
7019.9962078	7419.9861223	7419.9945313	-2.0000667	-2.0000667	0.0016416	0.3017811	0.1272170	0.0000000	0.0000000
7019.9962078	7414.9852991	7414.7119531	-2.0000667	-2.0000667	0.0026831	0.3013884	0.1315021	0.0000000	0.0000000
7019.9962078	7409.9893015	7409.8695898	-2.0000667	-2.0000667	0.0021909	0.3036049	0.1259525	0.0000000	0.0000000
7019.9962078	7404.9855505	7404.5870117	-2.0000667	-2.0000667	0.0024399	0.3004734	0.1266025	0.0000000	0.0000000
7019.9962078	7399.9843013	7399.7446484	-2.0000667	-2.0000667	0.0032023	0.3019985	0.1330354	0.0000000	0.0000000
7019.9962078	7394.9884007	7394.9126367	-2.0000667	-2.0000667	0.0034014	0.3029395	0.1276921	0.0000000	0.0000000
7019.9962078	7389.9873611	7389.6921680	-2.0000667	-2.0000667	0.0034277	0.3025022	0.1251135	0.0000000	0.0000000
7019.9962078	7384.9891170	7384.9067383	-2.0000667	-2.0000667	0.0058191	0.3014685	0.1357485	0.0000000	0.0000000
7019.9962078	7380.0378677	7379.6862695	-2.0000667	-2.0000667	0.0078394	0.3025503	0.1375975	0.0000000	0.0000000
7019.9962078	7375.0246287	7374.9008398	-2.0000667	-2.0000667	0.0072135	0.3015535	0.1369686	0.0000000	0.0000000
7019.9962078	7370.0266275	7369.6803711	-2.0000667	-2.0000667	0.0089309	0.3017859	0.1406200	0.0000000	0.0000000
7019.9962078	7365.0161140	7364.8949414	-2.0000667	-2.0000667	0.0075419	0.3016840	0.1359264	0.0000000	0.0000000
7019.9962078	7360.0208252	7359.6744727	-2.0000667	-2.0000667	0.0085323	0.3004534	0.1346918	0.0000000	0.0000000
7019.9962078	7355.0097884	7354.8890430	-2.0000667	-2.0000667	0.0105045	0.2999515	0.1414158	0.0000000	0.0000000
7019.9962078	7350.0172876	7349.6991016	-2.0000667	-2.0000667	0.0133010	0.2979954	0.1425964	0.0000000	0.0000000
7019.9962078	7345.0278619	7344.9696387	-2.0000667	-2.0000667	0.0086859	0.3003365	0.1315720	0.0000000	0.0000000
7019.9962078	7340.0264926	7339.8102246	-2.0000667	-2.0000667	0.0075256	0.3034703	0.1220674	0.0000000	0.0000000
7019.9962078	7335.0203903	7334.6508105	-2.0000667	-2.0000667	0.0093998	0.2990205	0.1261484	0.0000000	0.0000000
7019.9962078	7330.0219514	7329.9213477	-2.0000667	-2.0000667	0.0106665	0.2996887	0.1262593	0.0000000	0.0000000
7019.9962078	7325.0324328	7324.7619336	-2.0000667	-2.0000667	0.0139359	0.3026555	0.1266112	0.0000000	0.0000000
7019.9962078	7320.0343639	7319.6025195	-2.0000667	-2.0000667	0.0231036	0.3044674	0.1338710	0.0000000	0.0000000
7019.9962078	7314.9856062	7314.8730566	-2.0000667	-2.0000667	0.0234122	0.3000560	0.1443083	0.0000000	0.0000000
7019.9962078	7309.9868361	7309.7136426	-2.0000667	-2.0000667	0.0210439	0.3005706	0.1364208	0.0000000	0.0000000
7019.9962078	7304.9879085	7304.6092822	-2.0000667	-2.0000667	0.0229581	0.3014485	0.1355181	0.0000000	0.0000000
7019.9962078	7299.9861565	7299.9348730	-2.0000667	-2.0000667	0.0238766	0.3032057	0.1333525	0.0000000	0.0000000
7019.9962078	7294.9829595	7294.8355176	-2.0000667	-2.0000667	0.0182853	0.3026912	0.1303033	0.0000000	0.0000000
7019.9962078	7289.9859351	7289.7361621	-2.0000667	-2.0000667	0.0284070	0.3006638	0.1391118	0.0000000	0.0000000
7019.9962078	7284.9854524	7284.6368066	-2.0000667	-2.0000667	0.0355469	0.3014495	0.1424009	0.0000000	0.0000000
7019.9962078	7279.9884279	7279.9623975	-2.0000667	-2.0000667	0.0358296	0.2999847	0.1423997	0.0000000	0.0000000
7019.9962078	7274.9837989	7274.8630420	-2.0000667	-2.0000667	0.0274961	0.3008018	0.1328390	0.0000000	0.0000000
7019.9962078	7269.9978113	7269.7636865	-2.0000667	-2.0000667	0.0355792	0.3040139	0.1335511	0.0000000	0.0000000
7019.9962078	7264.9842196	7264.6888672	-2.0000667	-2.0000667	0.0429630	0.3018636	0.1407013	0.0000000	0.0000000
7019.9962078	7260.0017370	7259.6483984	-2.0000667	-2.0000667	0.0424559	0.2985283	0.1392493	0.0000000	0.0000000
7019.9962078	7255.0166669	7254.6079297	-2.0000667	-2.0000667	0.0456022	0.3013552	0.1356477	0.0000000	0.0000000
7019.9962078	7250.0221075	7249.9875000	-2.0000667	-2.0000667	0.0460831	0.3023660	0.1376295	0.0000000	0.0000000
7019.9962078	7245.0085694	7244.9470313	-2.0000667	-2.0000667	0.0578317	0.3013064	0.1431368	0.0000000	0.0000000
7019.9962078	7239.9880707	7239.9065625	-2.0000667	-2.0000667	0.0657965	0.3002793	0.1441782	0.0000000	0.0000000
7019.9962078	7234.9891235	7234.8660938	-2.0000667	-2.0000667	0.0531428	0.3039265	0.1332815	0.0000000	0.0000000
7019.9962078	7230.0260112	7229.8256250	-2.0000667	-2.0000667	0.0454331	0.3035865	0.1267220	0.0000000	0.0000000
7019.9962078	7224.9850300	7224.7851563	-2.0000667	-2.0000667	0.0688055	0.3007334	0.1405880	0.0000000	0.0000000
7019.9962078	7219.9867826	7219.8026367	-2.0000667	-2.0000667	0.0806647	0.3062070	0.1484238	0.0000000	0.0000000
7019.9962078	7214.9856444	7214.8201172	-2.0000667	-2.0000667	0.0871146	0.3017159	0.1485211	0.0000000	0.0000000
7019.9962078	7210.0125554	7209.8375977	-2.0000667	-2.0000667	0.0949601	0.3022633	0.1474415	0.0000000	0.0000000
7019.9962078	7205.0178911	7204.8550781	-2.0000667	-2.0000667	0.0820522	0.3044922	0.1356447	0.0000000	0.0000000
7019.9962078	7200.0006264	7199.8725586	-2.0000667	-2.0000667	0.0970449	0.3029523	0.1419109	0.0000000	0.0000000
7019.9962078	7195.0030172	7194.8900391	-2.0000667	-2.0000667	0.1121406	0.3014996	0.1492358	0.0000000	0.0000000
7019.9962078	7190.0010082	7189.9075195	-2.0000667	-2.0000667	0.1027443	0.3026324	0.1432560	0.0000000	0.0000000
7019.9962078	7184.9989993	7184.9250000	-2.0000667	-2.0000667	0.0824595	0.3004702	0.1392329	0.0000000	0.0000000
7019.9962078	7180.0013681	7179.9804492	-2.0000667	-2.0000667	0.0687261	0.3012704	0.1320808	0.0000000	0.0000000
7019.9962078	7174.9804432	7174.6444189	-2.0000667	-2.0000667	0.0987559	0.3010890	0.1445551	0.0000000	0.0000000
7019.9962078	7169.9844272	7169.7188525	-2.0000667	-2.0000667	0.1076458	0.3024192	0.1483361	0.0000000	0.0000000
7019.9962078	7164.9884112	7164.7932861	-2.0000667	-2.0000667	0.1062106	0.3011121	0.1432852	0.0000000	0.0000000
7019.9962078	7159.9810081	7159.8677197	-2.0000667	-2.0000667	0.1229829	0.3034399	0.1456570	0.0000000	0.0000000
7019.9962078	7155.0084426	7154.9421533	-2.0000667	-2.0000667	0.1143204	0.2998816	0.1423269	0.0000000	0.0000000
7019.9962078	7150.0005652	7149.6061230	-2.0000667	-2.0000667	0.1316763	0.3016633	0.1442133	0.0000000	0.0000000
7019.9962078	7145.0066625	7144.6805566	-2.0000667	-2.0000667	0.1483892	0.3010059	0.1470637	0.0000000	0.0000000
7019.9962078	7140.0137771	7139.7829688	-2.0000667	-2.0000667	0.1430916	0.3034016	0.1429642	0.0000000	0.0000000
7019.9962078	7135.0208918	7134.9133594	-2.0000667	-2.0000667	0.1505388	0.3029221	0.1457839	0.0000000	0.0000000
7019.9962078	7130.0210956	7129.6379492	-2.0000667	-2.0000667	0.1534266	0.3012610	0.1426715	0.0000000	0.0000000
7019.9962078	7125.0134793	7124.7683398	-2.0000667	-2.0000667	0.1636271	0.3000020	0.1477534	0.0000000	0.0000000
7019.9962078	7120.0121779	7119.8987305	-2.0000667	-2.0000667	0.2083790	0.2993634	0.1573687	0.0000000	0.0000000
7019.9962078	7115.0298208	7114.6233203	-2.0000667	-2.0000667	0.2304736	0.3001504	0.1563145	0.0000000	0.0000000
7019.9962078	7109.9847957	7109.7537109	-2.0000667	-2.0000667	0.2497791	0.3017976	0.1599781	0.0000000	0.0000000
7019.9962078	7104.9825351	7104.8841016	-2.0000667	-2.0000667	0.1992065	0.3008267	0.1479883	0.0000000	0.0000000
7019.9962078	7099.9837702	7099.6316406	-2.0000667	-2.0000667	0.2227975	0.3006119	0.1521826	0.0000000	0.0000000
7019.9962078	7094.9779338	7094.8171094	-2.0000667	-2.0000667	0.2154584	0.2985927	0.1512977	0.0000000	0.0000000
7019.9962078	7089.9836449	7089.6013672	-2.0000667	-2.0000667	0.2119188	0.3003303	0.1496486	0.0000000	0.0000000
7019.9962078	7084.9818060	7084.7868359	-2.0000667	-2.0000667	0.1947365	0.3012307	0.1464818	0.0000000	0.0000000
7019.9962078	7079.9799671	7079.9723047	-2.0000667	-2.0000667	0.2382246	0.3009471	0.1560980	0.0000000	0.0000000
7019.9962078	7074.9849890	7074.7565625	-2.0000667	-2.0000667	0.2198180	0.3016099	0.1500031	0.0000000	0.0000000
7019.9962078	7069.9846289	7069.9420313	-2.0000667	-2.0000667	0.2046086	0.3032236	0.1436748	0.0000000	0.0000000
7019.9962078	7064.9842688	7064.7262891	-2.0000667	-2.0000667	0.2149652	0.3023895	0.1441234	0.0000000	0.0000000
7019.9962078	7059.9884642	7059.9297656	-2.0000667	-2.0000667	0.2462255	0.3023156	0.1509154	0.0000000	0.0000000
7019.9962078	7055.0009138	7054.7725488	-2.0000667	-2.0000667	0.2606761	0.3013492	0.1527488	0.0000000	0.0000000
7019.9962078	7050.0133634	7049.6153320	-2.0000667	-2.0000667	0.2336007	0.3025857	0.1474147	0.0000000	0.0000000
7019.9962078	7045.0104422	7044.8548242	-2.0000667	-2.0000667	0.2190791	0.3008514	0.1472942	0.0000000	0.0000000
7019.9962078	7039.9880280	7039.6976074	-2.0000667	-2.0000667	0.2344158	0.3029021	0.1515795	0.0000000	0.0000000
7019.9962078	7034.9987214	7034.9370996	-2.0000667	-2.0000667	0.2257568	0.3016111	0.1513104	0.0000000	0.0000000
7019.9962078	7029.9832787	7029.7798828	-2.0000667	-2.0000667	0.2595277	0.3025216	0.1561189	0.0000000	0.0000000
7019.9962078	7024.9842404	7024.6226660	-2.0000667	-2.0000667	0.2964072	0.3007664	0.1590179	0.0000000	0.0000000
7019.9962078	7019.9819476	7019.8843262	-2.0000667	-2.0000667	0.2821727	0.2994677	0.1617596	0.0000000	0.0000000
7019.9962078	7014.9861162	7014.7847461	-2.0000667	-2.0000667	0.2695618	0.3005881	0.1561890	0.0000000	0.0000000
7019.9962078	7009.9855214	7009.6851660	-2.0000667	-2.0000667	0.2986971	0.2992190	0.1653257	0.0000000	0.0000000
7019.9962078	7004.9816281	7004.9778613	-2.0000667	-2.0000667	0.2369352	0.2994597	0.1543160	0.0000000	0.0000000
7019.9962078	7000.0292969	6999.8782813	-2.0000667	-2.0000667	0.2405646	0.3006934	0.1562231	0.0000000	0.0000000
