7094.9920519	7499.9984178	7499.6820801	-2.0000667	-2.0000667	0.0018827	0.2851898	0.1508995	0.0000000	7095.0000000
7094.9920519	7494.9879671	7494.7226807	-2.0000667	-2.0000667	0.0007750	0.2884346	0.1223055	0.0000000	0.0000000
7094.9920519	7489.9851278	7489.7632813	-2.0000667	-2.0000667	0.0011521	0.2875310	0.1251774	0.0000000	0.0000000
7094.9920519	7484.9878658	7484.8038818	-2.0000667	-2.0000667	0.0014956	0.2841338	0.1340970	0.0000000	0.0000000
7094.9920519	7479.9855080	7479.8981445	-2.0000667	-2.0000667	0.0021658	0.2825760	0.1417253	0.0000000	0.0000000
7094.9920519	7474.9849184	7474.9977734	-2.0000667	-2.0000667	0.0042169	0.2831808	0.1499445	0.0000000	0.0000000
7094.9920519	7469.9868686	7469.6519141	-2.0000667	-2.0000667	0.0028394	0.2847483	0.1432130	0.0000000	0.0000000
7094.9920519	7464.9852369	7464.7515430	-2.0000667	-2.0000667	0.0038940	0.2850995	0.1447700	0.0000000	0.0000000
7094.9920519	7459.9830834	7459.8511719	-2.0000667	-2.0000667	0.0042394	0.2834241	0.1424915	0.0000000	0.0000000
7094.9920519	7454.9837915	7454.9508008	-2.0000667	-2.0000667	0.0044845	0.2845099	0.1412410	0.0000000	0.0000000
7094.9920519	7449.9849944	7449.6049414	-2.0000667	-2.0000667	0.0053132	0.2843615	0.1405439	0.0000000	0.0000000
7094.9920519	7444.9852800	7444.7045703	-2.0000667	-2.0000667	0.0028486	0.2865856	0.1283788	0.0000000	0.0000000
7094.9920519	7439.9825665	7439.8041992	-2.0000667	-2.0000667	0.0036984	0.2854788	0.1346976	0.0000000	0.0000000
7094.9920519	7434.9828522	7434.9618359	-2.0000667	-2.0000667	0.0064874	0.2825941	0.1424579	0.0000000	0.0000000
7094.9920519	7429.9877688	7429.6792578	-2.0000667	-2.0000667	0.0061063	0.2857910	0.1411117	0.0000000	0.0000000
7094.9920519	7424.9840682	7424.8368945	-2.0000667	-2.0000667	0.0030988	0.2908749	0.1182155	0.0000000	0.0000000
7094.9920519	7419.9889997	7419.9945313	-2.0000667	-2.0000667	0.0060211	0.2869891	0.1288127	0.0000000	0.0000000
7094.9920519	7414.9852991	7414.7119531	-2.0000667	-2.0000667	0.0098112	0.2874734	0.1292563	0.0000000	0.0000000
7094.9920519	7409.9893015	7409.8695898	-2.0000667	-2.0000667	0.0093964	0.2862659	0.1295454	0.0000000	0.0000000
7094.9920519	7404.9855505	7404.5870117	-2.0000667	-2.0000667	0.0134395	0.2866396	0.1363361	0.0000000	0.0000000
7094.9920519	7399.9868032	7399.7446484	-2.0000667	-2.0000667	0.0110507	0.2870803	0.1364680	0.0000000	0.0000000
7094.9920519	7394.9856052	7394.9126367	-2.0000667	-2.0000667	0.0110928	0.2846478	0.1303407	0.0000000	0.0000000
7094.9920519	7389.9845657	7389.6921680	-2.0000667	-2.0000667	0.0203469	0.2847058	0.1401705	0.0000000	0.0000000
7094.9920519	7384.9891170	7384.9067383	-2.0000667	-2.0000667	0.0252379	0.2841267	0.1445874	0.0000000	0.0000000
7094.9920519	7379.9860592	7379.6862695	-2.0000667	-2.0000667	0.0253356	0.2866344	0.1454235	0.0000000	0.0000000
7094.9920519	7374.9850104	7374.9008398	-2.0000667	-2.0000667	0.0255212	0.2865343	0.1433083	0.0000000	0.0000000
7094.9920519	7369.9839616	7369.6803711	-2.0000667	-2.0000667	0.0251508	0.2873087	0.1380730	0.0000000	0.0000000
7094.9920519	7364.9814683	7364.8949414	-2.0000667	-2.0000667	0.0258490	0.2835488	0.1396273	0.0000000	0.0000000
7094.9920519	7359.9861795	7359.6744727	-2.0000667	-2.0000667	0.0305059	0.2806813	0.1425359	0.0000000	0.0000000
7094.9920519	7354.9845915	7354.8890430	-2.0000667	-2.0000667	0.0281165	0.2831641	0.1383191	0.0000000	0.0000000
7094.9920519	7349.9874287	7349.6991016	-2.0000667	-2.0000667	0.0346827	0.2834343	0.1450963	0.0000000	0.0000000
7094.9920519	7344.9860594	7344.9696387	-2.0000667	-2.0000667	0.0349808	0.2835690	0.1429738	0.0000000	0.0000000
7094.9920519	7339.9876760	7339.8102246	-2.0000667	-2.0000667	0.0385808	0.2858005	0.1411410	0.0000000	0.0000000
7094.9920519	7334.9876819	7334.6508105	-2.0000667	-2.0000667	0.0396968	0.2849807	0.1372098	0.0000000	0.0000000
7094.9920519	7329.9862695	7329.9213477	-2.0000667	-2.0000667	0.0417321	0.2845525	0.1385093	0.0000000	0.0000000
7094.9920519	7324.9848570	7324.7619336	-2.0000667	-2.0000667	0.0483838	0.2821381	0.1420431	0.0000000	0.0000000
7094.9920519	7319.9843762	7319.6025195	-2.0000667	-2.0000667	0.0538506	0.2831006	0.1433677	0.0000000	0.0000000
7094.9920519	7314.9856062	7314.8730566	-2.0000667	-2.0000667	0.0519725	0.2843127	0.1383339	0.0000000	0.0000000
7094.9920519	7309.9868361	7309.7136426	-2.0000667	-2.0000667	0.0521870	0.2857471	0.1361182	0.0000000	0.0000000
7094.9920519	7304.9850290	7304.6092822	-2.0000667	-2.0000667	0.0480151	0.2838893	0.1301475	0.0000000	0.0000000
7094.9920519	7299.9861565	7299.9348730	-2.0000667	-2.0000667	0.0687316	0.2824606	0.1479309	0.0000000	0.0000000
7094.9920519	7294.9795014	7294.8355176	-2.0000667	-2.0000667	0.0652849	0.2820172	0.1461287	0.0000000	0.0000000
7094.9920519	7289.9824769	7289.7361621	-2.0000667	-2.0000667	0.0783724	0.2844059	0.1470813	0.0000000	0.0000000
7094.9920519	7284.9819943	7284.6368066	-2.0000667	-2.0000667	0.0727711	0.2845181	0.1412148	0.0000000	0.0000000
7094.9920519	7279.9849698	7279.9623975	-2.0000667	-2.0000667	0.0790878	0.2841757	0.1440150	0.0000000	0.0000000
7094.9920519	7274.9872494	7274.8630420	-2.0000667	-2.0000667	0.0750983	0.2863595	0.1385920	0.0000000	0.0000000
7094.9920519	7269.9840093	7269.7636865	-2.0000667	-2.0000667	0.0768129	0.2855199	0.1383062	0.0000000	0.0000000
7094.9920519	7264.9842196	7264.6888672	-2.0000667	-2.0000667	0.0906132	0.2828337	0.1427799	0.0000000	0.0000000
7094.9920519	7259.9827583	7259.6483984	-2.0000667	-2.0000667	0.1002726	0.2829369	0.1424235	0.0000000	0.0000000
7094.9920519	7254.9818727	7254.6079297	-2.0000667	-2.0000667	0.1169348	0.2836095	0.1474791	0.0000000	0.0000000
7094.9920519	7249.9904764	7249.9875000	-2.0000667	-2.0000667	0.1201193	0.2857145	0.1474445	0.0000000	0.0000000
7094.9920519	7244.9864276	7244.9470313	-2.0000667	-2.0000667	0.1317622	0.2821851	0.1519755	0.0000000	0.0000000
7094.9920519	7239.9820982	7239.9065625	-2.0000667	-2.0000667	0.1378226	0.2841212	0.1533279	0.0000000	0.0000000
7094.9920519	7234.9831511	7234.8660938	-2.0000667	-2.0000667	0.1246320	0.2840530	0.1432445	0.0000000	0.0000000
7094.9920519	7229.9871902	7229.8256250	-2.0000667	-2.0000667	0.1145304	0.2864403	0.1404983	0.0000000	0.0000000
7094.9920519	7224.9850300	7224.7851563	-2.0000667	-2.0000667	0.1254889	0.2856801	0.1412950	0.0000000	0.0000000
7094.9920519	7219.9838918	7219.8026367	-2.0000667	-2.0000667	0.1362268	0.2844895	0.1462509	0.0000000	0.0000000
7094.9920519	7214.9827535	7214.8201172	-2.0000667	-2.0000667	0.1292661	0.2846935	0.1405402	0.0000000	0.0000000
7094.9920519	7209.9867265	7209.8375977	-2.0000667	-2.0000667	0.1358702	0.2845630	0.1410719	0.0000000	0.0000000
7094.9920519	7204.9856049	7204.8550781	-2.0000667	-2.0000667	0.1443127	0.2841442	0.1453063	0.0000000	0.0000000
7094.9920519	7199.9844833	7199.8725586	-2.0000667	-2.0000667	0.1489591	0.2832035	0.1474401	0.0000000	0.0000000
7094.9920519	7194.9864212	7194.8900391	-2.0000667	-2.0000667	0.1602390	0.2838269	0.1467861	0.0000000	0.0000000
7094.9920519	7189.9844123	7189.9075195	-2.0000667	-2.0000667	0.1576400	0.2848258	0.1467513	0.0000000	0.0000000
7094.9920519	7184.9857226	7184.9250000	-2.0000667	-2.0000667	0.1527089	0.2832448	0.1448599	0.0000000	0.0000000
7094.9920519	7179.9835760	7179.9804492	-2.0000667	-2.0000667	0.1672059	0.2837084	0.1522695	0.0000000	0.0000000
7094.9920519	7174.9804432	7174.6444189	-2.0000667	-2.0000667	0.1822396	0.2855526	0.1500657	0.0000000	0.0000000
7094.9920519	7169.9844272	7169.7188525	-2.0000667	-2.0000667	0.1650889	0.2839727	0.1428378	0.0000000	0.0000000
7094.9920519	7164.9812944	7164.7932861	-2.0000667	-2.0000667	0.1808501	0.2818628	0.1454586	0.0000000	0.0000000
7094.9920519	7159.9842183	7159.8677197	-2.0000667	-2.0000667	0.1504266	0.2838101	0.1316033	0.0000000	0.0000000
7094.9920519	7154.9859714	7154.9421533	-2.0000667	-2.0000667	0.1723127	0.2851451	0.1352760	0.0000000	0.0000000
7094.9920519	7149.9845143	7149.6061230	-2.0000667	-2.0000667	0.2141788	0.2826022	0.1510046	0.0000000	0.0000000
7094.9920519	7144.9847639	7144.6805566	-2.0000667	-2.0000667	0.1994681	0.2850863	0.1458398	0.0000000	0.0000000
7094.9920519	7139.9856218	7139.7829688	-2.0000667	-2.0000667	0.1888326	0.2855730	0.1411210	0.0000000	0.0000000
7094.9920519	7134.9864797	7134.9133594	-2.0000667	-2.0000667	0.1974680	0.2871964	0.1409750	0.0000000	0.0000000
7094.9920519	7129.9832069	7129.6379492	-2.0000667	-2.0000667	0.2294984	0.2858021	0.1464287	0.0000000	0.0000000
7094.9920519	7124.9850629	7124.7683398	-2.0000667	-2.0000667	0.1945215	0.2872375	0.1346029	0.0000000	0.0000000
7094.9920519	7119.9837614	7119.8987305	-2.0000667	-2.0000667	0.1990964	0.2871038	0.1378368	0.0000000	0.0000000
7094.9920519	7114.9824600	7114.6233203	-2.0000667	-2.0000667	0.2343604	0.2841700	0.1463110	0.0000000	0.0000000
7094.9920519	7109.9882914	7109.7537109	-2.0000667	-2.0000667	0.2464581	0.2843212	0.1476769	0.0000000	0.0000000
7094.9920519	7104.9825351	7104.8841016	-2.0000667	-2.0000667	0.2465623	0.2854749	0.1489175	0.0000000	0.0000000
7094.9920519	7099.9837702	7099.6316406	-2.0000667	-2.0000667	0.2401410	0.2852191	0.1468995	0.0000000	0.0000000
7094.9920519	7094.9817088	7094.8171094	-2.0000667	-2.0000667	0.2378336	0.2856633	0.1449817	0.0000000	0.0000000
7094.9920519	7089.9836449	7089.6013672	-2.0000667	-2.0000667	0.2449230	0.2864409	0.1451218	0.0000000	0.0000000
7094.9920519	7084.9855810	7084.7868359	-2.0000667	-2.0000667	0.2465446	0.2848684	0.1464606	0.0000000	0.0000000
7094.9920519	7079.9875171	7079.9723047	-2.0000667	-2.0000667	0.2426279	0.2853698	0.1500552	0.0000000	0.0000000
7094.9920519	7074.9849890	7074.7565625	-2.0000667	-2.0000667	0.2489636	0.2865520	0.1485297	0.0000000	0.0000000
7094.9920519	7069.9846289	7069.9420313	-2.0000667	-2.0000667	0.2409117	0.2844205	0.1458235	0.0000000	0.0000000
7094.9920519	7064.9842688	7064.7262891	-2.0000667	-2.0000667	0.2548989	0.2846935	0.1482537	0.0000000	0.0000000
7094.9920519	7059.9851958	7059.9297656	-2.0000667	-2.0000667	0.2683146	0.2831219	0.1536385	0.0000000	0.0000000
7094.9920519	7054.9845719	7054.7725488	-2.0000667	-2.0000667	0.2255518	0.2868876	0.1416340	0.0000000	0.0000000
7094.9920519	7049.9839480	7049.6153320	-2.0000667	-2.0000667	0.1994110	0.2874961	0.1313275	0.0000000	0.0000000
7094.9920519	7044.9839562	7044.8548242	-2.0000667	-2.0000667	0.1828624	0.2869309	0.1236237	0.0000000	0.0000000
7094.9920519	7039.9847173	7039.6976074	-2.0000667	-2.0000667	0.1980491	0.2884576	0.1314729	0.0000000	0.0000000
7094.9920519	7034.9854783	7034.9370996	-2.0000667	-2.0000667	0.2034861	0.2852620	0.1357460	0.0000000	0.0000000
7094.9920519	7029.9865333	7029.7798828	-2.0000667	-2.0000667	0.2226100	0.2866300	0.1438318	0.0000000	0.0000000
7094.9920519	7024.9842404	7024.6226660	-2.0000667	-2.0000667	0.2398719	0.2864666	0.1491060	0.0000000	0.0000000
7094.9920519	7019.9819476	7019.8843262	-2.0000667	-2.0000667	0.2431036	0.2861074	0.1509823	0.0000000	0.0000000
7094.9920519	7014.9861162	7014.7847461	-2.0000667	-2.0000667	0.2402999	0.2866172	0.1508184	0.0000000	0.0000000
7094.9920519	7009.9855214	7009.6851660	-2.0000667	-2.0000667	0.2286149	0.2859199	0.1450854	0.0000000	0.0000000
7094.9920519	7004.9816281	7004.9778613	-2.0000667	-2.0000667	0.2382903	0.2836051	0.1574640	0.0000000	0.0000000
7094.9920519	7000.0292969	6999.8782813	-2.0000667	-2.0000667	0.2252587	0.2836907	0.1529775	0.0000000	0.0000000
