7254.9967723	7499.9984178	7499.6820801	-2.0000667	-2.0000667	0.0227828	0.2578226	0.1472594	0.0000000	7255.0000000
7254.9967723	7494.9935444	7494.7226807	-2.0000667	-2.0000667	0.0255859	0.2559180	0.1467678	0.0000000	0.0000000
7254.9967723	7489.9851278	7489.7632813	-2.0000667	-2.0000667	0.0269421	0.2572019	0.1496669	0.0000000	0.0000000
7254.9967723	7484.9906544	7484.8038818	-2.0000667	-2.0000667	0.0274647	0.2572385	0.1494307	0.0000000	0.0000000
7254.9967723	7479.9905873	7479.8981445	-2.0000667	-2.0000667	0.0278636	0.2572122	0.1476423	0.0000000	0.0000000
7254.9967723	7474.9849184	7474.9977734	-2.0000667	-2.0000667	0.0283571	0.2587284	0.1463226	0.0000000	0.0000000
7254.9967723	7469.9919479	7469.6519141	-2.0000667	-2.0000667	0.0315460	0.2562550	0.1482506	0.0000000	0.0000000
7254.9967723	7464.9909601	7464.7515430	-2.0000667	-2.0000667	0.0330511	0.2557286	0.1487145	0.0000000	0.0000000
7254.9967723	7459.9859450	7459.8511719	-2.0000667	-2.0000667	0.0359834	0.2560479	0.1525366	0.0000000	0.0000000
7254.9967723	7455.0324394	7454.9508008	-2.0000667	-2.0000667	0.0352941	0.2556863	0.1492344	0.0000000	0.0000000
7254.9967723	7449.9879936	7449.6049414	-2.0000667	-2.0000667	0.0378789	0.2568657	0.1535494	0.0000000	0.0000000
7254.9967723	7445.0242700	7444.7045703	-2.0000667	-2.0000667	0.0395715	0.2571879	0.1532783	0.0000000	0.0000000
7254.9967723	7440.0245557	7439.8041992	-2.0000667	-2.0000667	0.0410298	0.2572600	0.1525178	0.0000000	0.0000000
7254.9967723	7435.0248414	7434.9618359	-2.0000667	-2.0000667	0.0417202	0.2582424	0.1508220	0.0000000	0.0000000
7254.9967723	7429.9906461	7429.6792578	-2.0000667	-2.0000667	0.0436385	0.2558252	0.1515173	0.0000000	0.0000000
7254.9967723	7424.9840682	7424.8368945	-2.0000667	-2.0000667	0.0438207	0.2549005	0.1505758	0.0000000	0.0000000
7254.9967723	7419.9889997	7419.9945313	-2.0000667	-2.0000667	0.0493237	0.2559719	0.1538009	0.0000000	0.0000000
7254.9967723	7414.9852991	7414.7119531	-2.0000667	-2.0000667	0.0565503	0.2550258	0.1613490	0.0000000	0.0000000
7254.9967723	7409.9893015	7409.8695898	-2.0000667	-2.0000667	0.0585312	0.2533219	0.1620822	0.0000000	0.0000000
7254.9967723	7404.9855505	7404.5870117	-2.0000667	-2.0000667	0.0593668	0.2539086	0.1615873	0.0000000	0.0000000
7254.9967723	7399.9868032	7399.7446484	-2.0000667	-2.0000667	0.0641221	0.2540820	0.1610103	0.0000000	0.0000000
7254.9967723	7394.9884007	7394.9126367	-2.0000667	-2.0000667	0.0681414	0.2551997	0.1647642	0.0000000	0.0000000
7254.9967723	7389.9873611	7389.6921680	-2.0000667	-2.0000667	0.0697517	0.2540911	0.1614315	0.0000000	0.0000000
7254.9967723	7384.9891170	7384.9067383	-2.0000667	-2.0000667	0.0731133	0.2539996	0.1655773	0.0000000	0.0000000
7254.9967723	7380.0378677	7379.6862695	-2.0000667	-2.0000667	0.0748467	0.2546447	0.1652726	0.0000000	0.0000000
7254.9967723	7375.0337714	7374.9008398	-2.0000667	-2.0000667	0.0734348	0.2560303	0.1615173	0.0000000	0.0000000
7254.9967723	7370.0266275	7369.6803711	-2.0000667	-2.0000667	0.0755017	0.2545513	0.1585630	0.0000000	0.0000000
7254.9967723	7365.0224132	7364.8949414	-2.0000667	-2.0000667	0.0829178	0.2550219	0.1666696	0.0000000	0.0000000
7254.9967723	7360.0176756	7359.6744727	-2.0000667	-2.0000667	0.0842709	0.2563710	0.1641511	0.0000000	0.0000000
7254.9967723	7355.0192372	7354.8890430	-2.0000667	-2.0000667	0.0872876	0.2565332	0.1673584	0.0000000	0.0000000
7254.9967723	7350.0292311	7349.6991016	-2.0000667	-2.0000667	0.0891019	0.2543633	0.1661456	0.0000000	0.0000000
7254.9967723	7345.0248760	7344.9696387	-2.0000667	-2.0000667	0.0916267	0.2557646	0.1654259	0.0000000	0.0000000
7254.9967723	7340.0235067	7339.8102246	-2.0000667	-2.0000667	0.0942850	0.2556854	0.1637869	0.0000000	0.0000000
7254.9967723	7335.0263373	7334.6508105	-2.0000667	-2.0000667	0.0983124	0.2569424	0.1679075	0.0000000	0.0000000
7254.9967723	7330.0249248	7329.9213477	-2.0000667	-2.0000667	0.1019038	0.2571478	0.1714269	0.0000000	0.0000000
7254.9967723	7325.0264859	7324.7619336	-2.0000667	-2.0000667	0.1064749	0.2559392	0.1695358	0.0000000	0.0000000
7254.9967723	7319.9843762	7319.6025195	-2.0000667	-2.0000667	0.1103981	0.2546888	0.1721349	0.0000000	0.0000000
7254.9967723	7314.9856062	7314.8730566	-2.0000667	-2.0000667	0.1091454	0.2534456	0.1698667	0.0000000	0.0000000
7254.9967723	7309.9868361	7309.7136426	-2.0000667	-2.0000667	0.1119095	0.2542538	0.1723608	0.0000000	0.0000000
7254.9967723	7304.9907881	7304.6092822	-2.0000667	-2.0000667	0.1159294	0.2540605	0.1750696	0.0000000	0.0000000
7254.9967723	7299.9890361	7299.9348730	-2.0000667	-2.0000667	0.1161857	0.2537053	0.1752806	0.0000000	0.0000000
7254.9967723	7295.0417481	7294.8355176	-2.0000667	-2.0000667	0.1149192	0.2542687	0.1750216	0.0000000	0.0000000
7254.9967723	7289.9859351	7289.7361621	-2.0000667	-2.0000667	0.1193602	0.2552275	0.1740984	0.0000000	0.0000000
7254.9967723	7284.9958269	7284.6368066	-2.0000667	-2.0000667	0.1162671	0.2557197	0.1692114	0.0000000	0.0000000
7254.9967723	7279.9884279	7279.9623975	-2.0000667	-2.0000667	0.1139424	0.2559939	0.1686332	0.0000000	0.0000000
7254.9967723	7275.0045020	7274.8630420	-2.0000667	-2.0000667	0.1162656	0.2581094	0.1660726	0.0000000	0.0000000
7254.9967723	7269.9978113	7269.7636865	-2.0000667	-2.0000667	0.1171676	0.2582516	0.1656796	0.0000000	0.0000000
7254.9967723	7264.9876701	7264.6888672	-2.0000667	-2.0000667	0.1199791	0.2581678	0.1621315	0.0000000	0.0000000
7254.9967723	7259.9859215	7259.6483984	-2.0000667	-2.0000667	0.1278395	0.2581361	0.1671476	0.0000000	0.0000000
7254.9967723	7255.0103407	7254.6079297	-2.0000667	-2.0000667	0.1309824	0.2583523	0.1691414	0.0000000	0.0000000
7254.9967723	7250.0221075	7249.9875000	-2.0000667	-2.0000667	0.1316195	0.2570654	0.1695371	0.0000000	0.0000000
7254.9967723	7245.0212218	7244.9470313	-2.0000667	-2.0000667	0.1344191	0.2556760	0.1719309	0.0000000	0.0000000
7254.9967723	7240.0358503	7239.9065625	-2.0000667	-2.0000667	0.1327557	0.2566318	0.1741846	0.0000000	0.0000000
7254.9967723	7235.0279445	7234.8660938	-2.0000667	-2.0000667	0.1354105	0.2564698	0.1795133	0.0000000	0.0000000
7254.9967723	7230.0349698	7229.8256250	-2.0000667	-2.0000667	0.1355750	0.2538788	0.1805033	0.0000000	0.0000000
7254.9967723	7224.9908117	7224.7851563	-2.0000667	-2.0000667	0.1367273	0.2547794	0.1783778	0.0000000	0.0000000
7254.9967723	7219.9867826	7219.8026367	-2.0000667	-2.0000667	0.1408115	0.2542554	0.1805494	0.0000000	0.0000000
7254.9967723	7214.9856444	7214.8201172	-2.0000667	-2.0000667	0.1391592	0.2549280	0.1789792	0.0000000	0.0000000
7254.9967723	7210.0190127	7209.8375977	-2.0000667	-2.0000667	0.1417502	0.2545336	0.1796573	0.0000000	0.0000000
7254.9967723	7205.0049766	7204.8550781	-2.0000667	-2.0000667	0.1403929	0.2544612	0.1780413	0.0000000	0.0000000
7254.9967723	7200.0070836	7199.8725586	-2.0000667	-2.0000667	0.1419366	0.2555468	0.1783514	0.0000000	0.0000000
7254.9967723	7195.0096555	7194.8900391	-2.0000667	-2.0000667	0.1387334	0.2548628	0.1771248	0.0000000	0.0000000
7254.9967723	7190.0010082	7189.9075195	-2.0000667	-2.0000667	0.1376980	0.2557067	0.1787653	0.0000000	0.0000000
7254.9967723	7185.0023185	7184.9250000	-2.0000667	-2.0000667	0.1360823	0.2571968	0.1759016	0.0000000	0.0000000
7254.9967723	7180.0013681	7179.9804492	-2.0000667	-2.0000667	0.1326221	0.2570610	0.1755236	0.0000000	0.0000000
7254.9967723	7174.9804432	7174.6444189	-2.0000667	-2.0000667	0.1331851	0.2563035	0.1758274	0.0000000	0.0000000
7254.9967723	7169.9844272	7169.7188525	-2.0000667	-2.0000667	0.1310851	0.2560867	0.1761818	0.0000000	0.0000000
7254.9967723	7164.9884112	7164.7932861	-2.0000667	-2.0000667	0.1327640	0.2577080	0.1773329	0.0000000	0.0000000
7254.9967723	7159.9938488	7159.8677197	-2.0000667	-2.0000667	0.1317130	0.2554980	0.1799117	0.0000000	0.0000000
7254.9967723	7155.0148630	7154.9421533	-2.0000667	-2.0000667	0.1299143	0.2548531	0.1769885	0.0000000	0.0000000
7254.9967723	7150.0134059	7149.6061230	-2.0000667	-2.0000667	0.1299773	0.2553931	0.1778889	0.0000000	0.0000000
7254.9967723	7145.0066625	7144.6805566	-2.0000667	-2.0000667	0.1265925	0.2552787	0.1792073	0.0000000	0.0000000
7254.9967723	7140.0169055	7139.7829688	-2.0000667	-2.0000667	0.1233090	0.2554150	0.1785172	0.0000000	0.0000000
7254.9967723	7135.0177634	7134.9133594	-2.0000667	-2.0000667	0.1225593	0.2540636	0.1799443	0.0000000	0.0000000
7254.9967723	7130.0242529	7129.6379492	-2.0000667	-2.0000667	0.1188890	0.2557318	0.1801379	0.0000000	0.0000000
7254.9967723	7125.0166367	7124.7683398	-2.0000667	-2.0000667	0.1161390	0.2532355	0.1780015	0.0000000	0.0000000
7254.9967723	7120.0216501	7119.8987305	-2.0000667	-2.0000667	0.1123690	0.2557853	0.1764054	0.0000000	0.0000000
7254.9967723	7115.0171912	7114.6233203	-2.0000667	-2.0000667	0.1117686	0.2560104	0.1779434	0.0000000	0.0000000
7254.9967723	7109.9847957	7109.7537109	-2.0000667	-2.0000667	0.1071064	0.2569996	0.1789218	0.0000000	0.0000000
7254.9967723	7104.9930221	7104.8841016	-2.0000667	-2.0000667	0.1049720	0.2564377	0.1793741	0.0000000	0.0000000
7254.9967723	7099.9872658	7099.6316406	-2.0000667	-2.0000667	0.1019091	0.2567087	0.1800125	0.0000000	0.0000000
7254.9967723	7094.9854837	7094.8171094	-2.0000667	-2.0000667	0.1003241	0.2568428	0.1750867	0.0000000	0.0000000
7254.9967723	7089.9874198	7089.6013672	-2.0000667	-2.0000667	0.0969430	0.2586198	0.1774159	0.0000000	0.0000000
7254.9967723	7084.9855810	7084.7868359	-2.0000667	-2.0000667	0.0951993	0.2570291	0.1763651	0.0000000	0.0000000
7254.9967723	7079.9875171	7079.9723047	-2.0000667	-2.0000667	0.0912227	0.2563794	0.1759109	0.0000000	0.0000000
7254.9967723	7074.9886177	7074.7565625	-2.0000667	-2.0000667	0.0891149	0.2552551	0.1737538	0.0000000	0.0000000
7254.9967723	7069.9846289	7069.9420313	-2.0000667	-2.0000667	0.0844993	0.2551554	0.1771873	0.0000000	0.0000000
7254.9967723	7064.9842688	7064.7262891	-2.0000667	-2.0000667	0.0806984	0.2541910	0.1781169	0.0000000	0.0000000
7254.9967723	7059.9851958	7059.9297656	-2.0000667	-2.0000667	0.0778033	0.2542292	0.1762123	0.0000000	0.0000000
7254.9967723	7055.0074506	7054.7725488	-2.0000667	-2.0000667	0.0753170	0.2551110	0.1736599	0.0000000	0.0000000
7254.9967723	7050.0068266	7049.6153320	-2.0000667	-2.0000667	0.0743490	0.2556274	0.1737161	0.0000000	0.0000000
7254.9967723	7044.9971992	7044.8548242	-2.0000667	-2.0000667	0.0703541	0.2551886	0.1728762	0.0000000	0.0000000
7254.9967723	7039.9814065	7039.6976074	-2.0000667	-2.0000667	0.0675745	0.2562528	0.1679594	0.0000000	0.0000000
7254.9967723	7035.0119644	7034.9370996	-2.0000667	-2.0000667	0.0675747	0.2581509	0.1672500	0.0000000	0.0000000
7254.9967723	7029.9865333	7029.7798828	-2.0000667	-2.0000667	0.0633020	0.2585231	0.1651289	0.0000000	0.0000000
7254.9967723	7024.9842404	7024.6226660	-2.0000667	-2.0000667	0.0625293	0.2579432	0.1662433	0.0000000	0.0000000
7254.9967723	7019.9852022	7019.8843262	-2.0000667	-2.0000667	0.0589557	0.2569418	0.1708026	0.0000000	0.0000000
7254.9967723	7014.9861162	7014.7847461	-2.0000667	-2.0000667	0.0520670	0.2583848	0.1745090	0.0000000	0.0000000
7254.9967723	7009.9855214	7009.6851660	-2.0000667	-2.0000667	0.0510829	0.2571265	0.1735636	0.0000000	0.0000000
7254.9967723	7004.9849267	7004.9778613	-2.0000667	-2.0000667	0.0467529	0.2552197	0.1704114	0.0000000	0.0000000
7254.9967723	7000.0292969	6999.8782813	-2.0000667	-2.0000667	0.0473809	0.2526930	0.1701205	0.0000000	0.0000000
