7419.9971945	7499.9984178	7499.6820801	-2.0000667	-2.0000667	0.0061903	0.2666162	0.1613657	0.0000000	7420.0000000
7419.9971945	7494.9907557	7494.7226807	-2.0000667	-2.0000667	0.0067963	0.2666161	0.1609861	0.0000000	0.0000000
7419.9971945	7489.9851278	7489.7632813	-2.0000667	-2.0000667	0.0103602	0.2682190	0.1647607	0.0000000	0.0000000
7419.9971945	7484.9906544	7484.8038818	-2.0000667	-2.0000667	0.0109897	0.2673831	0.1644193	0.0000000	0.0000000
7419.9971945	7479.9931269	7479.8981445	-2.0000667	-2.0000667	0.0122843	0.2657266	0.1630112	0.0000000	0.0000000
7419.9971945	7474.9899978	7474.9977734	-2.0000667	-2.0000667	0.0110059	0.2659208	0.1625302	0.0000000	0.0000000
7419.9971945	7469.9894082	7469.6519141	-2.0000667	-2.0000667	0.0100781	0.2658383	0.1629836	0.0000000	0.0000000
7419.9971945	7464.9880985	7464.7515430	-2.0000667	-2.0000667	0.0121176	0.2667715	0.1631012	0.0000000	0.0000000
7419.9971945	7459.9859450	7459.8511719	-2.0000667	-2.0000667	0.0125869	0.2659720	0.1607289	0.0000000	0.0000000
7419.9971945	7454.9895148	7454.9508008	-2.0000667	-2.0000667	0.0130845	0.2632389	0.1596210	0.0000000	0.0000000
7419.9971945	7449.9849944	7449.6049414	-2.0000667	-2.0000667	0.0108635	0.2643879	0.1627510	0.0000000	0.0000000
7419.9971945	7444.9822808	7444.7045703	-2.0000667	-2.0000667	0.0136592	0.2646981	0.1627556	0.0000000	0.0000000
7419.9971945	7439.9825665	7439.8041992	-2.0000667	-2.0000667	0.0114327	0.2644463	0.1633173	0.0000000	0.0000000
7419.9971945	7434.9828522	7434.9618359	-2.0000667	-2.0000667	0.0180273	0.2663099	0.1627728	0.0000000	0.0000000
7419.9971945	7429.9906461	7429.6792578	-2.0000667	-2.0000667	0.0174550	0.2657915	0.1615736	0.0000000	0.0000000
7419.9971945	7424.9898229	7424.8368945	-2.0000667	-2.0000667	0.0182052	0.2660640	0.1659154	0.0000000	0.0000000
7419.9971945	7419.9889997	7419.9945313	-2.0000667	-2.0000667	0.0203503	0.2670951	0.1687163	0.0000000	0.0000000
7419.9971945	7414.9881765	7414.7119531	-2.0000667	-2.0000667	0.0214996	0.2668893	0.1656058	0.0000000	0.0000000
7419.9971945	7409.9893015	7409.8695898	-2.0000667	-2.0000667	0.0223696	0.2670919	0.1669750	0.0000000	0.0000000
7419.9971945	7404.9880524	7404.5870117	-2.0000667	-2.0000667	0.0208276	0.2676035	0.1679965	0.0000000	0.0000000
7419.9971945	7399.9893051	7399.7446484	-2.0000667	-2.0000667	0.0193066	0.2658915	0.1658922	0.0000000	0.0000000
7419.9971945	7394.9884007	7394.9126367	-2.0000667	-2.0000667	0.0207487	0.2656249	0.1656821	0.0000000	0.0000000
7419.9971945	7389.9845657	7389.6921680	-2.0000667	-2.0000667	0.0241537	0.2668793	0.1665177	0.0000000	0.0000000
7419.9971945	7384.9891170	7384.9067383	-2.0000667	-2.0000667	0.0255558	0.2669714	0.1654019	0.0000000	0.0000000
7419.9971945	7379.9830116	7379.6862695	-2.0000667	-2.0000667	0.0229186	0.2667620	0.1710406	0.0000000	0.0000000
7419.9971945	7374.9819628	7374.9008398	-2.0000667	-2.0000667	0.0279298	0.2672852	0.1689773	0.0000000	0.0000000
7419.9971945	7369.9839616	7369.6803711	-2.0000667	-2.0000667	0.0280837	0.2665647	0.1682572	0.0000000	0.0000000
7419.9971945	7364.9814683	7364.8949414	-2.0000667	-2.0000667	0.0256691	0.2655956	0.1712273	0.0000000	0.0000000
7419.9971945	7359.9861795	7359.6744727	-2.0000667	-2.0000667	0.0268545	0.2668595	0.1695941	0.0000000	0.0000000
7419.9971945	7354.9814419	7354.8890430	-2.0000667	-2.0000667	0.0285936	0.2668831	0.1742960	0.0000000	0.0000000
7419.9971945	7349.9814569	7349.6991016	-2.0000667	-2.0000667	0.0266522	0.2646895	0.1712235	0.0000000	0.0000000
7419.9971945	7344.9830735	7344.9696387	-2.0000667	-2.0000667	0.0290166	0.2661770	0.1739982	0.0000000	0.0000000
7419.9971945	7339.9876760	7339.8102246	-2.0000667	-2.0000667	0.0273123	0.2670614	0.1717972	0.0000000	0.0000000
7419.9971945	7334.9876819	7334.6508105	-2.0000667	-2.0000667	0.0312422	0.2671761	0.1732865	0.0000000	0.0000000
7419.9971945	7329.9862695	7329.9213477	-2.0000667	-2.0000667	0.0297816	0.2658356	0.1739379	0.0000000	0.0000000
7419.9971945	7324.9878305	7324.7619336	-2.0000667	-2.0000667	0.0320176	0.2645697	0.1727249	0.0000000	0.0000000
7419.9971945	7319.9843762	7319.6025195	-2.0000667	-2.0000667	0.0331528	0.2655057	0.1727296	0.0000000	0.0000000
7419.9971945	7314.9911604	7314.8730566	-2.0000667	-2.0000667	0.0706820	0.2651920	0.1725341	0.0000000	0.0000000
7419.9971945	7309.9896132	7309.7136426	-2.0000667	-2.0000667	0.0340319	0.2676146	0.1728041	0.0000000	0.0000000
7419.9971945	7304.9850290	7304.6092822	-2.0000667	-2.0000667	0.0295269	0.2662550	0.1722972	0.0000000	0.0000000
7419.9971945	7299.9861565	7299.9348730	-2.0000667	-2.0000667	0.0341697	0.2658522	0.1729236	0.0000000	0.0000000
7419.9971945	7294.9795014	7294.8355176	-2.0000667	-2.0000667	0.0354456	0.2660737	0.1730697	0.0000000	0.0000000
7419.9971945	7289.9859351	7289.7361621	-2.0000667	-2.0000667	0.0316853	0.2661436	0.1723481	0.0000000	0.0000000
7419.9971945	7284.9854524	7284.6368066	-2.0000667	-2.0000667	0.0326515	0.2652467	0.1718505	0.0000000	0.0000000
7419.9971945	7279.9884279	7279.9623975	-2.0000667	-2.0000667	0.0350752	0.2659984	0.1764440	0.0000000	0.0000000
7419.9971945	7274.9872494	7274.8630420	-2.0000667	-2.0000667	0.0348398	0.2665558	0.1767452	0.0000000	0.0000000
7419.9971945	7269.9840093	7269.7636865	-2.0000667	-2.0000667	0.0350094	0.2663091	0.1763430	0.0000000	0.0000000
7419.9971945	7264.9876701	7264.6888672	-2.0000667	-2.0000667	0.0336561	0.2668715	0.1769547	0.0000000	0.0000000
7419.9971945	7259.9859215	7259.6483984	-2.0000667	-2.0000667	0.0348469	0.2672528	0.1768402	0.0000000	0.0000000
7419.9971945	7254.9818727	7254.6079297	-2.0000667	-2.0000667	0.0337162	0.2672990	0.1767097	0.0000000	0.0000000
7419.9971945	7249.9841501	7249.9875000	-2.0000667	-2.0000667	0.0340995	0.2666467	0.1767205	0.0000000	0.0000000
7419.9971945	7244.9832645	7244.9470313	-2.0000667	-2.0000667	0.0331367	0.2663596	0.1774950	0.0000000	0.0000000
7419.9971945	7239.9850844	7239.9065625	-2.0000667	-2.0000667	0.0323424	0.2661615	0.1790424	0.0000000	0.0000000
7419.9971945	7234.9891235	7234.8660938	-2.0000667	-2.0000667	0.0336487	0.2659843	0.1761791	0.0000000	0.0000000
7419.9971945	7229.9901764	7229.8256250	-2.0000667	-2.0000667	0.0334106	0.2664834	0.1778723	0.0000000	0.0000000
7419.9971945	7224.9850300	7224.7851563	-2.0000667	-2.0000667	0.0321611	0.2658298	0.1783330	0.0000000	0.0000000
7419.9971945	7219.9867826	7219.8026367	-2.0000667	-2.0000667	0.0325477	0.2677183	0.1784186	0.0000000	0.0000000
7419.9971945	7214.9856444	7214.8201172	-2.0000667	-2.0000667	0.0313634	0.2672875	0.1802573	0.0000000	0.0000000
7419.9971945	7209.9899551	7209.8375977	-2.0000667	-2.0000667	0.0314966	0.2671292	0.1797465	0.0000000	0.0000000
7419.9971945	7204.9823763	7204.8550781	-2.0000667	-2.0000667	0.0323303	0.2667760	0.1793923	0.0000000	0.0000000
7419.9971945	7199.9844833	7199.8725586	-2.0000667	-2.0000667	0.0275795	0.2663917	0.1801400	0.0000000	0.0000000
7419.9971945	7194.9864212	7194.8900391	-2.0000667	-2.0000667	0.0275728	0.2663763	0.1797957	0.0000000	0.0000000
7419.9971945	7189.9844123	7189.9075195	-2.0000667	-2.0000667	0.0255898	0.2659390	0.1797386	0.0000000	0.0000000
7419.9971945	7184.9857226	7184.9250000	-2.0000667	-2.0000667	0.0262241	0.2650872	0.1800769	0.0000000	0.0000000
7419.9971945	7179.9871345	7179.9804492	-2.0000667	-2.0000667	0.0240854	0.2667593	0.1827218	0.0000000	0.0000000
7419.9971945	7174.9840016	7174.6444189	-2.0000667	-2.0000667	0.0233907	0.2672111	0.1809918	0.0000000	0.0000000
7419.9971945	7169.9879856	7169.7188525	-2.0000667	-2.0000667	0.0240056	0.2665927	0.1845421	0.0000000	0.0000000
7419.9971945	7164.9884112	7164.7932861	-2.0000667	-2.0000667	0.0221128	0.2660973	0.1836974	0.0000000	0.0000000
7419.9971945	7159.9874285	7159.8677197	-2.0000667	-2.0000667	0.0200953	0.2669928	0.1815886	0.0000000	0.0000000
7419.9971945	7154.9859714	7154.9421533	-2.0000667	-2.0000667	0.0190762	0.2667910	0.1813644	0.0000000	0.0000000
7419.9971945	7149.9845143	7149.6061230	-2.0000667	-2.0000667	0.0182990	0.2652749	0.1802588	0.0000000	0.0000000
7419.9971945	7144.9847639	7144.6805566	-2.0000667	-2.0000667	0.0162059	0.2636489	0.1774745	0.0000000	0.0000000
7419.9971945	7139.9856218	7139.7829688	-2.0000667	-2.0000667	0.0161599	0.2654193	0.1810144	0.0000000	0.0000000
7419.9971945	7134.9864797	7134.9133594	-2.0000667	-2.0000667	0.0193446	0.2664240	0.1804312	0.0000000	0.0000000
7419.9971945	7129.9863643	7129.6379492	-2.0000667	-2.0000667	0.0136151	0.2656335	0.1818999	0.0000000	0.0000000
7419.9971945	7124.9850629	7124.7683398	-2.0000667	-2.0000667	0.0147190	0.2659128	0.1816726	0.0000000	0.0000000
7419.9971945	7119.9869188	7119.8987305	-2.0000667	-2.0000667	0.0129854	0.2654077	0.1818302	0.0000000	0.0000000
7419.9971945	7114.9856174	7114.6233203	-2.0000667	-2.0000667	0.0125631	0.2653324	0.1819027	0.0000000	0.0000000
7419.9971945	7109.9882914	7109.7537109	-2.0000667	-2.0000667	0.0127313	0.2662882	0.1830006	0.0000000	0.0000000
7419.9971945	7104.9825351	7104.8841016	-2.0000667	-2.0000667	0.0110883	0.2657875	0.1828662	0.0000000	0.0000000
7419.9971945	7099.9837702	7099.6316406	-2.0000667	-2.0000667	0.0134634	0.2661534	0.1809578	0.0000000	0.0000000
7419.9971945	7094.9854837	7094.8171094	-2.0000667	-2.0000667	0.0101344	0.2654916	0.1823766	0.0000000	0.0000000
7419.9971945	7089.9874198	7089.6013672	-2.0000667	-2.0000667	0.0127307	0.2657959	0.1805924	0.0000000	0.0000000
7419.9971945	7084.9855810	7084.7868359	-2.0000667	-2.0000667	0.0103505	0.2663533	0.1866990	0.0000000	0.0000000
7419.9971945	7079.9875171	7079.9723047	-2.0000667	-2.0000667	0.0089896	0.2662760	0.1837236	0.0000000	0.0000000
7419.9971945	7074.9849890	7074.7565625	-2.0000667	-2.0000667	0.0084969	0.2649469	0.1812755	0.0000000	0.0000000
7419.9971945	7069.9846289	7069.9420313	-2.0000667	-2.0000667	0.0067069	0.2652076	0.1797501	0.0000000	0.0000000
7419.9971945	7064.9842688	7064.7262891	-2.0000667	-2.0000667	0.0058724	0.2634432	0.1812384	0.0000000	0.0000000
7419.9971945	7059.9884642	7059.9297656	-2.0000667	-2.0000667	0.0059606	0.2657352	0.1814100	0.0000000	0.0000000
7419.9971945	7054.9878403	7054.7725488	-2.0000667	-2.0000667	0.0053037	0.2657610	0.1810353	0.0000000	0.0000000
7419.9971945	7049.9839480	7049.6153320	-2.0000667	-2.0000667	0.0045996	0.2649764	0.1808583	0.0000000	0.0000000
7419.9971945	7044.9839562	7044.8548242	-2.0000667	-2.0000667	0.0043058	0.2657776	0.1803636	0.0000000	0.0000000
7419.9971945	7039.9847173	7039.6976074	-2.0000667	-2.0000667	0.0042708	0.2655876	0.1821565	0.0000000	0.0000000
7419.9971945	7034.9887891	7034.9370996	-2.0000667	-2.0000667	0.0041265	0.2659993	0.1815837	0.0000000	0.0000000
7419.9971945	7029.9897879	7029.7798828	-2.0000667	-2.0000667	0.0042679	0.2648534	0.1817992	0.0000000	0.0000000
7419.9971945	7024.9874950	7024.6226660	-2.0000667	-2.0000667	0.0036769	0.2657102	0.1816053	0.0000000	0.0000000
7419.9971945	7019.9852022	7019.8843262	-2.0000667	-2.0000667	0.0039487	0.2667511	0.1847677	0.0000000	0.0000000
7419.9971945	7014.9861162	7014.7847461	-2.0000667	-2.0000667	0.0036384	0.2660386	0.1834252	0.0000000	0.0000000
7419.9971945	7009.9855214	7009.6851660	-2.0000667	-2.0000667	0.0026278	0.2663484	0.1861371	0.0000000	0.0000000
7419.9971945	7004.9816281	7004.9778613	-2.0000667	-2.0000667	0.0024419	0.2663253	0.1845500	0.0000000	0.0000000
7419.9971945	7000.0292969	6999.8782813	-2.0000667	-2.0000667	0.0021694	0.2663658	0.1835476	0.0000000	0.0000000
