7174.9962440	7499.9984178	7499.6820801	-2.0000667	-2.0000667	0.0156558	0.2729399	0.1507832	0.0000000	7175.0000000
7174.9962440	7494.9851784	7494.7226807	-2.0000667	-2.0000667	0.0176606	0.2719946	0.1510720	0.0000000	0.0000000
7174.9962440	7489.9851278	7489.7632813	-2.0000667	-2.0000667	0.0207839	0.2717142	0.1480511	0.0000000	0.0000000
7174.9962440	7484.9906544	7484.8038818	-2.0000667	-2.0000667	0.0221259	0.2722241	0.1491093	0.0000000	0.0000000
7174.9962440	7479.9905873	7479.8981445	-2.0000667	-2.0000667	0.0268997	0.2724027	0.1605480	0.0000000	0.0000000
7174.9962440	7474.9849184	7474.9977734	-2.0000667	-2.0000667	0.0272087	0.2721991	0.1562618	0.0000000	0.0000000
7174.9962440	7469.9894082	7469.6519141	-2.0000667	-2.0000667	0.0302335	0.2725881	0.1633312	0.0000000	0.0000000
7174.9962440	7464.9852369	7464.7515430	-2.0000667	-2.0000667	0.0287083	0.2721229	0.1530361	0.0000000	0.0000000
7174.9962440	7459.9888066	7459.8511719	-2.0000667	-2.0000667	0.0283868	0.2731360	0.1520751	0.0000000	0.0000000
7174.9962440	7454.9895148	7454.9508008	-2.0000667	-2.0000667	0.0295239	0.2709850	0.1536367	0.0000000	0.0000000
7174.9962440	7449.9849944	7449.6049414	-2.0000667	-2.0000667	0.0307170	0.2733605	0.1516516	0.0000000	0.0000000
7174.9962440	7444.9852800	7444.7045703	-2.0000667	-2.0000667	0.0309691	0.2744500	0.1488190	0.0000000	0.0000000
7174.9962440	7439.9825665	7439.8041992	-2.0000667	-2.0000667	0.0313904	0.2737637	0.1483079	0.0000000	0.0000000
7174.9962440	7434.9828522	7434.9618359	-2.0000667	-2.0000667	0.0358625	0.2733915	0.1540956	0.0000000	0.0000000
7174.9962440	7429.9848914	7429.6792578	-2.0000667	-2.0000667	0.0384749	0.2754305	0.1549557	0.0000000	0.0000000
7174.9962440	7424.9840682	7424.8368945	-2.0000667	-2.0000667	0.0390978	0.2732672	0.1517517	0.0000000	0.0000000
7174.9962440	7419.9832450	7419.9945313	-2.0000667	-2.0000667	0.0450276	0.2723129	0.1575406	0.0000000	0.0000000
7174.9962440	7414.9852991	7414.7119531	-2.0000667	-2.0000667	0.0494592	0.2725712	0.1567249	0.0000000	0.0000000
7174.9962440	7409.9893015	7409.8695898	-2.0000667	-2.0000667	0.0485916	0.2734183	0.1540017	0.0000000	0.0000000
7174.9962440	7404.9855505	7404.5870117	-2.0000667	-2.0000667	0.0466696	0.2729683	0.1503431	0.0000000	0.0000000
7174.9962440	7399.9868032	7399.7446484	-2.0000667	-2.0000667	0.0491788	0.2737013	0.1522468	0.0000000	0.0000000
7174.9962440	7394.9884007	7394.9126367	-2.0000667	-2.0000667	0.0552211	0.2739586	0.1556140	0.0000000	0.0000000
7174.9962440	7389.9845657	7389.6921680	-2.0000667	-2.0000667	0.0575010	0.2745096	0.1500245	0.0000000	0.0000000
7174.9962440	7384.9891170	7384.9067383	-2.0000667	-2.0000667	0.0606353	0.2748766	0.1479054	0.0000000	0.0000000
7174.9962440	7379.9860592	7379.6862695	-2.0000667	-2.0000667	0.0675970	0.2744998	0.1509031	0.0000000	0.0000000
7174.9962440	7374.9850104	7374.9008398	-2.0000667	-2.0000667	0.0692671	0.2750797	0.1560822	0.0000000	0.0000000
7174.9962440	7369.9839616	7369.6803711	-2.0000667	-2.0000667	0.0704769	0.2751058	0.1556086	0.0000000	0.0000000
7174.9962440	7364.9814683	7364.8949414	-2.0000667	-2.0000667	0.0657758	0.2735630	0.1479906	0.0000000	0.0000000
7174.9962440	7359.9861795	7359.6744727	-2.0000667	-2.0000667	0.0776897	0.2732510	0.1581051	0.0000000	0.0000000
7174.9962440	7354.9814419	7354.8890430	-2.0000667	-2.0000667	0.0857991	0.2732310	0.1619346	0.0000000	0.0000000
7174.9962440	7349.9844428	7349.6991016	-2.0000667	-2.0000667	0.0960007	0.2725967	0.1656704	0.0000000	0.0000000
7174.9962440	7344.9830735	7344.9696387	-2.0000667	-2.0000667	0.0992183	0.2721962	0.1691946	0.0000000	0.0000000
7174.9962440	7339.9876760	7339.8102246	-2.0000667	-2.0000667	0.1057424	0.2722664	0.1668575	0.0000000	0.0000000
7174.9962440	7334.9876819	7334.6508105	-2.0000667	-2.0000667	0.1109841	0.2731335	0.1663925	0.0000000	0.0000000
7174.9962440	7329.9862695	7329.9213477	-2.0000667	-2.0000667	0.1135884	0.2738147	0.1665295	0.0000000	0.0000000
7174.9962440	7324.9848570	7324.7619336	-2.0000667	-2.0000667	0.1194487	0.2734843	0.1633073	0.0000000	0.0000000
7174.9962440	7319.9843762	7319.6025195	-2.0000667	-2.0000667	0.1302502	0.2726029	0.1688929	0.0000000	0.0000000
7174.9962440	7314.9856062	7314.8730566	-2.0000667	-2.0000667	0.1330197	0.2718499	0.1720542	0.0000000	0.0000000
7174.9962440	7309.9896132	7309.7136426	-2.0000667	-2.0000667	0.1311846	0.2715437	0.1695153	0.0000000	0.0000000
7174.9962440	7304.9907881	7304.6092822	-2.0000667	-2.0000667	0.1286309	0.2728578	0.1612505	0.0000000	0.0000000
7174.9962440	7299.9861565	7299.9348730	-2.0000667	-2.0000667	0.1203812	0.2739198	0.1569254	0.0000000	0.0000000
7174.9962440	7294.9795014	7294.8355176	-2.0000667	-2.0000667	0.1181656	0.2750566	0.1550175	0.0000000	0.0000000
7174.9962440	7289.9824769	7289.7361621	-2.0000667	-2.0000667	0.1309771	0.2733164	0.1600127	0.0000000	0.0000000
7174.9962440	7284.9854524	7284.6368066	-2.0000667	-2.0000667	0.1431637	0.2729670	0.1639012	0.0000000	0.0000000
7174.9962440	7279.9884279	7279.9623975	-2.0000667	-2.0000667	0.1472101	0.2733435	0.1686647	0.0000000	0.0000000
7174.9962440	7274.9837989	7274.8630420	-2.0000667	-2.0000667	0.1540785	0.2741603	0.1698879	0.0000000	0.0000000
7174.9962440	7269.9840093	7269.7636865	-2.0000667	-2.0000667	0.1612782	0.2723431	0.1705780	0.0000000	0.0000000
7174.9962440	7264.9876701	7264.6888672	-2.0000667	-2.0000667	0.1637795	0.2726268	0.1680807	0.0000000	0.0000000
7174.9962440	7259.9827583	7259.6483984	-2.0000667	-2.0000667	0.1651427	0.2749247	0.1637168	0.0000000	0.0000000
7174.9962440	7254.9850358	7254.6079297	-2.0000667	-2.0000667	0.1690950	0.2731665	0.1646876	0.0000000	0.0000000
7174.9962440	7249.9873132	7249.9875000	-2.0000667	-2.0000667	0.1719318	0.2735083	0.1627192	0.0000000	0.0000000
7174.9962440	7244.9864276	7244.9470313	-2.0000667	-2.0000667	0.1730757	0.2729674	0.1601307	0.0000000	0.0000000
7174.9962440	7239.9910569	7239.9065625	-2.0000667	-2.0000667	0.1718512	0.2744569	0.1604844	0.0000000	0.0000000
7174.9962440	7234.9891235	7234.8660938	-2.0000667	-2.0000667	0.1735585	0.2735764	0.1574355	0.0000000	0.0000000
7174.9962440	7229.9842040	7229.8256250	-2.0000667	-2.0000667	0.1733583	0.2731530	0.1584100	0.0000000	0.0000000
7174.9962440	7224.9850300	7224.7851563	-2.0000667	-2.0000667	0.1917311	0.2743453	0.1650952	0.0000000	0.0000000
7174.9962440	7219.9838918	7219.8026367	-2.0000667	-2.0000667	0.2048129	0.2718844	0.1731278	0.0000000	0.0000000
7174.9962440	7214.9856444	7214.8201172	-2.0000667	-2.0000667	0.2057019	0.2712087	0.1695134	0.0000000	0.0000000
7174.9962440	7209.9834979	7209.8375977	-2.0000667	-2.0000667	0.2170762	0.2711639	0.1744039	0.0000000	0.0000000
7174.9962440	7204.9856049	7204.8550781	-2.0000667	-2.0000667	0.2123994	0.2715935	0.1692284	0.0000000	0.0000000
7174.9962440	7199.9844833	7199.8725586	-2.0000667	-2.0000667	0.2113381	0.2719807	0.1649249	0.0000000	0.0000000
7174.9962440	7194.9864212	7194.8900391	-2.0000667	-2.0000667	0.2097823	0.2734343	0.1657355	0.0000000	0.0000000
7174.9962440	7189.9844123	7189.9075195	-2.0000667	-2.0000667	0.2132645	0.2739294	0.1642303	0.0000000	0.0000000
7174.9962440	7184.9857226	7184.9250000	-2.0000667	-2.0000667	0.2008741	0.2747054	0.1601025	0.0000000	0.0000000
7174.9962440	7179.9835760	7179.9804492	-2.0000667	-2.0000667	0.1987777	0.2747352	0.1587863	0.0000000	0.0000000
7174.9962440	7174.9804432	7174.6444189	-2.0000667	-2.0000667	0.2047101	0.2743090	0.1587014	0.0000000	0.0000000
7174.9962440	7169.9844272	7169.7188525	-2.0000667	-2.0000667	0.2129946	0.2758323	0.1606699	0.0000000	0.0000000
7174.9962440	7164.9884112	7164.7932861	-2.0000667	-2.0000667	0.2170500	0.2729750	0.1634253	0.0000000	0.0000000
7174.9962440	7159.9842183	7159.8677197	-2.0000667	-2.0000667	0.2208584	0.2757694	0.1627506	0.0000000	0.0000000
7174.9962440	7154.9859714	7154.9421533	-2.0000667	-2.0000667	0.2243551	0.2732839	0.1659354	0.0000000	0.0000000
7174.9962440	7149.9845143	7149.6061230	-2.0000667	-2.0000667	0.2264695	0.2738630	0.1662225	0.0000000	0.0000000
7174.9962440	7144.9878922	7144.6805566	-2.0000667	-2.0000667	0.2300837	0.2728804	0.1713069	0.0000000	0.0000000
7174.9962440	7139.9824934	7139.7829688	-2.0000667	-2.0000667	0.2339016	0.2705287	0.1733959	0.0000000	0.0000000
7174.9962440	7134.9864797	7134.9133594	-2.0000667	-2.0000667	0.2283143	0.2724200	0.1651788	0.0000000	0.0000000
7174.9962440	7129.9832069	7129.6379492	-2.0000667	-2.0000667	0.2253267	0.2721824	0.1600016	0.0000000	0.0000000
7174.9962440	7124.9850629	7124.7683398	-2.0000667	-2.0000667	0.2306191	0.2725333	0.1649752	0.0000000	0.0000000
7174.9962440	7119.9837614	7119.8987305	-2.0000667	-2.0000667	0.2247850	0.2738092	0.1632712	0.0000000	0.0000000
7174.9962440	7114.9824600	7114.6233203	-2.0000667	-2.0000667	0.2214182	0.2725055	0.1619119	0.0000000	0.0000000
7174.9962440	7109.9847957	7109.7537109	-2.0000667	-2.0000667	0.2153300	0.2734258	0.1565338	0.0000000	0.0000000
7174.9962440	7104.9825351	7104.8841016	-2.0000667	-2.0000667	0.2159929	0.2736765	0.1599343	0.0000000	0.0000000
7174.9962440	7099.9837702	7099.6316406	-2.0000667	-2.0000667	0.2200435	0.2730378	0.1595842	0.0000000	0.0000000
7174.9962440	7094.9817088	7094.8171094	-2.0000667	-2.0000667	0.2183265	0.2720005	0.1625244	0.0000000	0.0000000
7174.9962440	7089.9836449	7089.6013672	-2.0000667	-2.0000667	0.2121208	0.2740350	0.1605306	0.0000000	0.0000000
7174.9962440	7084.9818060	7084.7868359	-2.0000667	-2.0000667	0.2077599	0.2728112	0.1642543	0.0000000	0.0000000
7174.9962440	7079.9875171	7079.9723047	-2.0000667	-2.0000667	0.1951348	0.2742164	0.1552571	0.0000000	0.0000000
7174.9962440	7074.9849890	7074.7565625	-2.0000667	-2.0000667	0.1942950	0.2741661	0.1492975	0.0000000	0.0000000
7174.9962440	7069.9846289	7069.9420313	-2.0000667	-2.0000667	0.1911882	0.2737212	0.1523151	0.0000000	0.0000000
7174.9962440	7064.9842688	7064.7262891	-2.0000667	-2.0000667	0.1901868	0.2737264	0.1528263	0.0000000	0.0000000
7174.9962440	7059.9851958	7059.9297656	-2.0000667	-2.0000667	0.1821666	0.2752935	0.1508669	0.0000000	0.0000000
7174.9962440	7054.9845719	7054.7725488	-2.0000667	-2.0000667	0.1630345	0.2757861	0.1336493	0.0000000	0.0000000
7174.9962440	7049.9839480	7049.6153320	-2.0000667	-2.0000667	0.1672899	0.2746478	0.1368889	0.0000000	0.0000000
7174.9962440	7044.9806454	7044.8548242	-2.0000667	-2.0000667	0.1673192	0.2738579	0.1410419	0.0000000	0.0000000
7174.9962440	7039.9814065	7039.6976074	-2.0000667	-2.0000667	0.1676903	0.2741091	0.1464644	0.0000000	0.0000000
7174.9962440	7034.9887891	7034.9370996	-2.0000667	-2.0000667	0.1671298	0.2740521	0.1507410	0.0000000	0.0000000
7174.9962440	7029.9897879	7029.7798828	-2.0000667	-2.0000667	0.1587698	0.2755916	0.1481936	0.0000000	0.0000000
7174.9962440	7024.9874950	7024.6226660	-2.0000667	-2.0000667	0.1547184	0.2749668	0.1471422	0.0000000	0.0000000
7174.9962440	7019.9819476	7019.8843262	-2.0000667	-2.0000667	0.1510964	0.2745461	0.1489219	0.0000000	0.0000000
7174.9962440	7014.9861162	7014.7847461	-2.0000667	-2.0000667	0.1489729	0.2737633	0.1566990	0.0000000	0.0000000
7174.9962440	7009.9855214	7009.6851660	-2.0000667	-2.0000667	0.1424220	0.2748910	0.1523352	0.0000000	0.0000000
7174.9962440	7004.9816281	7004.9778613	-2.0000667	-2.0000667	0.1332911	0.2739070	0.1491630	0.0000000	0.0000000
7174.9962440	7000.0292969	6999.8782813	-2.0000667	-2.0000667	0.1296788	0.2739784	0.1500219	0.0000000	0.0000000
