7404.9966971	7499.9984178	7499.6820801	-2.0000667	-2.0000667	0.0118142	0.2649537	0.1638439	0.0000000	7405.0000000
7404.9966971	7494.9879671	7494.7226807	-2.0000667	-2.0000667	0.0149275	0.2655653	0.1644515	0.0000000	0.0000000
7404.9966971	7489.9851278	7489.7632813	-2.0000667	-2.0000667	0.0136946	0.2655131	0.1650963	0.0000000	0.0000000
7404.9966971	7484.9906544	7484.8038818	-2.0000667	-2.0000667	0.0159070	0.2649840	0.1636919	0.0000000	0.0000000
7404.9966971	7479.9931269	7479.8981445	-2.0000667	-2.0000667	0.0181378	0.2656974	0.1670697	0.0000000	0.0000000
7404.9966971	7474.9849184	7474.9977734	-2.0000667	-2.0000667	0.0144448	0.2664336	0.1658373	0.0000000	0.0000000
7404.9966971	7469.9894082	7469.6519141	-2.0000667	-2.0000667	0.0178677	0.2652904	0.1658260	0.0000000	0.0000000
7404.9966971	7464.9880985	7464.7515430	-2.0000667	-2.0000667	0.0189288	0.2661897	0.1642593	0.0000000	0.0000000
7404.9966971	7459.9859450	7459.8511719	-2.0000667	-2.0000667	0.0218259	0.2653943	0.1655958	0.0000000	0.0000000
7404.9966971	7454.9866531	7454.9508008	-2.0000667	-2.0000667	0.0216339	0.2653396	0.1644647	0.0000000	0.0000000
7404.9966971	7449.9849944	7449.6049414	-2.0000667	-2.0000667	0.0231271	0.2651984	0.1664154	0.0000000	0.0000000
7404.9966971	7444.9822808	7444.7045703	-2.0000667	-2.0000667	0.0231061	0.2644680	0.1657371	0.0000000	0.0000000
7404.9966971	7439.9825665	7439.8041992	-2.0000667	-2.0000667	0.0242817	0.2655198	0.1677051	0.0000000	0.0000000
7404.9966971	7434.9858514	7434.9618359	-2.0000667	-2.0000667	0.0242959	0.2657858	0.1664504	0.0000000	0.0000000
7404.9966971	7429.9848914	7429.6792578	-2.0000667	-2.0000667	0.0250040	0.2648298	0.1692643	0.0000000	0.0000000
7404.9966971	7424.9840682	7424.8368945	-2.0000667	-2.0000667	0.0288096	0.2664182	0.1691572	0.0000000	0.0000000
7404.9966971	7419.9889997	7419.9945313	-2.0000667	-2.0000667	0.0276216	0.2655234	0.1687529	0.0000000	0.0000000
7404.9966971	7414.9852991	7414.7119531	-2.0000667	-2.0000667	0.0329261	0.2659393	0.1682776	0.0000000	0.0000000
7404.9966971	7409.9893015	7409.8695898	-2.0000667	-2.0000667	0.0324773	0.2644097	0.1657700	0.0000000	0.0000000
7404.9966971	7404.9905542	7404.5870117	-2.0000667	-2.0000667	0.0350792	0.2647776	0.1647780	0.0000000	0.0000000
7404.9966971	7399.9868032	7399.7446484	-2.0000667	-2.0000667	0.0387391	0.2652673	0.1668256	0.0000000	0.0000000
7404.9966971	7394.9884007	7394.9126367	-2.0000667	-2.0000667	0.0329023	0.2652300	0.1674766	0.0000000	0.0000000
7404.9966971	7389.9845657	7389.6921680	-2.0000667	-2.0000667	0.0375966	0.2655454	0.1684060	0.0000000	0.0000000
7404.9966971	7384.9891170	7384.9067383	-2.0000667	-2.0000667	0.0398101	0.2665640	0.1677841	0.0000000	0.0000000
7404.9966971	7379.9860592	7379.6862695	-2.0000667	-2.0000667	0.0375616	0.2653342	0.1687500	0.0000000	0.0000000
7404.9966971	7374.9819628	7374.9008398	-2.0000667	-2.0000667	0.0375109	0.2649424	0.1696923	0.0000000	0.0000000
7404.9966971	7369.9839616	7369.6803711	-2.0000667	-2.0000667	0.0383992	0.2654116	0.1708260	0.0000000	0.0000000
7404.9966971	7364.9814683	7364.8949414	-2.0000667	-2.0000667	0.0378794	0.2648521	0.1725358	0.0000000	0.0000000
7404.9966971	7359.9861795	7359.6744727	-2.0000667	-2.0000667	0.0427318	0.2648594	0.1716875	0.0000000	0.0000000
7404.9966971	7354.9845915	7354.8890430	-2.0000667	-2.0000667	0.0453469	0.2649070	0.1715438	0.0000000	0.0000000
7404.9966971	7349.9814569	7349.6991016	-2.0000667	-2.0000667	0.0381257	0.2661262	0.1714752	0.0000000	0.0000000
7404.9966971	7344.9830735	7344.9696387	-2.0000667	-2.0000667	0.0430239	0.2657369	0.1718300	0.0000000	0.0000000
7404.9966971	7339.9876760	7339.8102246	-2.0000667	-2.0000667	0.0429006	0.2652542	0.1733982	0.0000000	0.0000000
7404.9966971	7334.9906554	7334.6508105	-2.0000667	-2.0000667	0.0439294	0.2656071	0.1738145	0.0000000	0.0000000
7404.9966971	7329.9862695	7329.9213477	-2.0000667	-2.0000667	0.0443970	0.2651794	0.1748229	0.0000000	0.0000000
7404.9966971	7324.9878305	7324.7619336	-2.0000667	-2.0000667	0.0436591	0.2650032	0.1742251	0.0000000	0.0000000
7404.9966971	7319.9843762	7319.6025195	-2.0000667	-2.0000667	0.0465712	0.2643220	0.1747244	0.0000000	0.0000000
7404.9966971	7314.9883833	7314.8730566	-2.0000667	-2.0000667	0.0474082	0.2645200	0.1747386	0.0000000	0.0000000
7404.9966971	7309.9896132	7309.7136426	-2.0000667	-2.0000667	0.0467335	0.2644360	0.1735088	0.0000000	0.0000000
7404.9966971	7304.9850290	7304.6092822	-2.0000667	-2.0000667	0.0481459	0.2654648	0.1739221	0.0000000	0.0000000
7404.9966971	7299.9832770	7299.9348730	-2.0000667	-2.0000667	0.0497418	0.2653977	0.1756096	0.0000000	0.0000000
7404.9966971	7294.9829595	7294.8355176	-2.0000667	-2.0000667	0.0456522	0.2658822	0.1757549	0.0000000	0.0000000
7404.9966971	7289.9893932	7289.7361621	-2.0000667	-2.0000667	0.0449270	0.2653861	0.1770822	0.0000000	0.0000000
7404.9966971	7284.9854524	7284.6368066	-2.0000667	-2.0000667	0.0476727	0.2659987	0.1809590	0.0000000	0.0000000
7404.9966971	7279.9849698	7279.9623975	-2.0000667	-2.0000667	0.0488007	0.2655015	0.1806763	0.0000000	0.0000000
7404.9966971	7274.9872494	7274.8630420	-2.0000667	-2.0000667	0.0487144	0.2646663	0.1796664	0.0000000	0.0000000
7404.9966971	7269.9874598	7269.7636865	-2.0000667	-2.0000667	0.0447413	0.2644767	0.1794746	0.0000000	0.0000000
7404.9966971	7264.9876701	7264.6888672	-2.0000667	-2.0000667	0.0424136	0.2638452	0.1770507	0.0000000	0.0000000
7404.9966971	7259.9859215	7259.6483984	-2.0000667	-2.0000667	0.0471805	0.2644440	0.1791721	0.0000000	0.0000000
7404.9966971	7254.9818727	7254.6079297	-2.0000667	-2.0000667	0.0461946	0.2646624	0.1813403	0.0000000	0.0000000
7404.9966971	7249.9936395	7249.9875000	-2.0000667	-2.0000667	0.0460261	0.2648674	0.1792913	0.0000000	0.0000000
7404.9966971	7244.9864276	7244.9470313	-2.0000667	-2.0000667	0.0455455	0.2648223	0.1804374	0.0000000	0.0000000
7404.9966971	7239.9880707	7239.9065625	-2.0000667	-2.0000667	0.0446052	0.2642308	0.1791011	0.0000000	0.0000000
7404.9966971	7234.9891235	7234.8660938	-2.0000667	-2.0000667	0.0439534	0.2646901	0.1784261	0.0000000	0.0000000
7404.9966971	7229.9871902	7229.8256250	-2.0000667	-2.0000667	0.0466144	0.2654117	0.1804656	0.0000000	0.0000000
7404.9966971	7224.9850300	7224.7851563	-2.0000667	-2.0000667	0.0462090	0.2651215	0.1835532	0.0000000	0.0000000
7404.9966971	7219.9867826	7219.8026367	-2.0000667	-2.0000667	0.0515847	0.2654159	0.1819264	0.0000000	0.0000000
7404.9966971	7214.9856444	7214.8201172	-2.0000667	-2.0000667	0.0429000	0.2649424	0.1824495	0.0000000	0.0000000
7404.9966971	7209.9867265	7209.8375977	-2.0000667	-2.0000667	0.0414894	0.2635779	0.1851254	0.0000000	0.0000000
7404.9966971	7204.9856049	7204.8550781	-2.0000667	-2.0000667	0.0425400	0.2638333	0.1835236	0.0000000	0.0000000
7404.9966971	7199.9909406	7199.8725586	-2.0000667	-2.0000667	0.0394163	0.2641198	0.1831263	0.0000000	0.0000000
7404.9966971	7194.9864212	7194.8900391	-2.0000667	-2.0000667	0.0408832	0.2648973	0.1858694	0.0000000	0.0000000
7404.9966971	7189.9844123	7189.9075195	-2.0000667	-2.0000667	0.0391168	0.2652410	0.1848502	0.0000000	0.0000000
7404.9966971	7184.9857226	7184.9250000	-2.0000667	-2.0000667	0.0368315	0.2645752	0.1868053	0.0000000	0.0000000
7404.9966971	7179.9835760	7179.9804492	-2.0000667	-2.0000667	0.0359979	0.2653000	0.1859753	0.0000000	0.0000000
7404.9966971	7174.9875601	7174.6444189	-2.0000667	-2.0000667	0.0337236	0.2650796	0.1873916	0.0000000	0.0000000
7404.9966971	7169.9844272	7169.7188525	-2.0000667	-2.0000667	0.0332223	0.2648077	0.1849602	0.0000000	0.0000000
7404.9966971	7164.9884112	7164.7932861	-2.0000667	-2.0000667	0.0322987	0.2646439	0.1855724	0.0000000	0.0000000
7404.9966971	7159.9874285	7159.8677197	-2.0000667	-2.0000667	0.0308270	0.2643071	0.1833564	0.0000000	0.0000000
7404.9966971	7154.9859714	7154.9421533	-2.0000667	-2.0000667	0.0304902	0.2644935	0.1857289	0.0000000	0.0000000
7404.9966971	7149.9845143	7149.6061230	-2.0000667	-2.0000667	0.0282509	0.2644385	0.1858444	0.0000000	0.0000000
7404.9966971	7144.9847639	7144.6805566	-2.0000667	-2.0000667	0.0262037	0.2643000	0.1851252	0.0000000	0.0000000
7404.9966971	7139.9856218	7139.7829688	-2.0000667	-2.0000667	0.0259164	0.2639862	0.1863226	0.0000000	0.0000000
7404.9966971	7134.9864797	7134.9133594	-2.0000667	-2.0000667	0.0247723	0.2634241	0.1868999	0.0000000	0.0000000
7404.9966971	7129.9863643	7129.6379492	-2.0000667	-2.0000667	0.0241107	0.2649590	0.1866796	0.0000000	0.0000000
7404.9966971	7124.9850629	7124.7683398	-2.0000667	-2.0000667	0.0231790	0.2635125	0.1850963	0.0000000	0.0000000
7404.9966971	7119.9869188	7119.8987305	-2.0000667	-2.0000667	0.0194286	0.2651133	0.1891401	0.0000000	0.0000000
7404.9966971	7114.9856174	7114.6233203	-2.0000667	-2.0000667	0.0176013	0.2638903	0.1877998	0.0000000	0.0000000
7404.9966971	7109.9847957	7109.7537109	-2.0000667	-2.0000667	0.0186140	0.2642180	0.1873118	0.0000000	0.0000000
7404.9966971	7104.9825351	7104.8841016	-2.0000667	-2.0000667	0.0182120	0.2641848	0.1884985	0.0000000	0.0000000
7404.9966971	7099.9837702	7099.6316406	-2.0000667	-2.0000667	0.0158954	0.2649127	0.1890809	0.0000000	0.0000000
7404.9966971	7094.9817088	7094.8171094	-2.0000667	-2.0000667	0.0154855	0.2661471	0.1905833	0.0000000	0.0000000
7404.9966971	7089.9874198	7089.6013672	-2.0000667	-2.0000667	0.0146362	0.2646556	0.1889415	0.0000000	0.0000000
7404.9966971	7084.9818060	7084.7868359	-2.0000667	-2.0000667	0.0145515	0.2642395	0.1885530	0.0000000	0.0000000
7404.9966971	7079.9875171	7079.9723047	-2.0000667	-2.0000667	0.0130231	0.2653290	0.1916709	0.0000000	0.0000000
7404.9966971	7074.9849890	7074.7565625	-2.0000667	-2.0000667	0.0117583	0.2643308	0.1890399	0.0000000	0.0000000
7404.9966971	7069.9846289	7069.9420313	-2.0000667	-2.0000667	0.0112341	0.2643196	0.1877721	0.0000000	0.0000000
7404.9966971	7064.9878975	7064.7262891	-2.0000667	-2.0000667	0.0094232	0.2648230	0.1896416	0.0000000	0.0000000
7404.9966971	7059.9851958	7059.9297656	-2.0000667	-2.0000667	0.0087296	0.2648716	0.1897094	0.0000000	0.0000000
7404.9966971	7054.9845719	7054.7725488	-2.0000667	-2.0000667	0.0088430	0.2631013	0.1892601	0.0000000	0.0000000
7404.9966971	7049.9839480	7049.6153320	-2.0000667	-2.0000667	0.0081721	0.2637681	0.1879178	0.0000000	0.0000000
7404.9966971	7044.9839562	7044.8548242	-2.0000667	-2.0000667	0.0076052	0.2637159	0.1879847	0.0000000	0.0000000
7404.9966971	7039.9847173	7039.6976074	-2.0000667	-2.0000667	0.0067231	0.2646893	0.1910131	0.0000000	0.0000000
7404.9966971	7034.9854783	7034.9370996	-2.0000667	-2.0000667	0.0060089	0.2646080	0.1893922	0.0000000	0.0000000
7404.9966971	7029.9865333	7029.7798828	-2.0000667	-2.0000667	0.0057849	0.2645900	0.1907976	0.0000000	0.0000000
7404.9966971	7024.9874950	7024.6226660	-2.0000667	-2.0000667	0.0050520	0.2632010	0.1897589	0.0000000	0.0000000
7404.9966971	7019.9852022	7019.8843262	-2.0000667	-2.0000667	0.0048940	0.2637125	0.1916714	0.0000000	0.0000000
7404.9966971	7014.9861162	7014.7847461	-2.0000667	-2.0000667	0.0042888	0.2644069	0.1888699	0.0000000	0.0000000
7404.9966971	7009.9855214	7009.6851660	-2.0000667	-2.0000667	0.0037255	0.2644175	0.1889751	0.0000000	0.0000000
7404.9966971	7004.9816281	7004.9778613	-2.0000667	-2.0000667	0.0033765	0.2648677	0.1928569	0.0000000	0.0000000
7404.9966971	7000.0292969	6999.8782813	-2.0000667	-2.0000667	0.0031807	0.2637531	0.1910549	0.0000000	0.0000000
