7074.9948990	7499.9984178	7499.6820801	-2.0000667	-2.0000667	0.0013689	0.2865879	0.1408123	0.0000000	7075.0000000
7074.9948990	7494.9851784	7494.7226807	-2.0000667	-2.0000667	0.0031521	0.2830769	0.1579171	0.0000000	0.0000000
7074.9948990	7489.9851278	7489.7632813	-2.0000667	-2.0000667	0.0028544	0.2852645	0.1627878	0.0000000	0.0000000
7074.9948990	7484.9878658	7484.8038818	-2.0000667	-2.0000667	0.0023850	0.2875637	0.1402052	0.0000000	0.0000000
7074.9948990	7479.9855080	7479.8981445	-2.0000667	-2.0000667	0.0016713	0.2858761	0.1370239	0.0000000	0.0000000
7074.9948990	7474.9849184	7474.9977734	-2.0000667	-2.0000667	0.0019307	0.2866680	0.1354229	0.0000000	0.0000000
7074.9948990	7469.9894082	7469.6519141	-2.0000667	-2.0000667	0.0027617	0.2868158	0.1374620	0.0000000	0.0000000
7074.9948990	7464.9823752	7464.7515430	-2.0000667	-2.0000667	0.0036306	0.2854382	0.1439236	0.0000000	0.0000000
7074.9948990	7459.9802217	7459.8511719	-2.0000667	-2.0000667	0.0034650	0.2872740	0.1440454	0.0000000	0.0000000
7074.9948990	7454.9895148	7454.9508008	-2.0000667	-2.0000667	0.0026273	0.2894839	0.1359841	0.0000000	0.0000000
7074.9948990	7450.0299828	7449.6049414	-2.0000667	-2.0000667	0.0033501	0.2886952	0.1341875	0.0000000	0.0000000
7074.9948990	7445.0392662	7444.7045703	-2.0000667	-2.0000667	0.0044291	0.2854648	0.1447092	0.0000000	0.0000000
7074.9948990	7440.0245557	7439.8041992	-2.0000667	-2.0000667	0.0032015	0.2876221	0.1416801	0.0000000	0.0000000
7074.9948990	7435.0278406	7434.9618359	-2.0000667	-2.0000667	0.0023235	0.2873237	0.1253705	0.0000000	0.0000000
7074.9948990	7430.0280516	7429.6792578	-2.0000667	-2.0000667	0.0043596	0.2864563	0.1299771	0.0000000	0.0000000
7074.9948990	7424.9840682	7424.8368945	-2.0000667	-2.0000667	0.0061592	0.2868076	0.1398416	0.0000000	0.0000000
7074.9948990	7419.9889997	7419.9945313	-2.0000667	-2.0000667	0.0059952	0.2892341	0.1389158	0.0000000	0.0000000
7074.9948990	7415.0342140	7414.7119531	-2.0000667	-2.0000667	0.0057390	0.2886387	0.1292095	0.0000000	0.0000000
7074.9948990	7409.9893015	7409.8695898	-2.0000667	-2.0000667	0.0065406	0.2866923	0.1329686	0.0000000	0.0000000
7074.9948990	7404.9855505	7404.5870117	-2.0000667	-2.0000667	0.0070499	0.2857926	0.1311960	0.0000000	0.0000000
7074.9948990	7399.9893051	7399.7446484	-2.0000667	-2.0000667	0.0057668	0.2852982	0.1270762	0.0000000	0.0000000
7074.9948990	7394.9884007	7394.9126367	-2.0000667	-2.0000667	0.0095896	0.2877142	0.1295820	0.0000000	0.0000000
7074.9948990	7389.9873611	7389.6921680	-2.0000667	-2.0000667	0.0097157	0.2891799	0.1281069	0.0000000	0.0000000
7074.9948990	7384.9891170	7384.9067383	-2.0000667	-2.0000667	0.0081334	0.2885529	0.1247083	0.0000000	0.0000000
7074.9948990	7380.0317726	7379.6862695	-2.0000667	-2.0000667	0.0104912	0.2881367	0.1292242	0.0000000	0.0000000
7074.9948990	7375.0215811	7374.9008398	-2.0000667	-2.0000667	0.0137961	0.2871094	0.1342983	0.0000000	0.0000000
7074.9948990	7370.0266275	7369.6803711	-2.0000667	-2.0000667	0.0166803	0.2849973	0.1342504	0.0000000	0.0000000
7074.9948990	7365.0129644	7364.8949414	-2.0000667	-2.0000667	0.0256008	0.2858138	0.1461667	0.0000000	0.0000000
7074.9948990	7360.0176756	7359.6744727	-2.0000667	-2.0000667	0.0261011	0.2856571	0.1436910	0.0000000	0.0000000
7074.9948990	7355.0192372	7354.8890430	-2.0000667	-2.0000667	0.0292159	0.2853962	0.1465129	0.0000000	0.0000000
7074.9948990	7350.0143017	7349.6991016	-2.0000667	-2.0000667	0.0293112	0.2850276	0.1404224	0.0000000	0.0000000
7074.9948990	7345.0278619	7344.9696387	-2.0000667	-2.0000667	0.0322189	0.2846179	0.1422917	0.0000000	0.0000000
7074.9948990	7340.0264926	7339.8102246	-2.0000667	-2.0000667	0.0315614	0.2882783	0.1390045	0.0000000	0.0000000
7074.9948990	7335.0293108	7334.6508105	-2.0000667	-2.0000667	0.0283191	0.2868383	0.1329108	0.0000000	0.0000000
7074.9948990	7330.0308718	7329.9213477	-2.0000667	-2.0000667	0.0301508	0.2885833	0.1335552	0.0000000	0.0000000
7074.9948990	7325.0294594	7324.7619336	-2.0000667	-2.0000667	0.0331287	0.2889868	0.1313025	0.0000000	0.0000000
7074.9948990	7319.9843762	7319.6025195	-2.0000667	-2.0000667	0.0446403	0.2877413	0.1399447	0.0000000	0.0000000
7074.9948990	7314.9856062	7314.8730566	-2.0000667	-2.0000667	0.0513988	0.2876974	0.1459335	0.0000000	0.0000000
7074.9948990	7309.9868361	7309.7136426	-2.0000667	-2.0000667	0.0591124	0.2847113	0.1493206	0.0000000	0.0000000
7074.9948990	7304.9850290	7304.6092822	-2.0000667	-2.0000667	0.0584991	0.2869760	0.1441838	0.0000000	0.0000000
7074.9948990	7300.0351086	7299.9348730	-2.0000667	-2.0000667	0.0516664	0.2876255	0.1388652	0.0000000	0.0000000
7074.9948990	7295.0382899	7294.8355176	-2.0000667	-2.0000667	0.0527334	0.2860935	0.1399050	0.0000000	0.0000000
7074.9948990	7289.9963095	7289.7361621	-2.0000667	-2.0000667	0.0452711	0.2887850	0.1311448	0.0000000	0.0000000
7074.9948990	7284.9854524	7284.6368066	-2.0000667	-2.0000667	0.0542513	0.2867366	0.1394484	0.0000000	0.0000000
7074.9948990	7279.9815116	7279.9623975	-2.0000667	-2.0000667	0.0601367	0.2856162	0.1401566	0.0000000	0.0000000
7074.9948990	7274.9941504	7274.8630420	-2.0000667	-2.0000667	0.0706874	0.2857334	0.1465658	0.0000000	0.0000000
7074.9948990	7269.9840093	7269.7636865	-2.0000667	-2.0000667	0.0739348	0.2856049	0.1418595	0.0000000	0.0000000
7074.9948990	7264.9876701	7264.6888672	-2.0000667	-2.0000667	0.0934930	0.2845071	0.1519988	0.0000000	0.0000000
7074.9948990	7259.9859215	7259.6483984	-2.0000667	-2.0000667	0.0847316	0.2857660	0.1408025	0.0000000	0.0000000
7074.9948990	7255.0229932	7254.6079297	-2.0000667	-2.0000667	0.0961184	0.2869277	0.1434794	0.0000000	0.0000000
7074.9948990	7250.0094550	7249.9875000	-2.0000667	-2.0000667	0.0995608	0.2871274	0.1399598	0.0000000	0.0000000
7074.9948990	7245.0180587	7244.9470313	-2.0000667	-2.0000667	0.1106854	0.2875798	0.1469690	0.0000000	0.0000000
7074.9948990	7240.0268916	7239.9065625	-2.0000667	-2.0000667	0.1062915	0.2866344	0.1476399	0.0000000	0.0000000
7074.9948990	7235.0249583	7234.8660938	-2.0000667	-2.0000667	0.1118090	0.2876991	0.1432074	0.0000000	0.0000000
7074.9948990	7229.9871902	7229.8256250	-2.0000667	-2.0000667	0.1135503	0.2873940	0.1427645	0.0000000	0.0000000
7074.9948990	7224.9850300	7224.7851563	-2.0000667	-2.0000667	0.1008026	0.2878989	0.1349943	0.0000000	0.0000000
7074.9948990	7219.9867826	7219.8026367	-2.0000667	-2.0000667	0.0948210	0.2867377	0.1321469	0.0000000	0.0000000
7074.9948990	7214.9827535	7214.8201172	-2.0000667	-2.0000667	0.1277092	0.2851857	0.1502023	0.0000000	0.0000000
7074.9948990	7210.0157840	7209.8375977	-2.0000667	-2.0000667	0.1162268	0.2861331	0.1428096	0.0000000	0.0000000
7074.9948990	7205.0146625	7204.8550781	-2.0000667	-2.0000667	0.1148514	0.2896436	0.1377985	0.0000000	0.0000000
7074.9948990	7200.0103123	7199.8725586	-2.0000667	-2.0000667	0.1337805	0.2853705	0.1459192	0.0000000	0.0000000
7074.9948990	7195.0096555	7194.8900391	-2.0000667	-2.0000667	0.1423197	0.2871382	0.1491401	0.0000000	0.0000000
7074.9948990	7190.0076466	7189.9075195	-2.0000667	-2.0000667	0.1309154	0.2890778	0.1408672	0.0000000	0.0000000
7074.9948990	7185.0056377	7184.9250000	-2.0000667	-2.0000667	0.1484371	0.2860906	0.1472476	0.0000000	0.0000000
7074.9948990	7179.9978097	7179.9804492	-2.0000667	-2.0000667	0.1590077	0.2871749	0.1487369	0.0000000	0.0000000
7074.9948990	7174.9804432	7174.6444189	-2.0000667	-2.0000667	0.1641991	0.2860094	0.1501772	0.0000000	0.0000000
7074.9948990	7169.9844272	7169.7188525	-2.0000667	-2.0000667	0.1645542	0.2873324	0.1485066	0.0000000	0.0000000
7074.9948990	7164.9848528	7164.7932861	-2.0000667	-2.0000667	0.1634780	0.2862423	0.1447329	0.0000000	0.0000000
7074.9948990	7160.0034794	7159.8677197	-2.0000667	-2.0000667	0.1702018	0.2858942	0.1475265	0.0000000	0.0000000
7074.9948990	7155.0084426	7154.9421533	-2.0000667	-2.0000667	0.1951755	0.2842700	0.1543104	0.0000000	0.0000000
7074.9948990	7150.0198263	7149.6061230	-2.0000667	-2.0000667	0.2137926	0.2835969	0.1563109	0.0000000	0.0000000
7074.9948990	7145.0129192	7144.6805566	-2.0000667	-2.0000667	0.2042061	0.2864404	0.1527350	0.0000000	0.0000000
7074.9948990	7140.0137771	7139.7829688	-2.0000667	-2.0000667	0.2080568	0.2846526	0.1516368	0.0000000	0.0000000
7074.9948990	7135.0177634	7134.9133594	-2.0000667	-2.0000667	0.2120519	0.2865931	0.1499542	0.0000000	0.0000000
7074.9948990	7130.0147808	7129.6379492	-2.0000667	-2.0000667	0.2366700	0.2878490	0.1534442	0.0000000	0.0000000
7074.9948990	7125.0134793	7124.7683398	-2.0000667	-2.0000667	0.2193662	0.2865382	0.1490834	0.0000000	0.0000000
7074.9948990	7120.0184927	7119.8987305	-2.0000667	-2.0000667	0.2388365	0.2871779	0.1505522	0.0000000	0.0000000
7074.9948990	7115.0298208	7114.6233203	-2.0000667	-2.0000667	0.2339746	0.2872675	0.1478582	0.0000000	0.0000000
7074.9948990	7109.9847957	7109.7537109	-2.0000667	-2.0000667	0.2371943	0.2856215	0.1472197	0.0000000	0.0000000
7074.9948990	7104.9825351	7104.8841016	-2.0000667	-2.0000667	0.2341150	0.2863127	0.1463984	0.0000000	0.0000000
7074.9948990	7099.9977528	7099.6316406	-2.0000667	-2.0000667	0.2408181	0.2857600	0.1491675	0.0000000	0.0000000
7074.9948990	7094.9817088	7094.8171094	-2.0000667	-2.0000667	0.2488583	0.2859210	0.1501288	0.0000000	0.0000000
7074.9948990	7089.9874198	7089.6013672	-2.0000667	-2.0000667	0.2662222	0.2853945	0.1540220	0.0000000	0.0000000
7074.9948990	7084.9855810	7084.7868359	-2.0000667	-2.0000667	0.2214878	0.2846324	0.1452666	0.0000000	0.0000000
7074.9948990	7079.9875171	7079.9723047	-2.0000667	-2.0000667	0.2199474	0.2859951	0.1431130	0.0000000	0.0000000
7074.9948990	7074.9849890	7074.7565625	-2.0000667	-2.0000667	0.2436426	0.2875677	0.1467177	0.0000000	0.0000000
7074.9948990	7069.9846289	7069.9420313	-2.0000667	-2.0000667	0.2518459	0.2883351	0.1457561	0.0000000	0.0000000
7074.9948990	7064.9842688	7064.7262891	-2.0000667	-2.0000667	0.2510007	0.2881028	0.1476298	0.0000000	0.0000000
7074.9948990	7059.9851958	7059.9297656	-2.0000667	-2.0000667	0.2341631	0.2856196	0.1461714	0.0000000	0.0000000
7074.9948990	7055.0074506	7054.7725488	-2.0000667	-2.0000667	0.2184030	0.2875648	0.1377448	0.0000000	0.0000000
7074.9948990	7050.0231685	7049.6153320	-2.0000667	-2.0000667	0.1968634	0.2884281	0.1316527	0.0000000	0.0000000
7074.9948990	7045.0038207	7044.8548242	-2.0000667	-2.0000667	0.2508223	0.2852120	0.1522858	0.0000000	0.0000000
7074.9948990	7039.9979603	7039.6976074	-2.0000667	-2.0000667	0.2698685	0.2858639	0.1534871	0.0000000	0.0000000
7074.9948990	7035.0020321	7034.9370996	-2.0000667	-2.0000667	0.2567124	0.2889329	0.1472198	0.0000000	0.0000000
7074.9948990	7030.0028062	7029.7798828	-2.0000667	-2.0000667	0.2638807	0.2875171	0.1517179	0.0000000	0.0000000
7074.9948990	7024.9842404	7024.6226660	-2.0000667	-2.0000667	0.2621711	0.2854828	0.1526906	0.0000000	0.0000000
7074.9948990	7019.9852022	7019.8843262	-2.0000667	-2.0000667	0.2416772	0.2858208	0.1496637	0.0000000	0.0000000
7074.9948990	7014.9828176	7014.7847461	-2.0000667	-2.0000667	0.2568999	0.2874498	0.1527390	0.0000000	0.0000000
7074.9948990	7009.9822229	7009.6851660	-2.0000667	-2.0000667	0.2708500	0.2858369	0.1593927	0.0000000	0.0000000
7074.9948990	7004.9816281	7004.9778613	-2.0000667	-2.0000667	0.2708118	0.2858228	0.1634812	0.0000000	0.0000000
7074.9948990	7000.0292969	6999.8782813	-2.0000667	-2.0000667	0.2554889	0.2843402	0.1613000	0.0000000	0.0000000
