7229.9999648	7499.9984178	7499.6820801	-2.0000667	-2.0000667	0.0220996	0.2659552	0.1470535	0.0000000	7230.0000000
7229.9999648	7494.9935444	7494.7226807	-2.0000667	-2.0000667	0.0247391	0.2652256	0.1510452	0.0000000	0.0000000
7229.9999648	7489.9879164	7489.7632813	-2.0000667	-2.0000667	0.0265782	0.2660547	0.1532853	0.0000000	0.0000000
7229.9999648	7484.9878658	7484.8038818	-2.0000667	-2.0000667	0.0284128	0.2656953	0.1510463	0.0000000	0.0000000
7229.9999648	7479.9931269	7479.8981445	-2.0000667	-2.0000667	0.0290223	0.2650133	0.1500084	0.0000000	0.0000000
7229.9999648	7474.9849184	7474.9977734	-2.0000667	-2.0000667	0.0316698	0.2653441	0.1526100	0.0000000	0.0000000
7229.9999648	7469.9919479	7469.6519141	-2.0000667	-2.0000667	0.0352156	0.2647151	0.1566086	0.0000000	0.0000000
7229.9999648	7464.9938218	7464.7515430	-2.0000667	-2.0000667	0.0359573	0.2643224	0.1529332	0.0000000	0.0000000
7229.9999648	7459.9916683	7459.8511719	-2.0000667	-2.0000667	0.0392478	0.2654547	0.1601731	0.0000000	0.0000000
7229.9999648	7454.9895148	7454.9508008	-2.0000667	-2.0000667	0.0416132	0.2651501	0.1582081	0.0000000	0.0000000
7229.9999648	7449.9849944	7449.6049414	-2.0000667	-2.0000667	0.0426218	0.2649369	0.1547452	0.0000000	0.0000000
7229.9999648	7444.9822808	7444.7045703	-2.0000667	-2.0000667	0.0456437	0.2654314	0.1630007	0.0000000	0.0000000
7229.9999648	7439.9795673	7439.8041992	-2.0000667	-2.0000667	0.0470215	0.2636472	0.1614375	0.0000000	0.0000000
7229.9999648	7434.9828522	7434.9618359	-2.0000667	-2.0000667	0.0494131	0.2651405	0.1623303	0.0000000	0.0000000
7229.9999648	7429.9877688	7429.6792578	-2.0000667	-2.0000667	0.0514351	0.2648595	0.1623357	0.0000000	0.0000000
7229.9999648	7424.9840682	7424.8368945	-2.0000667	-2.0000667	0.0522222	0.2634728	0.1601569	0.0000000	0.0000000
7229.9999648	7419.9889997	7419.9945313	-2.0000667	-2.0000667	0.0560189	0.2643135	0.1599406	0.0000000	0.0000000
7229.9999648	7414.9852991	7414.7119531	-2.0000667	-2.0000667	0.0575815	0.2632589	0.1601168	0.0000000	0.0000000
7229.9999648	7409.9893015	7409.8695898	-2.0000667	-2.0000667	0.0599124	0.2640223	0.1620372	0.0000000	0.0000000
7229.9999648	7404.9905542	7404.5870117	-2.0000667	-2.0000667	0.0628159	0.2658600	0.1618116	0.0000000	0.0000000
7229.9999648	7399.9868032	7399.7446484	-2.0000667	-2.0000667	0.0623279	0.2656913	0.1565688	0.0000000	0.0000000
7229.9999648	7394.9884007	7394.9126367	-2.0000667	-2.0000667	0.0687828	0.2662080	0.1618859	0.0000000	0.0000000
7229.9999648	7389.9873611	7389.6921680	-2.0000667	-2.0000667	0.0737195	0.2662272	0.1628932	0.0000000	0.0000000
7229.9999648	7384.9891170	7384.9067383	-2.0000667	-2.0000667	0.0744731	0.2655082	0.1628477	0.0000000	0.0000000
7229.9999648	7379.9860592	7379.6862695	-2.0000667	-2.0000667	0.0764406	0.2664956	0.1588303	0.0000000	0.0000000
7229.9999648	7374.9850104	7374.9008398	-2.0000667	-2.0000667	0.0795477	0.2670458	0.1628430	0.0000000	0.0000000
7229.9999648	7369.9839616	7369.6803711	-2.0000667	-2.0000667	0.0838264	0.2662367	0.1644999	0.0000000	0.0000000
7229.9999648	7364.9814683	7364.8949414	-2.0000667	-2.0000667	0.0834143	0.2643217	0.1633610	0.0000000	0.0000000
7229.9999648	7359.9861795	7359.6744727	-2.0000667	-2.0000667	0.0910923	0.2642750	0.1707350	0.0000000	0.0000000
7229.9999648	7354.9814419	7354.8890430	-2.0000667	-2.0000667	0.0973445	0.2648059	0.1723671	0.0000000	0.0000000
7229.9999648	7349.9814569	7349.6991016	-2.0000667	-2.0000667	0.1027855	0.2650599	0.1703978	0.0000000	0.0000000
7229.9999648	7344.9830735	7344.9696387	-2.0000667	-2.0000667	0.1036829	0.2651354	0.1717900	0.0000000	0.0000000
7229.9999648	7339.9846901	7339.8102246	-2.0000667	-2.0000667	0.1095653	0.2655109	0.1709164	0.0000000	0.0000000
7229.9999648	7334.9876819	7334.6508105	-2.0000667	-2.0000667	0.1143282	0.2639824	0.1735297	0.0000000	0.0000000
7229.9999648	7329.9862695	7329.9213477	-2.0000667	-2.0000667	0.1171932	0.2638569	0.1729686	0.0000000	0.0000000
7229.9999648	7324.9878305	7324.7619336	-2.0000667	-2.0000667	0.1234214	0.2640969	0.1758158	0.0000000	0.0000000
7229.9999648	7319.9843762	7319.6025195	-2.0000667	-2.0000667	0.1239252	0.2640345	0.1733158	0.0000000	0.0000000
7229.9999648	7314.9883833	7314.8730566	-2.0000667	-2.0000667	0.1239111	0.2645770	0.1705034	0.0000000	0.0000000
7229.9999648	7309.9868361	7309.7136426	-2.0000667	-2.0000667	0.1239707	0.2648857	0.1705933	0.0000000	0.0000000
7229.9999648	7304.9850290	7304.6092822	-2.0000667	-2.0000667	0.1230665	0.2646908	0.1654789	0.0000000	0.0000000
7229.9999648	7299.9861565	7299.9348730	-2.0000667	-2.0000667	0.1263920	0.2647573	0.1681345	0.0000000	0.0000000
7229.9999648	7294.9795014	7294.8355176	-2.0000667	-2.0000667	0.1307761	0.2639469	0.1731069	0.0000000	0.0000000
7229.9999648	7289.9859351	7289.7361621	-2.0000667	-2.0000667	0.1355972	0.2631130	0.1714922	0.0000000	0.0000000
7229.9999648	7284.9854524	7284.6368066	-2.0000667	-2.0000667	0.1422673	0.2643967	0.1786396	0.0000000	0.0000000
7229.9999648	7279.9884279	7279.9623975	-2.0000667	-2.0000667	0.1472396	0.2629445	0.1814784	0.0000000	0.0000000
7229.9999648	7274.9837989	7274.8630420	-2.0000667	-2.0000667	0.1481124	0.2618911	0.1788615	0.0000000	0.0000000
7229.9999648	7269.9840093	7269.7636865	-2.0000667	-2.0000667	0.1508011	0.2636678	0.1810193	0.0000000	0.0000000
7229.9999648	7264.9876701	7264.6888672	-2.0000667	-2.0000667	0.1552891	0.2652946	0.1789443	0.0000000	0.0000000
7229.9999648	7259.9859215	7259.6483984	-2.0000667	-2.0000667	0.1580045	0.2648470	0.1776511	0.0000000	0.0000000
7229.9999648	7254.9850358	7254.6079297	-2.0000667	-2.0000667	0.1608668	0.2638624	0.1787289	0.0000000	0.0000000
7229.9999648	7249.9841501	7249.9875000	-2.0000667	-2.0000667	0.1603000	0.2645217	0.1781318	0.0000000	0.0000000
7229.9999648	7244.9832645	7244.9470313	-2.0000667	-2.0000667	0.1595726	0.2638997	0.1767313	0.0000000	0.0000000
7229.9999648	7239.9820982	7239.9065625	-2.0000667	-2.0000667	0.1604716	0.2630032	0.1740417	0.0000000	0.0000000
7229.9999648	7234.9891235	7234.8660938	-2.0000667	-2.0000667	0.1638180	0.2650768	0.1729138	0.0000000	0.0000000
7229.9999648	7229.9871902	7229.8256250	-2.0000667	-2.0000667	0.1616980	0.2658202	0.1709548	0.0000000	0.0000000
7229.9999648	7224.9937025	7224.7851563	-2.0000667	-2.0000667	0.1644478	0.2666564	0.1732860	0.0000000	0.0000000
7229.9999648	7219.9867826	7219.8026367	-2.0000667	-2.0000667	0.1685486	0.2653237	0.1755634	0.0000000	0.0000000
7229.9999648	7214.9885352	7214.8201172	-2.0000667	-2.0000667	0.1691815	0.2650021	0.1774249	0.0000000	0.0000000
7229.9999648	7209.9867265	7209.8375977	-2.0000667	-2.0000667	0.1690195	0.2649836	0.1787980	0.0000000	0.0000000
7229.9999648	7204.9823763	7204.8550781	-2.0000667	-2.0000667	0.1702163	0.2656359	0.1802473	0.0000000	0.0000000
7229.9999648	7199.9877120	7199.8725586	-2.0000667	-2.0000667	0.1706007	0.2656942	0.1785984	0.0000000	0.0000000
7229.9999648	7194.9864212	7194.8900391	-2.0000667	-2.0000667	0.1710333	0.2647771	0.1773727	0.0000000	0.0000000
7229.9999648	7189.9844123	7189.9075195	-2.0000667	-2.0000667	0.1688242	0.2649991	0.1783239	0.0000000	0.0000000
7229.9999648	7184.9890418	7184.9250000	-2.0000667	-2.0000667	0.1644346	0.2665115	0.1729250	0.0000000	0.0000000
7229.9999648	7179.9871345	7179.9804492	-2.0000667	-2.0000667	0.1592830	0.2664471	0.1700358	0.0000000	0.0000000
7229.9999648	7174.9840016	7174.6444189	-2.0000667	-2.0000667	0.1594503	0.2660087	0.1695640	0.0000000	0.0000000
7229.9999648	7169.9844272	7169.7188525	-2.0000667	-2.0000667	0.1602654	0.2655626	0.1697878	0.0000000	0.0000000
7229.9999648	7164.9884112	7164.7932861	-2.0000667	-2.0000667	0.1641619	0.2658948	0.1737665	0.0000000	0.0000000
7229.9999648	7159.9810081	7159.8677197	-2.0000667	-2.0000667	0.1633157	0.2640150	0.1747427	0.0000000	0.0000000
7229.9999648	7154.9827612	7154.9421533	-2.0000667	-2.0000667	0.1649647	0.2652191	0.1741578	0.0000000	0.0000000
7229.9999648	7149.9845143	7149.6061230	-2.0000667	-2.0000667	0.1652551	0.2652241	0.1795315	0.0000000	0.0000000
7229.9999648	7144.9847639	7144.6805566	-2.0000667	-2.0000667	0.1614886	0.2660266	0.1789694	0.0000000	0.0000000
7229.9999648	7139.9824934	7139.7829688	-2.0000667	-2.0000667	0.1578870	0.2648594	0.1741139	0.0000000	0.0000000
7229.9999648	7134.9864797	7134.9133594	-2.0000667	-2.0000667	0.1571724	0.2637517	0.1750547	0.0000000	0.0000000
7229.9999648	7129.9863643	7129.6379492	-2.0000667	-2.0000667	0.1549863	0.2638875	0.1747109	0.0000000	0.0000000
7229.9999648	7124.9850629	7124.7683398	-2.0000667	-2.0000667	0.1517002	0.2632572	0.1782329	0.0000000	0.0000000
7229.9999648	7119.9869188	7119.8987305	-2.0000667	-2.0000667	0.1480486	0.2629679	0.1786830	0.0000000	0.0000000
7229.9999648	7114.9856174	7114.6233203	-2.0000667	-2.0000667	0.1435037	0.2635835	0.1746891	0.0000000	0.0000000
7229.9999648	7109.9847957	7109.7537109	-2.0000667	-2.0000667	0.1413214	0.2646503	0.1726632	0.0000000	0.0000000
7229.9999648	7104.9860308	7104.8841016	-2.0000667	-2.0000667	0.1394424	0.2646646	0.1725066	0.0000000	0.0000000
7229.9999648	7099.9837702	7099.6316406	-2.0000667	-2.0000667	0.1377943	0.2636763	0.1726555	0.0000000	0.0000000
7229.9999648	7094.9817088	7094.8171094	-2.0000667	-2.0000667	0.1341547	0.2636654	0.1741837	0.0000000	0.0000000
7229.9999648	7089.9874198	7089.6013672	-2.0000667	-2.0000667	0.1334282	0.2647407	0.1701958	0.0000000	0.0000000
7229.9999648	7084.9855810	7084.7868359	-2.0000667	-2.0000667	0.1296183	0.2640972	0.1720004	0.0000000	0.0000000
7229.9999648	7079.9875171	7079.9723047	-2.0000667	-2.0000667	0.1234301	0.2657568	0.1703636	0.0000000	0.0000000
7229.9999648	7074.9849890	7074.7565625	-2.0000667	-2.0000667	0.1204551	0.2656716	0.1715059	0.0000000	0.0000000
7229.9999648	7069.9846289	7069.9420313	-2.0000667	-2.0000667	0.1173276	0.2663457	0.1722611	0.0000000	0.0000000
7229.9999648	7064.9842688	7064.7262891	-2.0000667	-2.0000667	0.1105562	0.2657631	0.1704430	0.0000000	0.0000000
7229.9999648	7059.9851958	7059.9297656	-2.0000667	-2.0000667	0.1086600	0.2653828	0.1680818	0.0000000	0.0000000
7229.9999648	7054.9845719	7054.7725488	-2.0000667	-2.0000667	0.1030616	0.2668987	0.1675393	0.0000000	0.0000000
7229.9999648	7049.9839480	7049.6153320	-2.0000667	-2.0000667	0.1022906	0.2655853	0.1676454	0.0000000	0.0000000
7229.9999648	7044.9806454	7044.8548242	-2.0000667	-2.0000667	0.1016901	0.2647074	0.1668260	0.0000000	0.0000000
7229.9999648	7039.9847173	7039.6976074	-2.0000667	-2.0000667	0.0987029	0.2638517	0.1645526	0.0000000	0.0000000
7229.9999648	7034.9854783	7034.9370996	-2.0000667	-2.0000667	0.0955668	0.2646313	0.1625989	0.0000000	0.0000000
7229.9999648	7029.9865333	7029.7798828	-2.0000667	-2.0000667	0.0891654	0.2648074	0.1662546	0.0000000	0.0000000
7229.9999648	7024.9842404	7024.6226660	-2.0000667	-2.0000667	0.0850568	0.2644313	0.1682488	0.0000000	0.0000000
7229.9999648	7019.9852022	7019.8843262	-2.0000667	-2.0000667	0.0811217	0.2643129	0.1695914	0.0000000	0.0000000
7229.9999648	7014.9894147	7014.7847461	-2.0000667	-2.0000667	0.0778282	0.2646714	0.1696565	0.0000000	0.0000000
7229.9999648	7009.9855214	7009.6851660	-2.0000667	-2.0000667	0.0744287	0.2639971	0.1675111	0.0000000	0.0000000
7229.9999648	7004.9849267	7004.9778613	-2.0000667	-2.0000667	0.0690253	0.2660382	0.1659945	0.0000000	0.0000000
7229.9999648	7000.0292969	6999.8782813	-2.0000667	-2.0000667	0.0672800	0.2635734	0.1662245	0.0000000	0.0000000
