7079.9999869	7500.0011376	7499.6820801	-2.0000667	-2.0000667	0.0016195	0.2855623	0.1341205	0.0000000	7080.0000000
7079.9999869	7494.9851784	7494.7226807	-2.0000667	-2.0000667	0.0015591	0.2864646	0.1375443	0.0000000	0.0000000
7079.9999869	7489.9879164	7489.7632813	-2.0000667	-2.0000667	0.0009453	0.2860269	0.1301821	0.0000000	0.0000000
7079.9999869	7484.9878658	7484.8038818	-2.0000667	-2.0000667	0.0009119	0.2852753	0.1216925	0.0000000	0.0000000
7079.9999869	7479.9905873	7479.8981445	-2.0000667	-2.0000667	0.0006348	0.2878986	0.1147488	0.0000000	0.0000000
7079.9999869	7474.9849184	7474.9977734	-2.0000667	-2.0000667	0.0010824	0.2876230	0.1149120	0.0000000	0.0000000
7079.9999869	7469.9894082	7469.6519141	-2.0000667	-2.0000667	0.0009738	0.2879260	0.1127568	0.0000000	0.0000000
7079.9999869	7464.9852369	7464.7515430	-2.0000667	-2.0000667	0.0015282	0.2876760	0.1275573	0.0000000	0.0000000
7079.9999869	7459.9830834	7459.8511719	-2.0000667	-2.0000667	0.0014442	0.2862272	0.1266418	0.0000000	0.0000000
7079.9999869	7454.9866531	7454.9508008	-2.0000667	-2.0000667	0.0016215	0.2869553	0.1281036	0.0000000	0.0000000
7079.9999869	7449.9849944	7449.6049414	-2.0000667	-2.0000667	0.0030769	0.2852506	0.1432225	0.0000000	0.0000000
7079.9999869	7444.9822808	7444.7045703	-2.0000667	-2.0000667	0.0032985	0.2853727	0.1412914	0.0000000	0.0000000
7079.9999869	7439.9825665	7439.8041992	-2.0000667	-2.0000667	0.0049036	0.2858942	0.1504862	0.0000000	0.0000000
7079.9999869	7434.9828522	7434.9618359	-2.0000667	-2.0000667	0.0064215	0.2858242	0.1493335	0.0000000	0.0000000
7079.9999869	7429.9877688	7429.6792578	-2.0000667	-2.0000667	0.0059583	0.2867371	0.1403567	0.0000000	0.0000000
7079.9999869	7424.9840682	7424.8368945	-2.0000667	-2.0000667	0.0069584	0.2875696	0.1389847	0.0000000	0.0000000
7079.9999869	7419.9861223	7419.9945313	-2.0000667	-2.0000667	0.0077445	0.2862289	0.1354041	0.0000000	0.0000000
7079.9999869	7414.9852991	7414.7119531	-2.0000667	-2.0000667	0.0119775	0.2873793	0.1401052	0.0000000	0.0000000
7079.9999869	7409.9893015	7409.8695898	-2.0000667	-2.0000667	0.0146466	0.2871052	0.1499539	0.0000000	0.0000000
7079.9999869	7404.9855505	7404.5870117	-2.0000667	-2.0000667	0.0150172	0.2856298	0.1470621	0.0000000	0.0000000
7079.9999869	7399.9868032	7399.7446484	-2.0000667	-2.0000667	0.0137954	0.2852843	0.1498992	0.0000000	0.0000000
7079.9999869	7394.9856052	7394.9126367	-2.0000667	-2.0000667	0.0108459	0.2894703	0.1393068	0.0000000	0.0000000
7079.9999869	7389.9845657	7389.6921680	-2.0000667	-2.0000667	0.0076268	0.2861091	0.1285371	0.0000000	0.0000000
7079.9999869	7384.9891170	7384.9067383	-2.0000667	-2.0000667	0.0094823	0.2891272	0.1277700	0.0000000	0.0000000
7079.9999869	7379.9830116	7379.6862695	-2.0000667	-2.0000667	0.0180427	0.2861776	0.1380706	0.0000000	0.0000000
7079.9999869	7374.9819628	7374.9008398	-2.0000667	-2.0000667	0.0248077	0.2850400	0.1468992	0.0000000	0.0000000
7079.9999869	7369.9839616	7369.6803711	-2.0000667	-2.0000667	0.0257163	0.2861406	0.1468304	0.0000000	0.0000000
7079.9999869	7364.9846179	7364.8949414	-2.0000667	-2.0000667	0.0263521	0.2870571	0.1505800	0.0000000	0.0000000
7079.9999869	7359.9861795	7359.6744727	-2.0000667	-2.0000667	0.0220151	0.2871554	0.1379319	0.0000000	0.0000000
7079.9999869	7354.9814419	7354.8890430	-2.0000667	-2.0000667	0.0207125	0.2864591	0.1350791	0.0000000	0.0000000
7079.9999869	7349.9814569	7349.6991016	-2.0000667	-2.0000667	0.0256935	0.2857297	0.1379133	0.0000000	0.0000000
7079.9999869	7344.9830735	7344.9696387	-2.0000667	-2.0000667	0.0256298	0.2885776	0.1319893	0.0000000	0.0000000
7079.9999869	7339.9876760	7339.8102246	-2.0000667	-2.0000667	0.0357109	0.2880509	0.1437030	0.0000000	0.0000000
7079.9999869	7334.9876819	7334.6508105	-2.0000667	-2.0000667	0.0445471	0.2864778	0.1490953	0.0000000	0.0000000
7079.9999869	7329.9862695	7329.9213477	-2.0000667	-2.0000667	0.0379524	0.2859554	0.1420552	0.0000000	0.0000000
7079.9999869	7324.9848570	7324.7619336	-2.0000667	-2.0000667	0.0389913	0.2860146	0.1427864	0.0000000	0.0000000
7079.9999869	7319.9843762	7319.6025195	-2.0000667	-2.0000667	0.0396766	0.2886113	0.1386376	0.0000000	0.0000000
7079.9999869	7314.9856062	7314.8730566	-2.0000667	-2.0000667	0.0467260	0.2847374	0.1417699	0.0000000	0.0000000
7079.9999869	7309.9868361	7309.7136426	-2.0000667	-2.0000667	0.0485261	0.2875258	0.1404951	0.0000000	0.0000000
7079.9999869	7304.9850290	7304.6092822	-2.0000667	-2.0000667	0.0401594	0.2874562	0.1316805	0.0000000	0.0000000
7079.9999869	7299.9861565	7299.9348730	-2.0000667	-2.0000667	0.0474323	0.2871143	0.1385968	0.0000000	0.0000000
7079.9999869	7294.9795014	7294.8355176	-2.0000667	-2.0000667	0.0487028	0.2894482	0.1384049	0.0000000	0.0000000
7079.9999869	7289.9824769	7289.7361621	-2.0000667	-2.0000667	0.0474801	0.2879825	0.1338313	0.0000000	0.0000000
7079.9999869	7284.9819943	7284.6368066	-2.0000667	-2.0000667	0.0474963	0.2862053	0.1335203	0.0000000	0.0000000
7079.9999869	7279.9849698	7279.9623975	-2.0000667	-2.0000667	0.0695386	0.2887405	0.1428749	0.0000000	0.0000000
7079.9999869	7274.9837989	7274.8630420	-2.0000667	-2.0000667	0.0707516	0.2862970	0.1401224	0.0000000	0.0000000
7079.9999869	7269.9840093	7269.7636865	-2.0000667	-2.0000667	0.0646304	0.2871003	0.1339933	0.0000000	0.0000000
7079.9999869	7264.9876701	7264.6888672	-2.0000667	-2.0000667	0.0861101	0.2853832	0.1437688	0.0000000	0.0000000
7079.9999869	7259.9859215	7259.6483984	-2.0000667	-2.0000667	0.0894108	0.2857924	0.1443538	0.0000000	0.0000000
7079.9999869	7254.9818727	7254.6079297	-2.0000667	-2.0000667	0.1213080	0.2868932	0.1548187	0.0000000	0.0000000
7079.9999869	7249.9873132	7249.9875000	-2.0000667	-2.0000667	0.1099268	0.2844755	0.1520160	0.0000000	0.0000000
7079.9999869	7244.9864276	7244.9470313	-2.0000667	-2.0000667	0.1179832	0.2833519	0.1542994	0.0000000	0.0000000
7079.9999869	7239.9880707	7239.9065625	-2.0000667	-2.0000667	0.1234565	0.2834869	0.1540704	0.0000000	0.0000000
7079.9999869	7234.9891235	7234.8660938	-2.0000667	-2.0000667	0.1094232	0.2845721	0.1450067	0.0000000	0.0000000
7079.9999869	7229.9871902	7229.8256250	-2.0000667	-2.0000667	0.1345035	0.2830571	0.1525742	0.0000000	0.0000000
7079.9999869	7224.9850300	7224.7851563	-2.0000667	-2.0000667	0.1264971	0.2850912	0.1453364	0.0000000	0.0000000
7079.9999869	7219.9838918	7219.8026367	-2.0000667	-2.0000667	0.1174355	0.2863372	0.1420731	0.0000000	0.0000000
7079.9999869	7214.9827535	7214.8201172	-2.0000667	-2.0000667	0.1221772	0.2896565	0.1426711	0.0000000	0.0000000
7079.9999869	7209.9834979	7209.8375977	-2.0000667	-2.0000667	0.1402976	0.2887362	0.1464955	0.0000000	0.0000000
7079.9999869	7204.9823763	7204.8550781	-2.0000667	-2.0000667	0.1557832	0.2857681	0.1509861	0.0000000	0.0000000
7079.9999869	7199.9844833	7199.8725586	-2.0000667	-2.0000667	0.1602334	0.2847018	0.1510444	0.0000000	0.0000000
7079.9999869	7194.9864212	7194.8900391	-2.0000667	-2.0000667	0.1594324	0.2871166	0.1472284	0.0000000	0.0000000
7079.9999869	7189.9844123	7189.9075195	-2.0000667	-2.0000667	0.1486140	0.2850980	0.1431096	0.0000000	0.0000000
7079.9999869	7184.9857226	7184.9250000	-2.0000667	-2.0000667	0.1515271	0.2840171	0.1498707	0.0000000	0.0000000
7079.9999869	7179.9835760	7179.9804492	-2.0000667	-2.0000667	0.1319265	0.2852306	0.1423018	0.0000000	0.0000000
7079.9999869	7174.9804432	7174.6444189	-2.0000667	-2.0000667	0.1267163	0.2857528	0.1394379	0.0000000	0.0000000
7079.9999869	7169.9844272	7169.7188525	-2.0000667	-2.0000667	0.1298944	0.2868519	0.1351820	0.0000000	0.0000000
7079.9999869	7164.9848528	7164.7932861	-2.0000667	-2.0000667	0.1628928	0.2860033	0.1450782	0.0000000	0.0000000
7079.9999869	7159.9842183	7159.8677197	-2.0000667	-2.0000667	0.1704264	0.2874011	0.1454513	0.0000000	0.0000000
7079.9999869	7154.9859714	7154.9421533	-2.0000667	-2.0000667	0.1994025	0.2858882	0.1511191	0.0000000	0.0000000
7079.9999869	7149.9845143	7149.6061230	-2.0000667	-2.0000667	0.1990323	0.2863154	0.1483829	0.0000000	0.0000000
7079.9999869	7144.9816355	7144.6805566	-2.0000667	-2.0000667	0.1918833	0.2864862	0.1474210	0.0000000	0.0000000
7079.9999869	7139.9824934	7139.7829688	-2.0000667	-2.0000667	0.2057919	0.2850641	0.1505613	0.0000000	0.0000000
7079.9999869	7134.9864797	7134.9133594	-2.0000667	-2.0000667	0.2149357	0.2872590	0.1500270	0.0000000	0.0000000
7079.9999869	7129.9832069	7129.6379492	-2.0000667	-2.0000667	0.2273004	0.2867274	0.1512104	0.0000000	0.0000000
7079.9999869	7124.9850629	7124.7683398	-2.0000667	-2.0000667	0.2098556	0.2857095	0.1444949	0.0000000	0.0000000
7079.9999869	7119.9837614	7119.8987305	-2.0000667	-2.0000667	0.2153514	0.2862675	0.1448668	0.0000000	0.0000000
7079.9999869	7114.9824600	7114.6233203	-2.0000667	-2.0000667	0.2376208	0.2880337	0.1497883	0.0000000	0.0000000
7079.9999869	7109.9813001	7109.7537109	-2.0000667	-2.0000667	0.2242369	0.2848448	0.1455068	0.0000000	0.0000000
7079.9999869	7104.9860308	7104.8841016	-2.0000667	-2.0000667	0.2465316	0.2852754	0.1530099	0.0000000	0.0000000
7079.9999869	7099.9837702	7099.6316406	-2.0000667	-2.0000667	0.2547314	0.2883674	0.1526978	0.0000000	0.0000000
7079.9999869	7094.9779338	7094.8171094	-2.0000667	-2.0000667	0.2497861	0.2886580	0.1515288	0.0000000	0.0000000
7079.9999869	7089.9836449	7089.6013672	-2.0000667	-2.0000667	0.2458010	0.2867050	0.1502006	0.0000000	0.0000000
7079.9999869	7084.9855810	7084.7868359	-2.0000667	-2.0000667	0.2391912	0.2870428	0.1459714	0.0000000	0.0000000
7079.9999869	7079.9875171	7079.9723047	-2.0000667	-2.0000667	0.2470266	0.2872313	0.1485273	0.0000000	0.0000000
7079.9999869	7074.9849890	7074.7565625	-2.0000667	-2.0000667	0.2417187	0.2868392	0.1472247	0.0000000	0.0000000
7079.9999869	7069.9846289	7069.9420313	-2.0000667	-2.0000667	0.2531005	0.2856826	0.1488138	0.0000000	0.0000000
7079.9999869	7064.9842688	7064.7262891	-2.0000667	-2.0000667	0.2411431	0.2885826	0.1449854	0.0000000	0.0000000
7079.9999869	7059.9851958	7059.9297656	-2.0000667	-2.0000667	0.2173522	0.2858228	0.1376597	0.0000000	0.0000000
7079.9999869	7054.9845719	7054.7725488	-2.0000667	-2.0000667	0.2415927	0.2874504	0.1465388	0.0000000	0.0000000
7079.9999869	7049.9839480	7049.6153320	-2.0000667	-2.0000667	0.2441505	0.2892229	0.1480519	0.0000000	0.0000000
7079.9999869	7044.9806454	7044.8548242	-2.0000667	-2.0000667	0.2731267	0.2869592	0.1587906	0.0000000	0.0000000
7079.9999869	7039.9847173	7039.6976074	-2.0000667	-2.0000667	0.2737537	0.2877448	0.1546561	0.0000000	0.0000000
7079.9999869	7034.9854783	7034.9370996	-2.0000667	-2.0000667	0.2167495	0.2890834	0.1387861	0.0000000	0.0000000
7079.9999869	7029.9865333	7029.7798828	-2.0000667	-2.0000667	0.2325157	0.2869169	0.1418711	0.0000000	0.0000000
7079.9999869	7024.9842404	7024.6226660	-2.0000667	-2.0000667	0.2642395	0.2891823	0.1503136	0.0000000	0.0000000
7079.9999869	7019.9852022	7019.8843262	-2.0000667	-2.0000667	0.2685546	0.2864508	0.1538535	0.0000000	0.0000000
7079.9999869	7014.9861162	7014.7847461	-2.0000667	-2.0000667	0.2464381	0.2848087	0.1515237	0.0000000	0.0000000
7079.9999869	7009.9855214	7009.6851660	-2.0000667	-2.0000667	0.2303134	0.2899460	0.1464025	0.0000000	0.0000000
7079.9999869	7004.9816281	7004.9778613	-2.0000667	-2.0000667	0.2180613	0.2875507	0.1460308	0.0000000	0.0000000
7079.9999869	7000.0292969	6999.8782813	-2.0000667	-2.0000667	0.2297010	0.2878829	0.1501664	0.0000000	0.0000000
