7189.9950590	7499.9984178	7499.6820801	-2.0000667	-2.0000667	0.0162346	0.2718896	0.1403513	0.0000000	7190.0000000
7189.9950590	7494.9935444	7494.7226807	-2.0000667	-2.0000667	0.0211635	0.2729104	0.1474994	0.0000000	0.0000000
7189.9950590	7489.9851278	7489.7632813	-2.0000667	-2.0000667	0.0230792	0.2722172	0.1479835	0.0000000	0.0000000
7189.9950590	7484.9906544	7484.8038818	-2.0000667	-2.0000667	0.0243029	0.2713988	0.1479249	0.0000000	0.0000000
7189.9950590	7479.9931269	7479.8981445	-2.0000667	-2.0000667	0.0263654	0.2732701	0.1463972	0.0000000	0.0000000
7189.9950590	7474.9849184	7474.9977734	-2.0000667	-2.0000667	0.0271545	0.2738210	0.1502184	0.0000000	0.0000000
7189.9950590	7469.9919479	7469.6519141	-2.0000667	-2.0000667	0.0279054	0.2726180	0.1448629	0.0000000	0.0000000
7189.9950590	7464.9880985	7464.7515430	-2.0000667	-2.0000667	0.0314344	0.2716804	0.1500232	0.0000000	0.0000000
7189.9950590	7459.9830834	7459.8511719	-2.0000667	-2.0000667	0.0322538	0.2714252	0.1513521	0.0000000	0.0000000
7189.9950590	7454.9866531	7454.9508008	-2.0000667	-2.0000667	0.0296968	0.2711921	0.1443662	0.0000000	0.0000000
7189.9950590	7449.9879936	7449.6049414	-2.0000667	-2.0000667	0.0330668	0.2714349	0.1470771	0.0000000	0.0000000
7189.9950590	7444.9852800	7444.7045703	-2.0000667	-2.0000667	0.0360327	0.2714724	0.1554310	0.0000000	0.0000000
7189.9950590	7439.9825665	7439.8041992	-2.0000667	-2.0000667	0.0379110	0.2710133	0.1551116	0.0000000	0.0000000
7189.9950590	7434.9828522	7434.9618359	-2.0000667	-2.0000667	0.0418170	0.2716421	0.1604192	0.0000000	0.0000000
7189.9950590	7429.9848914	7429.6792578	-2.0000667	-2.0000667	0.0508469	0.2740264	0.1607499	0.0000000	0.0000000
7189.9950590	7424.9840682	7424.8368945	-2.0000667	-2.0000667	0.0692200	0.2720327	0.1559969	0.0000000	0.0000000
7189.9950590	7419.9889997	7419.9945313	-2.0000667	-2.0000667	0.0470256	0.2723978	0.1526854	0.0000000	0.0000000
7189.9950590	7414.9852991	7414.7119531	-2.0000667	-2.0000667	0.0516545	0.2725251	0.1581691	0.0000000	0.0000000
7189.9950590	7409.9893015	7409.8695898	-2.0000667	-2.0000667	0.0560623	0.2714258	0.1603469	0.0000000	0.0000000
7189.9950590	7404.9855505	7404.5870117	-2.0000667	-2.0000667	0.0580461	0.2731012	0.1581647	0.0000000	0.0000000
7189.9950590	7399.9868032	7399.7446484	-2.0000667	-2.0000667	0.0637009	0.2719541	0.1631890	0.0000000	0.0000000
7189.9950590	7394.9856052	7394.9126367	-2.0000667	-2.0000667	0.0664611	0.2707012	0.1640831	0.0000000	0.0000000
7189.9950590	7389.9873611	7389.6921680	-2.0000667	-2.0000667	0.0698881	0.2728621	0.1577288	0.0000000	0.0000000
7189.9950590	7384.9863215	7384.9067383	-2.0000667	-2.0000667	0.0667365	0.2726570	0.1491021	0.0000000	0.0000000
7189.9950590	7379.9860592	7379.6862695	-2.0000667	-2.0000667	0.0669042	0.2724044	0.1480187	0.0000000	0.0000000
7189.9950590	7374.9850104	7374.9008398	-2.0000667	-2.0000667	0.0733734	0.2736031	0.1528784	0.0000000	0.0000000
7189.9950590	7369.9839616	7369.6803711	-2.0000667	-2.0000667	0.0812543	0.2745514	0.1609612	0.0000000	0.0000000
7189.9950590	7364.9814683	7364.8949414	-2.0000667	-2.0000667	0.0755061	0.2734272	0.1504801	0.0000000	0.0000000
7189.9950590	7359.9830299	7359.6744727	-2.0000667	-2.0000667	0.0841531	0.2731896	0.1533156	0.0000000	0.0000000
7189.9950590	7354.9814419	7354.8890430	-2.0000667	-2.0000667	0.0934744	0.2718589	0.1631998	0.0000000	0.0000000
7189.9950590	7349.9874287	7349.6991016	-2.0000667	-2.0000667	0.1021799	0.2709088	0.1652579	0.0000000	0.0000000
7189.9950590	7344.9860594	7344.9696387	-2.0000667	-2.0000667	0.1033501	0.2729501	0.1680902	0.0000000	0.0000000
7189.9950590	7339.9876760	7339.8102246	-2.0000667	-2.0000667	0.1132762	0.2732455	0.1698859	0.0000000	0.0000000
7189.9950590	7334.9876819	7334.6508105	-2.0000667	-2.0000667	0.1226621	0.2709015	0.1710665	0.0000000	0.0000000
7189.9950590	7329.9862695	7329.9213477	-2.0000667	-2.0000667	0.1304829	0.2723389	0.1759773	0.0000000	0.0000000
7189.9950590	7324.9878305	7324.7619336	-2.0000667	-2.0000667	0.1309182	0.2722664	0.1698105	0.0000000	0.0000000
7189.9950590	7319.9843762	7319.6025195	-2.0000667	-2.0000667	0.1378206	0.2715303	0.1736383	0.0000000	0.0000000
7189.9950590	7314.9856062	7314.8730566	-2.0000667	-2.0000667	0.1340865	0.2723157	0.1702761	0.0000000	0.0000000
7189.9950590	7309.9868361	7309.7136426	-2.0000667	-2.0000667	0.1373680	0.2724202	0.1713053	0.0000000	0.0000000
7189.9950590	7304.9850290	7304.6092822	-2.0000667	-2.0000667	0.1417318	0.2730758	0.1706902	0.0000000	0.0000000
7189.9950590	7299.9861565	7299.9348730	-2.0000667	-2.0000667	0.1466245	0.2714888	0.1732988	0.0000000	0.0000000
7189.9950590	7294.9829595	7294.8355176	-2.0000667	-2.0000667	0.1493076	0.2726890	0.1761066	0.0000000	0.0000000
7189.9950590	7289.9859351	7289.7361621	-2.0000667	-2.0000667	0.1583717	0.2699504	0.1785623	0.0000000	0.0000000
7189.9950590	7284.9819943	7284.6368066	-2.0000667	-2.0000667	0.1603507	0.2714329	0.1763831	0.0000000	0.0000000
7189.9950590	7279.9884279	7279.9623975	-2.0000667	-2.0000667	0.1566447	0.2713629	0.1738392	0.0000000	0.0000000
7189.9950590	7274.9837989	7274.8630420	-2.0000667	-2.0000667	0.1676680	0.2704401	0.1812042	0.0000000	0.0000000
7189.9950590	7269.9840093	7269.7636865	-2.0000667	-2.0000667	0.1674130	0.2733729	0.1760903	0.0000000	0.0000000
7189.9950590	7264.9876701	7264.6888672	-2.0000667	-2.0000667	0.1671643	0.2723011	0.1733405	0.0000000	0.0000000
7189.9950590	7259.9859215	7259.6483984	-2.0000667	-2.0000667	0.1588147	0.2735582	0.1599758	0.0000000	0.0000000
7189.9950590	7254.9850358	7254.6079297	-2.0000667	-2.0000667	0.1699213	0.2744266	0.1654700	0.0000000	0.0000000
7189.9950590	7249.9904764	7249.9875000	-2.0000667	-2.0000667	0.1733617	0.2762576	0.1669216	0.0000000	0.0000000
7189.9950590	7244.9864276	7244.9470313	-2.0000667	-2.0000667	0.1793728	0.2744738	0.1669617	0.0000000	0.0000000
7189.9950590	7239.9850844	7239.9065625	-2.0000667	-2.0000667	0.1754105	0.2734897	0.1652430	0.0000000	0.0000000
7189.9950590	7234.9891235	7234.8660938	-2.0000667	-2.0000667	0.1757089	0.2725051	0.1644930	0.0000000	0.0000000
7189.9950590	7229.9871902	7229.8256250	-2.0000667	-2.0000667	0.1860488	0.2712062	0.1707538	0.0000000	0.0000000
7189.9950590	7224.9850300	7224.7851563	-2.0000667	-2.0000667	0.1900393	0.2717750	0.1709397	0.0000000	0.0000000
7189.9950590	7219.9867826	7219.8026367	-2.0000667	-2.0000667	0.1916437	0.2718802	0.1685283	0.0000000	0.0000000
7189.9950590	7214.9827535	7214.8201172	-2.0000667	-2.0000667	0.1959304	0.2714185	0.1722644	0.0000000	0.0000000
7189.9950590	7209.9867265	7209.8375977	-2.0000667	-2.0000667	0.2016565	0.2700195	0.1699590	0.0000000	0.0000000
7189.9950590	7204.9823763	7204.8550781	-2.0000667	-2.0000667	0.2069307	0.2714637	0.1741510	0.0000000	0.0000000
7189.9950590	7199.9844833	7199.8725586	-2.0000667	-2.0000667	0.2138584	0.2719700	0.1728875	0.0000000	0.0000000
7189.9950590	7194.9864212	7194.8900391	-2.0000667	-2.0000667	0.2128547	0.2726790	0.1706124	0.0000000	0.0000000
7189.9950590	7189.9844123	7189.9075195	-2.0000667	-2.0000667	0.2181553	0.2719595	0.1764880	0.0000000	0.0000000
7189.9950590	7184.9857226	7184.9250000	-2.0000667	-2.0000667	0.2122480	0.2710809	0.1768660	0.0000000	0.0000000
7189.9950590	7179.9835760	7179.9804492	-2.0000667	-2.0000667	0.2054193	0.2717030	0.1736447	0.0000000	0.0000000
7189.9950590	7174.9840016	7174.6444189	-2.0000667	-2.0000667	0.2022714	0.2709186	0.1741445	0.0000000	0.0000000
7189.9950590	7169.9808688	7169.7188525	-2.0000667	-2.0000667	0.2057717	0.2711272	0.1709243	0.0000000	0.0000000
7189.9950590	7164.9884112	7164.7932861	-2.0000667	-2.0000667	0.2117501	0.2747141	0.1729657	0.0000000	0.0000000
7189.9950590	7159.9842183	7159.8677197	-2.0000667	-2.0000667	0.2118257	0.2723883	0.1739414	0.0000000	0.0000000
7189.9950590	7154.9859714	7154.9421533	-2.0000667	-2.0000667	0.2130247	0.2733677	0.1706909	0.0000000	0.0000000
7189.9950590	7149.9845143	7149.6061230	-2.0000667	-2.0000667	0.2157809	0.2724557	0.1742983	0.0000000	0.0000000
7189.9950590	7144.9847639	7144.6805566	-2.0000667	-2.0000667	0.2170568	0.2720063	0.1733253	0.0000000	0.0000000
7189.9950590	7139.9824934	7139.7829688	-2.0000667	-2.0000667	0.2142717	0.2715673	0.1724614	0.0000000	0.0000000
7189.9950590	7134.9864797	7134.9133594	-2.0000667	-2.0000667	0.2135872	0.2715479	0.1741063	0.0000000	0.0000000
7189.9950590	7129.9832069	7129.6379492	-2.0000667	-2.0000667	0.2128875	0.2729237	0.1716930	0.0000000	0.0000000
7189.9950590	7124.9819055	7124.7683398	-2.0000667	-2.0000667	0.2106587	0.2719136	0.1678409	0.0000000	0.0000000
7189.9950590	7119.9869188	7119.8987305	-2.0000667	-2.0000667	0.2071702	0.2714258	0.1688042	0.0000000	0.0000000
7189.9950590	7114.9824600	7114.6233203	-2.0000667	-2.0000667	0.2073318	0.2729329	0.1730618	0.0000000	0.0000000
7189.9950590	7109.9847957	7109.7537109	-2.0000667	-2.0000667	0.2018247	0.2726687	0.1635859	0.0000000	0.0000000
7189.9950590	7104.9825351	7104.8841016	-2.0000667	-2.0000667	0.1997788	0.2716617	0.1612935	0.0000000	0.0000000
7189.9950590	7099.9837702	7099.6316406	-2.0000667	-2.0000667	0.2049705	0.2715441	0.1688413	0.0000000	0.0000000
7189.9950590	7094.9817088	7094.8171094	-2.0000667	-2.0000667	0.1975161	0.2704835	0.1734327	0.0000000	0.0000000
7189.9950590	7089.9836449	7089.6013672	-2.0000667	-2.0000667	0.1971086	0.2722666	0.1702495	0.0000000	0.0000000
7189.9950590	7084.9818060	7084.7868359	-2.0000667	-2.0000667	0.1902767	0.2710386	0.1697622	0.0000000	0.0000000
7189.9950590	7079.9875171	7079.9723047	-2.0000667	-2.0000667	0.1836750	0.2715885	0.1668047	0.0000000	0.0000000
7189.9950590	7074.9849890	7074.7565625	-2.0000667	-2.0000667	0.1821729	0.2732095	0.1670505	0.0000000	0.0000000
7189.9950590	7069.9846289	7069.9420313	-2.0000667	-2.0000667	0.1767135	0.2719768	0.1685743	0.0000000	0.0000000
7189.9950590	7064.9806401	7064.7262891	-2.0000667	-2.0000667	0.1781145	0.2730800	0.1636493	0.0000000	0.0000000
7189.9950590	7059.9851958	7059.9297656	-2.0000667	-2.0000667	0.1708761	0.2725505	0.1638647	0.0000000	0.0000000
7189.9950590	7054.9813035	7054.7725488	-2.0000667	-2.0000667	0.1666816	0.2735829	0.1637468	0.0000000	0.0000000
7189.9950590	7049.9839480	7049.6153320	-2.0000667	-2.0000667	0.1655135	0.2732261	0.1670830	0.0000000	0.0000000
7189.9950590	7044.9806454	7044.8548242	-2.0000667	-2.0000667	0.1590947	0.2723739	0.1700532	0.0000000	0.0000000
7189.9950590	7039.9847173	7039.6976074	-2.0000667	-2.0000667	0.1559550	0.2735692	0.1679659	0.0000000	0.0000000
7189.9950590	7034.9854783	7034.9370996	-2.0000667	-2.0000667	0.1572922	0.2724703	0.1668618	0.0000000	0.0000000
7189.9950590	7029.9865333	7029.7798828	-2.0000667	-2.0000667	0.1473840	0.2718647	0.1658411	0.0000000	0.0000000
7189.9950590	7024.9842404	7024.6226660	-2.0000667	-2.0000667	0.1436614	0.2730903	0.1673096	0.0000000	0.0000000
7189.9950590	7019.9852022	7019.8843262	-2.0000667	-2.0000667	0.1332075	0.2722140	0.1678569	0.0000000	0.0000000
7189.9950590	7014.9861162	7014.7847461	-2.0000667	-2.0000667	0.1300280	0.2719054	0.1638612	0.0000000	0.0000000
7189.9950590	7009.9855214	7009.6851660	-2.0000667	-2.0000667	0.1195120	0.2714321	0.1664338	0.0000000	0.0000000
7189.9950590	7004.9816281	7004.9778613	-2.0000667	-2.0000667	0.1141930	0.2718145	0.1664615	0.0000000	0.0000000
7189.9950590	7000.0292969	6999.8782813	-2.0000667	-2.0000667	0.1104192	0.2716925	0.1637874	0.0000000	0.0000000
