7439.9948094	7499.9984178	7499.6820801	-2.0000667	-2.0000667	0.0146157	0.2644969	0.1601438	0.0000000	7440.0000000
7439.9948094	7494.9907557	7494.7226807	-2.0000667	-2.0000667	0.0172202	0.2694402	0.1605652	0.0000000	0.0000000
7439.9948094	7489.9851278	7489.7632813	-2.0000667	-2.0000667	0.0132827	0.2660361	0.1577888	0.0000000	0.0000000
7439.9948094	7484.9906544	7484.8038818	-2.0000667	-2.0000667	0.0182415	0.2664049	0.1586533	0.0000000	0.0000000
7439.9948094	7479.9905873	7479.8981445	-2.0000667	-2.0000667	0.0726925	0.2692123	0.1623195	0.0000000	0.0000000
7439.9948094	7474.9849184	7474.9977734	-2.0000667	-2.0000667	0.0204692	0.2699283	0.1600529	0.0000000	0.0000000
7439.9948094	7469.9894082	7469.6519141	-2.0000667	-2.0000667	0.0231078	0.2684529	0.1588478	0.0000000	0.0000000
7439.9948094	7464.9909601	7464.7515430	-2.0000667	-2.0000667	0.0243551	0.2689629	0.1563972	0.0000000	0.0000000
7439.9948094	7459.9888066	7459.8511719	-2.0000667	-2.0000667	0.0226088	0.2666892	0.1544838	0.0000000	0.0000000
7439.9948094	7454.9866531	7454.9508008	-2.0000667	-2.0000667	0.0270999	0.2663075	0.1582529	0.0000000	0.0000000
7439.9948094	7449.9849944	7449.6049414	-2.0000667	-2.0000667	0.0218154	0.2624336	0.1575624	0.0000000	0.0000000
7439.9948094	7444.9852800	7444.7045703	-2.0000667	-2.0000667	0.0279856	0.2612872	0.1550295	0.0000000	0.0000000
7439.9948094	7439.9825665	7439.8041992	-2.0000667	-2.0000667	0.0316638	0.2648304	0.1616835	0.0000000	0.0000000
7439.9948094	7434.9858514	7434.9618359	-2.0000667	-2.0000667	0.0266844	0.2652910	0.1600973	0.0000000	0.0000000
7439.9948094	7429.9906461	7429.6792578	-2.0000667	-2.0000667	0.0306301	0.2635812	0.1591403	0.0000000	0.0000000
7439.9948094	7424.9840682	7424.8368945	-2.0000667	-2.0000667	0.0303030	0.2637479	0.1588776	0.0000000	0.0000000
7439.9948094	7419.9889997	7419.9945313	-2.0000667	-2.0000667	0.0320325	0.2648401	0.1540254	0.0000000	0.0000000
7439.9948094	7414.9881765	7414.7119531	-2.0000667	-2.0000667	0.0393760	0.2647979	0.1577494	0.0000000	0.0000000
7439.9948094	7409.9893015	7409.8695898	-2.0000667	-2.0000667	0.0351936	0.2678756	0.1572858	0.0000000	0.0000000
7439.9948094	7404.9855505	7404.5870117	-2.0000667	-2.0000667	0.0332269	0.2660071	0.1516207	0.0000000	0.0000000
7439.9948094	7399.9868032	7399.7446484	-2.0000667	-2.0000667	0.0307269	0.2650920	0.1547336	0.0000000	0.0000000
7439.9948094	7394.9884007	7394.9126367	-2.0000667	-2.0000667	0.0271162	0.2628380	0.1567716	0.0000000	0.0000000
7439.9948094	7389.9873611	7389.6921680	-2.0000667	-2.0000667	0.0355377	0.2637271	0.1561271	0.0000000	0.0000000
7439.9948094	7384.9891170	7384.9067383	-2.0000667	-2.0000667	0.0344286	0.2671116	0.1576981	0.0000000	0.0000000
7439.9948094	7379.9830116	7379.6862695	-2.0000667	-2.0000667	0.0336835	0.2654398	0.1586149	0.0000000	0.0000000
7439.9948094	7374.9819628	7374.9008398	-2.0000667	-2.0000667	0.0375037	0.2666804	0.1602666	0.0000000	0.0000000
7439.9948094	7369.9870092	7369.6803711	-2.0000667	-2.0000667	0.0369747	0.2693013	0.1634586	0.0000000	0.0000000
7439.9948094	7364.9814683	7364.8949414	-2.0000667	-2.0000667	0.0414703	0.2688309	0.1610640	0.0000000	0.0000000
7439.9948094	7359.9861795	7359.6744727	-2.0000667	-2.0000667	0.0420502	0.2691591	0.1601964	0.0000000	0.0000000
7439.9948094	7354.9845915	7354.8890430	-2.0000667	-2.0000667	0.0628566	0.2692128	0.1653291	0.0000000	0.0000000
7439.9948094	7349.9844428	7349.6991016	-2.0000667	-2.0000667	0.0413243	0.2700260	0.1633243	0.0000000	0.0000000
7439.9948094	7344.9830735	7344.9696387	-2.0000667	-2.0000667	0.0437832	0.2700706	0.1652869	0.0000000	0.0000000
7439.9948094	7339.9846901	7339.8102246	-2.0000667	-2.0000667	0.0387710	0.2693356	0.1672115	0.0000000	0.0000000
7439.9948094	7334.9876819	7334.6508105	-2.0000667	-2.0000667	0.0435697	0.2707167	0.1652086	0.0000000	0.0000000
7439.9948094	7329.9862695	7329.9213477	-2.0000667	-2.0000667	0.0421897	0.2676047	0.1602704	0.0000000	0.0000000
7439.9948094	7324.9878305	7324.7619336	-2.0000667	-2.0000667	0.0332659	0.2663831	0.1614147	0.0000000	0.0000000
7439.9948094	7319.9871533	7319.6025195	-2.0000667	-2.0000667	0.0472461	0.2676351	0.1655142	0.0000000	0.0000000
7439.9948094	7314.9883833	7314.8730566	-2.0000667	-2.0000667	0.0511609	0.2689941	0.1702303	0.0000000	0.0000000
7439.9948094	7309.9868361	7309.7136426	-2.0000667	-2.0000667	0.0392946	0.2702639	0.1708400	0.0000000	0.0000000
7439.9948094	7304.9850290	7304.6092822	-2.0000667	-2.0000667	0.0417728	0.2686166	0.1689847	0.0000000	0.0000000
7439.9948094	7299.9832770	7299.9348730	-2.0000667	-2.0000667	0.0469208	0.2676259	0.1695328	0.0000000	0.0000000
7439.9948094	7294.9829595	7294.8355176	-2.0000667	-2.0000667	0.0420150	0.2656600	0.1657600	0.0000000	0.0000000
7439.9948094	7289.9859351	7289.7361621	-2.0000667	-2.0000667	0.0408267	0.2692162	0.1630408	0.0000000	0.0000000
7439.9948094	7284.9854524	7284.6368066	-2.0000667	-2.0000667	0.0428972	0.2678853	0.1641423	0.0000000	0.0000000
7439.9948094	7279.9884279	7279.9623975	-2.0000667	-2.0000667	0.0351323	0.2655536	0.1679622	0.0000000	0.0000000
7439.9948094	7274.9872494	7274.8630420	-2.0000667	-2.0000667	0.0357538	0.2639221	0.1685432	0.0000000	0.0000000
7439.9948094	7269.9874598	7269.7636865	-2.0000667	-2.0000667	0.0375260	0.2609271	0.1651354	0.0000000	0.0000000
7439.9948094	7264.9876701	7264.6888672	-2.0000667	-2.0000667	0.0344359	0.2652274	0.1664594	0.0000000	0.0000000
7439.9948094	7259.9827583	7259.6483984	-2.0000667	-2.0000667	0.0346327	0.2679845	0.1685442	0.0000000	0.0000000
7439.9948094	7254.9818727	7254.6079297	-2.0000667	-2.0000667	0.0374904	0.2653115	0.1673730	0.0000000	0.0000000
7439.9948094	7249.9841501	7249.9875000	-2.0000667	-2.0000667	0.0367140	0.2646873	0.1651373	0.0000000	0.0000000
7439.9948094	7244.9832645	7244.9470313	-2.0000667	-2.0000667	0.0365970	0.2659974	0.1662885	0.0000000	0.0000000
7439.9948094	7239.9820982	7239.9065625	-2.0000667	-2.0000667	0.0321050	0.2653445	0.1664272	0.0000000	0.0000000
7439.9948094	7234.9891235	7234.8660938	-2.0000667	-2.0000667	0.0465106	0.2660032	0.1683096	0.0000000	0.0000000
7439.9948094	7229.9901764	7229.8256250	-2.0000667	-2.0000667	0.0334097	0.2663911	0.1652443	0.0000000	0.0000000
7439.9948094	7224.9850300	7224.7851563	-2.0000667	-2.0000667	0.0362460	0.2674298	0.1690404	0.0000000	0.0000000
7439.9948094	7219.9838918	7219.8026367	-2.0000667	-2.0000667	0.0359460	0.2673109	0.1728832	0.0000000	0.0000000
7439.9948094	7214.9827535	7214.8201172	-2.0000667	-2.0000667	0.0342808	0.2643179	0.1705768	0.0000000	0.0000000
7439.9948094	7209.9834979	7209.8375977	-2.0000667	-2.0000667	0.0321481	0.2667990	0.1698618	0.0000000	0.0000000
7439.9948094	7204.9856049	7204.8550781	-2.0000667	-2.0000667	0.0350701	0.2686124	0.1704669	0.0000000	0.0000000
7439.9948094	7199.9877120	7199.8725586	-2.0000667	-2.0000667	0.0327083	0.2685709	0.1740156	0.0000000	0.0000000
7439.9948094	7194.9897404	7194.8900391	-2.0000667	-2.0000667	0.0317548	0.2679524	0.1722809	0.0000000	0.0000000
7439.9948094	7189.9844123	7189.9075195	-2.0000667	-2.0000667	0.0318623	0.2668036	0.1703879	0.0000000	0.0000000
7439.9948094	7184.9857226	7184.9250000	-2.0000667	-2.0000667	0.0296699	0.2687065	0.1753173	0.0000000	0.0000000
7439.9948094	7179.9835760	7179.9804492	-2.0000667	-2.0000667	0.0282424	0.2692069	0.1742423	0.0000000	0.0000000
7439.9948094	7174.9840016	7174.6444189	-2.0000667	-2.0000667	0.0286178	0.2680708	0.1756075	0.0000000	0.0000000
7439.9948094	7169.9879856	7169.7188525	-2.0000667	-2.0000667	0.0487509	0.2655300	0.1698448	0.0000000	0.0000000
7439.9948094	7164.9848528	7164.7932861	-2.0000667	-2.0000667	0.0256395	0.2679158	0.1711746	0.0000000	0.0000000
7439.9948094	7159.9810081	7159.8677197	-2.0000667	-2.0000667	0.0234680	0.2664150	0.1724055	0.0000000	0.0000000
7439.9948094	7154.9859714	7154.9421533	-2.0000667	-2.0000667	0.0246997	0.2659220	0.1729407	0.0000000	0.0000000
7439.9948094	7149.9813041	7149.6061230	-2.0000667	-2.0000667	0.0231412	0.2653362	0.1704548	0.0000000	0.0000000
7439.9948094	7144.9816355	7144.6805566	-2.0000667	-2.0000667	0.0226552	0.2674552	0.1738029	0.0000000	0.0000000
7439.9948094	7139.9856218	7139.7829688	-2.0000667	-2.0000667	0.0201500	0.2679680	0.1740801	0.0000000	0.0000000
7439.9948094	7134.9833513	7134.9133594	-2.0000667	-2.0000667	0.0182046	0.2656705	0.1734064	0.0000000	0.0000000
7439.9948094	7129.9863643	7129.6379492	-2.0000667	-2.0000667	0.0172744	0.2654774	0.1714323	0.0000000	0.0000000
7439.9948094	7124.9850629	7124.7683398	-2.0000667	-2.0000667	0.0174047	0.2646775	0.1722810	0.0000000	0.0000000
7439.9948094	7119.9869188	7119.8987305	-2.0000667	-2.0000667	0.0159578	0.2678022	0.1751534	0.0000000	0.0000000
7439.9948094	7114.9856174	7114.6233203	-2.0000667	-2.0000667	0.0151826	0.2675201	0.1736765	0.0000000	0.0000000
7439.9948094	7109.9882914	7109.7537109	-2.0000667	-2.0000667	0.0145548	0.2664194	0.1727087	0.0000000	0.0000000
7439.9948094	7104.9825351	7104.8841016	-2.0000667	-2.0000667	0.0215309	0.2666675	0.1753009	0.0000000	0.0000000
7439.9948094	7099.9837702	7099.6316406	-2.0000667	-2.0000667	0.0134589	0.2685353	0.1762971	0.0000000	0.0000000
7439.9948094	7094.9854837	7094.8171094	-2.0000667	-2.0000667	0.0128105	0.2683745	0.1756982	0.0000000	0.0000000
7439.9948094	7089.9836449	7089.6013672	-2.0000667	-2.0000667	0.0117302	0.2670056	0.1771893	0.0000000	0.0000000
7439.9948094	7084.9855810	7084.7868359	-2.0000667	-2.0000667	0.0099974	0.2667372	0.1713545	0.0000000	0.0000000
7439.9948094	7079.9875171	7079.9723047	-2.0000667	-2.0000667	0.0100530	0.2649497	0.1701766	0.0000000	0.0000000
7439.9948094	7074.9849890	7074.7565625	-2.0000667	-2.0000667	0.0095831	0.2633496	0.1686265	0.0000000	0.0000000
7439.9948094	7069.9846289	7069.9420313	-2.0000667	-2.0000667	0.0078583	0.2649763	0.1672295	0.0000000	0.0000000
7439.9948094	7064.9842688	7064.7262891	-2.0000667	-2.0000667	0.0071986	0.2594712	0.1679742	0.0000000	0.0000000
7439.9948094	7059.9851958	7059.9297656	-2.0000667	-2.0000667	0.0068721	0.2668792	0.1691317	0.0000000	0.0000000
7439.9948094	7054.9845719	7054.7725488	-2.0000667	-2.0000667	0.0080493	0.2681656	0.1741729	0.0000000	0.0000000
7439.9948094	7049.9839480	7049.6153320	-2.0000667	-2.0000667	0.0073589	0.2655229	0.1709846	0.0000000	0.0000000
7439.9948094	7044.9839562	7044.8548242	-2.0000667	-2.0000667	0.0054832	0.2621146	0.1684786	0.0000000	0.0000000
7439.9948094	7039.9880280	7039.6976074	-2.0000667	-2.0000667	0.0045460	0.2607764	0.1661302	0.0000000	0.0000000
7439.9948094	7034.9854783	7034.9370996	-2.0000667	-2.0000667	0.0187186	0.2660706	0.1752802	0.0000000	0.0000000
7439.9948094	7029.9897879	7029.7798828	-2.0000667	-2.0000667	0.0048077	0.2656241	0.1737058	0.0000000	0.0000000
7439.9948094	7024.9842404	7024.6226660	-2.0000667	-2.0000667	0.0035767	0.2639711	0.1717172	0.0000000	0.0000000
7439.9948094	7019.9852022	7019.8843262	-2.0000667	-2.0000667	0.0040321	0.2655924	0.1699583	0.0000000	0.0000000
7439.9948094	7014.9861162	7014.7847461	-2.0000667	-2.0000667	0.0031587	0.2654541	0.1744207	0.0000000	0.0000000
7439.9948094	7009.9822229	7009.6851660	-2.0000667	-2.0000667	0.0027872	0.2679021	0.1781481	0.0000000	0.0000000
7439.9948094	7004.9849267	7004.9778613	-2.0000667	-2.0000667	0.0030510	0.2668671	0.1707434	0.0000000	0.0000000
7439.9948094	7000.0292969	6999.8782813	-2.0000667	-2.0000667	0.0023237	0.2669960	0.1749331	0.0000000	0.0000000
