7054.9937420	7500.0011376	7499.6820801	-2.0000667	-2.0000667	0.0006807	0.2934360	0.1273490	0.0000000	7055.0000000
7054.9937420	7494.9907557	7494.7226807	-2.0000667	-2.0000667	0.0006079	0.2948049	0.1191729	0.0000000	0.0000000
7054.9937420	7489.9851278	7489.7632813	-2.0000667	-2.0000667	0.0005773	0.2937778	0.1186814	0.0000000	0.0000000
7054.9937420	7484.9906544	7484.8038818	-2.0000667	-2.0000667	0.0006348	0.2950527	0.1245825	0.0000000	0.0000000
7054.9937420	7479.9880476	7479.8981445	-2.0000667	-2.0000667	0.0008433	0.2938629	0.1216726	0.0000000	0.0000000
7054.9937420	7474.9849184	7474.9977734	-2.0000667	-2.0000667	0.0013118	0.2938613	0.1267053	0.0000000	0.0000000
7054.9937420	7469.9894082	7469.6519141	-2.0000667	-2.0000667	0.0009969	0.2935481	0.1259647	0.0000000	0.0000000
7054.9937420	7464.9852369	7464.7515430	-2.0000667	-2.0000667	0.0013519	0.2945293	0.1289567	0.0000000	0.0000000
7054.9937420	7459.9830834	7459.8511719	-2.0000667	-2.0000667	0.0012744	0.2947428	0.1282318	0.0000000	0.0000000
7054.9937420	7454.9866531	7454.9508008	-2.0000667	-2.0000667	0.0016058	0.2944803	0.1262749	0.0000000	0.0000000
7054.9937420	7449.9849944	7449.6049414	-2.0000667	-2.0000667	0.0018865	0.2955299	0.1285089	0.0000000	0.0000000
7054.9937420	7444.9822808	7444.7045703	-2.0000667	-2.0000667	0.0024064	0.2965426	0.1329976	0.0000000	0.0000000
7054.9937420	7439.9825665	7439.8041992	-2.0000667	-2.0000667	0.0043427	0.2934596	0.1415754	0.0000000	0.0000000
7054.9937420	7434.9828522	7434.9618359	-2.0000667	-2.0000667	0.0043478	0.2918152	0.1465308	0.0000000	0.0000000
7054.9937420	7429.9848914	7429.6792578	-2.0000667	-2.0000667	0.0060995	0.2932118	0.1449907	0.0000000	0.0000000
7054.9937420	7424.9840682	7424.8368945	-2.0000667	-2.0000667	0.0057317	0.2912753	0.1455836	0.0000000	0.0000000
7054.9937420	7419.9832450	7419.9945313	-2.0000667	-2.0000667	0.0061293	0.2930323	0.1420372	0.0000000	0.0000000
7054.9937420	7414.9852991	7414.7119531	-2.0000667	-2.0000667	0.0053147	0.2964543	0.1313831	0.0000000	0.0000000
7054.9937420	7409.9893015	7409.8695898	-2.0000667	-2.0000667	0.0065823	0.2947412	0.1356926	0.0000000	0.0000000
7054.9937420	7404.9855505	7404.5870117	-2.0000667	-2.0000667	0.0082350	0.2942355	0.1321812	0.0000000	0.0000000
7054.9937420	7399.9868032	7399.7446484	-2.0000667	-2.0000667	0.0065765	0.2957313	0.1338710	0.0000000	0.0000000
7054.9937420	7394.9856052	7394.9126367	-2.0000667	-2.0000667	0.0078470	0.2956462	0.1339890	0.0000000	0.0000000
7054.9937420	7389.9873611	7389.6921680	-2.0000667	-2.0000667	0.0095265	0.2978544	0.1270237	0.0000000	0.0000000
7054.9937420	7384.9891170	7384.9067383	-2.0000667	-2.0000667	0.0067734	0.2982850	0.1139124	0.0000000	0.0000000
7054.9937420	7379.9830116	7379.6862695	-2.0000667	-2.0000667	0.0154413	0.2928706	0.1423623	0.0000000	0.0000000
7054.9937420	7374.9819628	7374.9008398	-2.0000667	-2.0000667	0.0150837	0.2901964	0.1436556	0.0000000	0.0000000
7054.9937420	7369.9839616	7369.6803711	-2.0000667	-2.0000667	0.0165248	0.2940165	0.1380229	0.0000000	0.0000000
7054.9937420	7364.9846179	7364.8949414	-2.0000667	-2.0000667	0.0137314	0.2952590	0.1338231	0.0000000	0.0000000
7054.9937420	7359.9861795	7359.6744727	-2.0000667	-2.0000667	0.0190612	0.2954222	0.1367800	0.0000000	0.0000000
7054.9937420	7354.9814419	7354.8890430	-2.0000667	-2.0000667	0.0170313	0.2953174	0.1335750	0.0000000	0.0000000
7054.9937420	7349.9844428	7349.6991016	-2.0000667	-2.0000667	0.0215634	0.2957161	0.1352675	0.0000000	0.0000000
7054.9937420	7344.9860594	7344.9696387	-2.0000667	-2.0000667	0.0138658	0.2977595	0.1160360	0.0000000	0.0000000
7054.9937420	7339.9876760	7339.8102246	-2.0000667	-2.0000667	0.0127423	0.2956013	0.1182205	0.0000000	0.0000000
7054.9937420	7334.9876819	7334.6508105	-2.0000667	-2.0000667	0.0228699	0.2923033	0.1370203	0.0000000	0.0000000
7054.9937420	7329.9832960	7329.9213477	-2.0000667	-2.0000667	0.0315170	0.2951860	0.1393165	0.0000000	0.0000000
7054.9937420	7324.9848570	7324.7619336	-2.0000667	-2.0000667	0.0331078	0.2943022	0.1389952	0.0000000	0.0000000
7054.9937420	7319.9843762	7319.6025195	-2.0000667	-2.0000667	0.0357928	0.2931436	0.1367289	0.0000000	0.0000000
7054.9937420	7314.9856062	7314.8730566	-2.0000667	-2.0000667	0.0436537	0.2955289	0.1417917	0.0000000	0.0000000
7054.9937420	7309.9896132	7309.7136426	-2.0000667	-2.0000667	0.0339740	0.2957463	0.1317327	0.0000000	0.0000000
7054.9937420	7304.9850290	7304.6092822	-2.0000667	-2.0000667	0.0452168	0.2950808	0.1353419	0.0000000	0.0000000
7054.9937420	7299.9861565	7299.9348730	-2.0000667	-2.0000667	0.0485585	0.2953098	0.1397765	0.0000000	0.0000000
7054.9937420	7294.9795014	7294.8355176	-2.0000667	-2.0000667	0.0461372	0.2935762	0.1395858	0.0000000	0.0000000
7054.9937420	7289.9824769	7289.7361621	-2.0000667	-2.0000667	0.0536440	0.2943114	0.1413717	0.0000000	0.0000000
7054.9937420	7284.9819943	7284.6368066	-2.0000667	-2.0000667	0.0534167	0.2924967	0.1426108	0.0000000	0.0000000
7054.9937420	7279.9849698	7279.9623975	-2.0000667	-2.0000667	0.0709725	0.2933209	0.1518085	0.0000000	0.0000000
7054.9937420	7274.9837989	7274.8630420	-2.0000667	-2.0000667	0.0795197	0.2904305	0.1546946	0.0000000	0.0000000
7054.9937420	7269.9874598	7269.7636865	-2.0000667	-2.0000667	0.0728818	0.2923586	0.1504667	0.0000000	0.0000000
7054.9937420	7264.9842196	7264.6888672	-2.0000667	-2.0000667	0.0727335	0.2927579	0.1460725	0.0000000	0.0000000
7054.9937420	7259.9859215	7259.6483984	-2.0000667	-2.0000667	0.0672766	0.2948959	0.1368203	0.0000000	0.0000000
7054.9937420	7254.9818727	7254.6079297	-2.0000667	-2.0000667	0.0798287	0.2950054	0.1438151	0.0000000	0.0000000
7054.9937420	7249.9841501	7249.9875000	-2.0000667	-2.0000667	0.0760863	0.2937986	0.1407456	0.0000000	0.0000000
7054.9937420	7244.9864276	7244.9470313	-2.0000667	-2.0000667	0.0780347	0.2928900	0.1409191	0.0000000	0.0000000
7054.9937420	7239.9850844	7239.9065625	-2.0000667	-2.0000667	0.0862203	0.2956580	0.1417972	0.0000000	0.0000000
7054.9937420	7234.9891235	7234.8660938	-2.0000667	-2.0000667	0.0961974	0.2954641	0.1435199	0.0000000	0.0000000
7054.9937420	7229.9901764	7229.8256250	-2.0000667	-2.0000667	0.0950540	0.2923866	0.1421527	0.0000000	0.0000000
7054.9937420	7224.9850300	7224.7851563	-2.0000667	-2.0000667	0.1008992	0.2955472	0.1400139	0.0000000	0.0000000
7054.9937420	7219.9838918	7219.8026367	-2.0000667	-2.0000667	0.0994447	0.2933298	0.1421888	0.0000000	0.0000000
7054.9937420	7214.9827535	7214.8201172	-2.0000667	-2.0000667	0.1019117	0.2912971	0.1423916	0.0000000	0.0000000
7054.9937420	7209.9834979	7209.8375977	-2.0000667	-2.0000667	0.1084696	0.2933740	0.1429285	0.0000000	0.0000000
7054.9937420	7204.9823763	7204.8550781	-2.0000667	-2.0000667	0.1076775	0.2943414	0.1428458	0.0000000	0.0000000
7054.9937420	7199.9844833	7199.8725586	-2.0000667	-2.0000667	0.1088003	0.2934611	0.1440930	0.0000000	0.0000000
7054.9937420	7194.9864212	7194.8900391	-2.0000667	-2.0000667	0.1222036	0.2903372	0.1448492	0.0000000	0.0000000
7054.9937420	7189.9844123	7189.9075195	-2.0000667	-2.0000667	0.1110168	0.2917384	0.1391290	0.0000000	0.0000000
7054.9937420	7184.9857226	7184.9250000	-2.0000667	-2.0000667	0.1021154	0.2926848	0.1359557	0.0000000	0.0000000
7054.9937420	7179.9835760	7179.9804492	-2.0000667	-2.0000667	0.1040562	0.2946393	0.1370564	0.0000000	0.0000000
7054.9937420	7174.9804432	7174.6444189	-2.0000667	-2.0000667	0.1335999	0.2944469	0.1451353	0.0000000	0.0000000
7054.9937420	7169.9844272	7169.7188525	-2.0000667	-2.0000667	0.1430151	0.2952749	0.1449250	0.0000000	0.0000000
7054.9937420	7164.9848528	7164.7932861	-2.0000667	-2.0000667	0.1350243	0.2956443	0.1381013	0.0000000	0.0000000
7054.9937420	7159.9810081	7159.8677197	-2.0000667	-2.0000667	0.1862417	0.2929414	0.1537766	0.0000000	0.0000000
7054.9937420	7154.9859714	7154.9421533	-2.0000667	-2.0000667	0.2032491	0.2939580	0.1552112	0.0000000	0.0000000
7054.9937420	7149.9845143	7149.6061230	-2.0000667	-2.0000667	0.1932664	0.2925065	0.1512946	0.0000000	0.0000000
7054.9937420	7144.9816355	7144.6805566	-2.0000667	-2.0000667	0.1656320	0.2940745	0.1394244	0.0000000	0.0000000
7054.9937420	7139.9824934	7139.7829688	-2.0000667	-2.0000667	0.1719333	0.2914646	0.1445376	0.0000000	0.0000000
7054.9937420	7134.9864797	7134.9133594	-2.0000667	-2.0000667	0.1963730	0.2950052	0.1501648	0.0000000	0.0000000
7054.9937420	7129.9832069	7129.6379492	-2.0000667	-2.0000667	0.2076151	0.2934502	0.1487727	0.0000000	0.0000000
7054.9937420	7124.9850629	7124.7683398	-2.0000667	-2.0000667	0.1962831	0.2953489	0.1413073	0.0000000	0.0000000
7054.9937420	7119.9837614	7119.8987305	-2.0000667	-2.0000667	0.2217491	0.2934534	0.1507743	0.0000000	0.0000000
7054.9937420	7114.9824600	7114.6233203	-2.0000667	-2.0000667	0.2103235	0.2943656	0.1445243	0.0000000	0.0000000
7054.9937420	7109.9882914	7109.7537109	-2.0000667	-2.0000667	0.2416810	0.2929260	0.1531567	0.0000000	0.0000000
7054.9937420	7104.9825351	7104.8841016	-2.0000667	-2.0000667	0.2411141	0.2926261	0.1551276	0.0000000	0.0000000
7054.9937420	7099.9837702	7099.6316406	-2.0000667	-2.0000667	0.2394176	0.2948553	0.1499484	0.0000000	0.0000000
7054.9937420	7094.9817088	7094.8171094	-2.0000667	-2.0000667	0.2597233	0.2948927	0.1493467	0.0000000	0.0000000
7054.9937420	7089.9836449	7089.6013672	-2.0000667	-2.0000667	0.2614750	0.2932368	0.1536213	0.0000000	0.0000000
7054.9937420	7084.9818060	7084.7868359	-2.0000667	-2.0000667	0.2348105	0.2934020	0.1520458	0.0000000	0.0000000
7054.9937420	7079.9875171	7079.9723047	-2.0000667	-2.0000667	0.2281757	0.2930702	0.1489221	0.0000000	0.0000000
7054.9937420	7074.9849890	7074.7565625	-2.0000667	-2.0000667	0.2559386	0.2921122	0.1536648	0.0000000	0.0000000
7054.9937420	7069.9846289	7069.9420313	-2.0000667	-2.0000667	0.2424178	0.2928182	0.1474498	0.0000000	0.0000000
7054.9937420	7064.9842688	7064.7262891	-2.0000667	-2.0000667	0.2568119	0.2943162	0.1506913	0.0000000	0.0000000
7054.9937420	7059.9851958	7059.9297656	-2.0000667	-2.0000667	0.2529952	0.2935433	0.1463409	0.0000000	0.0000000
7054.9937420	7054.9845719	7054.7725488	-2.0000667	-2.0000667	0.2679480	0.2927115	0.1505023	0.0000000	0.0000000
7054.9937420	7049.9839480	7049.6153320	-2.0000667	-2.0000667	0.2908831	0.2927524	0.1578469	0.0000000	0.0000000
7054.9937420	7044.9806454	7044.8548242	-2.0000667	-2.0000667	0.2514753	0.2937812	0.1466979	0.0000000	0.0000000
7054.9937420	7039.9814065	7039.6976074	-2.0000667	-2.0000667	0.2333900	0.2959077	0.1430734	0.0000000	0.0000000
7054.9937420	7034.9854783	7034.9370996	-2.0000667	-2.0000667	0.2322266	0.2930594	0.1435752	0.0000000	0.0000000
7054.9937420	7029.9865333	7029.7798828	-2.0000667	-2.0000667	0.2470723	0.2921417	0.1482961	0.0000000	0.0000000
7054.9937420	7024.9809858	7024.6226660	-2.0000667	-2.0000667	0.2273585	0.2925496	0.1412910	0.0000000	0.0000000
7054.9937420	7019.9819476	7019.8843262	-2.0000667	-2.0000667	0.2521179	0.2939470	0.1472604	0.0000000	0.0000000
7054.9937420	7014.9861162	7014.7847461	-2.0000667	-2.0000667	0.2572483	0.2940358	0.1476908	0.0000000	0.0000000
7054.9937420	7009.9855214	7009.6851660	-2.0000667	-2.0000667	0.2628497	0.2929205	0.1526774	0.0000000	0.0000000
7054.9937420	7004.9816281	7004.9778613	-2.0000667	-2.0000667	0.2455645	0.2940260	0.1538718	0.0000000	0.0000000
7054.9937420	7000.0292969	6999.8782813	-2.0000667	-2.0000667	0.2509745	0.2947523	0.1522070	0.0000000	0.0000000
