7279.9993002	7499.9984178	7499.6820801	-2.0000667	-2.0000667	0.0228363	0.2539065	0.1527936	0.0000000	7280.0000000
7279.9993002	7494.9879671	7494.7226807	-2.0000667	-2.0000667	0.0252946	0.2551577	0.1553680	0.0000000	0.0000000
7279.9993002	7489.9851278	7489.7632813	-2.0000667	-2.0000667	0.0271282	0.2542687	0.1560804	0.0000000	0.0000000
7279.9993002	7484.9906544	7484.8038818	-2.0000667	-2.0000667	0.0290187	0.2546514	0.1555242	0.0000000	0.0000000
7279.9993002	7479.9931269	7479.8981445	-2.0000667	-2.0000667	0.0304600	0.2558890	0.1588378	0.0000000	0.0000000
7279.9993002	7474.9874581	7474.9977734	-2.0000667	-2.0000667	0.0301337	0.2583074	0.1555391	0.0000000	0.0000000
7279.9993002	7469.9919479	7469.6519141	-2.0000667	-2.0000667	0.0348248	0.2540406	0.1628915	0.0000000	0.0000000
7279.9993002	7464.9880985	7464.7515430	-2.0000667	-2.0000667	0.0341189	0.2559596	0.1557377	0.0000000	0.0000000
7279.9993002	7459.9916683	7459.8511719	-2.0000667	-2.0000667	0.0346967	0.2565835	0.1497014	0.0000000	0.0000000
7279.9993002	7454.9866531	7454.9508008	-2.0000667	-2.0000667	0.0370422	0.2565255	0.1525444	0.0000000	0.0000000
7279.9993002	7449.9849944	7449.6049414	-2.0000667	-2.0000667	0.0365865	0.2575741	0.1481866	0.0000000	0.0000000
7279.9993002	7444.9822808	7444.7045703	-2.0000667	-2.0000667	0.0355876	0.2586837	0.1459175	0.0000000	0.0000000
7279.9993002	7439.9825665	7439.8041992	-2.0000667	-2.0000667	0.0391050	0.2587949	0.1492709	0.0000000	0.0000000
7279.9993002	7434.9858514	7434.9618359	-2.0000667	-2.0000667	0.0418351	0.2585229	0.1526276	0.0000000	0.0000000
7279.9993002	7429.9877688	7429.6792578	-2.0000667	-2.0000667	0.0441967	0.2573931	0.1542944	0.0000000	0.0000000
7279.9993002	7424.9898229	7424.8368945	-2.0000667	-2.0000667	0.0463975	0.2537704	0.1587356	0.0000000	0.0000000
7279.9993002	7419.9832450	7419.9945313	-2.0000667	-2.0000667	0.0497187	0.2561232	0.1595428	0.0000000	0.0000000
7279.9993002	7414.9852991	7414.7119531	-2.0000667	-2.0000667	0.0509119	0.2557402	0.1564095	0.0000000	0.0000000
7279.9993002	7409.9893015	7409.8695898	-2.0000667	-2.0000667	0.0533069	0.2570469	0.1551263	0.0000000	0.0000000
7279.9993002	7404.9855505	7404.5870117	-2.0000667	-2.0000667	0.0538428	0.2560668	0.1570320	0.0000000	0.0000000
7279.9993002	7399.9868032	7399.7446484	-2.0000667	-2.0000667	0.0568015	0.2546399	0.1613604	0.0000000	0.0000000
7279.9993002	7394.9856052	7394.9126367	-2.0000667	-2.0000667	0.0599161	0.2554358	0.1598328	0.0000000	0.0000000
7279.9993002	7389.9873611	7389.6921680	-2.0000667	-2.0000667	0.0626807	0.2547552	0.1611342	0.0000000	0.0000000
7279.9993002	7384.9891170	7384.9067383	-2.0000667	-2.0000667	0.0669249	0.2566151	0.1626550	0.0000000	0.0000000
7279.9993002	7379.9860592	7379.6862695	-2.0000667	-2.0000667	0.0672498	0.2569889	0.1624182	0.0000000	0.0000000
7279.9993002	7374.9850104	7374.9008398	-2.0000667	-2.0000667	0.0730845	0.2569463	0.1676635	0.0000000	0.0000000
7279.9993002	7369.9839616	7369.6803711	-2.0000667	-2.0000667	0.0742759	0.2576255	0.1704729	0.0000000	0.0000000
7279.9993002	7364.9814683	7364.8949414	-2.0000667	-2.0000667	0.0745715	0.2568048	0.1663202	0.0000000	0.0000000
7279.9993002	7359.9861795	7359.6744727	-2.0000667	-2.0000667	0.0786943	0.2569146	0.1697571	0.0000000	0.0000000
7279.9993002	7354.9814419	7354.8890430	-2.0000667	-2.0000667	0.0819453	0.2535161	0.1745248	0.0000000	0.0000000
7279.9993002	7349.9874287	7349.6991016	-2.0000667	-2.0000667	0.0854771	0.2540331	0.1749197	0.0000000	0.0000000
7279.9993002	7344.9830735	7344.9696387	-2.0000667	-2.0000667	0.0837429	0.2528292	0.1744598	0.0000000	0.0000000
7279.9993002	7339.9876760	7339.8102246	-2.0000667	-2.0000667	0.0854529	0.2531997	0.1701631	0.0000000	0.0000000
7279.9993002	7334.9847084	7334.6508105	-2.0000667	-2.0000667	0.0884385	0.2542052	0.1733032	0.0000000	0.0000000
7279.9993002	7329.9862695	7329.9213477	-2.0000667	-2.0000667	0.0933429	0.2552866	0.1779460	0.0000000	0.0000000
7279.9993002	7324.9878305	7324.7619336	-2.0000667	-2.0000667	0.0946410	0.2551564	0.1750762	0.0000000	0.0000000
7279.9993002	7319.9843762	7319.6025195	-2.0000667	-2.0000667	0.0955446	0.2557333	0.1741826	0.0000000	0.0000000
7279.9993002	7314.9856062	7314.8730566	-2.0000667	-2.0000667	0.0941005	0.2548086	0.1716240	0.0000000	0.0000000
7279.9993002	7309.9868361	7309.7136426	-2.0000667	-2.0000667	0.0955759	0.2547141	0.1722479	0.0000000	0.0000000
7279.9993002	7304.9850290	7304.6092822	-2.0000667	-2.0000667	0.0988973	0.2562101	0.1760090	0.0000000	0.0000000
7279.9993002	7299.9861565	7299.9348730	-2.0000667	-2.0000667	0.1021938	0.2545951	0.1749695	0.0000000	0.0000000
7279.9993002	7294.9795014	7294.8355176	-2.0000667	-2.0000667	0.1003351	0.2560083	0.1740665	0.0000000	0.0000000
7279.9993002	7289.9824769	7289.7361621	-2.0000667	-2.0000667	0.1052249	0.2565251	0.1754772	0.0000000	0.0000000
7279.9993002	7284.9819943	7284.6368066	-2.0000667	-2.0000667	0.1084758	0.2551489	0.1761699	0.0000000	0.0000000
7279.9993002	7279.9884279	7279.9623975	-2.0000667	-2.0000667	0.1093077	0.2556226	0.1817024	0.0000000	0.0000000
7279.9993002	7274.9837989	7274.8630420	-2.0000667	-2.0000667	0.1115466	0.2543086	0.1840858	0.0000000	0.0000000
7279.9993002	7269.9840093	7269.7636865	-2.0000667	-2.0000667	0.1133884	0.2522000	0.1848503	0.0000000	0.0000000
7279.9993002	7264.9876701	7264.6888672	-2.0000667	-2.0000667	0.1112332	0.2536885	0.1815818	0.0000000	0.0000000
7279.9993002	7259.9859215	7259.6483984	-2.0000667	-2.0000667	0.1114170	0.2536949	0.1844410	0.0000000	0.0000000
7279.9993002	7254.9818727	7254.6079297	-2.0000667	-2.0000667	0.1132714	0.2525267	0.1818608	0.0000000	0.0000000
7279.9993002	7249.9841501	7249.9875000	-2.0000667	-2.0000667	0.1108870	0.2531998	0.1838179	0.0000000	0.0000000
7279.9993002	7244.9832645	7244.9470313	-2.0000667	-2.0000667	0.1120156	0.2526063	0.1795070	0.0000000	0.0000000
7279.9993002	7239.9820982	7239.9065625	-2.0000667	-2.0000667	0.1123835	0.2534657	0.1824803	0.0000000	0.0000000
7279.9993002	7234.9831511	7234.8660938	-2.0000667	-2.0000667	0.1138926	0.2561141	0.1818909	0.0000000	0.0000000
7279.9993002	7229.9871902	7229.8256250	-2.0000667	-2.0000667	0.1107878	0.2548538	0.1775486	0.0000000	0.0000000
7279.9993002	7224.9879209	7224.7851563	-2.0000667	-2.0000667	0.1134203	0.2555630	0.1807421	0.0000000	0.0000000
7279.9993002	7219.9867826	7219.8026367	-2.0000667	-2.0000667	0.1157793	0.2555726	0.1816670	0.0000000	0.0000000
7279.9993002	7214.9856444	7214.8201172	-2.0000667	-2.0000667	0.1148484	0.2534812	0.1839957	0.0000000	0.0000000
7279.9993002	7209.9834979	7209.8375977	-2.0000667	-2.0000667	0.1160311	0.2546066	0.1836403	0.0000000	0.0000000
7279.9993002	7204.9823763	7204.8550781	-2.0000667	-2.0000667	0.1163590	0.2548389	0.1827316	0.0000000	0.0000000
7279.9993002	7199.9844833	7199.8725586	-2.0000667	-2.0000667	0.1148379	0.2548268	0.1825302	0.0000000	0.0000000
7279.9993002	7194.9831021	7194.8900391	-2.0000667	-2.0000667	0.1159575	0.2564753	0.1822625	0.0000000	0.0000000
7279.9993002	7189.9810932	7189.9075195	-2.0000667	-2.0000667	0.1134224	0.2551254	0.1822123	0.0000000	0.0000000
7279.9993002	7184.9857226	7184.9250000	-2.0000667	-2.0000667	0.1101401	0.2557533	0.1844926	0.0000000	0.0000000
7279.9993002	7179.9835760	7179.9804492	-2.0000667	-2.0000667	0.1070211	0.2560438	0.1834648	0.0000000	0.0000000
7279.9993002	7174.9840016	7174.6444189	-2.0000667	-2.0000667	0.1062814	0.2537212	0.1772450	0.0000000	0.0000000
7279.9993002	7169.9879856	7169.7188525	-2.0000667	-2.0000667	0.1069657	0.2537823	0.1774957	0.0000000	0.0000000
7279.9993002	7164.9884112	7164.7932861	-2.0000667	-2.0000667	0.1064136	0.2538701	0.1805654	0.0000000	0.0000000
7279.9993002	7159.9810081	7159.8677197	-2.0000667	-2.0000667	0.1030383	0.2531500	0.1817920	0.0000000	0.0000000
7279.9993002	7154.9859714	7154.9421533	-2.0000667	-2.0000667	0.1029518	0.2535952	0.1835902	0.0000000	0.0000000
7279.9993002	7149.9845143	7149.6061230	-2.0000667	-2.0000667	0.1023851	0.2555549	0.1821409	0.0000000	0.0000000
7279.9993002	7144.9847639	7144.6805566	-2.0000667	-2.0000667	0.0990793	0.2538472	0.1783597	0.0000000	0.0000000
7279.9993002	7139.9824934	7139.7829688	-2.0000667	-2.0000667	0.0979866	0.2541382	0.1798534	0.0000000	0.0000000
7279.9993002	7134.9864797	7134.9133594	-2.0000667	-2.0000667	0.0946033	0.2542915	0.1797100	0.0000000	0.0000000
7279.9993002	7129.9832069	7129.6379492	-2.0000667	-2.0000667	0.0949614	0.2563988	0.1791642	0.0000000	0.0000000
7279.9993002	7124.9850629	7124.7683398	-2.0000667	-2.0000667	0.0910255	0.2549684	0.1816750	0.0000000	0.0000000
7279.9993002	7119.9837614	7119.8987305	-2.0000667	-2.0000667	0.0873374	0.2542493	0.1844849	0.0000000	0.0000000
7279.9993002	7114.9824600	7114.6233203	-2.0000667	-2.0000667	0.0844283	0.2565334	0.1833350	0.0000000	0.0000000
7279.9993002	7109.9847957	7109.7537109	-2.0000667	-2.0000667	0.0837670	0.2563256	0.1766559	0.0000000	0.0000000
7279.9993002	7104.9860308	7104.8841016	-2.0000667	-2.0000667	0.0834828	0.2569291	0.1751918	0.0000000	0.0000000
7279.9993002	7099.9837702	7099.6316406	-2.0000667	-2.0000667	0.0802612	0.2575715	0.1794850	0.0000000	0.0000000
7279.9993002	7094.9817088	7094.8171094	-2.0000667	-2.0000667	0.0765967	0.2556497	0.1789889	0.0000000	0.0000000
7279.9993002	7089.9836449	7089.6013672	-2.0000667	-2.0000667	0.0723297	0.2553779	0.1780735	0.0000000	0.0000000
7279.9993002	7084.9818060	7084.7868359	-2.0000667	-2.0000667	0.0706740	0.2559950	0.1790140	0.0000000	0.0000000
7279.9993002	7079.9875171	7079.9723047	-2.0000667	-2.0000667	0.0677767	0.2567341	0.1789978	0.0000000	0.0000000
7279.9993002	7074.9849890	7074.7565625	-2.0000667	-2.0000667	0.0662004	0.2573807	0.1776781	0.0000000	0.0000000
7279.9993002	7069.9846289	7069.9420313	-2.0000667	-2.0000667	0.0640693	0.2557747	0.1761713	0.0000000	0.0000000
7279.9993002	7064.9842688	7064.7262891	-2.0000667	-2.0000667	0.0596932	0.2541321	0.1769543	0.0000000	0.0000000
7279.9993002	7059.9851958	7059.9297656	-2.0000667	-2.0000667	0.0573534	0.2526613	0.1764365	0.0000000	0.0000000
7279.9993002	7054.9813035	7054.7725488	-2.0000667	-2.0000667	0.0576788	0.2555132	0.1791904	0.0000000	0.0000000
7279.9993002	7049.9806796	7049.6153320	-2.0000667	-2.0000667	0.0539646	0.2560322	0.1776407	0.0000000	0.0000000
7279.9993002	7044.9806454	7044.8548242	-2.0000667	-2.0000667	0.0528027	0.2563942	0.1740146	0.0000000	0.0000000
7279.9993002	7039.9814065	7039.6976074	-2.0000667	-2.0000667	0.0499856	0.2556554	0.1740338	0.0000000	0.0000000
7279.9993002	7034.9854783	7034.9370996	-2.0000667	-2.0000667	0.0488066	0.2550004	0.1755117	0.0000000	0.0000000
7279.9993002	7029.9865333	7029.7798828	-2.0000667	-2.0000667	0.0482523	0.2528035	0.1738777	0.0000000	0.0000000
7279.9993002	7024.9809858	7024.6226660	-2.0000667	-2.0000667	0.0428871	0.2526996	0.1738551	0.0000000	0.0000000
7279.9993002	7019.9819476	7019.8843262	-2.0000667	-2.0000667	0.0429388	0.2543104	0.1757498	0.0000000	0.0000000
7279.9993002	7014.9861162	7014.7847461	-2.0000667	-2.0000667	0.0412698	0.2526042	0.1770726	0.0000000	0.0000000
7279.9993002	7009.9855214	7009.6851660	-2.0000667	-2.0000667	0.0354569	0.2532393	0.1775427	0.0000000	0.0000000
7279.9993002	7004.9816281	7004.9778613	-2.0000667	-2.0000667	0.0329487	0.2511367	0.1780009	0.0000000	0.0000000
7279.9993002	7000.0292969	6999.8782813	-2.0000667	-2.0000667	0.0300156	0.2520973	0.1773082	0.0000000	0.0000000
