7319.9909534	7499.9984178	7499.6820801	-2.0000667	-2.0000667	0.0217428	0.2486027	0.1596943	0.0000000	7320.0000000
7319.9909534	7494.9879671	7494.7226807	-2.0000667	-2.0000667	0.0252963	0.2497731	0.1630188	0.0000000	0.0000000
7319.9909534	7489.9879164	7489.7632813	-2.0000667	-2.0000667	0.0258921	0.2485204	0.1601147	0.0000000	0.0000000
7319.9909534	7484.9906544	7484.8038818	-2.0000667	-2.0000667	0.0288580	0.2497559	0.1638438	0.0000000	0.0000000
7319.9909534	7479.9855080	7479.8981445	-2.0000667	-2.0000667	0.0292371	0.2510725	0.1666960	0.0000000	0.0000000
7319.9909534	7474.9849184	7474.9977734	-2.0000667	-2.0000667	0.0256044	0.2483484	0.1626196	0.0000000	0.0000000
7319.9909534	7469.9894082	7469.6519141	-2.0000667	-2.0000667	0.0293993	0.2493137	0.1626997	0.0000000	0.0000000
7319.9909534	7464.9880985	7464.7515430	-2.0000667	-2.0000667	0.0308085	0.2495417	0.1635206	0.0000000	0.0000000
7319.9909534	7459.9830834	7459.8511719	-2.0000667	-2.0000667	0.0317964	0.2465237	0.1691841	0.0000000	0.0000000
7319.9909534	7454.9866531	7454.9508008	-2.0000667	-2.0000667	0.0340261	0.2462942	0.1709341	0.0000000	0.0000000
7319.9909534	7449.9879936	7449.6049414	-2.0000667	-2.0000667	0.0403641	0.2467426	0.1731024	0.0000000	0.0000000
7319.9909534	7444.9852800	7444.7045703	-2.0000667	-2.0000667	0.0407043	0.2481968	0.1684888	0.0000000	0.0000000
7319.9909534	7439.9855657	7439.8041992	-2.0000667	-2.0000667	0.0406432	0.2455896	0.1703031	0.0000000	0.0000000
7319.9909534	7434.9858514	7434.9618359	-2.0000667	-2.0000667	0.0438254	0.2473585	0.1704973	0.0000000	0.0000000
7319.9909534	7429.9877688	7429.6792578	-2.0000667	-2.0000667	0.0436143	0.2480833	0.1733975	0.0000000	0.0000000
7319.9909534	7424.9840682	7424.8368945	-2.0000667	-2.0000667	0.0412755	0.2470967	0.1736152	0.0000000	0.0000000
7319.9909534	7419.9889997	7419.9945313	-2.0000667	-2.0000667	0.0510199	0.2473848	0.1749377	0.0000000	0.0000000
7319.9909534	7414.9852991	7414.7119531	-2.0000667	-2.0000667	0.0458423	0.2443698	0.1748484	0.0000000	0.0000000
7319.9909534	7409.9893015	7409.8695898	-2.0000667	-2.0000667	0.0521910	0.2461057	0.1732187	0.0000000	0.0000000
7319.9909534	7404.9855505	7404.5870117	-2.0000667	-2.0000667	0.0545856	0.2500062	0.1718021	0.0000000	0.0000000
7319.9909534	7399.9893051	7399.7446484	-2.0000667	-2.0000667	0.0546017	0.2502456	0.1697120	0.0000000	0.0000000
7319.9909534	7394.9884007	7394.9126367	-2.0000667	-2.0000667	0.0577518	0.2500339	0.1739458	0.0000000	0.0000000
7319.9909534	7389.9873611	7389.6921680	-2.0000667	-2.0000667	0.0599923	0.2510831	0.1749548	0.0000000	0.0000000
7319.9909534	7384.9891170	7384.9067383	-2.0000667	-2.0000667	0.0536783	0.2509240	0.1712833	0.0000000	0.0000000
7319.9909534	7379.9860592	7379.6862695	-2.0000667	-2.0000667	0.0552598	0.2504021	0.1755427	0.0000000	0.0000000
7319.9909534	7374.9819628	7374.9008398	-2.0000667	-2.0000667	0.0653488	0.2510742	0.1763160	0.0000000	0.0000000
7319.9909534	7369.9870092	7369.6803711	-2.0000667	-2.0000667	0.0683629	0.2485820	0.1827760	0.0000000	0.0000000
7319.9909534	7364.9814683	7364.8949414	-2.0000667	-2.0000667	0.0684575	0.2482455	0.1812230	0.0000000	0.0000000
7319.9909534	7359.9861795	7359.6744727	-2.0000667	-2.0000667	0.0721177	0.2488103	0.1841958	0.0000000	0.0000000
7319.9909534	7354.9814419	7354.8890430	-2.0000667	-2.0000667	0.0691814	0.2468195	0.1813624	0.0000000	0.0000000
7319.9909534	7349.9844428	7349.6991016	-2.0000667	-2.0000667	0.0664552	0.2481708	0.1786432	0.0000000	0.0000000
7319.9909534	7344.9860594	7344.9696387	-2.0000667	-2.0000667	0.0768525	0.2484250	0.1807588	0.0000000	0.0000000
7319.9909534	7339.9876760	7339.8102246	-2.0000667	-2.0000667	0.0804773	0.2475350	0.1822594	0.0000000	0.0000000
7319.9909534	7334.9876819	7334.6508105	-2.0000667	-2.0000667	0.0792593	0.2486667	0.1824740	0.0000000	0.0000000
7319.9909534	7329.9862695	7329.9213477	-2.0000667	-2.0000667	0.0863307	0.2497800	0.1841127	0.0000000	0.0000000
7319.9909534	7324.9878305	7324.7619336	-2.0000667	-2.0000667	0.0868093	0.2510085	0.1829646	0.0000000	0.0000000
7319.9909534	7319.9843762	7319.6025195	-2.0000667	-2.0000667	0.0913418	0.2501055	0.1844830	0.0000000	0.0000000
7319.9909534	7314.9883833	7314.8730566	-2.0000667	-2.0000667	0.0911149	0.2505273	0.1853436	0.0000000	0.0000000
7319.9909534	7309.9868361	7309.7136426	-2.0000667	-2.0000667	0.0877852	0.2491193	0.1807805	0.0000000	0.0000000
7319.9909534	7304.9850290	7304.6092822	-2.0000667	-2.0000667	0.0849457	0.2478065	0.1885605	0.0000000	0.0000000
7319.9909534	7299.9861565	7299.9348730	-2.0000667	-2.0000667	0.0810961	0.2488992	0.1853494	0.0000000	0.0000000
7319.9909534	7294.9829595	7294.8355176	-2.0000667	-2.0000667	0.0817021	0.2508422	0.1884905	0.0000000	0.0000000
7319.9909534	7289.9859351	7289.7361621	-2.0000667	-2.0000667	0.0828353	0.2516117	0.1849958	0.0000000	0.0000000
7319.9909534	7284.9854524	7284.6368066	-2.0000667	-2.0000667	0.0809319	0.2507314	0.1854701	0.0000000	0.0000000
7319.9909534	7279.9884279	7279.9623975	-2.0000667	-2.0000667	0.0841937	0.2527344	0.1844000	0.0000000	0.0000000
7319.9909534	7274.9837989	7274.8630420	-2.0000667	-2.0000667	0.0842875	0.2510247	0.1883879	0.0000000	0.0000000
7319.9909534	7269.9840093	7269.7636865	-2.0000667	-2.0000667	0.0861825	0.2516707	0.1905912	0.0000000	0.0000000
7319.9909534	7264.9876701	7264.6888672	-2.0000667	-2.0000667	0.0852356	0.2505503	0.1911709	0.0000000	0.0000000
7319.9909534	7259.9859215	7259.6483984	-2.0000667	-2.0000667	0.0861953	0.2487480	0.1924949	0.0000000	0.0000000
7319.9909534	7254.9850358	7254.6079297	-2.0000667	-2.0000667	0.0868424	0.2479294	0.1880637	0.0000000	0.0000000
7319.9909534	7249.9841501	7249.9875000	-2.0000667	-2.0000667	0.0856820	0.2494813	0.1899478	0.0000000	0.0000000
7319.9909534	7244.9832645	7244.9470313	-2.0000667	-2.0000667	0.0846687	0.2500620	0.1902965	0.0000000	0.0000000
7319.9909534	7239.9850844	7239.9065625	-2.0000667	-2.0000667	0.0829526	0.2516576	0.1900399	0.0000000	0.0000000
7319.9909534	7234.9861373	7234.8660938	-2.0000667	-2.0000667	0.0825786	0.2525204	0.1854850	0.0000000	0.0000000
7319.9909534	7229.9901764	7229.8256250	-2.0000667	-2.0000667	0.0811803	0.2529235	0.1814105	0.0000000	0.0000000
7319.9909534	7224.9850300	7224.7851563	-2.0000667	-2.0000667	0.0813224	0.2538119	0.1793877	0.0000000	0.0000000
7319.9909534	7219.9867826	7219.8026367	-2.0000667	-2.0000667	0.0812605	0.2543921	0.1761019	0.0000000	0.0000000
7319.9909534	7214.9856444	7214.8201172	-2.0000667	-2.0000667	0.0805206	0.2528546	0.1773167	0.0000000	0.0000000
7319.9909534	7209.9867265	7209.8375977	-2.0000667	-2.0000667	0.0808820	0.2536947	0.1812620	0.0000000	0.0000000
7319.9909534	7204.9856049	7204.8550781	-2.0000667	-2.0000667	0.0804209	0.2515930	0.1810511	0.0000000	0.0000000
7319.9909534	7199.9844833	7199.8725586	-2.0000667	-2.0000667	0.0777605	0.2508588	0.1797233	0.0000000	0.0000000
7319.9909534	7194.9864212	7194.8900391	-2.0000667	-2.0000667	0.0796526	0.2513252	0.1838240	0.0000000	0.0000000
7319.9909534	7189.9844123	7189.9075195	-2.0000667	-2.0000667	0.0787163	0.2505496	0.1874041	0.0000000	0.0000000
7319.9909534	7184.9890418	7184.9250000	-2.0000667	-2.0000667	0.0752819	0.2479675	0.1895442	0.0000000	0.0000000
7319.9909534	7179.9835760	7179.9804492	-2.0000667	-2.0000667	0.0729285	0.2489885	0.1904736	0.0000000	0.0000000
7319.9909534	7174.9840016	7174.6444189	-2.0000667	-2.0000667	0.0724944	0.2490582	0.1913381	0.0000000	0.0000000
7319.9909534	7169.9844272	7169.7188525	-2.0000667	-2.0000667	0.0708607	0.2489368	0.1922085	0.0000000	0.0000000
7319.9909534	7164.9848528	7164.7932861	-2.0000667	-2.0000667	0.0698422	0.2493345	0.1902189	0.0000000	0.0000000
7319.9909534	7159.9842183	7159.8677197	-2.0000667	-2.0000667	0.0677170	0.2481782	0.1922449	0.0000000	0.0000000
7319.9909534	7154.9859714	7154.9421533	-2.0000667	-2.0000667	0.0683176	0.2494390	0.1906404	0.0000000	0.0000000
7319.9909534	7149.9845143	7149.6061230	-2.0000667	-2.0000667	0.0646228	0.2481208	0.1893046	0.0000000	0.0000000
7319.9909534	7144.9847639	7144.6805566	-2.0000667	-2.0000667	0.0630957	0.2475623	0.1924984	0.0000000	0.0000000
7319.9909534	7139.9856218	7139.7829688	-2.0000667	-2.0000667	0.0614211	0.2482640	0.1918176	0.0000000	0.0000000
7319.9909534	7134.9864797	7134.9133594	-2.0000667	-2.0000667	0.0597192	0.2489683	0.1928839	0.0000000	0.0000000
7319.9909534	7129.9863643	7129.6379492	-2.0000667	-2.0000667	0.0575488	0.2472511	0.1946597	0.0000000	0.0000000
7319.9909534	7124.9850629	7124.7683398	-2.0000667	-2.0000667	0.0549615	0.2484877	0.1920629	0.0000000	0.0000000
7319.9909534	7119.9869188	7119.8987305	-2.0000667	-2.0000667	0.0531812	0.2457506	0.1896234	0.0000000	0.0000000
7319.9909534	7114.9824600	7114.6233203	-2.0000667	-2.0000667	0.0518162	0.2478383	0.1880176	0.0000000	0.0000000
7319.9909534	7109.9882914	7109.7537109	-2.0000667	-2.0000667	0.0483916	0.2499172	0.1905800	0.0000000	0.0000000
7319.9909534	7104.9825351	7104.8841016	-2.0000667	-2.0000667	0.0486726	0.2487152	0.1844817	0.0000000	0.0000000
7319.9909534	7099.9872658	7099.6316406	-2.0000667	-2.0000667	0.0480790	0.2518511	0.1845115	0.0000000	0.0000000
7319.9909534	7094.9817088	7094.8171094	-2.0000667	-2.0000667	0.0448727	0.2522422	0.1878485	0.0000000	0.0000000
7319.9909534	7089.9874198	7089.6013672	-2.0000667	-2.0000667	0.0419104	0.2484203	0.1900216	0.0000000	0.0000000
7319.9909534	7084.9855810	7084.7868359	-2.0000667	-2.0000667	0.0404019	0.2479752	0.1889156	0.0000000	0.0000000
7319.9909534	7079.9875171	7079.9723047	-2.0000667	-2.0000667	0.0382572	0.2488184	0.1874216	0.0000000	0.0000000
7319.9909534	7074.9849890	7074.7565625	-2.0000667	-2.0000667	0.0376393	0.2498281	0.1862982	0.0000000	0.0000000
7319.9909534	7069.9846289	7069.9420313	-2.0000667	-2.0000667	0.0367175	0.2499948	0.1851333	0.0000000	0.0000000
7319.9909534	7064.9842688	7064.7262891	-2.0000667	-2.0000667	0.0347531	0.2510800	0.1872299	0.0000000	0.0000000
7319.9909534	7059.9851958	7059.9297656	-2.0000667	-2.0000667	0.0321488	0.2491658	0.1853169	0.0000000	0.0000000
7319.9909534	7054.9845719	7054.7725488	-2.0000667	-2.0000667	0.0313551	0.2498831	0.1883848	0.0000000	0.0000000
7319.9909534	7049.9806796	7049.6153320	-2.0000667	-2.0000667	0.0283547	0.2516884	0.1894619	0.0000000	0.0000000
7319.9909534	7044.9806454	7044.8548242	-2.0000667	-2.0000667	0.0269458	0.2495519	0.1864286	0.0000000	0.0000000
7319.9909534	7039.9847173	7039.6976074	-2.0000667	-2.0000667	0.0259624	0.2520548	0.1867748	0.0000000	0.0000000
7319.9909534	7034.9854783	7034.9370996	-2.0000667	-2.0000667	0.0242565	0.2519440	0.1863740	0.0000000	0.0000000
7319.9909534	7029.9865333	7029.7798828	-2.0000667	-2.0000667	0.0241382	0.2510229	0.1825741	0.0000000	0.0000000
7319.9909534	7024.9809858	7024.6226660	-2.0000667	-2.0000667	0.0217200	0.2527366	0.1830990	0.0000000	0.0000000
7319.9909534	7019.9884567	7019.8843262	-2.0000667	-2.0000667	0.0193188	0.2520306	0.1858965	0.0000000	0.0000000
7319.9909534	7014.9861162	7014.7847461	-2.0000667	-2.0000667	0.0189884	0.2506708	0.1851018	0.0000000	0.0000000
7319.9909534	7009.9855214	7009.6851660	-2.0000667	-2.0000667	0.0181519	0.2504889	0.1833320	0.0000000	0.0000000
7319.9909534	7004.9816281	7004.9778613	-2.0000667	-2.0000667	0.0154144	0.2516953	0.1848499	0.0000000	0.0000000
7319.9909534	7000.0292969	6999.8782813	-2.0000667	-2.0000667	0.0144884	0.2496924	0.1833861	0.0000000	0.0000000
