7359.9931059	7500.0011376	7499.6820801	-2.0000667	-2.0000667	0.0256141	0.2573053	0.1572920	0.0000000	7360.0000000
7359.9931059	7494.9907557	7494.7226807	-2.0000667	-2.0000667	0.0284423	0.2593723	0.1601837	0.0000000	0.0000000
7359.9931059	7489.9851278	7489.7632813	-2.0000667	-2.0000667	0.0311206	0.2582828	0.1614332	0.0000000	0.0000000
7359.9931059	7484.9878658	7484.8038818	-2.0000667	-2.0000667	0.0351602	0.2589346	0.1642499	0.0000000	0.0000000
7359.9931059	7479.9880476	7479.8981445	-2.0000667	-2.0000667	0.0296831	0.2585266	0.1653816	0.0000000	0.0000000
7359.9931059	7474.9849184	7474.9977734	-2.0000667	-2.0000667	0.0356555	0.2576383	0.1628395	0.0000000	0.0000000
7359.9931059	7469.9894082	7469.6519141	-2.0000667	-2.0000667	0.0326270	0.2601228	0.1607831	0.0000000	0.0000000
7359.9931059	7464.9909601	7464.7515430	-2.0000667	-2.0000667	0.0350707	0.2587058	0.1621957	0.0000000	0.0000000
7359.9931059	7459.9830834	7459.8511719	-2.0000667	-2.0000667	0.0411222	0.2596139	0.1652527	0.0000000	0.0000000
7359.9931059	7454.9866531	7454.9508008	-2.0000667	-2.0000667	0.0414072	0.2588494	0.1623706	0.0000000	0.0000000
7359.9931059	7449.9909928	7449.6049414	-2.0000667	-2.0000667	0.0433292	0.2609187	0.1627495	0.0000000	0.0000000
7359.9931059	7444.9822808	7444.7045703	-2.0000667	-2.0000667	0.0459829	0.2615757	0.1648632	0.0000000	0.0000000
7359.9931059	7439.9825665	7439.8041992	-2.0000667	-2.0000667	0.0464467	0.2588198	0.1674000	0.0000000	0.0000000
7359.9931059	7434.9858514	7434.9618359	-2.0000667	-2.0000667	0.0468301	0.2588883	0.1655353	0.0000000	0.0000000
7359.9931059	7429.9906461	7429.6792578	-2.0000667	-2.0000667	0.0511661	0.2610535	0.1685361	0.0000000	0.0000000
7359.9931059	7424.9898229	7424.8368945	-2.0000667	-2.0000667	0.0561661	0.2560623	0.1747271	0.0000000	0.0000000
7359.9931059	7419.9889997	7419.9945313	-2.0000667	-2.0000667	0.0553977	0.2587197	0.1702528	0.0000000	0.0000000
7359.9931059	7414.9852991	7414.7119531	-2.0000667	-2.0000667	0.0590702	0.2563071	0.1710793	0.0000000	0.0000000
7359.9931059	7409.9893015	7409.8695898	-2.0000667	-2.0000667	0.0590796	0.2560963	0.1752439	0.0000000	0.0000000
7359.9931059	7404.9905542	7404.5870117	-2.0000667	-2.0000667	0.0609989	0.2593550	0.1688622	0.0000000	0.0000000
7359.9931059	7399.9868032	7399.7446484	-2.0000667	-2.0000667	0.0599867	0.2589447	0.1708737	0.0000000	0.0000000
7359.9931059	7394.9884007	7394.9126367	-2.0000667	-2.0000667	0.0589248	0.2589323	0.1694952	0.0000000	0.0000000
7359.9931059	7389.9845657	7389.6921680	-2.0000667	-2.0000667	0.0683806	0.2597596	0.1737751	0.0000000	0.0000000
7359.9931059	7384.9891170	7384.9067383	-2.0000667	-2.0000667	0.0578284	0.2582034	0.1722896	0.0000000	0.0000000
7359.9931059	7379.9860592	7379.6862695	-2.0000667	-2.0000667	0.0649083	0.2589662	0.1729917	0.0000000	0.0000000
7359.9931059	7374.9819628	7374.9008398	-2.0000667	-2.0000667	0.0736318	0.2583933	0.1754241	0.0000000	0.0000000
7359.9931059	7369.9839616	7369.6803711	-2.0000667	-2.0000667	0.0720438	0.2602909	0.1786646	0.0000000	0.0000000
7359.9931059	7364.9846179	7364.8949414	-2.0000667	-2.0000667	0.0758383	0.2595795	0.1798495	0.0000000	0.0000000
7359.9931059	7359.9861795	7359.6744727	-2.0000667	-2.0000667	0.0738857	0.2577838	0.1792283	0.0000000	0.0000000
7359.9931059	7354.9845915	7354.8890430	-2.0000667	-2.0000667	0.0802837	0.2573569	0.1841715	0.0000000	0.0000000
7359.9931059	7349.9874287	7349.6991016	-2.0000667	-2.0000667	0.0763544	0.2554117	0.1838223	0.0000000	0.0000000
7359.9931059	7344.9830735	7344.9696387	-2.0000667	-2.0000667	0.0793041	0.2550361	0.1829927	0.0000000	0.0000000
7359.9931059	7339.9906619	7339.8102246	-2.0000667	-2.0000667	0.0809777	0.2573818	0.1862269	0.0000000	0.0000000
7359.9931059	7334.9876819	7334.6508105	-2.0000667	-2.0000667	0.0782073	0.2573643	0.1889137	0.0000000	0.0000000
7359.9931059	7329.9892429	7329.9213477	-2.0000667	-2.0000667	0.0702538	0.2581627	0.1856177	0.0000000	0.0000000
7359.9931059	7324.9878305	7324.7619336	-2.0000667	-2.0000667	0.0754791	0.2592488	0.1838470	0.0000000	0.0000000
7359.9931059	7319.9871533	7319.6025195	-2.0000667	-2.0000667	0.0641418	0.2589467	0.1835800	0.0000000	0.0000000
7359.9931059	7314.9856062	7314.8730566	-2.0000667	-2.0000667	0.0828013	0.2598829	0.1873409	0.0000000	0.0000000
7359.9931059	7309.9868361	7309.7136426	-2.0000667	-2.0000667	0.0808018	0.2573582	0.1858007	0.0000000	0.0000000
7359.9931059	7304.9879085	7304.6092822	-2.0000667	-2.0000667	0.0824760	0.2580624	0.1874878	0.0000000	0.0000000
7359.9931059	7299.9861565	7299.9348730	-2.0000667	-2.0000667	0.0809464	0.2580935	0.1907209	0.0000000	0.0000000
7359.9931059	7294.9829595	7294.8355176	-2.0000667	-2.0000667	0.0790912	0.2590883	0.1888816	0.0000000	0.0000000
7359.9931059	7289.9859351	7289.7361621	-2.0000667	-2.0000667	0.0776821	0.2593014	0.1894463	0.0000000	0.0000000
7359.9931059	7284.9854524	7284.6368066	-2.0000667	-2.0000667	0.0796036	0.2583254	0.1909434	0.0000000	0.0000000
7359.9931059	7279.9884279	7279.9623975	-2.0000667	-2.0000667	0.0807191	0.2590066	0.1920624	0.0000000	0.0000000
7359.9931059	7274.9837989	7274.8630420	-2.0000667	-2.0000667	0.0796172	0.2597384	0.1924041	0.0000000	0.0000000
7359.9931059	7269.9840093	7269.7636865	-2.0000667	-2.0000667	0.0800162	0.2580649	0.1895577	0.0000000	0.0000000
7359.9931059	7264.9876701	7264.6888672	-2.0000667	-2.0000667	0.0794465	0.2573811	0.1910957	0.0000000	0.0000000
7359.9931059	7259.9859215	7259.6483984	-2.0000667	-2.0000667	0.0799005	0.2587850	0.1943455	0.0000000	0.0000000
7359.9931059	7254.9850358	7254.6079297	-2.0000667	-2.0000667	0.0804663	0.2588739	0.1932740	0.0000000	0.0000000
7359.9931059	7249.9873132	7249.9875000	-2.0000667	-2.0000667	0.0802499	0.2583599	0.1956443	0.0000000	0.0000000
7359.9931059	7244.9864276	7244.9470313	-2.0000667	-2.0000667	0.0775586	0.2590370	0.1913069	0.0000000	0.0000000
7359.9931059	7239.9880707	7239.9065625	-2.0000667	-2.0000667	0.0776862	0.2593094	0.1934005	0.0000000	0.0000000
7359.9931059	7234.9891235	7234.8660938	-2.0000667	-2.0000667	0.0751930	0.2578754	0.1930811	0.0000000	0.0000000
7359.9931059	7229.9901764	7229.8256250	-2.0000667	-2.0000667	0.0746412	0.2556348	0.1932919	0.0000000	0.0000000
7359.9931059	7224.9908117	7224.7851563	-2.0000667	-2.0000667	0.0761819	0.2580836	0.2003252	0.0000000	0.0000000
7359.9931059	7219.9867826	7219.8026367	-2.0000667	-2.0000667	0.0765974	0.2551792	0.1971227	0.0000000	0.0000000
7359.9931059	7214.9885352	7214.8201172	-2.0000667	-2.0000667	0.0756592	0.2562705	0.1987985	0.0000000	0.0000000
7359.9931059	7209.9867265	7209.8375977	-2.0000667	-2.0000667	0.0751570	0.2596050	0.1989833	0.0000000	0.0000000
7359.9931059	7204.9856049	7204.8550781	-2.0000667	-2.0000667	0.0749801	0.2601023	0.1994343	0.0000000	0.0000000
7359.9931059	7199.9844833	7199.8725586	-2.0000667	-2.0000667	0.0744390	0.2584951	0.1974799	0.0000000	0.0000000
7359.9931059	7194.9864212	7194.8900391	-2.0000667	-2.0000667	0.0716636	0.2581938	0.1959873	0.0000000	0.0000000
7359.9931059	7189.9844123	7189.9075195	-2.0000667	-2.0000667	0.0705604	0.2588223	0.1980203	0.0000000	0.0000000
7359.9931059	7184.9857226	7184.9250000	-2.0000667	-2.0000667	0.0654650	0.2583496	0.1955867	0.0000000	0.0000000
7359.9931059	7179.9871345	7179.9804492	-2.0000667	-2.0000667	0.0646433	0.2574952	0.1967737	0.0000000	0.0000000
7359.9931059	7174.9840016	7174.6444189	-2.0000667	-2.0000667	0.0643585	0.2587275	0.1943048	0.0000000	0.0000000
7359.9931059	7169.9844272	7169.7188525	-2.0000667	-2.0000667	0.0636249	0.2586553	0.1973367	0.0000000	0.0000000
7359.9931059	7164.9848528	7164.7932861	-2.0000667	-2.0000667	0.0627886	0.2592659	0.1976847	0.0000000	0.0000000
7359.9931059	7159.9874285	7159.8677197	-2.0000667	-2.0000667	0.0591395	0.2587849	0.1957804	0.0000000	0.0000000
7359.9931059	7154.9859714	7154.9421533	-2.0000667	-2.0000667	0.0553479	0.2585955	0.1972681	0.0000000	0.0000000
7359.9931059	7149.9845143	7149.6061230	-2.0000667	-2.0000667	0.0574824	0.2577767	0.1963010	0.0000000	0.0000000
7359.9931059	7144.9847639	7144.6805566	-2.0000667	-2.0000667	0.0550060	0.2559382	0.1982289	0.0000000	0.0000000
7359.9931059	7139.9856218	7139.7829688	-2.0000667	-2.0000667	0.0530956	0.2583352	0.1994635	0.0000000	0.0000000
7359.9931059	7134.9864797	7134.9133594	-2.0000667	-2.0000667	0.0525068	0.2574348	0.1964561	0.0000000	0.0000000
7359.9931059	7129.9832069	7129.6379492	-2.0000667	-2.0000667	0.0475706	0.2589692	0.1984313	0.0000000	0.0000000
7359.9931059	7124.9850629	7124.7683398	-2.0000667	-2.0000667	0.0486570	0.2571344	0.1987980	0.0000000	0.0000000
7359.9931059	7119.9869188	7119.8987305	-2.0000667	-2.0000667	0.0449180	0.2594222	0.1989847	0.0000000	0.0000000
7359.9931059	7114.9856174	7114.6233203	-2.0000667	-2.0000667	0.0417062	0.2592936	0.1997220	0.0000000	0.0000000
7359.9931059	7109.9847957	7109.7537109	-2.0000667	-2.0000667	0.0422064	0.2602517	0.1972972	0.0000000	0.0000000
7359.9931059	7104.9825351	7104.8841016	-2.0000667	-2.0000667	0.0395968	0.2592666	0.1964530	0.0000000	0.0000000
7359.9931059	7099.9837702	7099.6316406	-2.0000667	-2.0000667	0.0386816	0.2593324	0.1971202	0.0000000	0.0000000
7359.9931059	7094.9817088	7094.8171094	-2.0000667	-2.0000667	0.0366456	0.2556792	0.1957814	0.0000000	0.0000000
7359.9931059	7089.9874198	7089.6013672	-2.0000667	-2.0000667	0.0314756	0.2588325	0.1986333	0.0000000	0.0000000
7359.9931059	7084.9818060	7084.7868359	-2.0000667	-2.0000667	0.0292843	0.2585547	0.1992476	0.0000000	0.0000000
7359.9931059	7079.9837421	7079.9723047	-2.0000667	-2.0000667	0.0312709	0.2589147	0.1969202	0.0000000	0.0000000
7359.9931059	7074.9849890	7074.7565625	-2.0000667	-2.0000667	0.0286885	0.2570377	0.1986561	0.0000000	0.0000000
7359.9931059	7069.9846289	7069.9420313	-2.0000667	-2.0000667	0.0264485	0.2599081	0.1975402	0.0000000	0.0000000
7359.9931059	7064.9842688	7064.7262891	-2.0000667	-2.0000667	0.0256664	0.2598389	0.1952760	0.0000000	0.0000000
7359.9931059	7059.9851958	7059.9297656	-2.0000667	-2.0000667	0.0245397	0.2596943	0.1952349	0.0000000	0.0000000
7359.9931059	7054.9845719	7054.7725488	-2.0000667	-2.0000667	0.0229017	0.2602504	0.1928097	0.0000000	0.0000000
7359.9931059	7049.9839480	7049.6153320	-2.0000667	-2.0000667	0.0213529	0.2598517	0.1932997	0.0000000	0.0000000
7359.9931059	7044.9839562	7044.8548242	-2.0000667	-2.0000667	0.0200641	0.2592629	0.1938580	0.0000000	0.0000000
7359.9931059	7039.9847173	7039.6976074	-2.0000667	-2.0000667	0.0184884	0.2577294	0.1972469	0.0000000	0.0000000
7359.9931059	7034.9887891	7034.9370996	-2.0000667	-2.0000667	0.0168379	0.2581072	0.1960848	0.0000000	0.0000000
7359.9931059	7029.9865333	7029.7798828	-2.0000667	-2.0000667	0.0151388	0.2592571	0.1957701	0.0000000	0.0000000
7359.9931059	7024.9842404	7024.6226660	-2.0000667	-2.0000667	0.0140343	0.2582155	0.1937343	0.0000000	0.0000000
7359.9931059	7019.9852022	7019.8843262	-2.0000667	-2.0000667	0.0134680	0.2586162	0.1948271	0.0000000	0.0000000
7359.9931059	7014.9894147	7014.7847461	-2.0000667	-2.0000667	0.0117820	0.2569618	0.1940027	0.0000000	0.0000000
7359.9931059	7009.9855214	7009.6851660	-2.0000667	-2.0000667	0.0109711	0.2575884	0.1924912	0.0000000	0.0000000
7359.9931059	7004.9849267	7004.9778613	-2.0000667	-2.0000667	0.0094607	0.2578790	0.1923961	0.0000000	0.0000000
7359.9931059	7000.0292969	6999.8782813	-2.0000667	-2.0000667	0.0087402	0.2577788	0.1939250	0.0000000	0.0000000
