7064.9911606	7499.9984178	7499.6820801	-2.0000667	-2.0000667	0.0007191	0.2872622	0.1301985	0.0000000	7065.0000000
7064.9911606	7494.9851784	7494.7226807	-2.0000667	-2.0000667	0.0007792	0.2877679	0.1219591	0.0000000	0.0000000
7064.9911606	7489.9851278	7489.7632813	-2.0000667	-2.0000667	0.0010121	0.2853929	0.1311256	0.0000000	0.0000000
7064.9911606	7484.9906544	7484.8038818	-2.0000667	-2.0000667	0.0017036	0.2881716	0.1417561	0.0000000	0.0000000
7064.9911606	7479.9855080	7479.8981445	-2.0000667	-2.0000667	0.0017061	0.2886439	0.1529160	0.0000000	0.0000000
7064.9911606	7474.9849184	7474.9977734	-2.0000667	-2.0000667	0.0014891	0.2887640	0.1336969	0.0000000	0.0000000
7064.9911606	7469.9894082	7469.6519141	-2.0000667	-2.0000667	0.0012748	0.2873654	0.1262876	0.0000000	0.0000000
7064.9911606	7464.9852369	7464.7515430	-2.0000667	-2.0000667	0.0020732	0.2886453	0.1328951	0.0000000	0.0000000
7064.9911606	7459.9830834	7459.8511719	-2.0000667	-2.0000667	0.0023579	0.2877336	0.1343966	0.0000000	0.0000000
7064.9911606	7454.9866531	7454.9508008	-2.0000667	-2.0000667	0.0016306	0.2873030	0.1273887	0.0000000	0.0000000
7064.9911606	7449.9879936	7449.6049414	-2.0000667	-2.0000667	0.0023296	0.2875710	0.1370856	0.0000000	0.0000000
7064.9911606	7444.9882793	7444.7045703	-2.0000667	-2.0000667	0.0025591	0.2893003	0.1358905	0.0000000	0.0000000
7064.9911606	7439.9825665	7439.8041992	-2.0000667	-2.0000667	0.0024259	0.2890642	0.1329886	0.0000000	0.0000000
7064.9911606	7434.9858514	7434.9618359	-2.0000667	-2.0000667	0.0030642	0.2853049	0.1289392	0.0000000	0.0000000
7064.9911606	7429.9848914	7429.6792578	-2.0000667	-2.0000667	0.0050681	0.2865383	0.1396680	0.0000000	0.0000000
7064.9911606	7424.9898229	7424.8368945	-2.0000667	-2.0000667	0.0047373	0.2863484	0.1411847	0.0000000	0.0000000
7064.9911606	7419.9889997	7419.9945313	-2.0000667	-2.0000667	0.0051625	0.2889351	0.1377047	0.0000000	0.0000000
7064.9911606	7414.9852991	7414.7119531	-2.0000667	-2.0000667	0.0063234	0.2871160	0.1321035	0.0000000	0.0000000
7064.9911606	7409.9893015	7409.8695898	-2.0000667	-2.0000667	0.0040522	0.2867843	0.1259349	0.0000000	0.0000000
7064.9911606	7404.9830486	7404.5870117	-2.0000667	-2.0000667	0.0060558	0.2873014	0.1313435	0.0000000	0.0000000
7064.9911606	7399.9843013	7399.7446484	-2.0000667	-2.0000667	0.0080326	0.2879092	0.1355400	0.0000000	0.0000000
7064.9911606	7394.9884007	7394.9126367	-2.0000667	-2.0000667	0.0063103	0.2872844	0.1309861	0.0000000	0.0000000
7064.9911606	7389.9845657	7389.6921680	-2.0000667	-2.0000667	0.0065238	0.2879504	0.1213524	0.0000000	0.0000000
7064.9911606	7384.9891170	7384.9067383	-2.0000667	-2.0000667	0.0134612	0.2877761	0.1369860	0.0000000	0.0000000
7064.9911606	7379.9860592	7379.6862695	-2.0000667	-2.0000667	0.0137645	0.2866991	0.1353381	0.0000000	0.0000000
7064.9911606	7374.9850104	7374.9008398	-2.0000667	-2.0000667	0.0129113	0.2856930	0.1334326	0.0000000	0.0000000
7064.9911606	7369.9839616	7369.6803711	-2.0000667	-2.0000667	0.0140715	0.2865328	0.1281372	0.0000000	0.0000000
7064.9911606	7364.9814683	7364.8949414	-2.0000667	-2.0000667	0.0154349	0.2906331	0.1322280	0.0000000	0.0000000
7064.9911606	7359.9861795	7359.6744727	-2.0000667	-2.0000667	0.0168142	0.2884907	0.1344657	0.0000000	0.0000000
7064.9911606	7354.9814419	7354.8890430	-2.0000667	-2.0000667	0.0201741	0.2877439	0.1354761	0.0000000	0.0000000
7064.9911606	7349.9814569	7349.6991016	-2.0000667	-2.0000667	0.0250256	0.2886281	0.1352805	0.0000000	0.0000000
7064.9911606	7344.9830735	7344.9696387	-2.0000667	-2.0000667	0.0248547	0.2880397	0.1373765	0.0000000	0.0000000
7064.9911606	7339.9876760	7339.8102246	-2.0000667	-2.0000667	0.0311918	0.2879519	0.1359606	0.0000000	0.0000000
7064.9911606	7334.9876819	7334.6508105	-2.0000667	-2.0000667	0.0325488	0.2865621	0.1362006	0.0000000	0.0000000
7064.9911606	7329.9862695	7329.9213477	-2.0000667	-2.0000667	0.0364612	0.2875601	0.1409792	0.0000000	0.0000000
7064.9911606	7324.9848570	7324.7619336	-2.0000667	-2.0000667	0.0374509	0.2896249	0.1380049	0.0000000	0.0000000
7064.9911606	7319.9843762	7319.6025195	-2.0000667	-2.0000667	0.0399666	0.2891686	0.1375531	0.0000000	0.0000000
7064.9911606	7314.9856062	7314.8730566	-2.0000667	-2.0000667	0.0350791	0.2864811	0.1356681	0.0000000	0.0000000
7064.9911606	7309.9868361	7309.7136426	-2.0000667	-2.0000667	0.0431736	0.2869482	0.1415227	0.0000000	0.0000000
7064.9911606	7304.9850290	7304.6092822	-2.0000667	-2.0000667	0.0393259	0.2869225	0.1360293	0.0000000	0.0000000
7064.9911606	7299.9861565	7299.9348730	-2.0000667	-2.0000667	0.0481733	0.2861588	0.1415571	0.0000000	0.0000000
7064.9911606	7294.9795014	7294.8355176	-2.0000667	-2.0000667	0.0529128	0.2859780	0.1425931	0.0000000	0.0000000
7064.9911606	7289.9824769	7289.7361621	-2.0000667	-2.0000667	0.0600779	0.2892786	0.1447823	0.0000000	0.0000000
7064.9911606	7284.9819943	7284.6368066	-2.0000667	-2.0000667	0.0532483	0.2877734	0.1374077	0.0000000	0.0000000
7064.9911606	7279.9849698	7279.9623975	-2.0000667	-2.0000667	0.0510884	0.2880325	0.1374828	0.0000000	0.0000000
7064.9911606	7274.9837989	7274.8630420	-2.0000667	-2.0000667	0.0404054	0.2897458	0.1239662	0.0000000	0.0000000
7064.9911606	7269.9840093	7269.7636865	-2.0000667	-2.0000667	0.0533807	0.2894731	0.1312100	0.0000000	0.0000000
7064.9911606	7264.9842196	7264.6888672	-2.0000667	-2.0000667	0.0680680	0.2864272	0.1409264	0.0000000	0.0000000
7064.9911606	7259.9859215	7259.6483984	-2.0000667	-2.0000667	0.0837943	0.2863396	0.1419509	0.0000000	0.0000000
7064.9911606	7254.9850358	7254.6079297	-2.0000667	-2.0000667	0.1099425	0.2864465	0.1573584	0.0000000	0.0000000
7064.9911606	7249.9873132	7249.9875000	-2.0000667	-2.0000667	0.0929431	0.2882324	0.1455480	0.0000000	0.0000000
7064.9911606	7244.9832645	7244.9470313	-2.0000667	-2.0000667	0.0970564	0.2876072	0.1469791	0.0000000	0.0000000
7064.9911606	7239.9850844	7239.9065625	-2.0000667	-2.0000667	0.0936230	0.2884789	0.1435498	0.0000000	0.0000000
7064.9911606	7234.9861373	7234.8660938	-2.0000667	-2.0000667	0.0978929	0.2881281	0.1437848	0.0000000	0.0000000
7064.9911606	7229.9901764	7229.8256250	-2.0000667	-2.0000667	0.0917701	0.2874467	0.1409050	0.0000000	0.0000000
7064.9911606	7224.9850300	7224.7851563	-2.0000667	-2.0000667	0.1120127	0.2874943	0.1504095	0.0000000	0.0000000
7064.9911606	7219.9838918	7219.8026367	-2.0000667	-2.0000667	0.1167849	0.2878999	0.1455509	0.0000000	0.0000000
7064.9911606	7214.9827535	7214.8201172	-2.0000667	-2.0000667	0.1241415	0.2884141	0.1478640	0.0000000	0.0000000
7064.9911606	7209.9867265	7209.8375977	-2.0000667	-2.0000667	0.1366561	0.2872942	0.1509218	0.0000000	0.0000000
7064.9911606	7204.9823763	7204.8550781	-2.0000667	-2.0000667	0.1185248	0.2871826	0.1414196	0.0000000	0.0000000
7064.9911606	7199.9844833	7199.8725586	-2.0000667	-2.0000667	0.1420759	0.2868708	0.1522201	0.0000000	0.0000000
7064.9911606	7194.9864212	7194.8900391	-2.0000667	-2.0000667	0.1454801	0.2880902	0.1516473	0.0000000	0.0000000
7064.9911606	7189.9877315	7189.9075195	-2.0000667	-2.0000667	0.1577076	0.2884719	0.1522208	0.0000000	0.0000000
7064.9911606	7184.9857226	7184.9250000	-2.0000667	-2.0000667	0.1352786	0.2897388	0.1467977	0.0000000	0.0000000
7064.9911606	7179.9835760	7179.9804492	-2.0000667	-2.0000667	0.1119073	0.2926290	0.1366915	0.0000000	0.0000000
7064.9911606	7174.9804432	7174.6444189	-2.0000667	-2.0000667	0.1206465	0.2909172	0.1345042	0.0000000	0.0000000
7064.9911606	7169.9844272	7169.7188525	-2.0000667	-2.0000667	0.1622960	0.2896172	0.1483145	0.0000000	0.0000000
7064.9911606	7164.9848528	7164.7932861	-2.0000667	-2.0000667	0.1596509	0.2874585	0.1489949	0.0000000	0.0000000
7064.9911606	7159.9810081	7159.8677197	-2.0000667	-2.0000667	0.1615394	0.2912079	0.1434790	0.0000000	0.0000000
7064.9911606	7154.9859714	7154.9421533	-2.0000667	-2.0000667	0.1624695	0.2884741	0.1407852	0.0000000	0.0000000
7064.9911606	7149.9845143	7149.6061230	-2.0000667	-2.0000667	0.1758409	0.2874071	0.1453080	0.0000000	0.0000000
7064.9911606	7144.9847639	7144.6805566	-2.0000667	-2.0000667	0.1877297	0.2869167	0.1469889	0.0000000	0.0000000
7064.9911606	7139.9824934	7139.7829688	-2.0000667	-2.0000667	0.1988650	0.2901759	0.1462659	0.0000000	0.0000000
7064.9911606	7134.9864797	7134.9133594	-2.0000667	-2.0000667	0.2059456	0.2871427	0.1521539	0.0000000	0.0000000
7064.9911606	7129.9832069	7129.6379492	-2.0000667	-2.0000667	0.1986625	0.2901309	0.1467191	0.0000000	0.0000000
7064.9911606	7124.9850629	7124.7683398	-2.0000667	-2.0000667	0.1839197	0.2891979	0.1430179	0.0000000	0.0000000
7064.9911606	7119.9837614	7119.8987305	-2.0000667	-2.0000667	0.2045707	0.2893912	0.1464364	0.0000000	0.0000000
7064.9911606	7114.9856174	7114.6233203	-2.0000667	-2.0000667	0.2286405	0.2864752	0.1504091	0.0000000	0.0000000
7064.9911606	7109.9847957	7109.7537109	-2.0000667	-2.0000667	0.2692365	0.2869982	0.1580496	0.0000000	0.0000000
7064.9911606	7104.9825351	7104.8841016	-2.0000667	-2.0000667	0.2530640	0.2852708	0.1574108	0.0000000	0.0000000
7064.9911606	7099.9837702	7099.6316406	-2.0000667	-2.0000667	0.2270675	0.2860323	0.1470729	0.0000000	0.0000000
7064.9911606	7094.9779338	7094.8171094	-2.0000667	-2.0000667	0.2216279	0.2899305	0.1434431	0.0000000	0.0000000
7064.9911606	7089.9836449	7089.6013672	-2.0000667	-2.0000667	0.2438783	0.2886888	0.1478864	0.0000000	0.0000000
7064.9911606	7084.9818060	7084.7868359	-2.0000667	-2.0000667	0.2347634	0.2874524	0.1474133	0.0000000	0.0000000
7064.9911606	7079.9837421	7079.9723047	-2.0000667	-2.0000667	0.2344492	0.2871718	0.1488319	0.0000000	0.0000000
7064.9911606	7074.9849890	7074.7565625	-2.0000667	-2.0000667	0.2291151	0.2898000	0.1440486	0.0000000	0.0000000
7064.9911606	7069.9846289	7069.9420313	-2.0000667	-2.0000667	0.2152958	0.2920281	0.1376290	0.0000000	0.0000000
7064.9911606	7064.9806401	7064.7262891	-2.0000667	-2.0000667	0.2541104	0.2896219	0.1440345	0.0000000	0.0000000
7064.9911606	7059.9819274	7059.9297656	-2.0000667	-2.0000667	0.2660225	0.2878860	0.1530957	0.0000000	0.0000000
7064.9911606	7054.9845719	7054.7725488	-2.0000667	-2.0000667	0.2721692	0.2883892	0.1532844	0.0000000	0.0000000
7064.9911606	7049.9806796	7049.6153320	-2.0000667	-2.0000667	0.2618484	0.2895295	0.1516484	0.0000000	0.0000000
7064.9911606	7044.9773347	7044.8548242	-2.0000667	-2.0000667	0.2446703	0.2892478	0.1477531	0.0000000	0.0000000
7064.9911606	7039.9847173	7039.6976074	-2.0000667	-2.0000667	0.2687383	0.2897870	0.1548804	0.0000000	0.0000000
7064.9911606	7034.9887891	7034.9370996	-2.0000667	-2.0000667	0.2393207	0.2899673	0.1484744	0.0000000	0.0000000
7064.9911606	7029.9865333	7029.7798828	-2.0000667	-2.0000667	0.2515684	0.2897950	0.1499644	0.0000000	0.0000000
7064.9911606	7024.9842404	7024.6226660	-2.0000667	-2.0000667	0.2944518	0.2907280	0.1580059	0.0000000	0.0000000
7064.9911606	7019.9852022	7019.8843262	-2.0000667	-2.0000667	0.2323759	0.2907786	0.1450636	0.0000000	0.0000000
7064.9911606	7014.9861162	7014.7847461	-2.0000667	-2.0000667	0.2565867	0.2890743	0.1516161	0.0000000	0.0000000
7064.9911606	7009.9855214	7009.6851660	-2.0000667	-2.0000667	0.2550660	0.2859498	0.1553300	0.0000000	0.0000000
7064.9911606	7004.9816281	7004.9778613	-2.0000667	-2.0000667	0.2515826	0.2890116	0.1556720	0.0000000	0.0000000
7064.9911606	7000.0292969	6999.8782813	-2.0000667	-2.0000667	0.2414945	0.2863558	0.1533021	0.0000000	0.0000000
