7154.9963171	7499.9984178	7499.6820801	-2.0000667	-2.0000667	0.0136727	0.2738909	0.1522458	0.0000000	7155.0000000
7154.9963171	7494.9907557	7494.7226807	-2.0000667	-2.0000667	0.0124474	0.2727161	0.1464152	0.0000000	0.0000000
7154.9963171	7489.9851278	7489.7632813	-2.0000667	-2.0000667	0.0151835	0.2747150	0.1565563	0.0000000	0.0000000
7154.9963171	7484.9850771	7484.8038818	-2.0000667	-2.0000667	0.0149143	0.2745590	0.1564825	0.0000000	0.0000000
7154.9963171	7479.9931269	7479.8981445	-2.0000667	-2.0000667	0.0151168	0.2729155	0.1597484	0.0000000	0.0000000
7154.9963171	7474.9874581	7474.9977734	-2.0000667	-2.0000667	0.0159440	0.2746195	0.1558367	0.0000000	0.0000000
7154.9963171	7469.9894082	7469.6519141	-2.0000667	-2.0000667	0.0153032	0.2752753	0.1515082	0.0000000	0.0000000
7154.9963171	7464.9852369	7464.7515430	-2.0000667	-2.0000667	0.0213287	0.2753893	0.1577783	0.0000000	0.0000000
7154.9963171	7459.9859450	7459.8511719	-2.0000667	-2.0000667	0.0180413	0.2751847	0.1512312	0.0000000	0.0000000
7154.9963171	7454.9837915	7454.9508008	-2.0000667	-2.0000667	0.0189105	0.2743323	0.1543588	0.0000000	0.0000000
7154.9963171	7449.9849944	7449.6049414	-2.0000667	-2.0000667	0.0225835	0.2731140	0.1579215	0.0000000	0.0000000
7154.9963171	7444.9822808	7444.7045703	-2.0000667	-2.0000667	0.0260215	0.2733761	0.1606396	0.0000000	0.0000000
7154.9963171	7439.9795673	7439.8041992	-2.0000667	-2.0000667	0.0244717	0.2748911	0.1575712	0.0000000	0.0000000
7154.9963171	7434.9858514	7434.9618359	-2.0000667	-2.0000667	0.0258641	0.2761494	0.1577223	0.0000000	0.0000000
7154.9963171	7429.9906461	7429.6792578	-2.0000667	-2.0000667	0.0264867	0.2743610	0.1548462	0.0000000	0.0000000
7154.9963171	7424.9869456	7424.8368945	-2.0000667	-2.0000667	0.0237218	0.2729623	0.1523002	0.0000000	0.0000000
7154.9963171	7419.9889997	7419.9945313	-2.0000667	-2.0000667	0.0264475	0.2752319	0.1522202	0.0000000	0.0000000
7154.9963171	7414.9852991	7414.7119531	-2.0000667	-2.0000667	0.0348916	0.2766492	0.1535117	0.0000000	0.0000000
7154.9963171	7409.9867996	7409.8695898	-2.0000667	-2.0000667	0.0383831	0.2775302	0.1561346	0.0000000	0.0000000
7154.9963171	7404.9880524	7404.5870117	-2.0000667	-2.0000667	0.0382046	0.2743589	0.1569550	0.0000000	0.0000000
7154.9963171	7399.9893051	7399.7446484	-2.0000667	-2.0000667	0.0391205	0.2747635	0.1567670	0.0000000	0.0000000
7154.9963171	7394.9856052	7394.9126367	-2.0000667	-2.0000667	0.0400121	0.2756962	0.1554622	0.0000000	0.0000000
7154.9963171	7389.9873611	7389.6921680	-2.0000667	-2.0000667	0.0384890	0.2752771	0.1466074	0.0000000	0.0000000
7154.9963171	7384.9891170	7384.9067383	-2.0000667	-2.0000667	0.0377910	0.2772107	0.1479633	0.0000000	0.0000000
7154.9963171	7379.9830116	7379.6862695	-2.0000667	-2.0000667	0.0454775	0.2785951	0.1468895	0.0000000	0.0000000
7154.9963171	7374.9850104	7374.9008398	-2.0000667	-2.0000667	0.0524852	0.2752799	0.1536195	0.0000000	0.0000000
7154.9963171	7369.9839616	7369.6803711	-2.0000667	-2.0000667	0.0663512	0.2728925	0.1648550	0.0000000	0.0000000
7154.9963171	7364.9814683	7364.8949414	-2.0000667	-2.0000667	0.0657563	0.2740103	0.1616035	0.0000000	0.0000000
7154.9963171	7359.9861795	7359.6744727	-2.0000667	-2.0000667	0.0642053	0.2735518	0.1599280	0.0000000	0.0000000
7154.9963171	7354.9814419	7354.8890430	-2.0000667	-2.0000667	0.0713013	0.2756776	0.1609304	0.0000000	0.0000000
7154.9963171	7349.9874287	7349.6991016	-2.0000667	-2.0000667	0.0716154	0.2763872	0.1566973	0.0000000	0.0000000
7154.9963171	7344.9830735	7344.9696387	-2.0000667	-2.0000667	0.0674728	0.2734574	0.1529696	0.0000000	0.0000000
7154.9963171	7339.9876760	7339.8102246	-2.0000667	-2.0000667	0.0677340	0.2753226	0.1507828	0.0000000	0.0000000
7154.9963171	7334.9906554	7334.6508105	-2.0000667	-2.0000667	0.0813440	0.2755812	0.1552034	0.0000000	0.0000000
7154.9963171	7329.9862695	7329.9213477	-2.0000667	-2.0000667	0.0838490	0.2747469	0.1548500	0.0000000	0.0000000
7154.9963171	7324.9878305	7324.7619336	-2.0000667	-2.0000667	0.0834718	0.2746803	0.1509364	0.0000000	0.0000000
7154.9963171	7319.9843762	7319.6025195	-2.0000667	-2.0000667	0.0842869	0.2753665	0.1507227	0.0000000	0.0000000
7154.9963171	7314.9856062	7314.8730566	-2.0000667	-2.0000667	0.0876681	0.2751113	0.1515042	0.0000000	0.0000000
7154.9963171	7309.9868361	7309.7136426	-2.0000667	-2.0000667	0.0952905	0.2765042	0.1520552	0.0000000	0.0000000
7154.9963171	7304.9850290	7304.6092822	-2.0000667	-2.0000667	0.1090372	0.2763350	0.1578296	0.0000000	0.0000000
7154.9963171	7299.9861565	7299.9348730	-2.0000667	-2.0000667	0.1190215	0.2768204	0.1627410	0.0000000	0.0000000
7154.9963171	7294.9795014	7294.8355176	-2.0000667	-2.0000667	0.1073953	0.2750573	0.1573676	0.0000000	0.0000000
7154.9963171	7289.9824769	7289.7361621	-2.0000667	-2.0000667	0.1110464	0.2756127	0.1537750	0.0000000	0.0000000
7154.9963171	7284.9854524	7284.6368066	-2.0000667	-2.0000667	0.1236631	0.2761213	0.1570670	0.0000000	0.0000000
7154.9963171	7279.9849698	7279.9623975	-2.0000667	-2.0000667	0.1210182	0.2762234	0.1582415	0.0000000	0.0000000
7154.9963171	7274.9837989	7274.8630420	-2.0000667	-2.0000667	0.1400648	0.2742961	0.1682347	0.0000000	0.0000000
7154.9963171	7269.9840093	7269.7636865	-2.0000667	-2.0000667	0.1422566	0.2746466	0.1664866	0.0000000	0.0000000
7154.9963171	7264.9842196	7264.6888672	-2.0000667	-2.0000667	0.1535649	0.2732950	0.1676399	0.0000000	0.0000000
7154.9963171	7259.9827583	7259.6483984	-2.0000667	-2.0000667	0.1601727	0.2752894	0.1644913	0.0000000	0.0000000
7154.9963171	7254.9818727	7254.6079297	-2.0000667	-2.0000667	0.1625554	0.2767174	0.1609353	0.0000000	0.0000000
7154.9963171	7249.9841501	7249.9875000	-2.0000667	-2.0000667	0.1648140	0.2758024	0.1644625	0.0000000	0.0000000
7154.9963171	7244.9832645	7244.9470313	-2.0000667	-2.0000667	0.1693120	0.2752888	0.1632183	0.0000000	0.0000000
7154.9963171	7239.9820982	7239.9065625	-2.0000667	-2.0000667	0.1769952	0.2754667	0.1625908	0.0000000	0.0000000
7154.9963171	7234.9831511	7234.8660938	-2.0000667	-2.0000667	0.1691500	0.2756383	0.1570787	0.0000000	0.0000000
7154.9963171	7229.9871902	7229.8256250	-2.0000667	-2.0000667	0.1623138	0.2761215	0.1514971	0.0000000	0.0000000
7154.9963171	7224.9850300	7224.7851563	-2.0000667	-2.0000667	0.1691918	0.2758424	0.1494513	0.0000000	0.0000000
7154.9963171	7219.9867826	7219.8026367	-2.0000667	-2.0000667	0.1830194	0.2745756	0.1583701	0.0000000	0.0000000
7154.9963171	7214.9856444	7214.8201172	-2.0000667	-2.0000667	0.1877627	0.2749124	0.1601428	0.0000000	0.0000000
7154.9963171	7209.9867265	7209.8375977	-2.0000667	-2.0000667	0.2142181	0.2728291	0.1719203	0.0000000	0.0000000
7154.9963171	7204.9856049	7204.8550781	-2.0000667	-2.0000667	0.2093430	0.2737631	0.1655220	0.0000000	0.0000000
7154.9963171	7199.9844833	7199.8725586	-2.0000667	-2.0000667	0.2077688	0.2745862	0.1634285	0.0000000	0.0000000
7154.9963171	7194.9897404	7194.8900391	-2.0000667	-2.0000667	0.2033802	0.2741665	0.1614269	0.0000000	0.0000000
7154.9963171	7189.9844123	7189.9075195	-2.0000667	-2.0000667	0.2041721	0.2733904	0.1633961	0.0000000	0.0000000
7154.9963171	7184.9857226	7184.9250000	-2.0000667	-2.0000667	0.1961290	0.2732179	0.1634796	0.0000000	0.0000000
7154.9963171	7179.9835760	7179.9804492	-2.0000667	-2.0000667	0.1895276	0.2735605	0.1616039	0.0000000	0.0000000
7154.9963171	7174.9804432	7174.6444189	-2.0000667	-2.0000667	0.1973403	0.2730537	0.1606813	0.0000000	0.0000000
7154.9963171	7169.9808688	7169.7188525	-2.0000667	-2.0000667	0.1987539	0.2757079	0.1542507	0.0000000	0.0000000
7154.9963171	7164.9812944	7164.7932861	-2.0000667	-2.0000667	0.1996276	0.2755736	0.1511704	0.0000000	0.0000000
7154.9963171	7159.9810081	7159.8677197	-2.0000667	-2.0000667	0.2155625	0.2745310	0.1576382	0.0000000	0.0000000
7154.9963171	7154.9859714	7154.9421533	-2.0000667	-2.0000667	0.2005254	0.2752052	0.1493215	0.0000000	0.0000000
7154.9963171	7149.9813041	7149.6061230	-2.0000667	-2.0000667	0.2168708	0.2751793	0.1535928	0.0000000	0.0000000
7154.9963171	7144.9847639	7144.6805566	-2.0000667	-2.0000667	0.2185925	0.2752590	0.1534191	0.0000000	0.0000000
7154.9963171	7139.9824934	7139.7829688	-2.0000667	-2.0000667	0.2233063	0.2733842	0.1570275	0.0000000	0.0000000
7154.9963171	7134.9864797	7134.9133594	-2.0000667	-2.0000667	0.2276661	0.2718610	0.1604347	0.0000000	0.0000000
7154.9963171	7129.9832069	7129.6379492	-2.0000667	-2.0000667	0.2198838	0.2721757	0.1527950	0.0000000	0.0000000
7154.9963171	7124.9850629	7124.7683398	-2.0000667	-2.0000667	0.2195679	0.2737993	0.1532861	0.0000000	0.0000000
7154.9963171	7119.9837614	7119.8987305	-2.0000667	-2.0000667	0.2110597	0.2743556	0.1489059	0.0000000	0.0000000
7154.9963171	7114.9824600	7114.6233203	-2.0000667	-2.0000667	0.2129094	0.2754131	0.1474241	0.0000000	0.0000000
7154.9963171	7109.9813001	7109.7537109	-2.0000667	-2.0000667	0.2245958	0.2753611	0.1557086	0.0000000	0.0000000
7154.9963171	7104.9825351	7104.8841016	-2.0000667	-2.0000667	0.2156421	0.2744261	0.1462937	0.0000000	0.0000000
7154.9963171	7099.9837702	7099.6316406	-2.0000667	-2.0000667	0.2248229	0.2742827	0.1532743	0.0000000	0.0000000
7154.9963171	7094.9817088	7094.8171094	-2.0000667	-2.0000667	0.2227894	0.2721898	0.1548066	0.0000000	0.0000000
7154.9963171	7089.9836449	7089.6013672	-2.0000667	-2.0000667	0.2176930	0.2755670	0.1530834	0.0000000	0.0000000
7154.9963171	7084.9818060	7084.7868359	-2.0000667	-2.0000667	0.2131288	0.2747722	0.1538499	0.0000000	0.0000000
7154.9963171	7079.9837421	7079.9723047	-2.0000667	-2.0000667	0.2171016	0.2732729	0.1567441	0.0000000	0.0000000
7154.9963171	7074.9849890	7074.7565625	-2.0000667	-2.0000667	0.2099928	0.2732688	0.1531418	0.0000000	0.0000000
7154.9963171	7069.9846289	7069.9420313	-2.0000667	-2.0000667	0.1919517	0.2746144	0.1438611	0.0000000	0.0000000
7154.9963171	7064.9842688	7064.7262891	-2.0000667	-2.0000667	0.1800953	0.2785474	0.1315841	0.0000000	0.0000000
7154.9963171	7059.9851958	7059.9297656	-2.0000667	-2.0000667	0.1855466	0.2760891	0.1361593	0.0000000	0.0000000
7154.9963171	7054.9845719	7054.7725488	-2.0000667	-2.0000667	0.1881545	0.2746570	0.1419554	0.0000000	0.0000000
7154.9963171	7049.9806796	7049.6153320	-2.0000667	-2.0000667	0.1898195	0.2748463	0.1493615	0.0000000	0.0000000
7154.9963171	7044.9806454	7044.8548242	-2.0000667	-2.0000667	0.1899543	0.2754119	0.1487112	0.0000000	0.0000000
7154.9963171	7039.9814065	7039.6976074	-2.0000667	-2.0000667	0.1893232	0.2743010	0.1545404	0.0000000	0.0000000
7154.9963171	7034.9854783	7034.9370996	-2.0000667	-2.0000667	0.1877084	0.2741974	0.1556523	0.0000000	0.0000000
7154.9963171	7029.9865333	7029.7798828	-2.0000667	-2.0000667	0.1824199	0.2736311	0.1558005	0.0000000	0.0000000
7154.9963171	7024.9809858	7024.6226660	-2.0000667	-2.0000667	0.1723887	0.2751205	0.1507213	0.0000000	0.0000000
7154.9963171	7019.9819476	7019.8843262	-2.0000667	-2.0000667	0.1743528	0.2726344	0.1519723	0.0000000	0.0000000
7154.9963171	7014.9894147	7014.7847461	-2.0000667	-2.0000667	0.1708054	0.2732479	0.1516729	0.0000000	0.0000000
7154.9963171	7009.9855214	7009.6851660	-2.0000667	-2.0000667	0.1610321	0.2748237	0.1494008	0.0000000	0.0000000
7154.9963171	7004.9816281	7004.9778613	-2.0000667	-2.0000667	0.1462913	0.2763153	0.1412916	0.0000000	0.0000000
7154.9963171	7000.0292969	6999.8782813	-2.0000667	-2.0000667	0.1458334	0.2769636	0.1470170	0.0000000	0.0000000
