7500.0079666	7500.0038573	7499.6820801	-2.0000667	-2.0000667	0.0065935	0.2636039	0.1613964	0.0000000	7500.0000000
7500.0079666	7494.9907557	7494.7226807	-2.0000667	-2.0000667	0.0063689	0.2633394	0.1626011	0.0000000	0.0000000
7500.0079666	7489.9879164	7489.7632813	-2.0000667	-2.0000667	0.0048276	0.2639115	0.1633182	0.0000000	0.0000000
7500.0079666	7484.9878658	7484.8038818	-2.0000667	-2.0000667	0.0066991	0.2633383	0.1593176	0.0000000	0.0000000
7500.0079666	7479.9880476	7479.8981445	-2.0000667	-2.0000667	0.0044363	0.2630178	0.1624916	0.0000000	0.0000000
7500.0079666	7474.9874581	7474.9977734	-2.0000667	-2.0000667	0.0041622	0.2634840	0.1609619	0.0000000	0.0000000
7500.0079666	7469.9894082	7469.6519141	-2.0000667	-2.0000667	0.0058259	0.2638864	0.1631598	0.0000000	0.0000000
7500.0079666	7464.9880985	7464.7515430	-2.0000667	-2.0000667	0.0063583	0.2630166	0.1625166	0.0000000	0.0000000
7500.0079666	7459.9859450	7459.8511719	-2.0000667	-2.0000667	0.0028828	0.2617874	0.1642920	0.0000000	0.0000000
7500.0079666	7454.9866531	7454.9508008	-2.0000667	-2.0000667	0.0041580	0.2621379	0.1648060	0.0000000	0.0000000
7500.0079666	7449.9909928	7449.6049414	-2.0000667	-2.0000667	0.0066672	0.2621617	0.1658267	0.0000000	0.0000000
7500.0079666	7444.9882793	7444.7045703	-2.0000667	-2.0000667	0.0034006	0.2629735	0.1641791	0.0000000	0.0000000
7500.0079666	7439.9885650	7439.8041992	-2.0000667	-2.0000667	0.0063473	0.2619531	0.1657559	0.0000000	0.0000000
7500.0079666	7434.9858514	7434.9618359	-2.0000667	-2.0000667	0.0064343	0.2632372	0.1660100	0.0000000	0.0000000
7500.0079666	7429.9877688	7429.6792578	-2.0000667	-2.0000667	0.0168337	0.2606096	0.1696146	0.0000000	0.0000000
7500.0079666	7424.9869456	7424.8368945	-2.0000667	-2.0000667	0.0055719	0.2623351	0.1670051	0.0000000	0.0000000
7500.0079666	7419.9861223	7419.9945313	-2.0000667	-2.0000667	0.0101803	0.2623556	0.1678698	0.0000000	0.0000000
7500.0079666	7414.9881765	7414.7119531	-2.0000667	-2.0000667	0.0096729	0.2640594	0.1680764	0.0000000	0.0000000
7500.0079666	7409.9893015	7409.8695898	-2.0000667	-2.0000667	0.0159012	0.2631404	0.1667496	0.0000000	0.0000000
7500.0079666	7404.9855505	7404.5870117	-2.0000667	-2.0000667	0.0057787	0.2615802	0.1652023	0.0000000	0.0000000
7500.0079666	7399.9893051	7399.7446484	-2.0000667	-2.0000667	0.0073790	0.2621726	0.1705310	0.0000000	0.0000000
7500.0079666	7394.9884007	7394.9126367	-2.0000667	-2.0000667	0.0134994	0.2623287	0.1635977	0.0000000	0.0000000
7500.0079666	7389.9873611	7389.6921680	-2.0000667	-2.0000667	0.0063152	0.2621305	0.1666932	0.0000000	0.0000000
7500.0079666	7384.9891170	7384.9067383	-2.0000667	-2.0000667	0.0054618	0.2630851	0.1651039	0.0000000	0.0000000
7500.0079666	7379.9891067	7379.6862695	-2.0000667	-2.0000667	0.0083928	0.2647040	0.1687609	0.0000000	0.0000000
7500.0079666	7374.9850104	7374.9008398	-2.0000667	-2.0000667	0.0064374	0.2628362	0.1676475	0.0000000	0.0000000
7500.0079666	7369.9870092	7369.6803711	-2.0000667	-2.0000667	0.0106346	0.2630629	0.1687247	0.0000000	0.0000000
7500.0079666	7364.9846179	7364.8949414	-2.0000667	-2.0000667	0.0085012	0.2631783	0.1725464	0.0000000	0.0000000
7500.0079666	7359.9861795	7359.6744727	-2.0000667	-2.0000667	0.0077213	0.2610626	0.1738894	0.0000000	0.0000000
7500.0079666	7354.9845915	7354.8890430	-2.0000667	-2.0000667	0.0164034	0.2619038	0.1734385	0.0000000	0.0000000
7500.0079666	7349.9844428	7349.6991016	-2.0000667	-2.0000667	0.0128408	0.2626578	0.1685061	0.0000000	0.0000000
7500.0079666	7344.9860594	7344.9696387	-2.0000667	-2.0000667	0.0096727	0.2605825	0.1707710	0.0000000	0.0000000
7500.0079666	7339.9876760	7339.8102246	-2.0000667	-2.0000667	0.0101212	0.2630566	0.1724176	0.0000000	0.0000000
7500.0079666	7334.9876819	7334.6508105	-2.0000667	-2.0000667	0.0088824	0.2635314	0.1736012	0.0000000	0.0000000
7500.0079666	7329.9862695	7329.9213477	-2.0000667	-2.0000667	0.0113795	0.2634330	0.1739250	0.0000000	0.0000000
7500.0079666	7324.9878305	7324.7619336	-2.0000667	-2.0000667	0.0154969	0.2622689	0.1750424	0.0000000	0.0000000
7500.0079666	7319.9871533	7319.6025195	-2.0000667	-2.0000667	0.0088270	0.2628680	0.1735911	0.0000000	0.0000000
7500.0079666	7314.9883833	7314.8730566	-2.0000667	-2.0000667	0.0080355	0.2618782	0.1765389	0.0000000	0.0000000
7500.0079666	7309.9896132	7309.7136426	-2.0000667	-2.0000667	0.0096921	0.2624978	0.1775277	0.0000000	0.0000000
7500.0079666	7304.9850290	7304.6092822	-2.0000667	-2.0000667	0.0073623	0.2621941	0.1762156	0.0000000	0.0000000
7500.0079666	7299.9861565	7299.9348730	-2.0000667	-2.0000667	0.0111194	0.2615999	0.1789657	0.0000000	0.0000000
7500.0079666	7294.9829595	7294.8355176	-2.0000667	-2.0000667	0.0106869	0.2623108	0.1784471	0.0000000	0.0000000
7500.0079666	7289.9859351	7289.7361621	-2.0000667	-2.0000667	0.0093508	0.2637521	0.1730494	0.0000000	0.0000000
7500.0079666	7284.9854524	7284.6368066	-2.0000667	-2.0000667	0.0106141	0.2629596	0.1818378	0.0000000	0.0000000
7500.0079666	7279.9884279	7279.9623975	-2.0000667	-2.0000667	0.0135797	0.2610552	0.1796073	0.0000000	0.0000000
7500.0079666	7274.9872494	7274.8630420	-2.0000667	-2.0000667	0.0092452	0.2624694	0.1790431	0.0000000	0.0000000
7500.0079666	7269.9840093	7269.7636865	-2.0000667	-2.0000667	0.0089517	0.2627988	0.1803462	0.0000000	0.0000000
7500.0079666	7264.9876701	7264.6888672	-2.0000667	-2.0000667	0.0171162	0.2630155	0.1773467	0.0000000	0.0000000
7500.0079666	7259.9890846	7259.6483984	-2.0000667	-2.0000667	0.0118440	0.2603436	0.1828877	0.0000000	0.0000000
7500.0079666	7254.9881989	7254.6079297	-2.0000667	-2.0000667	0.0092659	0.2649783	0.1793013	0.0000000	0.0000000
7500.0079666	7249.9873132	7249.9875000	-2.0000667	-2.0000667	0.0084535	0.2624675	0.1837196	0.0000000	0.0000000
7500.0079666	7244.9864276	7244.9470313	-2.0000667	-2.0000667	0.0100945	0.2626045	0.1770282	0.0000000	0.0000000
7500.0079666	7239.9850844	7239.9065625	-2.0000667	-2.0000667	0.0146625	0.2613569	0.1805499	0.0000000	0.0000000
7500.0079666	7234.9861373	7234.8660938	-2.0000667	-2.0000667	0.0092294	0.2614915	0.1814016	0.0000000	0.0000000
7500.0079666	7229.9842040	7229.8256250	-2.0000667	-2.0000667	0.0091658	0.2614771	0.1824924	0.0000000	0.0000000
7500.0079666	7224.9908117	7224.7851563	-2.0000667	-2.0000667	0.0117195	0.2628540	0.1836012	0.0000000	0.0000000
7500.0079666	7219.9867826	7219.8026367	-2.0000667	-2.0000667	0.0082032	0.2627515	0.1827806	0.0000000	0.0000000
7500.0079666	7214.9856444	7214.8201172	-2.0000667	-2.0000667	0.0092946	0.2618519	0.1825776	0.0000000	0.0000000
7500.0079666	7209.9899551	7209.8375977	-2.0000667	-2.0000667	0.0072747	0.2636622	0.1850732	0.0000000	0.0000000
7500.0079666	7204.9856049	7204.8550781	-2.0000667	-2.0000667	0.0084574	0.2622808	0.1846486	0.0000000	0.0000000
7500.0079666	7199.9844833	7199.8725586	-2.0000667	-2.0000667	0.0108356	0.2626627	0.1835555	0.0000000	0.0000000
7500.0079666	7194.9864212	7194.8900391	-2.0000667	-2.0000667	0.0093867	0.2618385	0.1871820	0.0000000	0.0000000
7500.0079666	7189.9844123	7189.9075195	-2.0000667	-2.0000667	0.0075034	0.2634158	0.1892727	0.0000000	0.0000000
7500.0079666	7184.9890418	7184.9250000	-2.0000667	-2.0000667	0.0068229	0.2637369	0.1840828	0.0000000	0.0000000
7500.0079666	7179.9871345	7179.9804492	-2.0000667	-2.0000667	0.0114417	0.2636777	0.1853909	0.0000000	0.0000000
7500.0079666	7174.9840016	7174.6444189	-2.0000667	-2.0000667	0.0083639	0.2632950	0.1863969	0.0000000	0.0000000
7500.0079666	7169.9879856	7169.7188525	-2.0000667	-2.0000667	0.0080995	0.2629243	0.1878499	0.0000000	0.0000000
7500.0079666	7164.9848528	7164.7932861	-2.0000667	-2.0000667	0.0222499	0.2641453	0.1860350	0.0000000	0.0000000
7500.0079666	7159.9874285	7159.8677197	-2.0000667	-2.0000667	0.0082002	0.2640104	0.1845237	0.0000000	0.0000000
7500.0079666	7154.9859714	7154.9421533	-2.0000667	-2.0000667	0.0059032	0.2615588	0.1843715	0.0000000	0.0000000
7500.0079666	7149.9845143	7149.6061230	-2.0000667	-2.0000667	0.0046908	0.2623722	0.1882090	0.0000000	0.0000000
7500.0079666	7144.9847639	7144.6805566	-2.0000667	-2.0000667	0.0050853	0.2631125	0.1842021	0.0000000	0.0000000
7500.0079666	7139.9856218	7139.7829688	-2.0000667	-2.0000667	0.0052594	0.2611315	0.1876659	0.0000000	0.0000000
7500.0079666	7134.9864797	7134.9133594	-2.0000667	-2.0000667	0.0100177	0.2630931	0.1871606	0.0000000	0.0000000
7500.0079666	7129.9863643	7129.6379492	-2.0000667	-2.0000667	0.0078582	0.2653417	0.1862458	0.0000000	0.0000000
7500.0079666	7124.9850629	7124.7683398	-2.0000667	-2.0000667	0.0042015	0.2632501	0.1862050	0.0000000	0.0000000
7500.0079666	7119.9869188	7119.8987305	-2.0000667	-2.0000667	0.0033499	0.2620789	0.1901486	0.0000000	0.0000000
7500.0079666	7114.9856174	7114.6233203	-2.0000667	-2.0000667	0.0028153	0.2621497	0.1893549	0.0000000	0.0000000
7500.0079666	7109.9882914	7109.7537109	-2.0000667	-2.0000667	0.0049580	0.2625922	0.1880051	0.0000000	0.0000000
7500.0079666	7104.9860308	7104.8841016	-2.0000667	-2.0000667	0.0050870	0.2606166	0.1891954	0.0000000	0.0000000
7500.0079666	7099.9872658	7099.6316406	-2.0000667	-2.0000667	0.0031492	0.2622745	0.1860728	0.0000000	0.0000000
7500.0079666	7094.9817088	7094.8171094	-2.0000667	-2.0000667	0.0109451	0.2631512	0.1872162	0.0000000	0.0000000
7500.0079666	7089.9874198	7089.6013672	-2.0000667	-2.0000667	0.0040414	0.2623114	0.1880623	0.0000000	0.0000000
7500.0079666	7084.9855810	7084.7868359	-2.0000667	-2.0000667	0.0025165	0.2628333	0.1876044	0.0000000	0.0000000
7500.0079666	7079.9912921	7079.9723047	-2.0000667	-2.0000667	0.0033850	0.2609768	0.1854159	0.0000000	0.0000000
7500.0079666	7074.9849890	7074.7565625	-2.0000667	-2.0000667	0.0026606	0.2635857	0.1860776	0.0000000	0.0000000
7500.0079666	7069.9846289	7069.9420313	-2.0000667	-2.0000667	0.0028024	0.2612474	0.1889459	0.0000000	0.0000000
7500.0079666	7064.9842688	7064.7262891	-2.0000667	-2.0000667	0.0016487	0.2618905	0.1876128	0.0000000	0.0000000
7500.0079666	7059.9917326	7059.9297656	-2.0000667	-2.0000667	0.0019104	0.2625345	0.1875470	0.0000000	0.0000000
7500.0079666	7054.9845719	7054.7725488	-2.0000667	-2.0000667	0.0021609	0.2642283	0.1860405	0.0000000	0.0000000
7500.0079666	7049.9872164	7049.6153320	-2.0000667	-2.0000667	0.0021431	0.2608828	0.1905825	0.0000000	0.0000000
7500.0079666	7044.9839562	7044.8548242	-2.0000667	-2.0000667	0.0020676	0.2631195	0.1881058	0.0000000	0.0000000
7500.0079666	7039.9847173	7039.6976074	-2.0000667	-2.0000667	0.0023711	0.2613458	0.1892059	0.0000000	0.0000000
7500.0079666	7034.9854783	7034.9370996	-2.0000667	-2.0000667	0.0014270	0.2631548	0.1876954	0.0000000	0.0000000
7500.0079666	7029.9865333	7029.7798828	-2.0000667	-2.0000667	0.0016312	0.2624948	0.1899054	0.0000000	0.0000000
7500.0079666	7024.9874950	7024.6226660	-2.0000667	-2.0000667	0.0086692	0.2618871	0.1918572	0.0000000	0.0000000
7500.0079666	7019.9852022	7019.8843262	-2.0000667	-2.0000667	0.0023766	0.2615931	0.1912037	0.0000000	0.0000000
7500.0079666	7014.9894147	7014.7847461	-2.0000667	-2.0000667	0.0017811	0.2607314	0.1900752	0.0000000	0.0000000
7500.0079666	7009.9855214	7009.6851660	-2.0000667	-2.0000667	0.0013071	0.2600728	0.1906962	0.0000000	0.0000000
7500.0079666	7004.9849267	7004.9778613	-2.0000667	-2.0000667	0.0012957	0.2632981	0.1877456	0.0000000	0.0000000
7500.0079666	7000.0292969	6999.8782813	-2.0000667	-2.0000667	0.0011721	0.2637819	0.1881003	0.0000000	0.0000000
