7374.9973447	7499.9984178	7499.6820801	-2.0000667	-2.0000667	0.0248975	0.2626627	0.1595082	0.0000000	7375.0000000
7374.9973447	7494.9851784	7494.7226807	-2.0000667	-2.0000667	0.0262705	0.2645845	0.1593800	0.0000000	0.0000000
7374.9973447	7489.9851278	7489.7632813	-2.0000667	-2.0000667	0.0260236	0.2637095	0.1602633	0.0000000	0.0000000
7374.9973447	7484.9878658	7484.8038818	-2.0000667	-2.0000667	0.0272800	0.2628534	0.1584777	0.0000000	0.0000000
7374.9973447	7479.9905873	7479.8981445	-2.0000667	-2.0000667	0.0313741	0.2627179	0.1588761	0.0000000	0.0000000
7374.9973447	7474.9849184	7474.9977734	-2.0000667	-2.0000667	0.0320547	0.2638019	0.1615596	0.0000000	0.0000000
7374.9973447	7469.9919479	7469.6519141	-2.0000667	-2.0000667	0.0331888	0.2613293	0.1585442	0.0000000	0.0000000
7374.9973447	7464.9852369	7464.7515430	-2.0000667	-2.0000667	0.0315535	0.2626611	0.1640200	0.0000000	0.0000000
7374.9973447	7459.9830834	7459.8511719	-2.0000667	-2.0000667	0.0338606	0.2624419	0.1627549	0.0000000	0.0000000
7374.9973447	7454.9866531	7454.9508008	-2.0000667	-2.0000667	0.0405841	0.2622083	0.1659286	0.0000000	0.0000000
7374.9973447	7449.9879936	7449.6049414	-2.0000667	-2.0000667	0.0417069	0.2619441	0.1670504	0.0000000	0.0000000
7374.9973447	7444.9822808	7444.7045703	-2.0000667	-2.0000667	0.0455306	0.2623213	0.1672723	0.0000000	0.0000000
7374.9973447	7439.9825665	7439.8041992	-2.0000667	-2.0000667	0.0434749	0.2618040	0.1663959	0.0000000	0.0000000
7374.9973447	7434.9828522	7434.9618359	-2.0000667	-2.0000667	0.0447837	0.2635826	0.1663380	0.0000000	0.0000000
7374.9973447	7429.9848914	7429.6792578	-2.0000667	-2.0000667	0.0469775	0.2626533	0.1678635	0.0000000	0.0000000
7374.9973447	7424.9840682	7424.8368945	-2.0000667	-2.0000667	0.0454771	0.2619076	0.1682865	0.0000000	0.0000000
7374.9973447	7419.9889997	7419.9945313	-2.0000667	-2.0000667	0.0519436	0.2623842	0.1700056	0.0000000	0.0000000
7374.9973447	7414.9881765	7414.7119531	-2.0000667	-2.0000667	0.0500898	0.2627677	0.1677007	0.0000000	0.0000000
7374.9973447	7409.9893015	7409.8695898	-2.0000667	-2.0000667	0.0513671	0.2614683	0.1661465	0.0000000	0.0000000
7374.9973447	7404.9880524	7404.5870117	-2.0000667	-2.0000667	0.0554214	0.2614330	0.1678635	0.0000000	0.0000000
7374.9973447	7399.9868032	7399.7446484	-2.0000667	-2.0000667	0.0535035	0.2620933	0.1722688	0.0000000	0.0000000
7374.9973447	7394.9856052	7394.9126367	-2.0000667	-2.0000667	0.0584747	0.2622180	0.1701432	0.0000000	0.0000000
7374.9973447	7389.9873611	7389.6921680	-2.0000667	-2.0000667	0.0541011	0.2615367	0.1689645	0.0000000	0.0000000
7374.9973447	7384.9891170	7384.9067383	-2.0000667	-2.0000667	0.0607736	0.2618253	0.1690803	0.0000000	0.0000000
7374.9973447	7379.9860592	7379.6862695	-2.0000667	-2.0000667	0.0625071	0.2603956	0.1712115	0.0000000	0.0000000
7374.9973447	7374.9850104	7374.9008398	-2.0000667	-2.0000667	0.0628218	0.2614020	0.1725829	0.0000000	0.0000000
7374.9973447	7369.9870092	7369.6803711	-2.0000667	-2.0000667	0.0660994	0.2617797	0.1723759	0.0000000	0.0000000
7374.9973447	7364.9814683	7364.8949414	-2.0000667	-2.0000667	0.0648679	0.2619288	0.1756769	0.0000000	0.0000000
7374.9973447	7359.9861795	7359.6744727	-2.0000667	-2.0000667	0.0678234	0.2627278	0.1774725	0.0000000	0.0000000
7374.9973447	7354.9845915	7354.8890430	-2.0000667	-2.0000667	0.0648232	0.2626089	0.1774921	0.0000000	0.0000000
7374.9973447	7349.9844428	7349.6991016	-2.0000667	-2.0000667	0.0676918	0.2620518	0.1759832	0.0000000	0.0000000
7374.9973447	7344.9830735	7344.9696387	-2.0000667	-2.0000667	0.0652115	0.2625626	0.1773589	0.0000000	0.0000000
7374.9973447	7339.9876760	7339.8102246	-2.0000667	-2.0000667	0.0680663	0.2626429	0.1822040	0.0000000	0.0000000
7374.9973447	7334.9876819	7334.6508105	-2.0000667	-2.0000667	0.0697844	0.2614323	0.1794325	0.0000000	0.0000000
7374.9973447	7329.9862695	7329.9213477	-2.0000667	-2.0000667	0.0720284	0.2609301	0.1801401	0.0000000	0.0000000
7374.9973447	7324.9878305	7324.7619336	-2.0000667	-2.0000667	0.0709918	0.2625161	0.1840250	0.0000000	0.0000000
7374.9973447	7319.9843762	7319.6025195	-2.0000667	-2.0000667	0.0713712	0.2615081	0.1826046	0.0000000	0.0000000
7374.9973447	7314.9856062	7314.8730566	-2.0000667	-2.0000667	0.0739106	0.2618746	0.1847720	0.0000000	0.0000000
7374.9973447	7309.9896132	7309.7136426	-2.0000667	-2.0000667	0.0726482	0.2611736	0.1855629	0.0000000	0.0000000
7374.9973447	7304.9907881	7304.6092822	-2.0000667	-2.0000667	0.0729651	0.2605277	0.1852263	0.0000000	0.0000000
7374.9973447	7299.9861565	7299.9348730	-2.0000667	-2.0000667	0.0730222	0.2617544	0.1873696	0.0000000	0.0000000
7374.9973447	7294.9795014	7294.8355176	-2.0000667	-2.0000667	0.0707421	0.2615040	0.1868713	0.0000000	0.0000000
7374.9973447	7289.9824769	7289.7361621	-2.0000667	-2.0000667	0.0703414	0.2601139	0.1889375	0.0000000	0.0000000
7374.9973447	7284.9819943	7284.6368066	-2.0000667	-2.0000667	0.0704932	0.2619985	0.1880562	0.0000000	0.0000000
7374.9973447	7279.9884279	7279.9623975	-2.0000667	-2.0000667	0.0701439	0.2620472	0.1882987	0.0000000	0.0000000
7374.9973447	7274.9837989	7274.8630420	-2.0000667	-2.0000667	0.0705221	0.2615726	0.1909821	0.0000000	0.0000000
7374.9973447	7269.9840093	7269.7636865	-2.0000667	-2.0000667	0.0692787	0.2617047	0.1910498	0.0000000	0.0000000
7374.9973447	7264.9876701	7264.6888672	-2.0000667	-2.0000667	0.0679987	0.2609927	0.1900380	0.0000000	0.0000000
7374.9973447	7259.9859215	7259.6483984	-2.0000667	-2.0000667	0.0701530	0.2630072	0.1870848	0.0000000	0.0000000
7374.9973447	7254.9818727	7254.6079297	-2.0000667	-2.0000667	0.0701746	0.2623162	0.1888036	0.0000000	0.0000000
7374.9973447	7249.9841501	7249.9875000	-2.0000667	-2.0000667	0.0686868	0.2636771	0.1907079	0.0000000	0.0000000
7374.9973447	7244.9864276	7244.9470313	-2.0000667	-2.0000667	0.0680326	0.2621564	0.1915052	0.0000000	0.0000000
7374.9973447	7239.9880707	7239.9065625	-2.0000667	-2.0000667	0.0668225	0.2625673	0.1906093	0.0000000	0.0000000
7374.9973447	7234.9891235	7234.8660938	-2.0000667	-2.0000667	0.0668981	0.2623944	0.1923712	0.0000000	0.0000000
7374.9973447	7229.9901764	7229.8256250	-2.0000667	-2.0000667	0.0672244	0.2628788	0.1925806	0.0000000	0.0000000
7374.9973447	7224.9850300	7224.7851563	-2.0000667	-2.0000667	0.0628358	0.2625828	0.1946681	0.0000000	0.0000000
7374.9973447	7219.9838918	7219.8026367	-2.0000667	-2.0000667	0.0674226	0.2621921	0.1958765	0.0000000	0.0000000
7374.9973447	7214.9856444	7214.8201172	-2.0000667	-2.0000667	0.0655791	0.2624072	0.1943131	0.0000000	0.0000000
7374.9973447	7209.9899551	7209.8375977	-2.0000667	-2.0000667	0.0658705	0.2622716	0.1906083	0.0000000	0.0000000
7374.9973447	7204.9856049	7204.8550781	-2.0000667	-2.0000667	0.0659680	0.2613585	0.1945051	0.0000000	0.0000000
7374.9973447	7199.9877120	7199.8725586	-2.0000667	-2.0000667	0.0617882	0.2619642	0.1972297	0.0000000	0.0000000
7374.9973447	7194.9897404	7194.8900391	-2.0000667	-2.0000667	0.0626063	0.2618832	0.1977917	0.0000000	0.0000000
7374.9973447	7189.9844123	7189.9075195	-2.0000667	-2.0000667	0.0578789	0.2587095	0.1979303	0.0000000	0.0000000
7374.9973447	7184.9857226	7184.9250000	-2.0000667	-2.0000667	0.0584232	0.2614431	0.1964404	0.0000000	0.0000000
7374.9973447	7179.9835760	7179.9804492	-2.0000667	-2.0000667	0.0559014	0.2615366	0.1986588	0.0000000	0.0000000
7374.9973447	7174.9840016	7174.6444189	-2.0000667	-2.0000667	0.0531697	0.2613651	0.1973157	0.0000000	0.0000000
7374.9973447	7169.9844272	7169.7188525	-2.0000667	-2.0000667	0.0528656	0.2602123	0.1980780	0.0000000	0.0000000
7374.9973447	7164.9848528	7164.7932861	-2.0000667	-2.0000667	0.0533154	0.2605824	0.1969760	0.0000000	0.0000000
7374.9973447	7159.9842183	7159.8677197	-2.0000667	-2.0000667	0.0503958	0.2621707	0.1978949	0.0000000	0.0000000
7374.9973447	7154.9859714	7154.9421533	-2.0000667	-2.0000667	0.0496802	0.2614006	0.1979222	0.0000000	0.0000000
7374.9973447	7149.9845143	7149.6061230	-2.0000667	-2.0000667	0.0475942	0.2623947	0.1975635	0.0000000	0.0000000
7374.9973447	7144.9847639	7144.6805566	-2.0000667	-2.0000667	0.0436497	0.2632358	0.1970581	0.0000000	0.0000000
7374.9973447	7139.9856218	7139.7829688	-2.0000667	-2.0000667	0.0457410	0.2624618	0.1985525	0.0000000	0.0000000
7374.9973447	7134.9864797	7134.9133594	-2.0000667	-2.0000667	0.0437448	0.2612021	0.1949945	0.0000000	0.0000000
7374.9973447	7129.9832069	7129.6379492	-2.0000667	-2.0000667	0.0419075	0.2612426	0.2009861	0.0000000	0.0000000
7374.9973447	7124.9850629	7124.7683398	-2.0000667	-2.0000667	0.0391824	0.2611809	0.1992694	0.0000000	0.0000000
7374.9973447	7119.9869188	7119.8987305	-2.0000667	-2.0000667	0.0382548	0.2624089	0.1992395	0.0000000	0.0000000
7374.9973447	7114.9856174	7114.6233203	-2.0000667	-2.0000667	0.0344451	0.2596542	0.1999607	0.0000000	0.0000000
7374.9973447	7109.9847957	7109.7537109	-2.0000667	-2.0000667	0.0347920	0.2605247	0.1979043	0.0000000	0.0000000
7374.9973447	7104.9860308	7104.8841016	-2.0000667	-2.0000667	0.0322446	0.2618673	0.1997373	0.0000000	0.0000000
7374.9973447	7099.9837702	7099.6316406	-2.0000667	-2.0000667	0.0306709	0.2620045	0.2002136	0.0000000	0.0000000
7374.9973447	7094.9817088	7094.8171094	-2.0000667	-2.0000667	0.0298434	0.2616748	0.1966600	0.0000000	0.0000000
7374.9973447	7089.9874198	7089.6013672	-2.0000667	-2.0000667	0.0266870	0.2627615	0.2006149	0.0000000	0.0000000
7374.9973447	7084.9818060	7084.7868359	-2.0000667	-2.0000667	0.0246053	0.2628832	0.1993907	0.0000000	0.0000000
7374.9973447	7079.9837421	7079.9723047	-2.0000667	-2.0000667	0.0257158	0.2628496	0.1976958	0.0000000	0.0000000
7374.9973447	7074.9849890	7074.7565625	-2.0000667	-2.0000667	0.0234941	0.2612982	0.1966278	0.0000000	0.0000000
7374.9973447	7069.9846289	7069.9420313	-2.0000667	-2.0000667	0.0215454	0.2616688	0.1990673	0.0000000	0.0000000
7374.9973447	7064.9842688	7064.7262891	-2.0000667	-2.0000667	0.0203505	0.2618756	0.1979435	0.0000000	0.0000000
7374.9973447	7059.9851958	7059.9297656	-2.0000667	-2.0000667	0.0189008	0.2602695	0.1997477	0.0000000	0.0000000
7374.9973447	7054.9878403	7054.7725488	-2.0000667	-2.0000667	0.0173665	0.2601047	0.1989144	0.0000000	0.0000000
7374.9973447	7049.9872164	7049.6153320	-2.0000667	-2.0000667	0.0149204	0.2623840	0.2001013	0.0000000	0.0000000
7374.9973447	7044.9839562	7044.8548242	-2.0000667	-2.0000667	0.0142504	0.2616843	0.1995671	0.0000000	0.0000000
7374.9973447	7039.9847173	7039.6976074	-2.0000667	-2.0000667	0.0134641	0.2596310	0.1991259	0.0000000	0.0000000
7374.9973447	7034.9887891	7034.9370996	-2.0000667	-2.0000667	0.0123317	0.2617395	0.1992644	0.0000000	0.0000000
7374.9973447	7029.9865333	7029.7798828	-2.0000667	-2.0000667	0.0111190	0.2620868	0.1993000	0.0000000	0.0000000
7374.9973447	7024.9874950	7024.6226660	-2.0000667	-2.0000667	0.0104004	0.2614340	0.1966888	0.0000000	0.0000000
7374.9973447	7019.9852022	7019.8843262	-2.0000667	-2.0000667	0.0090472	0.2613278	0.1990646	0.0000000	0.0000000
7374.9973447	7014.9861162	7014.7847461	-2.0000667	-2.0000667	0.0085481	0.2628905	0.1957056	0.0000000	0.0000000
7374.9973447	7009.9855214	7009.6851660	-2.0000667	-2.0000667	0.0075811	0.2611591	0.1980031	0.0000000	0.0000000
7374.9973447	7004.9816281	7004.9778613	-2.0000667	-2.0000667	0.0072224	0.2621833	0.1972992	0.0000000	0.0000000
7374.9973447	7000.0292969	6999.8782813	-2.0000667	-2.0000667	0.0062427	0.2630702	0.1962656	0.0000000	0.0000000
