7474.9911956	7499.9984178	7499.6820801	-2.0000667	-2.0000667	0.0122977	0.2683868	0.1595521	0.0000000	7475.0000000
7474.9911956	7494.9879671	7494.7226807	-2.0000667	-2.0000667	0.0133322	0.2678477	0.1637230	0.0000000	0.0000000
7474.9911956	7489.9851278	7489.7632813	-2.0000667	-2.0000667	0.0126975	0.2679772	0.1654595	0.0000000	0.0000000
7474.9911956	7484.9906544	7484.8038818	-2.0000667	-2.0000667	0.0138840	0.2676169	0.1624514	0.0000000	0.0000000
7474.9911956	7479.9905873	7479.8981445	-2.0000667	-2.0000667	0.0165470	0.2680576	0.1628199	0.0000000	0.0000000
7474.9911956	7474.9849184	7474.9977734	-2.0000667	-2.0000667	0.0135669	0.2673483	0.1628766	0.0000000	0.0000000
7474.9911956	7469.9919479	7469.6519141	-2.0000667	-2.0000667	0.0161598	0.2665770	0.1603146	0.0000000	0.0000000
7474.9911956	7464.9852369	7464.7515430	-2.0000667	-2.0000667	0.0433650	0.2661597	0.1617974	0.0000000	0.0000000
7474.9911956	7459.9859450	7459.8511719	-2.0000667	-2.0000667	0.0154113	0.2677903	0.1627180	0.0000000	0.0000000
7474.9911956	7454.9866531	7454.9508008	-2.0000667	-2.0000667	0.0177341	0.2677751	0.1629218	0.0000000	0.0000000
7474.9911956	7449.9879936	7449.6049414	-2.0000667	-2.0000667	0.0152109	0.2666586	0.1592345	0.0000000	0.0000000
7474.9911956	7444.9822808	7444.7045703	-2.0000667	-2.0000667	0.0160935	0.2660658	0.1637393	0.0000000	0.0000000
7474.9911956	7439.9825665	7439.8041992	-2.0000667	-2.0000667	0.0199180	0.2675331	0.1638250	0.0000000	0.0000000
7474.9911956	7434.9858514	7434.9618359	-2.0000667	-2.0000667	0.0184901	0.2690348	0.1650376	0.0000000	0.0000000
7474.9911956	7429.9877688	7429.6792578	-2.0000667	-2.0000667	0.0162821	0.2693253	0.1667461	0.0000000	0.0000000
7474.9911956	7424.9840682	7424.8368945	-2.0000667	-2.0000667	0.0164626	0.2692617	0.1686252	0.0000000	0.0000000
7474.9911956	7419.9832450	7419.9945313	-2.0000667	-2.0000667	0.0181038	0.2690483	0.1694302	0.0000000	0.0000000
7474.9911956	7414.9852991	7414.7119531	-2.0000667	-2.0000667	0.0184333	0.2686490	0.1674225	0.0000000	0.0000000
7474.9911956	7409.9893015	7409.8695898	-2.0000667	-2.0000667	0.0202137	0.2681824	0.1695946	0.0000000	0.0000000
7474.9911956	7404.9855505	7404.5870117	-2.0000667	-2.0000667	0.0216310	0.2695465	0.1657787	0.0000000	0.0000000
7474.9911956	7399.9893051	7399.7446484	-2.0000667	-2.0000667	0.0242366	0.2686854	0.1687682	0.0000000	0.0000000
7474.9911956	7394.9856052	7394.9126367	-2.0000667	-2.0000667	0.0236873	0.2678007	0.1662930	0.0000000	0.0000000
7474.9911956	7389.9845657	7389.6921680	-2.0000667	-2.0000667	0.0234110	0.2666949	0.1654060	0.0000000	0.0000000
7474.9911956	7384.9835261	7384.9067383	-2.0000667	-2.0000667	0.0250006	0.2685278	0.1693656	0.0000000	0.0000000
7474.9911956	7379.9830116	7379.6862695	-2.0000667	-2.0000667	0.0241521	0.2677356	0.1663101	0.0000000	0.0000000
7474.9911956	7374.9819628	7374.9008398	-2.0000667	-2.0000667	0.0217776	0.2684730	0.1672194	0.0000000	0.0000000
7474.9911956	7369.9839616	7369.6803711	-2.0000667	-2.0000667	0.0259176	0.2663977	0.1642445	0.0000000	0.0000000
7474.9911956	7364.9814683	7364.8949414	-2.0000667	-2.0000667	0.0265844	0.2660870	0.1676074	0.0000000	0.0000000
7474.9911956	7359.9830299	7359.6744727	-2.0000667	-2.0000667	0.0274510	0.2668701	0.1671696	0.0000000	0.0000000
7474.9911956	7354.9814419	7354.8890430	-2.0000667	-2.0000667	0.0270522	0.2694875	0.1666044	0.0000000	0.0000000
7474.9911956	7349.9844428	7349.6991016	-2.0000667	-2.0000667	0.0316940	0.2691053	0.1719937	0.0000000	0.0000000
7474.9911956	7344.9830735	7344.9696387	-2.0000667	-2.0000667	0.0313317	0.2685618	0.1728909	0.0000000	0.0000000
7474.9911956	7339.9876760	7339.8102246	-2.0000667	-2.0000667	0.0430740	0.2681919	0.1725345	0.0000000	0.0000000
7474.9911956	7334.9906554	7334.6508105	-2.0000667	-2.0000667	0.0336890	0.2674948	0.1741671	0.0000000	0.0000000
7474.9911956	7329.9862695	7329.9213477	-2.0000667	-2.0000667	0.0312262	0.2685173	0.1721859	0.0000000	0.0000000
7474.9911956	7324.9878305	7324.7619336	-2.0000667	-2.0000667	0.0309152	0.2684056	0.1737640	0.0000000	0.0000000
7474.9911956	7319.9843762	7319.6025195	-2.0000667	-2.0000667	0.0312899	0.2679889	0.1751968	0.0000000	0.0000000
7474.9911956	7314.9856062	7314.8730566	-2.0000667	-2.0000667	0.0274731	0.2679034	0.1728337	0.0000000	0.0000000
7474.9911956	7309.9868361	7309.7136426	-2.0000667	-2.0000667	0.0261881	0.2662653	0.1714619	0.0000000	0.0000000
7474.9911956	7304.9850290	7304.6092822	-2.0000667	-2.0000667	0.0282468	0.2656700	0.1713750	0.0000000	0.0000000
7474.9911956	7299.9861565	7299.9348730	-2.0000667	-2.0000667	0.0297948	0.2640814	0.1738636	0.0000000	0.0000000
7474.9911956	7294.9829595	7294.8355176	-2.0000667	-2.0000667	0.0296036	0.2645758	0.1744502	0.0000000	0.0000000
7474.9911956	7289.9824769	7289.7361621	-2.0000667	-2.0000667	0.0292279	0.2654387	0.1697412	0.0000000	0.0000000
7474.9911956	7284.9854524	7284.6368066	-2.0000667	-2.0000667	0.0301401	0.2659683	0.1742811	0.0000000	0.0000000
7474.9911956	7279.9884279	7279.9623975	-2.0000667	-2.0000667	0.0285813	0.2664420	0.1772751	0.0000000	0.0000000
7474.9911956	7274.9837989	7274.8630420	-2.0000667	-2.0000667	0.0280782	0.2658298	0.1750309	0.0000000	0.0000000
7474.9911956	7269.9840093	7269.7636865	-2.0000667	-2.0000667	0.0283461	0.2666569	0.1787534	0.0000000	0.0000000
7474.9911956	7264.9876701	7264.6888672	-2.0000667	-2.0000667	0.0289120	0.2675647	0.1739625	0.0000000	0.0000000
7474.9911956	7259.9859215	7259.6483984	-2.0000667	-2.0000667	0.0294399	0.2689130	0.1779796	0.0000000	0.0000000
7474.9911956	7254.9850358	7254.6079297	-2.0000667	-2.0000667	0.0273455	0.2697405	0.1763192	0.0000000	0.0000000
7474.9911956	7249.9873132	7249.9875000	-2.0000667	-2.0000667	0.0297615	0.2693890	0.1762300	0.0000000	0.0000000
7474.9911956	7244.9864276	7244.9470313	-2.0000667	-2.0000667	0.0323494	0.2677284	0.1769594	0.0000000	0.0000000
7474.9911956	7239.9850844	7239.9065625	-2.0000667	-2.0000667	0.0311859	0.2686523	0.1795151	0.0000000	0.0000000
7474.9911956	7234.9891235	7234.8660938	-2.0000667	-2.0000667	0.0318290	0.2688558	0.1795511	0.0000000	0.0000000
7474.9911956	7229.9871902	7229.8256250	-2.0000667	-2.0000667	0.0251056	0.2694199	0.1749058	0.0000000	0.0000000
7474.9911956	7224.9850300	7224.7851563	-2.0000667	-2.0000667	0.0409094	0.2676781	0.1773722	0.0000000	0.0000000
7474.9911956	7219.9838918	7219.8026367	-2.0000667	-2.0000667	0.0258528	0.2669763	0.1775128	0.0000000	0.0000000
7474.9911956	7214.9856444	7214.8201172	-2.0000667	-2.0000667	0.0256857	0.2650007	0.1786736	0.0000000	0.0000000
7474.9911956	7209.9867265	7209.8375977	-2.0000667	-2.0000667	0.0268171	0.2652532	0.1783224	0.0000000	0.0000000
7474.9911956	7204.9823763	7204.8550781	-2.0000667	-2.0000667	0.0251952	0.2633561	0.1759967	0.0000000	0.0000000
7474.9911956	7199.9844833	7199.8725586	-2.0000667	-2.0000667	0.0245625	0.2658336	0.1790919	0.0000000	0.0000000
7474.9911956	7194.9864212	7194.8900391	-2.0000667	-2.0000667	0.0250632	0.2676996	0.1793534	0.0000000	0.0000000
7474.9911956	7189.9810932	7189.9075195	-2.0000667	-2.0000667	0.0236820	0.2679487	0.1739824	0.0000000	0.0000000
7474.9911956	7184.9857226	7184.9250000	-2.0000667	-2.0000667	0.0235178	0.2673081	0.1724497	0.0000000	0.0000000
7474.9911956	7179.9835760	7179.9804492	-2.0000667	-2.0000667	0.0236448	0.2647983	0.1752385	0.0000000	0.0000000
7474.9911956	7174.9840016	7174.6444189	-2.0000667	-2.0000667	0.0230292	0.2658907	0.1784318	0.0000000	0.0000000
7474.9911956	7169.9844272	7169.7188525	-2.0000667	-2.0000667	0.0208414	0.2697343	0.1842229	0.0000000	0.0000000
7474.9911956	7164.9848528	7164.7932861	-2.0000667	-2.0000667	0.0216880	0.2697957	0.1822189	0.0000000	0.0000000
7474.9911956	7159.9842183	7159.8677197	-2.0000667	-2.0000667	0.0186124	0.2698444	0.1814834	0.0000000	0.0000000
7474.9911956	7154.9859714	7154.9421533	-2.0000667	-2.0000667	0.0204227	0.2699088	0.1797157	0.0000000	0.0000000
7474.9911956	7149.9845143	7149.6061230	-2.0000667	-2.0000667	0.0195280	0.2696584	0.1816572	0.0000000	0.0000000
7474.9911956	7144.9847639	7144.6805566	-2.0000667	-2.0000667	0.0178293	0.2677639	0.1807017	0.0000000	0.0000000
7474.9911956	7139.9856218	7139.7829688	-2.0000667	-2.0000667	0.0182039	0.2678362	0.1782480	0.0000000	0.0000000
7474.9911956	7134.9864797	7134.9133594	-2.0000667	-2.0000667	0.0171116	0.2680330	0.1801238	0.0000000	0.0000000
7474.9911956	7129.9863643	7129.6379492	-2.0000667	-2.0000667	0.0167119	0.2671843	0.1793267	0.0000000	0.0000000
7474.9911956	7124.9850629	7124.7683398	-2.0000667	-2.0000667	0.0153909	0.2653346	0.1763252	0.0000000	0.0000000
7474.9911956	7119.9869188	7119.8987305	-2.0000667	-2.0000667	0.0238097	0.2648745	0.1759639	0.0000000	0.0000000
7474.9911956	7114.9824600	7114.6233203	-2.0000667	-2.0000667	0.0140531	0.2655336	0.1797327	0.0000000	0.0000000
7474.9911956	7109.9882914	7109.7537109	-2.0000667	-2.0000667	0.0138352	0.2671990	0.1750858	0.0000000	0.0000000
7474.9911956	7104.9825351	7104.8841016	-2.0000667	-2.0000667	0.0110117	0.2684286	0.1774618	0.0000000	0.0000000
7474.9911956	7099.9872658	7099.6316406	-2.0000667	-2.0000667	0.0128821	0.2684547	0.1776467	0.0000000	0.0000000
7474.9911956	7094.9817088	7094.8171094	-2.0000667	-2.0000667	0.0094413	0.2650822	0.1755002	0.0000000	0.0000000
7474.9911956	7089.9874198	7089.6013672	-2.0000667	-2.0000667	0.0108411	0.2620675	0.1791132	0.0000000	0.0000000
7474.9911956	7084.9855810	7084.7868359	-2.0000667	-2.0000667	0.0114792	0.2678627	0.1818661	0.0000000	0.0000000
7474.9911956	7079.9875171	7079.9723047	-2.0000667	-2.0000667	0.0103840	0.2687555	0.1804524	0.0000000	0.0000000
7474.9911956	7074.9849890	7074.7565625	-2.0000667	-2.0000667	0.0092252	0.2691407	0.1804747	0.0000000	0.0000000
7474.9911956	7069.9846289	7069.9420313	-2.0000667	-2.0000667	0.0080654	0.2693668	0.1800348	0.0000000	0.0000000
7474.9911956	7064.9842688	7064.7262891	-2.0000667	-2.0000667	0.0073679	0.2691171	0.1777522	0.0000000	0.0000000
7474.9911956	7059.9851958	7059.9297656	-2.0000667	-2.0000667	0.0071927	0.2668733	0.1784822	0.0000000	0.0000000
7474.9911956	7054.9878403	7054.7725488	-2.0000667	-2.0000667	0.0081484	0.2671169	0.1789657	0.0000000	0.0000000
7474.9911956	7049.9839480	7049.6153320	-2.0000667	-2.0000667	0.0068406	0.2676024	0.1811309	0.0000000	0.0000000
7474.9911956	7044.9839562	7044.8548242	-2.0000667	-2.0000667	0.0059719	0.2683110	0.1810944	0.0000000	0.0000000
7474.9911956	7039.9847173	7039.6976074	-2.0000667	-2.0000667	0.0049451	0.2660605	0.1776096	0.0000000	0.0000000
7474.9911956	7034.9920998	7034.9370996	-2.0000667	-2.0000667	0.0053335	0.2674655	0.1802786	0.0000000	0.0000000
7474.9911956	7029.9865333	7029.7798828	-2.0000667	-2.0000667	0.0046123	0.2658895	0.1732795	0.0000000	0.0000000
7474.9911956	7024.9842404	7024.6226660	-2.0000667	-2.0000667	0.0096849	0.2669243	0.1764022	0.0000000	0.0000000
7474.9911956	7019.9852022	7019.8843262	-2.0000667	-2.0000667	0.0035024	0.2654594	0.1780381	0.0000000	0.0000000
7474.9911956	7014.9861162	7014.7847461	-2.0000667	-2.0000667	0.0045848	0.2668215	0.1782654	0.0000000	0.0000000
7474.9911956	7009.9855214	7009.6851660	-2.0000667	-2.0000667	0.0043763	0.2667911	0.1797103	0.0000000	0.0000000
7474.9911956	7004.9816281	7004.9778613	-2.0000667	-2.0000667	0.0036279	0.2649935	0.1805369	0.0000000	0.0000000
7474.9911956	7000.0292969	6999.8782813	-2.0000667	-2.0000667	0.0033309	0.2651151	0.1824252	0.0000000	0.0000000
