7204.9944285	7499.9984178	7499.6820801	-2.0000667	-2.0000667	0.0210884	0.2751875	0.1498730	0.0000000	7205.0000000
7204.9944285	7494.9851784	7494.7226807	-2.0000667	-2.0000667	0.0218599	0.2747078	0.1461603	0.0000000	0.0000000
7204.9944285	7489.9851278	7489.7632813	-2.0000667	-2.0000667	0.0228308	0.2765720	0.1433721	0.0000000	0.0000000
7204.9944285	7484.9878658	7484.8038818	-2.0000667	-2.0000667	0.0232421	0.2745912	0.1443101	0.0000000	0.0000000
7204.9944285	7479.9905873	7479.8981445	-2.0000667	-2.0000667	0.0262535	0.2765469	0.1478890	0.0000000	0.0000000
7204.9944285	7474.9849184	7474.9977734	-2.0000667	-2.0000667	0.0250598	0.2759186	0.1395875	0.0000000	0.0000000
7204.9944285	7469.9894082	7469.6519141	-2.0000667	-2.0000667	0.0296942	0.2764481	0.1436776	0.0000000	0.0000000
7204.9944285	7464.9880985	7464.7515430	-2.0000667	-2.0000667	0.0342079	0.2760729	0.1554775	0.0000000	0.0000000
7204.9944285	7459.9830834	7459.8511719	-2.0000667	-2.0000667	0.0349376	0.2750505	0.1515646	0.0000000	0.0000000
7204.9944285	7454.9866531	7454.9508008	-2.0000667	-2.0000667	0.0352263	0.2772322	0.1516433	0.0000000	0.0000000
7204.9944285	7449.9909928	7449.6049414	-2.0000667	-2.0000667	0.0361366	0.2764636	0.1496010	0.0000000	0.0000000
7204.9944285	7444.9852800	7444.7045703	-2.0000667	-2.0000667	0.0377052	0.2759547	0.1532490	0.0000000	0.0000000
7204.9944285	7439.9825665	7439.8041992	-2.0000667	-2.0000667	0.0376329	0.2758329	0.1487106	0.0000000	0.0000000
7204.9944285	7434.9828522	7434.9618359	-2.0000667	-2.0000667	0.0438158	0.2756345	0.1551996	0.0000000	0.0000000
7204.9944285	7429.9906461	7429.6792578	-2.0000667	-2.0000667	0.0481877	0.2743506	0.1595410	0.0000000	0.0000000
7204.9944285	7424.9898229	7424.8368945	-2.0000667	-2.0000667	0.0508812	0.2749121	0.1603140	0.0000000	0.0000000
7204.9944285	7419.9832450	7419.9945313	-2.0000667	-2.0000667	0.0527072	0.2745791	0.1570450	0.0000000	0.0000000
7204.9944285	7414.9852991	7414.7119531	-2.0000667	-2.0000667	0.0561249	0.2735696	0.1561919	0.0000000	0.0000000
7204.9944285	7409.9893015	7409.8695898	-2.0000667	-2.0000667	0.0559625	0.2753275	0.1545458	0.0000000	0.0000000
7204.9944285	7404.9855505	7404.5870117	-2.0000667	-2.0000667	0.0579482	0.2756912	0.1527416	0.0000000	0.0000000
7204.9944285	7399.9868032	7399.7446484	-2.0000667	-2.0000667	0.0562738	0.2755613	0.1490559	0.0000000	0.0000000
7204.9944285	7394.9856052	7394.9126367	-2.0000667	-2.0000667	0.0627252	0.2769058	0.1553319	0.0000000	0.0000000
7204.9944285	7389.9873611	7389.6921680	-2.0000667	-2.0000667	0.0642677	0.2768582	0.1524360	0.0000000	0.0000000
7204.9944285	7384.9891170	7384.9067383	-2.0000667	-2.0000667	0.0719611	0.2777751	0.1585377	0.0000000	0.0000000
7204.9944285	7379.9860592	7379.6862695	-2.0000667	-2.0000667	0.0725737	0.2766804	0.1551962	0.0000000	0.0000000
7204.9944285	7374.9880579	7374.9008398	-2.0000667	-2.0000667	0.0781973	0.2758691	0.1585918	0.0000000	0.0000000
7204.9944285	7369.9839616	7369.6803711	-2.0000667	-2.0000667	0.0888799	0.2760383	0.1664635	0.0000000	0.0000000
7204.9944285	7364.9814683	7364.8949414	-2.0000667	-2.0000667	0.0905171	0.2755082	0.1660664	0.0000000	0.0000000
7204.9944285	7359.9861795	7359.6744727	-2.0000667	-2.0000667	0.0926310	0.2759878	0.1653046	0.0000000	0.0000000
7204.9944285	7354.9814419	7354.8890430	-2.0000667	-2.0000667	0.0949065	0.2753087	0.1659010	0.0000000	0.0000000
7204.9944285	7349.9844428	7349.6991016	-2.0000667	-2.0000667	0.0991019	0.2743326	0.1640667	0.0000000	0.0000000
7204.9944285	7344.9860594	7344.9696387	-2.0000667	-2.0000667	0.1007035	0.2735291	0.1663630	0.0000000	0.0000000
7204.9944285	7339.9876760	7339.8102246	-2.0000667	-2.0000667	0.1091493	0.2735140	0.1667601	0.0000000	0.0000000
7204.9944285	7334.9876819	7334.6508105	-2.0000667	-2.0000667	0.1193657	0.2730530	0.1694412	0.0000000	0.0000000
7204.9944285	7329.9862695	7329.9213477	-2.0000667	-2.0000667	0.1197555	0.2738102	0.1674281	0.0000000	0.0000000
7204.9944285	7324.9878305	7324.7619336	-2.0000667	-2.0000667	0.1201558	0.2739783	0.1625455	0.0000000	0.0000000
7204.9944285	7319.9843762	7319.6025195	-2.0000667	-2.0000667	0.1263372	0.2751868	0.1633823	0.0000000	0.0000000
7204.9944285	7314.9856062	7314.8730566	-2.0000667	-2.0000667	0.1293273	0.2754375	0.1654938	0.0000000	0.0000000
7204.9944285	7309.9868361	7309.7136426	-2.0000667	-2.0000667	0.1275923	0.2768615	0.1630878	0.0000000	0.0000000
7204.9944285	7304.9879085	7304.6092822	-2.0000667	-2.0000667	0.1308065	0.2758354	0.1656410	0.0000000	0.0000000
7204.9944285	7299.9861565	7299.9348730	-2.0000667	-2.0000667	0.1334434	0.2754813	0.1645598	0.0000000	0.0000000
7204.9944285	7294.9795014	7294.8355176	-2.0000667	-2.0000667	0.1328933	0.2756740	0.1647490	0.0000000	0.0000000
7204.9944285	7289.9824769	7289.7361621	-2.0000667	-2.0000667	0.1379474	0.2769601	0.1618154	0.0000000	0.0000000
7204.9944285	7284.9819943	7284.6368066	-2.0000667	-2.0000667	0.1421910	0.2753303	0.1653546	0.0000000	0.0000000
7204.9944285	7279.9884279	7279.9623975	-2.0000667	-2.0000667	0.1439451	0.2745674	0.1696431	0.0000000	0.0000000
7204.9944285	7274.9872494	7274.8630420	-2.0000667	-2.0000667	0.1512789	0.2737335	0.1721029	0.0000000	0.0000000
7204.9944285	7269.9840093	7269.7636865	-2.0000667	-2.0000667	0.1511689	0.2744810	0.1687328	0.0000000	0.0000000
7204.9944285	7264.9876701	7264.6888672	-2.0000667	-2.0000667	0.1597257	0.2750070	0.1720270	0.0000000	0.0000000
7204.9944285	7259.9859215	7259.6483984	-2.0000667	-2.0000667	0.1694857	0.2733223	0.1731572	0.0000000	0.0000000
7204.9944285	7254.9818727	7254.6079297	-2.0000667	-2.0000667	0.1797842	0.2742324	0.1786160	0.0000000	0.0000000
7204.9944285	7249.9841501	7249.9875000	-2.0000667	-2.0000667	0.1760040	0.2733473	0.1721337	0.0000000	0.0000000
7204.9944285	7244.9832645	7244.9470313	-2.0000667	-2.0000667	0.1795260	0.2751559	0.1733680	0.0000000	0.0000000
7204.9944285	7239.9820982	7239.9065625	-2.0000667	-2.0000667	0.1821313	0.2748705	0.1733063	0.0000000	0.0000000
7204.9944285	7234.9861373	7234.8660938	-2.0000667	-2.0000667	0.1830734	0.2742926	0.1740051	0.0000000	0.0000000
7204.9944285	7229.9871902	7229.8256250	-2.0000667	-2.0000667	0.1852413	0.2763832	0.1724952	0.0000000	0.0000000
7204.9944285	7224.9850300	7224.7851563	-2.0000667	-2.0000667	0.1825610	0.2774023	0.1711490	0.0000000	0.0000000
7204.9944285	7219.9867826	7219.8026367	-2.0000667	-2.0000667	0.1802247	0.2748326	0.1682950	0.0000000	0.0000000
7204.9944285	7214.9856444	7214.8201172	-2.0000667	-2.0000667	0.1836240	0.2766836	0.1655363	0.0000000	0.0000000
7204.9944285	7209.9867265	7209.8375977	-2.0000667	-2.0000667	0.1853894	0.2753279	0.1632552	0.0000000	0.0000000
7204.9944285	7204.9856049	7204.8550781	-2.0000667	-2.0000667	0.1890081	0.2758306	0.1661514	0.0000000	0.0000000
7204.9944285	7199.9844833	7199.8725586	-2.0000667	-2.0000667	0.1929875	0.2752125	0.1658291	0.0000000	0.0000000
7204.9944285	7194.9864212	7194.8900391	-2.0000667	-2.0000667	0.1940947	0.2754209	0.1686492	0.0000000	0.0000000
7204.9944285	7189.9844123	7189.9075195	-2.0000667	-2.0000667	0.1940815	0.2760066	0.1673032	0.0000000	0.0000000
7204.9944285	7184.9857226	7184.9250000	-2.0000667	-2.0000667	0.1872045	0.2760082	0.1669868	0.0000000	0.0000000
7204.9944285	7179.9835760	7179.9804492	-2.0000667	-2.0000667	0.1859200	0.2744878	0.1719343	0.0000000	0.0000000
7204.9944285	7174.9804432	7174.6444189	-2.0000667	-2.0000667	0.1892656	0.2743542	0.1682854	0.0000000	0.0000000
7204.9944285	7169.9844272	7169.7188525	-2.0000667	-2.0000667	0.1969313	0.2732932	0.1702499	0.0000000	0.0000000
7204.9944285	7164.9848528	7164.7932861	-2.0000667	-2.0000667	0.2005099	0.2735234	0.1773262	0.0000000	0.0000000
7204.9944285	7159.9842183	7159.8677197	-2.0000667	-2.0000667	0.2028260	0.2721018	0.1771661	0.0000000	0.0000000
7204.9944285	7154.9859714	7154.9421533	-2.0000667	-2.0000667	0.2010726	0.2740795	0.1743999	0.0000000	0.0000000
7204.9944285	7149.9845143	7149.6061230	-2.0000667	-2.0000667	0.2004281	0.2746038	0.1723745	0.0000000	0.0000000
7204.9944285	7144.9847639	7144.6805566	-2.0000667	-2.0000667	0.1986656	0.2748014	0.1715977	0.0000000	0.0000000
7204.9944285	7139.9856218	7139.7829688	-2.0000667	-2.0000667	0.1973029	0.2747972	0.1703907	0.0000000	0.0000000
7204.9944285	7134.9864797	7134.9133594	-2.0000667	-2.0000667	0.1956710	0.2749165	0.1728004	0.0000000	0.0000000
7204.9944285	7129.9863643	7129.6379492	-2.0000667	-2.0000667	0.1957258	0.2740503	0.1719097	0.0000000	0.0000000
7204.9944285	7124.9850629	7124.7683398	-2.0000667	-2.0000667	0.1933456	0.2729874	0.1720358	0.0000000	0.0000000
7204.9944285	7119.9869188	7119.8987305	-2.0000667	-2.0000667	0.1883009	0.2722784	0.1731288	0.0000000	0.0000000
7204.9944285	7114.9824600	7114.6233203	-2.0000667	-2.0000667	0.1893600	0.2735665	0.1730735	0.0000000	0.0000000
7204.9944285	7109.9847957	7109.7537109	-2.0000667	-2.0000667	0.1879626	0.2747633	0.1703271	0.0000000	0.0000000
7204.9944285	7104.9825351	7104.8841016	-2.0000667	-2.0000667	0.1867227	0.2735570	0.1697850	0.0000000	0.0000000
7204.9944285	7099.9837702	7099.6316406	-2.0000667	-2.0000667	0.1809115	0.2758470	0.1697684	0.0000000	0.0000000
7204.9944285	7094.9817088	7094.8171094	-2.0000667	-2.0000667	0.1760505	0.2767863	0.1666992	0.0000000	0.0000000
7204.9944285	7089.9836449	7089.6013672	-2.0000667	-2.0000667	0.1728662	0.2751816	0.1687970	0.0000000	0.0000000
7204.9944285	7084.9855810	7084.7868359	-2.0000667	-2.0000667	0.1690973	0.2752880	0.1678468	0.0000000	0.0000000
7204.9944285	7079.9875171	7079.9723047	-2.0000667	-2.0000667	0.1648469	0.2767072	0.1629392	0.0000000	0.0000000
7204.9944285	7074.9849890	7074.7565625	-2.0000667	-2.0000667	0.1635061	0.2783073	0.1636410	0.0000000	0.0000000
7204.9944285	7069.9846289	7069.9420313	-2.0000667	-2.0000667	0.1589911	0.2759088	0.1659232	0.0000000	0.0000000
7204.9944285	7064.9842688	7064.7262891	-2.0000667	-2.0000667	0.1534617	0.2751322	0.1681475	0.0000000	0.0000000
7204.9944285	7059.9851958	7059.9297656	-2.0000667	-2.0000667	0.1525341	0.2744666	0.1649545	0.0000000	0.0000000
7204.9944285	7054.9845719	7054.7725488	-2.0000667	-2.0000667	0.1451846	0.2711914	0.1725603	0.0000000	0.0000000
7204.9944285	7049.9839480	7049.6153320	-2.0000667	-2.0000667	0.1407922	0.2727936	0.1696932	0.0000000	0.0000000
7204.9944285	7044.9806454	7044.8548242	-2.0000667	-2.0000667	0.1400630	0.2725909	0.1698302	0.0000000	0.0000000
7204.9944285	7039.9814065	7039.6976074	-2.0000667	-2.0000667	0.1372197	0.2745107	0.1619652	0.0000000	0.0000000
7204.9944285	7034.9854783	7034.9370996	-2.0000667	-2.0000667	0.1325380	0.2726989	0.1672240	0.0000000	0.0000000
7204.9944285	7029.9897879	7029.7798828	-2.0000667	-2.0000667	0.1282616	0.2743627	0.1670695	0.0000000	0.0000000
7204.9944285	7024.9842404	7024.6226660	-2.0000667	-2.0000667	0.1239758	0.2757374	0.1632986	0.0000000	0.0000000
7204.9944285	7019.9819476	7019.8843262	-2.0000667	-2.0000667	0.1186327	0.2752279	0.1635358	0.0000000	0.0000000
7204.9944285	7014.9861162	7014.7847461	-2.0000667	-2.0000667	0.1136586	0.2742429	0.1636768	0.0000000	0.0000000
7204.9944285	7009.9855214	7009.6851660	-2.0000667	-2.0000667	0.1123481	0.2746569	0.1638500	0.0000000	0.0000000
7204.9944285	7004.9816281	7004.9778613	-2.0000667	-2.0000667	0.1041991	0.2742747	0.1652037	0.0000000	0.0000000
7204.9944285	7000.0292969	6999.8782813	-2.0000667	-2.0000667	0.0986632	0.2739999	0.1649360	0.0000000	0.0000000
