7329.9990739	7499.9984178	7499.6820801	-2.0000667	-2.0000667	0.0169739	0.2493639	0.1510244	0.0000000	7330.0000000
7329.9990739	7494.9851784	7494.7226807	-2.0000667	-2.0000667	0.0197783	0.2483109	0.1546543	0.0000000	0.0000000
7329.9990739	7489.9851278	7489.7632813	-2.0000667	-2.0000667	0.0213947	0.2463204	0.1545239	0.0000000	0.0000000
7329.9990739	7484.9850771	7484.8038818	-2.0000667	-2.0000667	0.0229380	0.2479918	0.1546447	0.0000000	0.0000000
7329.9990739	7479.9855080	7479.8981445	-2.0000667	-2.0000667	0.0211555	0.2462847	0.1549554	0.0000000	0.0000000
7329.9990739	7474.9849184	7474.9977734	-2.0000667	-2.0000667	0.0291116	0.2483087	0.1592902	0.0000000	0.0000000
7329.9990739	7469.9894082	7469.6519141	-2.0000667	-2.0000667	0.0298970	0.2486716	0.1624067	0.0000000	0.0000000
7329.9990739	7464.9880985	7464.7515430	-2.0000667	-2.0000667	0.0328970	0.2479847	0.1630934	0.0000000	0.0000000
7329.9990739	7459.9859450	7459.8511719	-2.0000667	-2.0000667	0.0327064	0.2483173	0.1608802	0.0000000	0.0000000
7329.9990739	7454.9866531	7454.9508008	-2.0000667	-2.0000667	0.0345544	0.2471234	0.1616642	0.0000000	0.0000000
7329.9990739	7449.9879936	7449.6049414	-2.0000667	-2.0000667	0.0362421	0.2457954	0.1647185	0.0000000	0.0000000
7329.9990739	7444.9852800	7444.7045703	-2.0000667	-2.0000667	0.0375781	0.2472946	0.1670955	0.0000000	0.0000000
7329.9990739	7439.9855657	7439.8041992	-2.0000667	-2.0000667	0.0383002	0.2433541	0.1695569	0.0000000	0.0000000
7329.9990739	7434.9858514	7434.9618359	-2.0000667	-2.0000667	0.0425221	0.2451403	0.1703677	0.0000000	0.0000000
7329.9990739	7429.9877688	7429.6792578	-2.0000667	-2.0000667	0.0417007	0.2461649	0.1672863	0.0000000	0.0000000
7329.9990739	7424.9840682	7424.8368945	-2.0000667	-2.0000667	0.0464387	0.2473451	0.1679360	0.0000000	0.0000000
7329.9990739	7419.9832450	7419.9945313	-2.0000667	-2.0000667	0.0459946	0.2458632	0.1668625	0.0000000	0.0000000
7329.9990739	7414.9852991	7414.7119531	-2.0000667	-2.0000667	0.0468572	0.2456036	0.1678130	0.0000000	0.0000000
7329.9990739	7409.9893015	7409.8695898	-2.0000667	-2.0000667	0.0481254	0.2480581	0.1696151	0.0000000	0.0000000
7329.9990739	7404.9855505	7404.5870117	-2.0000667	-2.0000667	0.0451439	0.2465543	0.1710693	0.0000000	0.0000000
7329.9990739	7399.9893051	7399.7446484	-2.0000667	-2.0000667	0.0430682	0.2500675	0.1663221	0.0000000	0.0000000
7329.9990739	7394.9884007	7394.9126367	-2.0000667	-2.0000667	0.0497157	0.2484303	0.1686165	0.0000000	0.0000000
7329.9990739	7389.9873611	7389.6921680	-2.0000667	-2.0000667	0.0497539	0.2480852	0.1689287	0.0000000	0.0000000
7329.9990739	7384.9891170	7384.9067383	-2.0000667	-2.0000667	0.0550078	0.2491410	0.1681123	0.0000000	0.0000000
7329.9990739	7379.9891067	7379.6862695	-2.0000667	-2.0000667	0.0563253	0.2497825	0.1674059	0.0000000	0.0000000
7329.9990739	7374.9850104	7374.9008398	-2.0000667	-2.0000667	0.0597311	0.2487612	0.1712653	0.0000000	0.0000000
7329.9990739	7369.9839616	7369.6803711	-2.0000667	-2.0000667	0.0550062	0.2480626	0.1708335	0.0000000	0.0000000
7329.9990739	7364.9814683	7364.8949414	-2.0000667	-2.0000667	0.0615156	0.2495306	0.1715881	0.0000000	0.0000000
7329.9990739	7359.9893291	7359.6744727	-2.0000667	-2.0000667	0.0644225	0.2497849	0.1747581	0.0000000	0.0000000
7329.9990739	7354.9845915	7354.8890430	-2.0000667	-2.0000667	0.0633645	0.2493134	0.1739988	0.0000000	0.0000000
7329.9990739	7349.9874287	7349.6991016	-2.0000667	-2.0000667	0.0658748	0.2487352	0.1754043	0.0000000	0.0000000
7329.9990739	7344.9860594	7344.9696387	-2.0000667	-2.0000667	0.0697174	0.2476632	0.1774434	0.0000000	0.0000000
7329.9990739	7339.9876760	7339.8102246	-2.0000667	-2.0000667	0.0744652	0.2470415	0.1824113	0.0000000	0.0000000
7329.9990739	7334.9906554	7334.6508105	-2.0000667	-2.0000667	0.0736848	0.2496931	0.1840216	0.0000000	0.0000000
7329.9990739	7329.9862695	7329.9213477	-2.0000667	-2.0000667	0.0801556	0.2499659	0.1806725	0.0000000	0.0000000
7329.9990739	7324.9878305	7324.7619336	-2.0000667	-2.0000667	0.0775515	0.2462000	0.1842860	0.0000000	0.0000000
7329.9990739	7319.9843762	7319.6025195	-2.0000667	-2.0000667	0.0787504	0.2491487	0.1835007	0.0000000	0.0000000
7329.9990739	7314.9856062	7314.8730566	-2.0000667	-2.0000667	0.0755239	0.2482961	0.1824795	0.0000000	0.0000000
7329.9990739	7309.9868361	7309.7136426	-2.0000667	-2.0000667	0.0726696	0.2477595	0.1798962	0.0000000	0.0000000
7329.9990739	7304.9850290	7304.6092822	-2.0000667	-2.0000667	0.0720679	0.2498075	0.1735665	0.0000000	0.0000000
7329.9990739	7299.9832770	7299.9348730	-2.0000667	-2.0000667	0.0713164	0.2499636	0.1815361	0.0000000	0.0000000
7329.9990739	7294.9829595	7294.8355176	-2.0000667	-2.0000667	0.0714312	0.2465583	0.1854680	0.0000000	0.0000000
7329.9990739	7289.9859351	7289.7361621	-2.0000667	-2.0000667	0.0724048	0.2478008	0.1867935	0.0000000	0.0000000
7329.9990739	7284.9819943	7284.6368066	-2.0000667	-2.0000667	0.0726128	0.2491047	0.1870492	0.0000000	0.0000000
7329.9990739	7279.9884279	7279.9623975	-2.0000667	-2.0000667	0.0736549	0.2489924	0.1864343	0.0000000	0.0000000
7329.9990739	7274.9872494	7274.8630420	-2.0000667	-2.0000667	0.0734584	0.2487401	0.1865599	0.0000000	0.0000000
7329.9990739	7269.9874598	7269.7636865	-2.0000667	-2.0000667	0.0740012	0.2482926	0.1845155	0.0000000	0.0000000
7329.9990739	7264.9876701	7264.6888672	-2.0000667	-2.0000667	0.0741766	0.2471743	0.1879469	0.0000000	0.0000000
7329.9990739	7259.9859215	7259.6483984	-2.0000667	-2.0000667	0.0764497	0.2453336	0.1912303	0.0000000	0.0000000
7329.9990739	7254.9850358	7254.6079297	-2.0000667	-2.0000667	0.0746946	0.2460316	0.1931642	0.0000000	0.0000000
7329.9990739	7249.9841501	7249.9875000	-2.0000667	-2.0000667	0.0740554	0.2449006	0.1889779	0.0000000	0.0000000
7329.9990739	7244.9864276	7244.9470313	-2.0000667	-2.0000667	0.0737725	0.2454364	0.1891506	0.0000000	0.0000000
7329.9990739	7239.9820982	7239.9065625	-2.0000667	-2.0000667	0.0737924	0.2465470	0.1885430	0.0000000	0.0000000
7329.9990739	7234.9861373	7234.8660938	-2.0000667	-2.0000667	0.0709525	0.2477316	0.1885671	0.0000000	0.0000000
7329.9990739	7229.9871902	7229.8256250	-2.0000667	-2.0000667	0.0724159	0.2468378	0.1897614	0.0000000	0.0000000
7329.9990739	7224.9879209	7224.7851563	-2.0000667	-2.0000667	0.0719586	0.2460836	0.1918926	0.0000000	0.0000000
7329.9990739	7219.9867826	7219.8026367	-2.0000667	-2.0000667	0.0720210	0.2431451	0.1910762	0.0000000	0.0000000
7329.9990739	7214.9856444	7214.8201172	-2.0000667	-2.0000667	0.0716394	0.2454786	0.1913981	0.0000000	0.0000000
7329.9990739	7209.9867265	7209.8375977	-2.0000667	-2.0000667	0.0717209	0.2465316	0.1913024	0.0000000	0.0000000
7329.9990739	7204.9823763	7204.8550781	-2.0000667	-2.0000667	0.0697803	0.2470807	0.1913719	0.0000000	0.0000000
7329.9990739	7199.9844833	7199.8725586	-2.0000667	-2.0000667	0.0692209	0.2472035	0.1886396	0.0000000	0.0000000
7329.9990739	7194.9864212	7194.8900391	-2.0000667	-2.0000667	0.0679441	0.2461903	0.1923361	0.0000000	0.0000000
7329.9990739	7189.9844123	7189.9075195	-2.0000667	-2.0000667	0.0672115	0.2443263	0.1962795	0.0000000	0.0000000
7329.9990739	7184.9857226	7184.9250000	-2.0000667	-2.0000667	0.0653152	0.2443834	0.1924015	0.0000000	0.0000000
7329.9990739	7179.9835760	7179.9804492	-2.0000667	-2.0000667	0.0637675	0.2464021	0.1897177	0.0000000	0.0000000
7329.9990739	7174.9840016	7174.6444189	-2.0000667	-2.0000667	0.0638992	0.2469768	0.1922750	0.0000000	0.0000000
7329.9990739	7169.9844272	7169.7188525	-2.0000667	-2.0000667	0.0624773	0.2459326	0.1925222	0.0000000	0.0000000
7329.9990739	7164.9812944	7164.7932861	-2.0000667	-2.0000667	0.0630488	0.2475640	0.1906583	0.0000000	0.0000000
7329.9990739	7159.9842183	7159.8677197	-2.0000667	-2.0000667	0.0621378	0.2456769	0.1929783	0.0000000	0.0000000
7329.9990739	7154.9859714	7154.9421533	-2.0000667	-2.0000667	0.0624294	0.2442253	0.1944740	0.0000000	0.0000000
7329.9990739	7149.9813041	7149.6061230	-2.0000667	-2.0000667	0.0565094	0.2474565	0.1929799	0.0000000	0.0000000
7329.9990739	7144.9847639	7144.6805566	-2.0000667	-2.0000667	0.0545747	0.2475660	0.1922893	0.0000000	0.0000000
7329.9990739	7139.9856218	7139.7829688	-2.0000667	-2.0000667	0.0526473	0.2484276	0.1921180	0.0000000	0.0000000
7329.9990739	7134.9864797	7134.9133594	-2.0000667	-2.0000667	0.0509263	0.2479595	0.1937506	0.0000000	0.0000000
7329.9990739	7129.9863643	7129.6379492	-2.0000667	-2.0000667	0.0520961	0.2447100	0.1937184	0.0000000	0.0000000
7329.9990739	7124.9850629	7124.7683398	-2.0000667	-2.0000667	0.0480238	0.2463226	0.1926672	0.0000000	0.0000000
7329.9990739	7119.9869188	7119.8987305	-2.0000667	-2.0000667	0.0491788	0.2476123	0.1927943	0.0000000	0.0000000
7329.9990739	7114.9887748	7114.6233203	-2.0000667	-2.0000667	0.0464553	0.2488718	0.1912091	0.0000000	0.0000000
7329.9990739	7109.9882914	7109.7537109	-2.0000667	-2.0000667	0.0420975	0.2471534	0.1930713	0.0000000	0.0000000
7329.9990739	7104.9860308	7104.8841016	-2.0000667	-2.0000667	0.0404124	0.2474639	0.1912777	0.0000000	0.0000000
7329.9990739	7099.9837702	7099.6316406	-2.0000667	-2.0000667	0.0428848	0.2454886	0.1913221	0.0000000	0.0000000
7329.9990739	7094.9817088	7094.8171094	-2.0000667	-2.0000667	0.0370883	0.2466376	0.1933707	0.0000000	0.0000000
7329.9990739	7089.9836449	7089.6013672	-2.0000667	-2.0000667	0.0359182	0.2461344	0.1928513	0.0000000	0.0000000
7329.9990739	7084.9818060	7084.7868359	-2.0000667	-2.0000667	0.0333538	0.2464232	0.1925704	0.0000000	0.0000000
7329.9990739	7079.9875171	7079.9723047	-2.0000667	-2.0000667	0.0320712	0.2462562	0.1909478	0.0000000	0.0000000
7329.9990739	7074.9849890	7074.7565625	-2.0000667	-2.0000667	0.0319237	0.2453523	0.1901936	0.0000000	0.0000000
7329.9990739	7069.9846289	7069.9420313	-2.0000667	-2.0000667	0.0296505	0.2479303	0.1901993	0.0000000	0.0000000
7329.9990739	7064.9842688	7064.7262891	-2.0000667	-2.0000667	0.0277748	0.2482965	0.1894733	0.0000000	0.0000000
7329.9990739	7059.9851958	7059.9297656	-2.0000667	-2.0000667	0.0261200	0.2471486	0.1884752	0.0000000	0.0000000
7329.9990739	7054.9878403	7054.7725488	-2.0000667	-2.0000667	0.0250450	0.2484235	0.1884744	0.0000000	0.0000000
7329.9990739	7049.9839480	7049.6153320	-2.0000667	-2.0000667	0.0253812	0.2483719	0.1892593	0.0000000	0.0000000
7329.9990739	7044.9806454	7044.8548242	-2.0000667	-2.0000667	0.0223934	0.2465365	0.1878495	0.0000000	0.0000000
7329.9990739	7039.9847173	7039.6976074	-2.0000667	-2.0000667	0.0211063	0.2454767	0.1883358	0.0000000	0.0000000
7329.9990739	7034.9887891	7034.9370996	-2.0000667	-2.0000667	0.0209459	0.2469677	0.1875509	0.0000000	0.0000000
7329.9990739	7029.9865333	7029.7798828	-2.0000667	-2.0000667	0.0182023	0.2453583	0.1886206	0.0000000	0.0000000
7329.9990739	7024.9874950	7024.6226660	-2.0000667	-2.0000667	0.0169968	0.2484465	0.1902367	0.0000000	0.0000000
7329.9990739	7019.9852022	7019.8843262	-2.0000667	-2.0000667	0.0157358	0.2482827	0.1874502	0.0000000	0.0000000
7329.9990739	7014.9861162	7014.7847461	-2.0000667	-2.0000667	0.0142299	0.2486851	0.1901866	0.0000000	0.0000000
7329.9990739	7009.9855214	7009.6851660	-2.0000667	-2.0000667	0.0140214	0.2470828	0.1883820	0.0000000	0.0000000
7329.9990739	7004.9816281	7004.9778613	-2.0000667	-2.0000667	0.0130740	0.2484438	0.1882018	0.0000000	0.0000000
7329.9990739	7000.0292969	6999.8782813	-2.0000667	-2.0000667	0.0147162	0.2492772	0.1872413	0.0000000	0.0000000
