7289.9978478	7499.9984178	7499.6820801	-2.0000667	-2.0000667	0.0240355	0.2568105	0.1550496	0.0000000	7290.0000000
7289.9978478	7494.9851784	7494.7226807	-2.0000667	-2.0000667	0.0244935	0.2588264	0.1537249	0.0000000	0.0000000
7289.9978478	7489.9879164	7489.7632813	-2.0000667	-2.0000667	0.0262434	0.2579994	0.1528158	0.0000000	0.0000000
7289.9978478	7484.9906544	7484.8038818	-2.0000667	-2.0000667	0.0288628	0.2578754	0.1574032	0.0000000	0.0000000
7289.9978478	7479.9880476	7479.8981445	-2.0000667	-2.0000667	0.0292013	0.2594801	0.1538107	0.0000000	0.0000000
7289.9978478	7474.9849184	7474.9977734	-2.0000667	-2.0000667	0.0295769	0.2587997	0.1492174	0.0000000	0.0000000
7289.9978478	7469.9919479	7469.6519141	-2.0000667	-2.0000667	0.0308121	0.2589503	0.1478602	0.0000000	0.0000000
7289.9978478	7464.9852369	7464.7515430	-2.0000667	-2.0000667	0.0330514	0.2574312	0.1486594	0.0000000	0.0000000
7289.9978478	7459.9830834	7459.8511719	-2.0000667	-2.0000667	0.0319517	0.2574783	0.1475729	0.0000000	0.0000000
7289.9978478	7454.9895148	7454.9508008	-2.0000667	-2.0000667	0.0326744	0.2582234	0.1469391	0.0000000	0.0000000
7289.9978478	7449.9849944	7449.6049414	-2.0000667	-2.0000667	0.0353290	0.2574054	0.1540797	0.0000000	0.0000000
7289.9978478	7444.9882793	7444.7045703	-2.0000667	-2.0000667	0.0403982	0.2562968	0.1582350	0.0000000	0.0000000
7289.9978478	7439.9825665	7439.8041992	-2.0000667	-2.0000667	0.0434817	0.2559270	0.1623643	0.0000000	0.0000000
7289.9978478	7434.9828522	7434.9618359	-2.0000667	-2.0000667	0.0464226	0.2571879	0.1635070	0.0000000	0.0000000
7289.9978478	7429.9877688	7429.6792578	-2.0000667	-2.0000667	0.0491428	0.2558831	0.1671741	0.0000000	0.0000000
7289.9978478	7424.9840682	7424.8368945	-2.0000667	-2.0000667	0.0512896	0.2548940	0.1683069	0.0000000	0.0000000
7289.9978478	7419.9889997	7419.9945313	-2.0000667	-2.0000667	0.0530695	0.2543875	0.1696665	0.0000000	0.0000000
7289.9978478	7414.9852991	7414.7119531	-2.0000667	-2.0000667	0.0554065	0.2538536	0.1693477	0.0000000	0.0000000
7289.9978478	7409.9893015	7409.8695898	-2.0000667	-2.0000667	0.0574954	0.2556262	0.1696135	0.0000000	0.0000000
7289.9978478	7404.9855505	7404.5870117	-2.0000667	-2.0000667	0.0580925	0.2538696	0.1682206	0.0000000	0.0000000
7289.9978478	7399.9868032	7399.7446484	-2.0000667	-2.0000667	0.0590431	0.2562310	0.1651029	0.0000000	0.0000000
7289.9978478	7394.9856052	7394.9126367	-2.0000667	-2.0000667	0.0591344	0.2556829	0.1686271	0.0000000	0.0000000
7289.9978478	7389.9873611	7389.6921680	-2.0000667	-2.0000667	0.0634835	0.2576786	0.1651439	0.0000000	0.0000000
7289.9978478	7384.9891170	7384.9067383	-2.0000667	-2.0000667	0.0638135	0.2569390	0.1665273	0.0000000	0.0000000
7289.9978478	7379.9891067	7379.6862695	-2.0000667	-2.0000667	0.0659216	0.2578644	0.1659913	0.0000000	0.0000000
7289.9978478	7374.9819628	7374.9008398	-2.0000667	-2.0000667	0.0704631	0.2574462	0.1685435	0.0000000	0.0000000
7289.9978478	7369.9839616	7369.6803711	-2.0000667	-2.0000667	0.0731621	0.2560509	0.1715742	0.0000000	0.0000000
7289.9978478	7364.9814683	7364.8949414	-2.0000667	-2.0000667	0.0769789	0.2560195	0.1757161	0.0000000	0.0000000
7289.9978478	7359.9861795	7359.6744727	-2.0000667	-2.0000667	0.0776893	0.2555546	0.1757319	0.0000000	0.0000000
7289.9978478	7354.9814419	7354.8890430	-2.0000667	-2.0000667	0.0752576	0.2547074	0.1743861	0.0000000	0.0000000
7289.9978478	7349.9814569	7349.6991016	-2.0000667	-2.0000667	0.0808074	0.2549095	0.1739172	0.0000000	0.0000000
7289.9978478	7344.9830735	7344.9696387	-2.0000667	-2.0000667	0.0819937	0.2557825	0.1760284	0.0000000	0.0000000
7289.9978478	7339.9876760	7339.8102246	-2.0000667	-2.0000667	0.0842843	0.2542845	0.1742000	0.0000000	0.0000000
7289.9978478	7334.9906554	7334.6508105	-2.0000667	-2.0000667	0.0854657	0.2558987	0.1739065	0.0000000	0.0000000
7289.9978478	7329.9862695	7329.9213477	-2.0000667	-2.0000667	0.0872007	0.2569016	0.1726146	0.0000000	0.0000000
7289.9978478	7324.9848570	7324.7619336	-2.0000667	-2.0000667	0.0887347	0.2580546	0.1732561	0.0000000	0.0000000
7289.9978478	7319.9843762	7319.6025195	-2.0000667	-2.0000667	0.0935651	0.2584027	0.1746212	0.0000000	0.0000000
7289.9978478	7314.9856062	7314.8730566	-2.0000667	-2.0000667	0.0936880	0.2570344	0.1729960	0.0000000	0.0000000
7289.9978478	7309.9896132	7309.7136426	-2.0000667	-2.0000667	0.0962527	0.2580049	0.1735667	0.0000000	0.0000000
7289.9978478	7304.9879085	7304.6092822	-2.0000667	-2.0000667	0.0960826	0.2584030	0.1729395	0.0000000	0.0000000
7289.9978478	7299.9890361	7299.9348730	-2.0000667	-2.0000667	0.1014546	0.2582068	0.1765388	0.0000000	0.0000000
7289.9978478	7294.9829595	7294.8355176	-2.0000667	-2.0000667	0.1030027	0.2577343	0.1784569	0.0000000	0.0000000
7289.9978478	7289.9859351	7289.7361621	-2.0000667	-2.0000667	0.1044178	0.2556051	0.1809102	0.0000000	0.0000000
7289.9978478	7284.9854524	7284.6368066	-2.0000667	-2.0000667	0.1031147	0.2535250	0.1829282	0.0000000	0.0000000
7289.9978478	7279.9849698	7279.9623975	-2.0000667	-2.0000667	0.1020464	0.2564630	0.1838302	0.0000000	0.0000000
7289.9978478	7274.9837989	7274.8630420	-2.0000667	-2.0000667	0.1019126	0.2575216	0.1823320	0.0000000	0.0000000
7289.9978478	7269.9840093	7269.7636865	-2.0000667	-2.0000667	0.1022487	0.2553259	0.1827936	0.0000000	0.0000000
7289.9978478	7264.9842196	7264.6888672	-2.0000667	-2.0000667	0.1005092	0.2531089	0.1815330	0.0000000	0.0000000
7289.9978478	7259.9827583	7259.6483984	-2.0000667	-2.0000667	0.1025060	0.2555807	0.1820970	0.0000000	0.0000000
7289.9978478	7254.9818727	7254.6079297	-2.0000667	-2.0000667	0.1051544	0.2570021	0.1823707	0.0000000	0.0000000
7289.9978478	7249.9873132	7249.9875000	-2.0000667	-2.0000667	0.1048937	0.2556136	0.1852036	0.0000000	0.0000000
7289.9978478	7244.9832645	7244.9470313	-2.0000667	-2.0000667	0.1041935	0.2579098	0.1838817	0.0000000	0.0000000
7289.9978478	7239.9850844	7239.9065625	-2.0000667	-2.0000667	0.1054033	0.2573834	0.1791913	0.0000000	0.0000000
7289.9978478	7234.9891235	7234.8660938	-2.0000667	-2.0000667	0.1041265	0.2549823	0.1842397	0.0000000	0.0000000
7289.9978478	7229.9901764	7229.8256250	-2.0000667	-2.0000667	0.1063903	0.2562844	0.1842720	0.0000000	0.0000000
7289.9978478	7224.9879209	7224.7851563	-2.0000667	-2.0000667	0.1070533	0.2512195	0.1857606	0.0000000	0.0000000
7289.9978478	7219.9867826	7219.8026367	-2.0000667	-2.0000667	0.1080815	0.2543835	0.1841536	0.0000000	0.0000000
7289.9978478	7214.9827535	7214.8201172	-2.0000667	-2.0000667	0.1067063	0.2549919	0.1839354	0.0000000	0.0000000
7289.9978478	7209.9867265	7209.8375977	-2.0000667	-2.0000667	0.1062465	0.2535001	0.1812039	0.0000000	0.0000000
7289.9978478	7204.9823763	7204.8550781	-2.0000667	-2.0000667	0.1066691	0.2556720	0.1828231	0.0000000	0.0000000
7289.9978478	7199.9844833	7199.8725586	-2.0000667	-2.0000667	0.1062125	0.2541824	0.1858301	0.0000000	0.0000000
7289.9978478	7194.9864212	7194.8900391	-2.0000667	-2.0000667	0.1044473	0.2531346	0.1882565	0.0000000	0.0000000
7289.9978478	7189.9844123	7189.9075195	-2.0000667	-2.0000667	0.1028228	0.2529664	0.1838693	0.0000000	0.0000000
7289.9978478	7184.9857226	7184.9250000	-2.0000667	-2.0000667	0.1007682	0.2556874	0.1813619	0.0000000	0.0000000
7289.9978478	7179.9835760	7179.9804492	-2.0000667	-2.0000667	0.1002213	0.2572451	0.1833071	0.0000000	0.0000000
7289.9978478	7174.9840016	7174.6444189	-2.0000667	-2.0000667	0.0980167	0.2563507	0.1819716	0.0000000	0.0000000
7289.9978478	7169.9844272	7169.7188525	-2.0000667	-2.0000667	0.0961608	0.2557568	0.1823062	0.0000000	0.0000000
7289.9978478	7164.9848528	7164.7932861	-2.0000667	-2.0000667	0.0964468	0.2550983	0.1795029	0.0000000	0.0000000
7289.9978478	7159.9842183	7159.8677197	-2.0000667	-2.0000667	0.0948190	0.2560496	0.1771528	0.0000000	0.0000000
7289.9978478	7154.9859714	7154.9421533	-2.0000667	-2.0000667	0.0933058	0.2570833	0.1834192	0.0000000	0.0000000
7289.9978478	7149.9845143	7149.6061230	-2.0000667	-2.0000667	0.0924196	0.2552169	0.1854258	0.0000000	0.0000000
7289.9978478	7144.9847639	7144.6805566	-2.0000667	-2.0000667	0.0898088	0.2562468	0.1853848	0.0000000	0.0000000
7289.9978478	7139.9824934	7139.7829688	-2.0000667	-2.0000667	0.0897235	0.2572350	0.1823652	0.0000000	0.0000000
7289.9978478	7134.9833513	7134.9133594	-2.0000667	-2.0000667	0.0875031	0.2560597	0.1807523	0.0000000	0.0000000
7289.9978478	7129.9832069	7129.6379492	-2.0000667	-2.0000667	0.0845854	0.2560375	0.1829594	0.0000000	0.0000000
7289.9978478	7124.9819055	7124.7683398	-2.0000667	-2.0000667	0.0832001	0.2553446	0.1815601	0.0000000	0.0000000
7289.9978478	7119.9869188	7119.8987305	-2.0000667	-2.0000667	0.0821914	0.2554287	0.1818622	0.0000000	0.0000000
7289.9978478	7114.9856174	7114.6233203	-2.0000667	-2.0000667	0.0779962	0.2559598	0.1812692	0.0000000	0.0000000
7289.9978478	7109.9847957	7109.7537109	-2.0000667	-2.0000667	0.0753226	0.2550250	0.1818396	0.0000000	0.0000000
7289.9978478	7104.9860308	7104.8841016	-2.0000667	-2.0000667	0.0715970	0.2565499	0.1827306	0.0000000	0.0000000
7289.9978478	7099.9837702	7099.6316406	-2.0000667	-2.0000667	0.0693124	0.2565027	0.1833977	0.0000000	0.0000000
7289.9978478	7094.9817088	7094.8171094	-2.0000667	-2.0000667	0.0682216	0.2571100	0.1813490	0.0000000	0.0000000
7289.9978478	7089.9836449	7089.6013672	-2.0000667	-2.0000667	0.0663456	0.2582783	0.1802704	0.0000000	0.0000000
7289.9978478	7084.9818060	7084.7868359	-2.0000667	-2.0000667	0.0630824	0.2572119	0.1799966	0.0000000	0.0000000
7289.9978478	7079.9875171	7079.9723047	-2.0000667	-2.0000667	0.0600529	0.2566328	0.1808781	0.0000000	0.0000000
7289.9978478	7074.9849890	7074.7565625	-2.0000667	-2.0000667	0.0579795	0.2567455	0.1845439	0.0000000	0.0000000
7289.9978478	7069.9846289	7069.9420313	-2.0000667	-2.0000667	0.0576329	0.2565117	0.1791854	0.0000000	0.0000000
7289.9978478	7064.9806401	7064.7262891	-2.0000667	-2.0000667	0.0538064	0.2571569	0.1816598	0.0000000	0.0000000
7289.9978478	7059.9851958	7059.9297656	-2.0000667	-2.0000667	0.0515840	0.2570433	0.1829570	0.0000000	0.0000000
7289.9978478	7054.9813035	7054.7725488	-2.0000667	-2.0000667	0.0496917	0.2561052	0.1801205	0.0000000	0.0000000
7289.9978478	7049.9839480	7049.6153320	-2.0000667	-2.0000667	0.0478269	0.2558763	0.1778286	0.0000000	0.0000000
7289.9978478	7044.9839562	7044.8548242	-2.0000667	-2.0000667	0.0453975	0.2553174	0.1799978	0.0000000	0.0000000
7289.9978478	7039.9814065	7039.6976074	-2.0000667	-2.0000667	0.0427333	0.2548835	0.1801744	0.0000000	0.0000000
7289.9978478	7034.9854783	7034.9370996	-2.0000667	-2.0000667	0.0402500	0.2548191	0.1775470	0.0000000	0.0000000
7289.9978478	7029.9865333	7029.7798828	-2.0000667	-2.0000667	0.0394038	0.2549579	0.1768975	0.0000000	0.0000000
7289.9978478	7024.9842404	7024.6226660	-2.0000667	-2.0000667	0.0375991	0.2554734	0.1751709	0.0000000	0.0000000
7289.9978478	7019.9819476	7019.8843262	-2.0000667	-2.0000667	0.0350870	0.2567538	0.1759221	0.0000000	0.0000000
7289.9978478	7014.9861162	7014.7847461	-2.0000667	-2.0000667	0.0327518	0.2570894	0.1790294	0.0000000	0.0000000
7289.9978478	7009.9855214	7009.6851660	-2.0000667	-2.0000667	0.0316243	0.2581353	0.1775245	0.0000000	0.0000000
7289.9978478	7004.9816281	7004.9778613	-2.0000667	-2.0000667	0.0290193	0.2579852	0.1793611	0.0000000	0.0000000
7289.9978478	7000.0292969	6999.8782813	-2.0000667	-2.0000667	0.0286771	0.2581270	0.1758285	0.0000000	0.0000000
