7014.9982365	7499.9984178	7499.6820801	-2.0000667	-2.0000667	0.0006288	0.2998844	0.1381312	0.0000000	7015.0000000
7014.9982365	7494.9823898	7494.7226807	-2.0000667	-2.0000667	0.0007898	0.3012876	0.1395303	0.0000000	0.0000000
7014.9982365	7489.9907051	7489.7632813	-2.0000667	-2.0000667	0.0007444	0.2987847	0.1387766	0.0000000	0.0000000
7014.9982365	7484.9906544	7484.8038818	-2.0000667	-2.0000667	0.0007090	0.2992858	0.1356415	0.0000000	0.0000000
7014.9982365	7479.9931269	7479.8981445	-2.0000667	-2.0000667	0.0007001	0.3001599	0.1352590	0.0000000	0.0000000
7014.9982365	7474.9849184	7474.9977734	-2.0000667	-2.0000667	0.0010270	0.2983564	0.1375070	0.0000000	0.0000000
7014.9982365	7469.9894082	7469.6519141	-2.0000667	-2.0000667	0.0013939	0.2995021	0.1396417	0.0000000	0.0000000
7014.9982365	7464.9880985	7464.7515430	-2.0000667	-2.0000667	0.0009169	0.3011068	0.1349164	0.0000000	0.0000000
7014.9982365	7459.9859450	7459.8511719	-2.0000667	-2.0000667	0.0007325	0.2990248	0.1336271	0.0000000	0.0000000
7014.9982365	7454.9866531	7454.9508008	-2.0000667	-2.0000667	0.0007340	0.3034611	0.1289923	0.0000000	0.0000000
7014.9982365	7450.0419797	7449.6049414	-2.0000667	-2.0000667	0.0011229	0.3016344	0.1323910	0.0000000	0.0000000
7014.9982365	7445.0242700	7444.7045703	-2.0000667	-2.0000667	0.0013936	0.3003352	0.1344545	0.0000000	0.0000000
7014.9982365	7440.0215565	7439.8041992	-2.0000667	-2.0000667	0.0014976	0.3034757	0.1369658	0.0000000	0.0000000
7014.9982365	7435.0278406	7434.9618359	-2.0000667	-2.0000667	0.0016160	0.3032185	0.1352826	0.0000000	0.0000000
7014.9982365	7429.9906461	7429.6792578	-2.0000667	-2.0000667	0.0016091	0.3019989	0.1314232	0.0000000	0.0000000
7014.9982365	7424.9840682	7424.8368945	-2.0000667	-2.0000667	0.0020902	0.3015413	0.1372498	0.0000000	0.0000000
7014.9982365	7420.0350372	7419.9945313	-2.0000667	-2.0000667	0.0021049	0.3016310	0.1364603	0.0000000	0.0000000
7014.9982365	7414.9852991	7414.7119531	-2.0000667	-2.0000667	0.0028582	0.3027651	0.1363906	0.0000000	0.0000000
7014.9982365	7409.9893015	7409.8695898	-2.0000667	-2.0000667	0.0023292	0.3016594	0.1331987	0.0000000	0.0000000
7014.9982365	7404.9855505	7404.5870117	-2.0000667	-2.0000667	0.0034524	0.2984752	0.1397489	0.0000000	0.0000000
7014.9982365	7399.9868032	7399.7446484	-2.0000667	-2.0000667	0.0039238	0.3002928	0.1377211	0.0000000	0.0000000
7014.9982365	7394.9856052	7394.9126367	-2.0000667	-2.0000667	0.0044557	0.3014938	0.1382888	0.0000000	0.0000000
7014.9982365	7389.9845657	7389.6921680	-2.0000667	-2.0000667	0.0065815	0.2996520	0.1469961	0.0000000	0.0000000
7014.9982365	7384.9891170	7384.9067383	-2.0000667	-2.0000667	0.0041166	0.3008373	0.1348556	0.0000000	0.0000000
7014.9982365	7380.0378677	7379.6862695	-2.0000667	-2.0000667	0.0068901	0.3033766	0.1391748	0.0000000	0.0000000
7014.9982365	7375.0276762	7374.9008398	-2.0000667	-2.0000667	0.0067991	0.3035095	0.1374490	0.0000000	0.0000000
7014.9982365	7370.0266275	7369.6803711	-2.0000667	-2.0000667	0.0083986	0.3016735	0.1409640	0.0000000	0.0000000
7014.9982365	7365.0192636	7364.8949414	-2.0000667	-2.0000667	0.0120620	0.2981202	0.1511260	0.0000000	0.0000000
7014.9982365	7360.0239748	7359.6744727	-2.0000667	-2.0000667	0.0115089	0.3004402	0.1476672	0.0000000	0.0000000
7014.9982365	7355.0066388	7354.8890430	-2.0000667	-2.0000667	0.0116194	0.3023613	0.1423726	0.0000000	0.0000000
7014.9982365	7350.0232594	7349.6991016	-2.0000667	-2.0000667	0.0120288	0.3007052	0.1408567	0.0000000	0.0000000
7014.9982365	7345.0189042	7344.9696387	-2.0000667	-2.0000667	0.0134066	0.3033121	0.1442974	0.0000000	0.0000000
7014.9982365	7340.0294785	7339.8102246	-2.0000667	-2.0000667	0.0124453	0.3027227	0.1384799	0.0000000	0.0000000
7014.9982365	7334.9847084	7334.6508105	-2.0000667	-2.0000667	0.0157935	0.3035332	0.1432528	0.0000000	0.0000000
7014.9982365	7330.0308718	7329.9213477	-2.0000667	-2.0000667	0.0138264	0.3037308	0.1334349	0.0000000	0.0000000
7014.9982365	7325.0235124	7324.7619336	-2.0000667	-2.0000667	0.0146292	0.3035066	0.1336810	0.0000000	0.0000000
7014.9982365	7319.9843762	7319.6025195	-2.0000667	-2.0000667	0.0190385	0.3055101	0.1405231	0.0000000	0.0000000
7014.9982365	7314.9856062	7314.8730566	-2.0000667	-2.0000667	0.0309800	0.3024199	0.1531547	0.0000000	0.0000000
7014.9982365	7309.9868361	7309.7136426	-2.0000667	-2.0000667	0.0297646	0.2996217	0.1530205	0.0000000	0.0000000
7014.9982365	7304.9850290	7304.6092822	-2.0000667	-2.0000667	0.0314509	0.2994858	0.1498219	0.0000000	0.0000000
7014.9982365	7299.9861565	7299.9348730	-2.0000667	-2.0000667	0.0361062	0.3007094	0.1505497	0.0000000	0.0000000
7014.9982365	7294.9795014	7294.8355176	-2.0000667	-2.0000667	0.0378351	0.3020690	0.1529673	0.0000000	0.0000000
7014.9982365	7289.9824769	7289.7361621	-2.0000667	-2.0000667	0.0441122	0.2996298	0.1538779	0.0000000	0.0000000
7014.9982365	7284.9854524	7284.6368066	-2.0000667	-2.0000667	0.0371289	0.2986353	0.1504948	0.0000000	0.0000000
7014.9982365	7279.9884279	7279.9623975	-2.0000667	-2.0000667	0.0315653	0.3008920	0.1440436	0.0000000	0.0000000
7014.9982365	7274.9837989	7274.8630420	-2.0000667	-2.0000667	0.0372144	0.3019677	0.1435668	0.0000000	0.0000000
7014.9982365	7269.9840093	7269.7636865	-2.0000667	-2.0000667	0.0388737	0.2994757	0.1467771	0.0000000	0.0000000
7014.9982365	7264.9876701	7264.6888672	-2.0000667	-2.0000667	0.0452094	0.3002408	0.1500308	0.0000000	0.0000000
7014.9982365	7260.0017370	7259.6483984	-2.0000667	-2.0000667	0.0577539	0.2998350	0.1506045	0.0000000	0.0000000
7014.9982365	7255.0198301	7254.6079297	-2.0000667	-2.0000667	0.0688752	0.2984092	0.1548749	0.0000000	0.0000000
7014.9982365	7250.0157813	7249.9875000	-2.0000667	-2.0000667	0.0746067	0.2973372	0.1597975	0.0000000	0.0000000
7014.9982365	7245.0148956	7244.9470313	-2.0000667	-2.0000667	0.0630179	0.2996484	0.1483480	0.0000000	0.0000000
7014.9982365	7240.0209192	7239.9065625	-2.0000667	-2.0000667	0.0702722	0.3003506	0.1519479	0.0000000	0.0000000
7014.9982365	7235.0249583	7234.8660938	-2.0000667	-2.0000667	0.0700430	0.2998964	0.1488230	0.0000000	0.0000000
7014.9982365	7230.0260112	7229.8256250	-2.0000667	-2.0000667	0.0817539	0.3009894	0.1516415	0.0000000	0.0000000
7014.9982365	7224.9850300	7224.7851563	-2.0000667	-2.0000667	0.0921527	0.3017295	0.1576641	0.0000000	0.0000000
7014.9982365	7219.9867826	7219.8026367	-2.0000667	-2.0000667	0.0841644	0.2990242	0.1531246	0.0000000	0.0000000
7014.9982365	7214.9827535	7214.8201172	-2.0000667	-2.0000667	0.0793975	0.3022120	0.1522255	0.0000000	0.0000000
7014.9982365	7210.0093268	7209.8375977	-2.0000667	-2.0000667	0.0979114	0.3002910	0.1551770	0.0000000	0.0000000
7014.9982365	7205.0082052	7204.8550781	-2.0000667	-2.0000667	0.1162247	0.2993766	0.1637645	0.0000000	0.0000000
7014.9982365	7200.0070836	7199.8725586	-2.0000667	-2.0000667	0.1139454	0.2987051	0.1616610	0.0000000	0.0000000
7014.9982365	7195.0030172	7194.8900391	-2.0000667	-2.0000667	0.0853373	0.3009028	0.1455883	0.0000000	0.0000000
7014.9982365	7190.0076466	7189.9075195	-2.0000667	-2.0000667	0.0933662	0.3029093	0.1452500	0.0000000	0.0000000
7014.9982365	7185.0056377	7184.9250000	-2.0000667	-2.0000667	0.0891310	0.3034673	0.1443241	0.0000000	0.0000000
7014.9982365	7180.0013681	7179.9804492	-2.0000667	-2.0000667	0.0892865	0.2996418	0.1498856	0.0000000	0.0000000
7014.9982365	7174.9840016	7174.6444189	-2.0000667	-2.0000667	0.1125426	0.3011698	0.1528131	0.0000000	0.0000000
7014.9982365	7169.9844272	7169.7188525	-2.0000667	-2.0000667	0.1231678	0.2986989	0.1571844	0.0000000	0.0000000
7014.9982365	7164.9812944	7164.7932861	-2.0000667	-2.0000667	0.1183068	0.2999562	0.1530067	0.0000000	0.0000000
7014.9982365	7160.0002692	7159.8677197	-2.0000667	-2.0000667	0.1252018	0.3018646	0.1532930	0.0000000	0.0000000
7014.9982365	7155.0084426	7154.9421533	-2.0000667	-2.0000667	0.1427118	0.3004078	0.1547726	0.0000000	0.0000000
7014.9982365	7150.0069856	7149.6061230	-2.0000667	-2.0000667	0.1549122	0.3017303	0.1523143	0.0000000	0.0000000
7014.9982365	7145.0191760	7144.6805566	-2.0000667	-2.0000667	0.1574894	0.3011179	0.1538918	0.0000000	0.0000000
7014.9982365	7140.0294190	7139.7829688	-2.0000667	-2.0000667	0.1702638	0.3017925	0.1520806	0.0000000	0.0000000
7014.9982365	7135.0115067	7134.9133594	-2.0000667	-2.0000667	0.1733920	0.3013340	0.1531440	0.0000000	0.0000000
7014.9982365	7130.0274103	7129.6379492	-2.0000667	-2.0000667	0.1863295	0.3055677	0.1550775	0.0000000	0.0000000
7014.9982365	7125.0166367	7124.7683398	-2.0000667	-2.0000667	0.1881040	0.3011212	0.1586199	0.0000000	0.0000000
7014.9982365	7120.0121779	7119.8987305	-2.0000667	-2.0000667	0.1867385	0.3014059	0.1511755	0.0000000	0.0000000
7014.9982365	7115.0171912	7114.6233203	-2.0000667	-2.0000667	0.2268994	0.3004772	0.1586738	0.0000000	0.0000000
7014.9982365	7109.9847957	7109.7537109	-2.0000667	-2.0000667	0.2406820	0.3019160	0.1608868	0.0000000	0.0000000
7014.9982365	7104.9825351	7104.8841016	-2.0000667	-2.0000667	0.2349862	0.3012540	0.1627112	0.0000000	0.0000000
7014.9982365	7099.9837702	7099.6316406	-2.0000667	-2.0000667	0.2293290	0.3023372	0.1604601	0.0000000	0.0000000
7014.9982365	7094.9817088	7094.8171094	-2.0000667	-2.0000667	0.2089540	0.3012556	0.1500845	0.0000000	0.0000000
7014.9982365	7089.9836449	7089.6013672	-2.0000667	-2.0000667	0.2398455	0.3023394	0.1542544	0.0000000	0.0000000
7014.9982365	7084.9818060	7084.7868359	-2.0000667	-2.0000667	0.2127008	0.3027567	0.1511600	0.0000000	0.0000000
7014.9982365	7079.9875171	7079.9723047	-2.0000667	-2.0000667	0.2070267	0.3006334	0.1534563	0.0000000	0.0000000
7014.9982365	7074.9849890	7074.7565625	-2.0000667	-2.0000667	0.2231307	0.3006488	0.1540835	0.0000000	0.0000000
7014.9982365	7069.9846289	7069.9420313	-2.0000667	-2.0000667	0.2512220	0.2988708	0.1585958	0.0000000	0.0000000
7014.9982365	7064.9806401	7064.7262891	-2.0000667	-2.0000667	0.2256978	0.3028304	0.1483795	0.0000000	0.0000000
7014.9982365	7059.9851958	7059.9297656	-2.0000667	-2.0000667	0.2392134	0.3015145	0.1531595	0.0000000	0.0000000
7014.9982365	7055.0139873	7054.7725488	-2.0000667	-2.0000667	0.2379362	0.3012126	0.1568553	0.0000000	0.0000000
7014.9982365	7050.0068266	7049.6153320	-2.0000667	-2.0000667	0.2338760	0.3007001	0.1549342	0.0000000	0.0000000
7014.9982365	7044.9971992	7044.8548242	-2.0000667	-2.0000667	0.2209443	0.2997927	0.1496990	0.0000000	0.0000000
7014.9982365	7039.9847173	7039.6976074	-2.0000667	-2.0000667	0.2502937	0.3010592	0.1517302	0.0000000	0.0000000
7014.9982365	7034.9854783	7034.9370996	-2.0000667	-2.0000667	0.2631663	0.2992915	0.1570905	0.0000000	0.0000000
7014.9982365	7029.9865333	7029.7798828	-2.0000667	-2.0000667	0.2412604	0.3030675	0.1526821	0.0000000	0.0000000
7014.9982365	7024.9842404	7024.6226660	-2.0000667	-2.0000667	0.2353763	0.3015869	0.1506970	0.0000000	0.0000000
7014.9982365	7019.9819476	7019.8843262	-2.0000667	-2.0000667	0.2518966	0.3000243	0.1556407	0.0000000	0.0000000
7014.9982365	7014.9861162	7014.7847461	-2.0000667	-2.0000667	0.2566599	0.3012249	0.1569725	0.0000000	0.0000000
7014.9982365	7009.9822229	7009.6851660	-2.0000667	-2.0000667	0.2259038	0.3013445	0.1507523	0.0000000	0.0000000
7014.9982365	7004.9816281	7004.9778613	-2.0000667	-2.0000667	0.2510677	0.3035690	0.1576621	0.0000000	0.0000000
7014.9982365	7000.0292969	6999.8782813	-2.0000667	-2.0000667	0.2341232	0.2994502	0.1564846	0.0000000	0.0000000
