7234.9969945	7499.9984178	7499.6820801	-2.0000667	-2.0000667	0.0238826	0.2611930	0.1568325	0.0000000	7235.0000000
7234.9969945	7494.9935444	7494.7226807	-2.0000667	-2.0000667	0.0243326	0.2614581	0.1550548	0.0000000	0.0000000
7234.9969945	7489.9879164	7489.7632813	-2.0000667	-2.0000667	0.0270870	0.2627063	0.1583221	0.0000000	0.0000000
7234.9969945	7484.9906544	7484.8038818	-2.0000667	-2.0000667	0.0290977	0.2627499	0.1582797	0.0000000	0.0000000
7234.9969945	7479.9931269	7479.8981445	-2.0000667	-2.0000667	0.0302386	0.2633804	0.1560133	0.0000000	0.0000000
7234.9969945	7474.9899978	7474.9977734	-2.0000667	-2.0000667	0.0309783	0.2635179	0.1582642	0.0000000	0.0000000
7234.9969945	7469.9919479	7469.6519141	-2.0000667	-2.0000667	0.0338761	0.2623304	0.1554384	0.0000000	0.0000000
7234.9969945	7464.9909601	7464.7515430	-2.0000667	-2.0000667	0.0356885	0.2614689	0.1564709	0.0000000	0.0000000
7234.9969945	7459.9888066	7459.8511719	-2.0000667	-2.0000667	0.0376381	0.2627737	0.1583433	0.0000000	0.0000000
7234.9969945	7454.9895148	7454.9508008	-2.0000667	-2.0000667	0.0400746	0.2613478	0.1609967	0.0000000	0.0000000
7234.9969945	7449.9879936	7449.6049414	-2.0000667	-2.0000667	0.0420891	0.2647009	0.1608667	0.0000000	0.0000000
7234.9969945	7444.9822808	7444.7045703	-2.0000667	-2.0000667	0.0441307	0.2643063	0.1607030	0.0000000	0.0000000
7234.9969945	7439.9825665	7439.8041992	-2.0000667	-2.0000667	0.0436846	0.2618087	0.1595055	0.0000000	0.0000000
7234.9969945	7434.9828522	7434.9618359	-2.0000667	-2.0000667	0.0461506	0.2639606	0.1586829	0.0000000	0.0000000
7234.9969945	7429.9906461	7429.6792578	-2.0000667	-2.0000667	0.0487434	0.2637366	0.1590214	0.0000000	0.0000000
7234.9969945	7424.9927002	7424.8368945	-2.0000667	-2.0000667	0.0519238	0.2628564	0.1599086	0.0000000	0.0000000
7234.9969945	7419.9889997	7419.9945313	-2.0000667	-2.0000667	0.0561619	0.2641373	0.1632623	0.0000000	0.0000000
7234.9969945	7414.9852991	7414.7119531	-2.0000667	-2.0000667	0.0585398	0.2644355	0.1602494	0.0000000	0.0000000
7234.9969945	7409.9893015	7409.8695898	-2.0000667	-2.0000667	0.0621079	0.2641238	0.1652429	0.0000000	0.0000000
7234.9969945	7404.9930561	7404.5870117	-2.0000667	-2.0000667	0.0647501	0.2632106	0.1660333	0.0000000	0.0000000
7234.9969945	7399.9868032	7399.7446484	-2.0000667	-2.0000667	0.0653650	0.2617250	0.1633870	0.0000000	0.0000000
7234.9969945	7394.9884007	7394.9126367	-2.0000667	-2.0000667	0.0671354	0.2617360	0.1689038	0.0000000	0.0000000
7234.9969945	7389.9873611	7389.6921680	-2.0000667	-2.0000667	0.0713387	0.2619950	0.1677668	0.0000000	0.0000000
7234.9969945	7384.9891170	7384.9067383	-2.0000667	-2.0000667	0.0774844	0.2618901	0.1690283	0.0000000	0.0000000
7234.9969945	7379.9860592	7379.6862695	-2.0000667	-2.0000667	0.0795038	0.2610066	0.1689868	0.0000000	0.0000000
7234.9969945	7374.9850104	7374.9008398	-2.0000667	-2.0000667	0.0836521	0.2598074	0.1714341	0.0000000	0.0000000
7234.9969945	7369.9839616	7369.6803711	-2.0000667	-2.0000667	0.0879576	0.2617923	0.1725632	0.0000000	0.0000000
7234.9969945	7364.9846179	7364.8949414	-2.0000667	-2.0000667	0.0878673	0.2625728	0.1696702	0.0000000	0.0000000
7234.9969945	7359.9861795	7359.6744727	-2.0000667	-2.0000667	0.0934425	0.2628348	0.1716859	0.0000000	0.0000000
7234.9969945	7354.9814419	7354.8890430	-2.0000667	-2.0000667	0.0908849	0.2609038	0.1697377	0.0000000	0.0000000
7234.9969945	7349.9844428	7349.6991016	-2.0000667	-2.0000667	0.0974023	0.2623613	0.1703601	0.0000000	0.0000000
7234.9969945	7344.9830735	7344.9696387	-2.0000667	-2.0000667	0.1002693	0.2624746	0.1722714	0.0000000	0.0000000
7234.9969945	7339.9876760	7339.8102246	-2.0000667	-2.0000667	0.1014785	0.2616678	0.1683306	0.0000000	0.0000000
7234.9969945	7334.9876819	7334.6508105	-2.0000667	-2.0000667	0.1047990	0.2625923	0.1678386	0.0000000	0.0000000
7234.9969945	7329.9862695	7329.9213477	-2.0000667	-2.0000667	0.1102681	0.2620850	0.1723230	0.0000000	0.0000000
7234.9969945	7324.9878305	7324.7619336	-2.0000667	-2.0000667	0.1145676	0.2646172	0.1715447	0.0000000	0.0000000
7234.9969945	7319.9843762	7319.6025195	-2.0000667	-2.0000667	0.1178508	0.2633430	0.1712052	0.0000000	0.0000000
7234.9969945	7314.9856062	7314.8730566	-2.0000667	-2.0000667	0.1203857	0.2636584	0.1707227	0.0000000	0.0000000
7234.9969945	7309.9868361	7309.7136426	-2.0000667	-2.0000667	0.1222047	0.2618086	0.1723234	0.0000000	0.0000000
7234.9969945	7304.9821495	7304.6092822	-2.0000667	-2.0000667	0.1251833	0.2639071	0.1709392	0.0000000	0.0000000
7234.9969945	7299.9861565	7299.9348730	-2.0000667	-2.0000667	0.1231077	0.2647365	0.1685618	0.0000000	0.0000000
7234.9969945	7294.9795014	7294.8355176	-2.0000667	-2.0000667	0.1229319	0.2643242	0.1697440	0.0000000	0.0000000
7234.9969945	7289.9893932	7289.7361621	-2.0000667	-2.0000667	0.1293236	0.2629913	0.1716801	0.0000000	0.0000000
7234.9969945	7284.9854524	7284.6368066	-2.0000667	-2.0000667	0.1345758	0.2642261	0.1756121	0.0000000	0.0000000
7234.9969945	7279.9884279	7279.9623975	-2.0000667	-2.0000667	0.1310624	0.2624095	0.1734314	0.0000000	0.0000000
7234.9969945	7274.9837989	7274.8630420	-2.0000667	-2.0000667	0.1413340	0.2626337	0.1799700	0.0000000	0.0000000
7234.9969945	7269.9840093	7269.7636865	-2.0000667	-2.0000667	0.1430916	0.2602466	0.1827323	0.0000000	0.0000000
7234.9969945	7264.9876701	7264.6888672	-2.0000667	-2.0000667	0.1456821	0.2613202	0.1820159	0.0000000	0.0000000
7234.9969945	7259.9827583	7259.6483984	-2.0000667	-2.0000667	0.1516892	0.2622041	0.1827043	0.0000000	0.0000000
7234.9969945	7254.9850358	7254.6079297	-2.0000667	-2.0000667	0.1577454	0.2611965	0.1812396	0.0000000	0.0000000
7234.9969945	7249.9841501	7249.9875000	-2.0000667	-2.0000667	0.1594912	0.2608257	0.1837744	0.0000000	0.0000000
7234.9969945	7244.9832645	7244.9470313	-2.0000667	-2.0000667	0.1584286	0.2611558	0.1829431	0.0000000	0.0000000
7234.9969945	7239.9880707	7239.9065625	-2.0000667	-2.0000667	0.1594265	0.2629307	0.1763370	0.0000000	0.0000000
7234.9969945	7234.9861373	7234.8660938	-2.0000667	-2.0000667	0.1577698	0.2632908	0.1761927	0.0000000	0.0000000
7234.9969945	7229.9901764	7229.8256250	-2.0000667	-2.0000667	0.1600361	0.2629608	0.1783206	0.0000000	0.0000000
7234.9969945	7224.9908117	7224.7851563	-2.0000667	-2.0000667	0.1582316	0.2624702	0.1752065	0.0000000	0.0000000
7234.9969945	7219.9867826	7219.8026367	-2.0000667	-2.0000667	0.1580555	0.2629082	0.1748860	0.0000000	0.0000000
7234.9969945	7214.9856444	7214.8201172	-2.0000667	-2.0000667	0.1610664	0.2631073	0.1750985	0.0000000	0.0000000
7234.9969945	7209.9867265	7209.8375977	-2.0000667	-2.0000667	0.1608363	0.2632996	0.1777422	0.0000000	0.0000000
7234.9969945	7204.9856049	7204.8550781	-2.0000667	-2.0000667	0.1639827	0.2631031	0.1781731	0.0000000	0.0000000
7234.9969945	7199.9844833	7199.8725586	-2.0000667	-2.0000667	0.1637819	0.2639398	0.1782576	0.0000000	0.0000000
7234.9969945	7194.9864212	7194.8900391	-2.0000667	-2.0000667	0.1627051	0.2643247	0.1782635	0.0000000	0.0000000
7234.9969945	7189.9844123	7189.9075195	-2.0000667	-2.0000667	0.1626285	0.2638972	0.1771471	0.0000000	0.0000000
7234.9969945	7184.9857226	7184.9250000	-2.0000667	-2.0000667	0.1603015	0.2629323	0.1785371	0.0000000	0.0000000
7234.9969945	7179.9835760	7179.9804492	-2.0000667	-2.0000667	0.1536571	0.2639496	0.1771909	0.0000000	0.0000000
7234.9969945	7174.9804432	7174.6444189	-2.0000667	-2.0000667	0.1583721	0.2624668	0.1771842	0.0000000	0.0000000
7234.9969945	7169.9879856	7169.7188525	-2.0000667	-2.0000667	0.1568263	0.2619442	0.1739962	0.0000000	0.0000000
7234.9969945	7164.9884112	7164.7932861	-2.0000667	-2.0000667	0.1588933	0.2621324	0.1764205	0.0000000	0.0000000
7234.9969945	7159.9810081	7159.8677197	-2.0000667	-2.0000667	0.1583558	0.2609875	0.1788459	0.0000000	0.0000000
7234.9969945	7154.9859714	7154.9421533	-2.0000667	-2.0000667	0.1566304	0.2629885	0.1780887	0.0000000	0.0000000
7234.9969945	7149.9845143	7149.6061230	-2.0000667	-2.0000667	0.1567639	0.2622701	0.1776830	0.0000000	0.0000000
7234.9969945	7144.9847639	7144.6805566	-2.0000667	-2.0000667	0.1547787	0.2624636	0.1766107	0.0000000	0.0000000
7234.9969945	7139.9824934	7139.7829688	-2.0000667	-2.0000667	0.1521853	0.2634448	0.1781704	0.0000000	0.0000000
7234.9969945	7134.9864797	7134.9133594	-2.0000667	-2.0000667	0.1493623	0.2623453	0.1785342	0.0000000	0.0000000
7234.9969945	7129.9863643	7129.6379492	-2.0000667	-2.0000667	0.1464518	0.2620725	0.1791862	0.0000000	0.0000000
7234.9969945	7124.9850629	7124.7683398	-2.0000667	-2.0000667	0.1442156	0.2611382	0.1764873	0.0000000	0.0000000
7234.9969945	7119.9869188	7119.8987305	-2.0000667	-2.0000667	0.1418335	0.2617272	0.1782965	0.0000000	0.0000000
7234.9969945	7114.9824600	7114.6233203	-2.0000667	-2.0000667	0.1368843	0.2605358	0.1789611	0.0000000	0.0000000
7234.9969945	7109.9882914	7109.7537109	-2.0000667	-2.0000667	0.1329930	0.2621416	0.1799712	0.0000000	0.0000000
7234.9969945	7104.9825351	7104.8841016	-2.0000667	-2.0000667	0.1309561	0.2613928	0.1756045	0.0000000	0.0000000
7234.9969945	7099.9837702	7099.6316406	-2.0000667	-2.0000667	0.1312404	0.2613250	0.1712930	0.0000000	0.0000000
7234.9969945	7094.9817088	7094.8171094	-2.0000667	-2.0000667	0.1252305	0.2631960	0.1748152	0.0000000	0.0000000
7234.9969945	7089.9874198	7089.6013672	-2.0000667	-2.0000667	0.1257109	0.2622122	0.1723539	0.0000000	0.0000000
7234.9969945	7084.9855810	7084.7868359	-2.0000667	-2.0000667	0.1176681	0.2642783	0.1746829	0.0000000	0.0000000
7234.9969945	7079.9875171	7079.9723047	-2.0000667	-2.0000667	0.1171813	0.2631271	0.1707383	0.0000000	0.0000000
7234.9969945	7074.9849890	7074.7565625	-2.0000667	-2.0000667	0.1143331	0.2621279	0.1735107	0.0000000	0.0000000
7234.9969945	7069.9846289	7069.9420313	-2.0000667	-2.0000667	0.1118959	0.2609808	0.1749730	0.0000000	0.0000000
7234.9969945	7064.9842688	7064.7262891	-2.0000667	-2.0000667	0.1055719	0.2635247	0.1727518	0.0000000	0.0000000
7234.9969945	7059.9851958	7059.9297656	-2.0000667	-2.0000667	0.1021643	0.2631860	0.1736000	0.0000000	0.0000000
7234.9969945	7054.9845719	7054.7725488	-2.0000667	-2.0000667	0.0960396	0.2619233	0.1734016	0.0000000	0.0000000
7234.9969945	7049.9839480	7049.6153320	-2.0000667	-2.0000667	0.0967715	0.2605443	0.1720186	0.0000000	0.0000000
7234.9969945	7044.9806454	7044.8548242	-2.0000667	-2.0000667	0.0925022	0.2624431	0.1717968	0.0000000	0.0000000
7234.9969945	7039.9847173	7039.6976074	-2.0000667	-2.0000667	0.0875552	0.2623800	0.1712975	0.0000000	0.0000000
7234.9969945	7034.9854783	7034.9370996	-2.0000667	-2.0000667	0.0890885	0.2611870	0.1706835	0.0000000	0.0000000
7234.9969945	7029.9865333	7029.7798828	-2.0000667	-2.0000667	0.0822499	0.2616792	0.1697505	0.0000000	0.0000000
7234.9969945	7024.9842404	7024.6226660	-2.0000667	-2.0000667	0.0785468	0.2626975	0.1674885	0.0000000	0.0000000
7234.9969945	7019.9852022	7019.8843262	-2.0000667	-2.0000667	0.0758323	0.2631204	0.1631292	0.0000000	0.0000000
7234.9969945	7014.9894147	7014.7847461	-2.0000667	-2.0000667	0.0731746	0.2619685	0.1629794	0.0000000	0.0000000
7234.9969945	7009.9855214	7009.6851660	-2.0000667	-2.0000667	0.0695475	0.2623102	0.1667090	0.0000000	0.0000000
7234.9969945	7004.9816281	7004.9778613	-2.0000667	-2.0000667	0.0659971	0.2618618	0.1682876	0.0000000	0.0000000
7234.9969945	7000.0292969	6999.8782813	-2.0000667	-2.0000667	0.0614404	0.2622930	0.1706251	0.0000000	0.0000000
