7119.9947725	7499.9984178	7499.6820801	-2.0000667	-2.0000667	0.0085856	0.2826311	0.1572227	0.0000000	7120.0000000
7119.9947725	7494.9851784	7494.7226807	-2.0000667	-2.0000667	0.0102836	0.2832722	0.1599244	0.0000000	0.0000000
7119.9947725	7489.9851278	7489.7632813	-2.0000667	-2.0000667	0.0106505	0.2849132	0.1589211	0.0000000	0.0000000
7119.9947725	7484.9906544	7484.8038818	-2.0000667	-2.0000667	0.0082782	0.2851572	0.1469219	0.0000000	0.0000000
7119.9947725	7479.9905873	7479.8981445	-2.0000667	-2.0000667	0.0098325	0.2845498	0.1474269	0.0000000	0.0000000
7119.9947725	7474.9849184	7474.9977734	-2.0000667	-2.0000667	0.0118997	0.2837753	0.1563857	0.0000000	0.0000000
7119.9947725	7469.9919479	7469.6519141	-2.0000667	-2.0000667	0.0081527	0.2865544	0.1450752	0.0000000	0.0000000
7119.9947725	7464.9852369	7464.7515430	-2.0000667	-2.0000667	0.0083523	0.2870796	0.1335670	0.0000000	0.0000000
7119.9947725	7459.9830834	7459.8511719	-2.0000667	-2.0000667	0.0169240	0.2851562	0.1516002	0.0000000	0.0000000
7119.9947725	7454.9866531	7454.9508008	-2.0000667	-2.0000667	0.0150107	0.2861375	0.1507831	0.0000000	0.0000000
7119.9947725	7449.9849944	7449.6049414	-2.0000667	-2.0000667	0.0126798	0.2873143	0.1418069	0.0000000	0.0000000
7119.9947725	7444.9852800	7444.7045703	-2.0000667	-2.0000667	0.0109141	0.2845851	0.1356897	0.0000000	0.0000000
7119.9947725	7439.9825665	7439.8041992	-2.0000667	-2.0000667	0.0115303	0.2855607	0.1347228	0.0000000	0.0000000
7119.9947725	7434.9828522	7434.9618359	-2.0000667	-2.0000667	0.0120903	0.2861332	0.1382766	0.0000000	0.0000000
7119.9947725	7429.9848914	7429.6792578	-2.0000667	-2.0000667	0.0110690	0.2848580	0.1341566	0.0000000	0.0000000
7119.9947725	7424.9898229	7424.8368945	-2.0000667	-2.0000667	0.0158182	0.2840930	0.1395115	0.0000000	0.0000000
7119.9947725	7419.9832450	7419.9945313	-2.0000667	-2.0000667	0.0206168	0.2826631	0.1502229	0.0000000	0.0000000
7119.9947725	7414.9852991	7414.7119531	-2.0000667	-2.0000667	0.0250898	0.2849496	0.1468331	0.0000000	0.0000000
7119.9947725	7409.9893015	7409.8695898	-2.0000667	-2.0000667	0.0264032	0.2830620	0.1431945	0.0000000	0.0000000
7119.9947725	7404.9880524	7404.5870117	-2.0000667	-2.0000667	0.0173630	0.2850822	0.1265913	0.0000000	0.0000000
7119.9947725	7399.9868032	7399.7446484	-2.0000667	-2.0000667	0.0218718	0.2873525	0.1328738	0.0000000	0.0000000
7119.9947725	7394.9884007	7394.9126367	-2.0000667	-2.0000667	0.0204180	0.2856649	0.1332174	0.0000000	0.0000000
7119.9947725	7389.9873611	7389.6921680	-2.0000667	-2.0000667	0.0252949	0.2839646	0.1360952	0.0000000	0.0000000
7119.9947725	7384.9891170	7384.9067383	-2.0000667	-2.0000667	0.0272094	0.2845028	0.1431904	0.0000000	0.0000000
7119.9947725	7379.9860592	7379.6862695	-2.0000667	-2.0000667	0.0301438	0.2852957	0.1307872	0.0000000	0.0000000
7119.9947725	7374.9850104	7374.9008398	-2.0000667	-2.0000667	0.0239315	0.2872091	0.1242358	0.0000000	0.0000000
7119.9947725	7369.9839616	7369.6803711	-2.0000667	-2.0000667	0.0259272	0.2857627	0.1220895	0.0000000	0.0000000
7119.9947725	7364.9814683	7364.8949414	-2.0000667	-2.0000667	0.0385554	0.2854718	0.1362836	0.0000000	0.0000000
7119.9947725	7359.9861795	7359.6744727	-2.0000667	-2.0000667	0.0381644	0.2849073	0.1306073	0.0000000	0.0000000
7119.9947725	7354.9814419	7354.8890430	-2.0000667	-2.0000667	0.0414351	0.2844181	0.1424406	0.0000000	0.0000000
7119.9947725	7349.9814569	7349.6991016	-2.0000667	-2.0000667	0.0516246	0.2825165	0.1444565	0.0000000	0.0000000
7119.9947725	7344.9830735	7344.9696387	-2.0000667	-2.0000667	0.0456051	0.2853525	0.1380848	0.0000000	0.0000000
7119.9947725	7339.9876760	7339.8102246	-2.0000667	-2.0000667	0.0583798	0.2847369	0.1445170	0.0000000	0.0000000
7119.9947725	7334.9876819	7334.6508105	-2.0000667	-2.0000667	0.0647246	0.2860381	0.1407256	0.0000000	0.0000000
7119.9947725	7329.9862695	7329.9213477	-2.0000667	-2.0000667	0.0736359	0.2816769	0.1518933	0.0000000	0.0000000
7119.9947725	7324.9848570	7324.7619336	-2.0000667	-2.0000667	0.0646951	0.2840421	0.1554973	0.0000000	0.0000000
7119.9947725	7319.9843762	7319.6025195	-2.0000667	-2.0000667	0.0679893	0.2845930	0.1490996	0.0000000	0.0000000
7119.9947725	7314.9856062	7314.8730566	-2.0000667	-2.0000667	0.0610664	0.2840795	0.1369261	0.0000000	0.0000000
7119.9947725	7309.9868361	7309.7136426	-2.0000667	-2.0000667	0.0585580	0.2855164	0.1332030	0.0000000	0.0000000
7119.9947725	7304.9850290	7304.6092822	-2.0000667	-2.0000667	0.0807117	0.2839204	0.1438375	0.0000000	0.0000000
7119.9947725	7299.9861565	7299.9348730	-2.0000667	-2.0000667	0.0750582	0.2839596	0.1353669	0.0000000	0.0000000
7119.9947725	7294.9795014	7294.8355176	-2.0000667	-2.0000667	0.0908647	0.2846140	0.1459309	0.0000000	0.0000000
7119.9947725	7289.9824769	7289.7361621	-2.0000667	-2.0000667	0.1029670	0.2838687	0.1518020	0.0000000	0.0000000
7119.9947725	7284.9854524	7284.6368066	-2.0000667	-2.0000667	0.1098704	0.2854274	0.1518167	0.0000000	0.0000000
7119.9947725	7279.9849698	7279.9623975	-2.0000667	-2.0000667	0.0815955	0.2843629	0.1364559	0.0000000	0.0000000
7119.9947725	7274.9837989	7274.8630420	-2.0000667	-2.0000667	0.0807484	0.2850181	0.1332053	0.0000000	0.0000000
7119.9947725	7269.9840093	7269.7636865	-2.0000667	-2.0000667	0.0916611	0.2839506	0.1396337	0.0000000	0.0000000
7119.9947725	7264.9842196	7264.6888672	-2.0000667	-2.0000667	0.0996304	0.2846733	0.1421658	0.0000000	0.0000000
7119.9947725	7259.9859215	7259.6483984	-2.0000667	-2.0000667	0.1184906	0.2851619	0.1450479	0.0000000	0.0000000
7119.9947725	7254.9818727	7254.6079297	-2.0000667	-2.0000667	0.1221201	0.2839633	0.1554142	0.0000000	0.0000000
7119.9947725	7249.9904764	7249.9875000	-2.0000667	-2.0000667	0.1107106	0.2850723	0.1439747	0.0000000	0.0000000
7119.9947725	7244.9832645	7244.9470313	-2.0000667	-2.0000667	0.1285760	0.2841229	0.1416833	0.0000000	0.0000000
7119.9947725	7239.9850844	7239.9065625	-2.0000667	-2.0000667	0.1218319	0.2837041	0.1413954	0.0000000	0.0000000
7119.9947725	7234.9891235	7234.8660938	-2.0000667	-2.0000667	0.1290817	0.2835098	0.1416820	0.0000000	0.0000000
7119.9947725	7229.9871902	7229.8256250	-2.0000667	-2.0000667	0.1462697	0.2836428	0.1497020	0.0000000	0.0000000
7119.9947725	7224.9850300	7224.7851563	-2.0000667	-2.0000667	0.1724912	0.2824149	0.1525961	0.0000000	0.0000000
7119.9947725	7219.9838918	7219.8026367	-2.0000667	-2.0000667	0.1436804	0.2834227	0.1485029	0.0000000	0.0000000
7119.9947725	7214.9827535	7214.8201172	-2.0000667	-2.0000667	0.1745914	0.2816759	0.1524032	0.0000000	0.0000000
7119.9947725	7209.9834979	7209.8375977	-2.0000667	-2.0000667	0.1676448	0.2822499	0.1518143	0.0000000	0.0000000
7119.9947725	7204.9823763	7204.8550781	-2.0000667	-2.0000667	0.1845985	0.2813512	0.1479130	0.0000000	0.0000000
7119.9947725	7199.9844833	7199.8725586	-2.0000667	-2.0000667	0.1648783	0.2841654	0.1421189	0.0000000	0.0000000
7119.9947725	7194.9864212	7194.8900391	-2.0000667	-2.0000667	0.1618597	0.2855282	0.1391166	0.0000000	0.0000000
7119.9947725	7189.9810932	7189.9075195	-2.0000667	-2.0000667	0.1568364	0.2847950	0.1415082	0.0000000	0.0000000
7119.9947725	7184.9857226	7184.9250000	-2.0000667	-2.0000667	0.1637521	0.2847491	0.1460552	0.0000000	0.0000000
7119.9947725	7179.9835760	7179.9804492	-2.0000667	-2.0000667	0.1776005	0.2833412	0.1506193	0.0000000	0.0000000
7119.9947725	7174.9804432	7174.6444189	-2.0000667	-2.0000667	0.1835692	0.2833801	0.1509880	0.0000000	0.0000000
7119.9947725	7169.9844272	7169.7188525	-2.0000667	-2.0000667	0.1618772	0.2850657	0.1400281	0.0000000	0.0000000
7119.9947725	7164.9848528	7164.7932861	-2.0000667	-2.0000667	0.1711268	0.2829890	0.1432406	0.0000000	0.0000000
7119.9947725	7159.9810081	7159.8677197	-2.0000667	-2.0000667	0.2162151	0.2828813	0.1539207	0.0000000	0.0000000
7119.9947725	7154.9827612	7154.9421533	-2.0000667	-2.0000667	0.1995253	0.2840382	0.1470942	0.0000000	0.0000000
7119.9947725	7149.9813041	7149.6061230	-2.0000667	-2.0000667	0.1957646	0.2858083	0.1462871	0.0000000	0.0000000
7119.9947725	7144.9847639	7144.6805566	-2.0000667	-2.0000667	0.2038837	0.2843730	0.1445758	0.0000000	0.0000000
7119.9947725	7139.9824934	7139.7829688	-2.0000667	-2.0000667	0.2216313	0.2854388	0.1435563	0.0000000	0.0000000
7119.9947725	7134.9864797	7134.9133594	-2.0000667	-2.0000667	0.2109493	0.2855951	0.1427651	0.0000000	0.0000000
7119.9947725	7129.9832069	7129.6379492	-2.0000667	-2.0000667	0.2207128	0.2828097	0.1510321	0.0000000	0.0000000
7119.9947725	7124.9850629	7124.7683398	-2.0000667	-2.0000667	0.2094286	0.2854193	0.1442047	0.0000000	0.0000000
7119.9947725	7119.9869188	7119.8987305	-2.0000667	-2.0000667	0.2166681	0.2845347	0.1420205	0.0000000	0.0000000
7119.9947725	7114.9824600	7114.6233203	-2.0000667	-2.0000667	0.2192628	0.2851584	0.1433623	0.0000000	0.0000000
7119.9947725	7109.9847957	7109.7537109	-2.0000667	-2.0000667	0.2319291	0.2838025	0.1479795	0.0000000	0.0000000
7119.9947725	7104.9825351	7104.8841016	-2.0000667	-2.0000667	0.2448281	0.2832584	0.1567711	0.0000000	0.0000000
7119.9947725	7099.9837702	7099.6316406	-2.0000667	-2.0000667	0.2374414	0.2853715	0.1502037	0.0000000	0.0000000
7119.9947725	7094.9817088	7094.8171094	-2.0000667	-2.0000667	0.2378364	0.2877863	0.1475671	0.0000000	0.0000000
7119.9947725	7089.9798699	7089.6013672	-2.0000667	-2.0000667	0.2328063	0.2848096	0.1455974	0.0000000	0.0000000
7119.9947725	7084.9818060	7084.7868359	-2.0000667	-2.0000667	0.2231255	0.2850145	0.1497438	0.0000000	0.0000000
7119.9947725	7079.9837421	7079.9723047	-2.0000667	-2.0000667	0.2337808	0.2851982	0.1479218	0.0000000	0.0000000
7119.9947725	7074.9849890	7074.7565625	-2.0000667	-2.0000667	0.2217596	0.2858356	0.1428248	0.0000000	0.0000000
7119.9947725	7069.9846289	7069.9420313	-2.0000667	-2.0000667	0.2177159	0.2834713	0.1433126	0.0000000	0.0000000
7119.9947725	7064.9806401	7064.7262891	-2.0000667	-2.0000667	0.2239561	0.2841592	0.1451292	0.0000000	0.0000000
7119.9947725	7059.9851958	7059.9297656	-2.0000667	-2.0000667	0.2256678	0.2846738	0.1417805	0.0000000	0.0000000
7119.9947725	7054.9813035	7054.7725488	-2.0000667	-2.0000667	0.2370033	0.2850857	0.1439554	0.0000000	0.0000000
7119.9947725	7049.9839480	7049.6153320	-2.0000667	-2.0000667	0.2255724	0.2855341	0.1475741	0.0000000	0.0000000
7119.9947725	7044.9839562	7044.8548242	-2.0000667	-2.0000667	0.2144656	0.2849656	0.1449548	0.0000000	0.0000000
7119.9947725	7039.9880280	7039.6976074	-2.0000667	-2.0000667	0.2287968	0.2832428	0.1430980	0.0000000	0.0000000
7119.9947725	7034.9854783	7034.9370996	-2.0000667	-2.0000667	0.2078872	0.2845111	0.1367358	0.0000000	0.0000000
7119.9947725	7029.9897879	7029.7798828	-2.0000667	-2.0000667	0.1967009	0.2830325	0.1370460	0.0000000	0.0000000
7119.9947725	7024.9842404	7024.6226660	-2.0000667	-2.0000667	0.2067844	0.2850020	0.1422418	0.0000000	0.0000000
7119.9947725	7019.9852022	7019.8843262	-2.0000667	-2.0000667	0.2010454	0.2853292	0.1467089	0.0000000	0.0000000
7119.9947725	7014.9861162	7014.7847461	-2.0000667	-2.0000667	0.1793143	0.2856052	0.1334078	0.0000000	0.0000000
7119.9947725	7009.9855214	7009.6851660	-2.0000667	-2.0000667	0.1967379	0.2828339	0.1471748	0.0000000	0.0000000
7119.9947725	7004.9816281	7004.9778613	-2.0000667	-2.0000667	0.1901844	0.2858827	0.1428197	0.0000000	0.0000000
7119.9947725	7000.0292969	6999.8782813	-2.0000667	-2.0000667	0.1739258	0.2861323	0.1430128	0.0000000	0.0000000
