7489.9948578	7499.9984178	7499.6820801	-2.0000667	-2.0000667	0.0045858	0.2600758	0.1626194	0.0000000	7490.0000000
7489.9948578	7494.9851784	7494.7226807	-2.0000667	-2.0000667	0.0039469	0.2600359	0.1658729	0.0000000	0.0000000
7489.9948578	7489.9879164	7489.7632813	-2.0000667	-2.0000667	0.0056704	0.2614584	0.1623478	0.0000000	0.0000000
7489.9948578	7484.9878658	7484.8038818	-2.0000667	-2.0000667	0.0042236	0.2602463	0.1640497	0.0000000	0.0000000
7489.9948578	7479.9905873	7479.8981445	-2.0000667	-2.0000667	0.0044460	0.2596987	0.1641753	0.0000000	0.0000000
7489.9948578	7474.9849184	7474.9977734	-2.0000667	-2.0000667	0.0036538	0.2607795	0.1650914	0.0000000	0.0000000
7489.9948578	7469.9919479	7469.6519141	-2.0000667	-2.0000667	0.0032095	0.2608552	0.1640979	0.0000000	0.0000000
7489.9948578	7464.9852369	7464.7515430	-2.0000667	-2.0000667	0.0018131	0.2598889	0.1634559	0.0000000	0.0000000
7489.9948578	7459.9830834	7459.8511719	-2.0000667	-2.0000667	0.0039200	0.2608063	0.1670582	0.0000000	0.0000000
7489.9948578	7454.9866531	7454.9508008	-2.0000667	-2.0000667	0.0210095	0.2603802	0.1675858	0.0000000	0.0000000
7489.9948578	7449.9879936	7449.6049414	-2.0000667	-2.0000667	0.0040635	0.2593792	0.1675065	0.0000000	0.0000000
7489.9948578	7444.9852800	7444.7045703	-2.0000667	-2.0000667	0.0055699	0.2599536	0.1709327	0.0000000	0.0000000
7489.9948578	7439.9855657	7439.8041992	-2.0000667	-2.0000667	0.0029424	0.2616201	0.1686843	0.0000000	0.0000000
7489.9948578	7434.9858514	7434.9618359	-2.0000667	-2.0000667	0.0038687	0.2600481	0.1682559	0.0000000	0.0000000
7489.9948578	7429.9906461	7429.6792578	-2.0000667	-2.0000667	0.0037606	0.2618322	0.1688843	0.0000000	0.0000000
7489.9948578	7424.9869456	7424.8368945	-2.0000667	-2.0000667	0.0060862	0.2605707	0.1731014	0.0000000	0.0000000
7489.9948578	7419.9861223	7419.9945313	-2.0000667	-2.0000667	0.0079387	0.2594587	0.1686827	0.0000000	0.0000000
7489.9948578	7414.9852991	7414.7119531	-2.0000667	-2.0000667	0.0057810	0.2595959	0.1699202	0.0000000	0.0000000
7489.9948578	7409.9893015	7409.8695898	-2.0000667	-2.0000667	0.0036652	0.2592416	0.1671423	0.0000000	0.0000000
7489.9948578	7404.9880524	7404.5870117	-2.0000667	-2.0000667	0.0065360	0.2589481	0.1701073	0.0000000	0.0000000
7489.9948578	7399.9868032	7399.7446484	-2.0000667	-2.0000667	0.0053806	0.2611852	0.1692229	0.0000000	0.0000000
7489.9948578	7394.9856052	7394.9126367	-2.0000667	-2.0000667	0.0050291	0.2604614	0.1671637	0.0000000	0.0000000
7489.9948578	7389.9873611	7389.6921680	-2.0000667	-2.0000667	0.0063411	0.2587766	0.1701581	0.0000000	0.0000000
7489.9948578	7384.9891170	7384.9067383	-2.0000667	-2.0000667	0.0056122	0.2599263	0.1686101	0.0000000	0.0000000
7489.9948578	7379.9891067	7379.6862695	-2.0000667	-2.0000667	0.0071022	0.2611438	0.1711285	0.0000000	0.0000000
7489.9948578	7374.9850104	7374.9008398	-2.0000667	-2.0000667	0.0051714	0.2597432	0.1742695	0.0000000	0.0000000
7489.9948578	7369.9870092	7369.6803711	-2.0000667	-2.0000667	0.0047101	0.2606584	0.1707097	0.0000000	0.0000000
7489.9948578	7364.9846179	7364.8949414	-2.0000667	-2.0000667	0.0081052	0.2601533	0.1747024	0.0000000	0.0000000
7489.9948578	7359.9861795	7359.6744727	-2.0000667	-2.0000667	0.0097672	0.2601555	0.1744646	0.0000000	0.0000000
7489.9948578	7354.9814419	7354.8890430	-2.0000667	-2.0000667	0.0127103	0.2582959	0.1766914	0.0000000	0.0000000
7489.9948578	7349.9844428	7349.6991016	-2.0000667	-2.0000667	0.0070570	0.2589009	0.1775095	0.0000000	0.0000000
7489.9948578	7344.9830735	7344.9696387	-2.0000667	-2.0000667	0.0084990	0.2608684	0.1753419	0.0000000	0.0000000
7489.9948578	7339.9876760	7339.8102246	-2.0000667	-2.0000667	0.0076584	0.2593020	0.1769047	0.0000000	0.0000000
7489.9948578	7334.9906554	7334.6508105	-2.0000667	-2.0000667	0.0108516	0.2591244	0.1767828	0.0000000	0.0000000
7489.9948578	7329.9862695	7329.9213477	-2.0000667	-2.0000667	0.0081752	0.2598411	0.1787140	0.0000000	0.0000000
7489.9948578	7324.9878305	7324.7619336	-2.0000667	-2.0000667	0.0096813	0.2597329	0.1762413	0.0000000	0.0000000
7489.9948578	7319.9871533	7319.6025195	-2.0000667	-2.0000667	0.0139813	0.2590774	0.1793070	0.0000000	0.0000000
7489.9948578	7314.9856062	7314.8730566	-2.0000667	-2.0000667	0.0106550	0.2602814	0.1794707	0.0000000	0.0000000
7489.9948578	7309.9840590	7309.7136426	-2.0000667	-2.0000667	0.0082616	0.2604904	0.1817577	0.0000000	0.0000000
7489.9948578	7304.9850290	7304.6092822	-2.0000667	-2.0000667	0.0101571	0.2602859	0.1774163	0.0000000	0.0000000
7489.9948578	7299.9861565	7299.9348730	-2.0000667	-2.0000667	0.0076907	0.2613518	0.1780488	0.0000000	0.0000000
7489.9948578	7294.9829595	7294.8355176	-2.0000667	-2.0000667	0.0104661	0.2603724	0.1791522	0.0000000	0.0000000
7489.9948578	7289.9859351	7289.7361621	-2.0000667	-2.0000667	0.0103651	0.2606089	0.1795514	0.0000000	0.0000000
7489.9948578	7284.9854524	7284.6368066	-2.0000667	-2.0000667	0.0110975	0.2600770	0.1786925	0.0000000	0.0000000
7489.9948578	7279.9849698	7279.9623975	-2.0000667	-2.0000667	0.0103796	0.2606002	0.1802544	0.0000000	0.0000000
7489.9948578	7274.9837989	7274.8630420	-2.0000667	-2.0000667	0.0107631	0.2589785	0.1808197	0.0000000	0.0000000
7489.9948578	7269.9840093	7269.7636865	-2.0000667	-2.0000667	0.0233778	0.2591427	0.1829821	0.0000000	0.0000000
7489.9948578	7264.9876701	7264.6888672	-2.0000667	-2.0000667	0.0121716	0.2592819	0.1819890	0.0000000	0.0000000
7489.9948578	7259.9859215	7259.6483984	-2.0000667	-2.0000667	0.0130250	0.2590605	0.1827673	0.0000000	0.0000000
7489.9948578	7254.9850358	7254.6079297	-2.0000667	-2.0000667	0.0104244	0.2607347	0.1812826	0.0000000	0.0000000
7489.9948578	7249.9904764	7249.9875000	-2.0000667	-2.0000667	0.0109785	0.2578750	0.1820966	0.0000000	0.0000000
7489.9948578	7244.9864276	7244.9470313	-2.0000667	-2.0000667	0.0111200	0.2609993	0.1836010	0.0000000	0.0000000
7489.9948578	7239.9850844	7239.9065625	-2.0000667	-2.0000667	0.0150104	0.2605317	0.1806387	0.0000000	0.0000000
7489.9948578	7234.9891235	7234.8660938	-2.0000667	-2.0000667	0.0114900	0.2603317	0.1824410	0.0000000	0.0000000
7489.9948578	7229.9871902	7229.8256250	-2.0000667	-2.0000667	0.0116024	0.2589246	0.1834034	0.0000000	0.0000000
7489.9948578	7224.9850300	7224.7851563	-2.0000667	-2.0000667	0.0107651	0.2606042	0.1813879	0.0000000	0.0000000
7489.9948578	7219.9867826	7219.8026367	-2.0000667	-2.0000667	0.0100317	0.2611360	0.1823359	0.0000000	0.0000000
7489.9948578	7214.9856444	7214.8201172	-2.0000667	-2.0000667	0.0115248	0.2606722	0.1827524	0.0000000	0.0000000
7489.9948578	7209.9867265	7209.8375977	-2.0000667	-2.0000667	0.0137754	0.2583325	0.1832169	0.0000000	0.0000000
7489.9948578	7204.9856049	7204.8550781	-2.0000667	-2.0000667	0.0122715	0.2602187	0.1842637	0.0000000	0.0000000
7489.9948578	7199.9844833	7199.8725586	-2.0000667	-2.0000667	0.0140337	0.2601611	0.1848724	0.0000000	0.0000000
7489.9948578	7194.9897404	7194.8900391	-2.0000667	-2.0000667	0.0096401	0.2619675	0.1841897	0.0000000	0.0000000
7489.9948578	7189.9844123	7189.9075195	-2.0000667	-2.0000667	0.0115502	0.2600254	0.1839601	0.0000000	0.0000000
7489.9948578	7184.9890418	7184.9250000	-2.0000667	-2.0000667	0.0266896	0.2564601	0.1863429	0.0000000	0.0000000
7489.9948578	7179.9835760	7179.9804492	-2.0000667	-2.0000667	0.0118608	0.2595826	0.1873333	0.0000000	0.0000000
7489.9948578	7174.9875601	7174.6444189	-2.0000667	-2.0000667	0.0093127	0.2592709	0.1865272	0.0000000	0.0000000
7489.9948578	7169.9879856	7169.7188525	-2.0000667	-2.0000667	0.0124865	0.2596398	0.1837748	0.0000000	0.0000000
7489.9948578	7164.9848528	7164.7932861	-2.0000667	-2.0000667	0.0088344	0.2597444	0.1870432	0.0000000	0.0000000
7489.9948578	7159.9874285	7159.8677197	-2.0000667	-2.0000667	0.0086389	0.2602552	0.1877765	0.0000000	0.0000000
7489.9948578	7154.9859714	7154.9421533	-2.0000667	-2.0000667	0.0093596	0.2601815	0.1855653	0.0000000	0.0000000
7489.9948578	7149.9845143	7149.6061230	-2.0000667	-2.0000667	0.0080919	0.2591672	0.1893231	0.0000000	0.0000000
7489.9948578	7144.9847639	7144.6805566	-2.0000667	-2.0000667	0.0084266	0.2603917	0.1869415	0.0000000	0.0000000
7489.9948578	7139.9824934	7139.7829688	-2.0000667	-2.0000667	0.0084464	0.2598220	0.1881438	0.0000000	0.0000000
7489.9948578	7134.9864797	7134.9133594	-2.0000667	-2.0000667	0.0071027	0.2604061	0.1889943	0.0000000	0.0000000
7489.9948578	7129.9832069	7129.6379492	-2.0000667	-2.0000667	0.0086842	0.2599615	0.1890383	0.0000000	0.0000000
7489.9948578	7124.9882202	7124.7683398	-2.0000667	-2.0000667	0.0070398	0.2597528	0.1891130	0.0000000	0.0000000
7489.9948578	7119.9869188	7119.8987305	-2.0000667	-2.0000667	0.0067362	0.2603969	0.1885555	0.0000000	0.0000000
7489.9948578	7114.9856174	7114.6233203	-2.0000667	-2.0000667	0.0061068	0.2605592	0.1886263	0.0000000	0.0000000
7489.9948578	7109.9847957	7109.7537109	-2.0000667	-2.0000667	0.0067786	0.2590383	0.1902336	0.0000000	0.0000000
7489.9948578	7104.9825351	7104.8841016	-2.0000667	-2.0000667	0.0080623	0.2598689	0.1884823	0.0000000	0.0000000
7489.9948578	7099.9872658	7099.6316406	-2.0000667	-2.0000667	0.0070880	0.2604974	0.1904257	0.0000000	0.0000000
7489.9948578	7094.9817088	7094.8171094	-2.0000667	-2.0000667	0.0062290	0.2602939	0.1908704	0.0000000	0.0000000
7489.9948578	7089.9874198	7089.6013672	-2.0000667	-2.0000667	0.0057531	0.2600072	0.1881357	0.0000000	0.0000000
7489.9948578	7084.9855810	7084.7868359	-2.0000667	-2.0000667	0.0049646	0.2598727	0.1882069	0.0000000	0.0000000
7489.9948578	7079.9875171	7079.9723047	-2.0000667	-2.0000667	0.0056628	0.2600723	0.1888960	0.0000000	0.0000000
7489.9948578	7074.9849890	7074.7565625	-2.0000667	-2.0000667	0.0051049	0.2592937	0.1891978	0.0000000	0.0000000
7489.9948578	7069.9846289	7069.9420313	-2.0000667	-2.0000667	0.0046967	0.2610253	0.1872795	0.0000000	0.0000000
7489.9948578	7064.9842688	7064.7262891	-2.0000667	-2.0000667	0.0039456	0.2604299	0.1885294	0.0000000	0.0000000
7489.9948578	7059.9884642	7059.9297656	-2.0000667	-2.0000667	0.0040515	0.2587002	0.1917886	0.0000000	0.0000000
7489.9948578	7054.9878403	7054.7725488	-2.0000667	-2.0000667	0.0038580	0.2607556	0.1895350	0.0000000	0.0000000
7489.9948578	7049.9872164	7049.6153320	-2.0000667	-2.0000667	0.0032134	0.2596517	0.1881779	0.0000000	0.0000000
7489.9948578	7044.9839562	7044.8548242	-2.0000667	-2.0000667	0.0031464	0.2583882	0.1942877	0.0000000	0.0000000
7489.9948578	7039.9880280	7039.6976074	-2.0000667	-2.0000667	0.0036670	0.2588051	0.1909541	0.0000000	0.0000000
7489.9948578	7034.9887891	7034.9370996	-2.0000667	-2.0000667	0.0030844	0.2604557	0.1908998	0.0000000	0.0000000
7489.9948578	7029.9865333	7029.7798828	-2.0000667	-2.0000667	0.0076187	0.2602214	0.1878439	0.0000000	0.0000000
7489.9948578	7024.9874950	7024.6226660	-2.0000667	-2.0000667	0.0026555	0.2592349	0.1901378	0.0000000	0.0000000
7489.9948578	7019.9884567	7019.8843262	-2.0000667	-2.0000667	0.0025643	0.2606010	0.1892550	0.0000000	0.0000000
7489.9948578	7014.9861162	7014.7847461	-2.0000667	-2.0000667	0.0024768	0.2608097	0.1904435	0.0000000	0.0000000
7489.9948578	7009.9888200	7009.6851660	-2.0000667	-2.0000667	0.0027754	0.2595227	0.1923516	0.0000000	0.0000000
7489.9948578	7004.9816281	7004.9778613	-2.0000667	-2.0000667	0.0021448	0.2600701	0.1925703	0.0000000	0.0000000
7489.9948578	7000.0292969	6999.8782813	-2.0000667	-2.0000667	0.0022756	0.2600049	0.1902118	0.0000000	0.0000000
