7414.9933416	7499.9984178	7499.6820801	-2.0000667	-2.0000667	0.0103270	0.2650581	0.1616840	0.0000000	7415.0000000
7414.9933416	7494.9907557	7494.7226807	-2.0000667	-2.0000667	0.0306458	0.2653334	0.1613663	0.0000000	0.0000000
7414.9933416	7489.9879164	7489.7632813	-2.0000667	-2.0000667	0.0091757	0.2647853	0.1607439	0.0000000	0.0000000
7414.9933416	7484.9878658	7484.8038818	-2.0000667	-2.0000667	0.0095071	0.2658257	0.1633270	0.0000000	0.0000000
7414.9933416	7479.9905873	7479.8981445	-2.0000667	-2.0000667	0.0123663	0.2659313	0.1635447	0.0000000	0.0000000
7414.9933416	7474.9849184	7474.9977734	-2.0000667	-2.0000667	0.0116863	0.2654849	0.1629777	0.0000000	0.0000000
7414.9933416	7469.9894082	7469.6519141	-2.0000667	-2.0000667	0.0098993	0.2651897	0.1626881	0.0000000	0.0000000
7414.9933416	7464.9852369	7464.7515430	-2.0000667	-2.0000667	0.0104121	0.2652667	0.1620968	0.0000000	0.0000000
7414.9933416	7459.9859450	7459.8511719	-2.0000667	-2.0000667	0.0106545	0.2653579	0.1605754	0.0000000	0.0000000
7414.9933416	7454.9895148	7454.9508008	-2.0000667	-2.0000667	0.0117784	0.2666145	0.1631285	0.0000000	0.0000000
7414.9933416	7449.9909928	7449.6049414	-2.0000667	-2.0000667	0.0120865	0.2648483	0.1625005	0.0000000	0.0000000
7414.9933416	7444.9852800	7444.7045703	-2.0000667	-2.0000667	0.0138923	0.2658304	0.1662504	0.0000000	0.0000000
7414.9933416	7439.9825665	7439.8041992	-2.0000667	-2.0000667	0.0146667	0.2665270	0.1670114	0.0000000	0.0000000
7414.9933416	7434.9858514	7434.9618359	-2.0000667	-2.0000667	0.0173518	0.2645704	0.1668573	0.0000000	0.0000000
7414.9933416	7429.9877688	7429.6792578	-2.0000667	-2.0000667	0.0196166	0.2647416	0.1653495	0.0000000	0.0000000
7414.9933416	7424.9898229	7424.8368945	-2.0000667	-2.0000667	0.0171992	0.2637819	0.1652242	0.0000000	0.0000000
7414.9933416	7419.9889997	7419.9945313	-2.0000667	-2.0000667	0.0186061	0.2625134	0.1634883	0.0000000	0.0000000
7414.9933416	7414.9852991	7414.7119531	-2.0000667	-2.0000667	0.0204631	0.2646016	0.1649814	0.0000000	0.0000000
7414.9933416	7409.9918034	7409.8695898	-2.0000667	-2.0000667	0.0216288	0.2647572	0.1675927	0.0000000	0.0000000
7414.9933416	7404.9855505	7404.5870117	-2.0000667	-2.0000667	0.0201752	0.2636909	0.1666722	0.0000000	0.0000000
7414.9933416	7399.9868032	7399.7446484	-2.0000667	-2.0000667	0.0195420	0.2645515	0.1651832	0.0000000	0.0000000
7414.9933416	7394.9884007	7394.9126367	-2.0000667	-2.0000667	0.0183264	0.2649617	0.1649572	0.0000000	0.0000000
7414.9933416	7389.9873611	7389.6921680	-2.0000667	-2.0000667	0.0199983	0.2644916	0.1650853	0.0000000	0.0000000
7414.9933416	7384.9891170	7384.9067383	-2.0000667	-2.0000667	0.0202690	0.2641729	0.1656383	0.0000000	0.0000000
7414.9933416	7379.9860592	7379.6862695	-2.0000667	-2.0000667	0.0229264	0.2655272	0.1658678	0.0000000	0.0000000
7414.9933416	7374.9850104	7374.9008398	-2.0000667	-2.0000667	0.0225205	0.2655531	0.1665304	0.0000000	0.0000000
7414.9933416	7369.9839616	7369.6803711	-2.0000667	-2.0000667	0.0272208	0.2657435	0.1675978	0.0000000	0.0000000
7414.9933416	7364.9814683	7364.8949414	-2.0000667	-2.0000667	0.0273469	0.2651521	0.1687133	0.0000000	0.0000000
7414.9933416	7359.9893291	7359.6744727	-2.0000667	-2.0000667	0.0257770	0.2655745	0.1695070	0.0000000	0.0000000
7414.9933416	7354.9845915	7354.8890430	-2.0000667	-2.0000667	0.0278165	0.2654368	0.1698809	0.0000000	0.0000000
7414.9933416	7349.9844428	7349.6991016	-2.0000667	-2.0000667	0.0314596	0.2654424	0.1699379	0.0000000	0.0000000
7414.9933416	7344.9860594	7344.9696387	-2.0000667	-2.0000667	0.0289232	0.2646129	0.1706569	0.0000000	0.0000000
7414.9933416	7339.9876760	7339.8102246	-2.0000667	-2.0000667	0.0294247	0.2654009	0.1697904	0.0000000	0.0000000
7414.9933416	7334.9876819	7334.6508105	-2.0000667	-2.0000667	0.0301621	0.2640322	0.1713988	0.0000000	0.0000000
7414.9933416	7329.9862695	7329.9213477	-2.0000667	-2.0000667	0.0308606	0.2653458	0.1701907	0.0000000	0.0000000
7414.9933416	7324.9878305	7324.7619336	-2.0000667	-2.0000667	0.0305704	0.2656990	0.1720166	0.0000000	0.0000000
7414.9933416	7319.9843762	7319.6025195	-2.0000667	-2.0000667	0.0288291	0.2654252	0.1717319	0.0000000	0.0000000
7414.9933416	7314.9856062	7314.8730566	-2.0000667	-2.0000667	0.0343394	0.2655990	0.1724403	0.0000000	0.0000000
7414.9933416	7309.9896132	7309.7136426	-2.0000667	-2.0000667	0.0343387	0.2655568	0.1732650	0.0000000	0.0000000
7414.9933416	7304.9879085	7304.6092822	-2.0000667	-2.0000667	0.0312557	0.2658568	0.1711824	0.0000000	0.0000000
7414.9933416	7299.9890361	7299.9348730	-2.0000667	-2.0000667	0.0366731	0.2640555	0.1728043	0.0000000	0.0000000
7414.9933416	7294.9829595	7294.8355176	-2.0000667	-2.0000667	0.0362515	0.2649788	0.1749479	0.0000000	0.0000000
7414.9933416	7289.9859351	7289.7361621	-2.0000667	-2.0000667	0.0306541	0.2654841	0.1745485	0.0000000	0.0000000
7414.9933416	7284.9854524	7284.6368066	-2.0000667	-2.0000667	0.0297056	0.2648573	0.1757208	0.0000000	0.0000000
7414.9933416	7279.9884279	7279.9623975	-2.0000667	-2.0000667	0.0334657	0.2651775	0.1808495	0.0000000	0.0000000
7414.9933416	7274.9837989	7274.8630420	-2.0000667	-2.0000667	0.0351696	0.2650653	0.1780321	0.0000000	0.0000000
7414.9933416	7269.9874598	7269.7636865	-2.0000667	-2.0000667	0.0358854	0.2641281	0.1762426	0.0000000	0.0000000
7414.9933416	7264.9876701	7264.6888672	-2.0000667	-2.0000667	0.0339672	0.2653079	0.1774907	0.0000000	0.0000000
7414.9933416	7259.9859215	7259.6483984	-2.0000667	-2.0000667	0.0384336	0.2646301	0.1798906	0.0000000	0.0000000
7414.9933416	7254.9850358	7254.6079297	-2.0000667	-2.0000667	0.0330885	0.2647037	0.1803137	0.0000000	0.0000000
7414.9933416	7249.9873132	7249.9875000	-2.0000667	-2.0000667	0.0332792	0.2653356	0.1798208	0.0000000	0.0000000
7414.9933416	7244.9832645	7244.9470313	-2.0000667	-2.0000667	0.0366493	0.2643698	0.1763062	0.0000000	0.0000000
7414.9933416	7239.9850844	7239.9065625	-2.0000667	-2.0000667	0.0342236	0.2647863	0.1769875	0.0000000	0.0000000
7414.9933416	7234.9891235	7234.8660938	-2.0000667	-2.0000667	0.0369091	0.2657927	0.1802778	0.0000000	0.0000000
7414.9933416	7229.9901764	7229.8256250	-2.0000667	-2.0000667	0.0334376	0.2660724	0.1801644	0.0000000	0.0000000
7414.9933416	7224.9937025	7224.7851563	-2.0000667	-2.0000667	0.0337926	0.2658115	0.1804070	0.0000000	0.0000000
7414.9933416	7219.9867826	7219.8026367	-2.0000667	-2.0000667	0.0325538	0.2657164	0.1798892	0.0000000	0.0000000
7414.9933416	7214.9885352	7214.8201172	-2.0000667	-2.0000667	0.0339192	0.2640195	0.1802572	0.0000000	0.0000000
7414.9933416	7209.9867265	7209.8375977	-2.0000667	-2.0000667	0.0327733	0.2642094	0.1789657	0.0000000	0.0000000
7414.9933416	7204.9823763	7204.8550781	-2.0000667	-2.0000667	0.0320787	0.2651251	0.1804700	0.0000000	0.0000000
7414.9933416	7199.9844833	7199.8725586	-2.0000667	-2.0000667	0.0301553	0.2645983	0.1809542	0.0000000	0.0000000
7414.9933416	7194.9864212	7194.8900391	-2.0000667	-2.0000667	0.0295331	0.2651285	0.1826115	0.0000000	0.0000000
7414.9933416	7189.9844123	7189.9075195	-2.0000667	-2.0000667	0.0301233	0.2646620	0.1843015	0.0000000	0.0000000
7414.9933416	7184.9857226	7184.9250000	-2.0000667	-2.0000667	0.0448392	0.2645043	0.1808905	0.0000000	0.0000000
7414.9933416	7179.9835760	7179.9804492	-2.0000667	-2.0000667	0.0262098	0.2650310	0.1828383	0.0000000	0.0000000
7414.9933416	7174.9840016	7174.6444189	-2.0000667	-2.0000667	0.0238983	0.2644420	0.1820916	0.0000000	0.0000000
7414.9933416	7169.9879856	7169.7188525	-2.0000667	-2.0000667	0.0241267	0.2651743	0.1820168	0.0000000	0.0000000
7414.9933416	7164.9884112	7164.7932861	-2.0000667	-2.0000667	0.0228401	0.2653380	0.1837117	0.0000000	0.0000000
7414.9933416	7159.9842183	7159.8677197	-2.0000667	-2.0000667	0.0213396	0.2643718	0.1832749	0.0000000	0.0000000
7414.9933416	7154.9859714	7154.9421533	-2.0000667	-2.0000667	0.0220095	0.2647742	0.1863495	0.0000000	0.0000000
7414.9933416	7149.9845143	7149.6061230	-2.0000667	-2.0000667	0.0197153	0.2636208	0.1851832	0.0000000	0.0000000
7414.9933416	7144.9847639	7144.6805566	-2.0000667	-2.0000667	0.0180461	0.2652031	0.1857246	0.0000000	0.0000000
7414.9933416	7139.9856218	7139.7829688	-2.0000667	-2.0000667	0.0165131	0.2656350	0.1858845	0.0000000	0.0000000
7414.9933416	7134.9864797	7134.9133594	-2.0000667	-2.0000667	0.0154921	0.2657751	0.1857156	0.0000000	0.0000000
7414.9933416	7129.9863643	7129.6379492	-2.0000667	-2.0000667	0.0159088	0.2652500	0.1863357	0.0000000	0.0000000
7414.9933416	7124.9850629	7124.7683398	-2.0000667	-2.0000667	0.0159426	0.2642749	0.1829994	0.0000000	0.0000000
7414.9933416	7119.9869188	7119.8987305	-2.0000667	-2.0000667	0.0136108	0.2649281	0.1854110	0.0000000	0.0000000
7414.9933416	7114.9856174	7114.6233203	-2.0000667	-2.0000667	0.0143328	0.2653500	0.1834991	0.0000000	0.0000000
7414.9933416	7109.9882914	7109.7537109	-2.0000667	-2.0000667	0.0132207	0.2647271	0.1853259	0.0000000	0.0000000
7414.9933416	7104.9825351	7104.8841016	-2.0000667	-2.0000667	0.0125447	0.2645408	0.1846108	0.0000000	0.0000000
7414.9933416	7099.9872658	7099.6316406	-2.0000667	-2.0000667	0.0119407	0.2642820	0.1851544	0.0000000	0.0000000
7414.9933416	7094.9854837	7094.8171094	-2.0000667	-2.0000667	0.0115588	0.2649001	0.1845574	0.0000000	0.0000000
7414.9933416	7089.9874198	7089.6013672	-2.0000667	-2.0000667	0.0100560	0.2657468	0.1850774	0.0000000	0.0000000
7414.9933416	7084.9855810	7084.7868359	-2.0000667	-2.0000667	0.0104264	0.2659583	0.1872100	0.0000000	0.0000000
7414.9933416	7079.9875171	7079.9723047	-2.0000667	-2.0000667	0.0092205	0.2644551	0.1837551	0.0000000	0.0000000
7414.9933416	7074.9922464	7074.7565625	-2.0000667	-2.0000667	0.0086525	0.2650856	0.1837802	0.0000000	0.0000000
7414.9933416	7069.9846289	7069.9420313	-2.0000667	-2.0000667	0.0081188	0.2659337	0.1848462	0.0000000	0.0000000
7414.9933416	7064.9878975	7064.7262891	-2.0000667	-2.0000667	0.0064025	0.2661016	0.1860005	0.0000000	0.0000000
7414.9933416	7059.9851958	7059.9297656	-2.0000667	-2.0000667	0.0063374	0.2652428	0.1862617	0.0000000	0.0000000
7414.9933416	7054.9845719	7054.7725488	-2.0000667	-2.0000667	0.0058340	0.2647667	0.1859563	0.0000000	0.0000000
7414.9933416	7049.9872164	7049.6153320	-2.0000667	-2.0000667	0.0059661	0.2649989	0.1870929	0.0000000	0.0000000
7414.9933416	7044.9806454	7044.8548242	-2.0000667	-2.0000667	0.0056115	0.2653274	0.1858436	0.0000000	0.0000000
7414.9933416	7039.9847173	7039.6976074	-2.0000667	-2.0000667	0.0045718	0.2652607	0.1883898	0.0000000	0.0000000
7414.9933416	7034.9887891	7034.9370996	-2.0000667	-2.0000667	0.0044117	0.2653329	0.1891191	0.0000000	0.0000000
7414.9933416	7029.9865333	7029.7798828	-2.0000667	-2.0000667	0.0037996	0.2655504	0.1897574	0.0000000	0.0000000
7414.9933416	7024.9842404	7024.6226660	-2.0000667	-2.0000667	0.0035177	0.2653542	0.1880194	0.0000000	0.0000000
7414.9933416	7019.9852022	7019.8843262	-2.0000667	-2.0000667	0.0034972	0.2649834	0.1888494	0.0000000	0.0000000
7414.9933416	7014.9894147	7014.7847461	-2.0000667	-2.0000667	0.0033251	0.2630933	0.1893900	0.0000000	0.0000000
7414.9933416	7009.9855214	7009.6851660	-2.0000667	-2.0000667	0.0025754	0.2647343	0.1894825	0.0000000	0.0000000
7414.9933416	7004.9816281	7004.9778613	-2.0000667	-2.0000667	0.0025702	0.2652974	0.1890082	0.0000000	0.0000000
7414.9933416	7000.0292969	6999.8782813	-2.0000667	-2.0000667	0.0023833	0.2663627	0.1898186	0.0000000	0.0000000
