7139.9977441	7500.0038573	7499.6820801	-2.0000667	-2.0000667	0.0100228	0.2795878	0.1596326	0.0000000	7140.0000000
7139.9977441	7494.9935444	7494.7226807	-2.0000667	-2.0000667	0.0105201	0.2799567	0.1634318	0.0000000	0.0000000
7139.9977441	7489.9851278	7489.7632813	-2.0000667	-2.0000667	0.0152289	0.2780190	0.1730171	0.0000000	0.0000000
7139.9977441	7484.9878658	7484.8038818	-2.0000667	-2.0000667	0.0134735	0.2771826	0.1675923	0.0000000	0.0000000
7139.9977441	7479.9880476	7479.8981445	-2.0000667	-2.0000667	0.0132375	0.2809281	0.1618641	0.0000000	0.0000000
7139.9977441	7474.9849184	7474.9977734	-2.0000667	-2.0000667	0.0092015	0.2811158	0.1496509	0.0000000	0.0000000
7139.9977441	7469.9919479	7469.6519141	-2.0000667	-2.0000667	0.0131648	0.2801646	0.1600474	0.0000000	0.0000000
7139.9977441	7464.9880985	7464.7515430	-2.0000667	-2.0000667	0.0145736	0.2800541	0.1586843	0.0000000	0.0000000
7139.9977441	7459.9888066	7459.8511719	-2.0000667	-2.0000667	0.0147915	0.2805707	0.1548318	0.0000000	0.0000000
7139.9977441	7454.9866531	7454.9508008	-2.0000667	-2.0000667	0.0133004	0.2824579	0.1517518	0.0000000	0.0000000
7139.9977441	7449.9849944	7449.6049414	-2.0000667	-2.0000667	0.0155245	0.2826930	0.1511080	0.0000000	0.0000000
7139.9977441	7444.9822808	7444.7045703	-2.0000667	-2.0000667	0.0178956	0.2813994	0.1547593	0.0000000	0.0000000
7139.9977441	7439.9795673	7439.8041992	-2.0000667	-2.0000667	0.0220454	0.2796274	0.1612896	0.0000000	0.0000000
7139.9977441	7434.9828522	7434.9618359	-2.0000667	-2.0000667	0.0240798	0.2806715	0.1608446	0.0000000	0.0000000
7139.9977441	7429.9848914	7429.6792578	-2.0000667	-2.0000667	0.0252377	0.2811179	0.1599380	0.0000000	0.0000000
7139.9977441	7424.9840682	7424.8368945	-2.0000667	-2.0000667	0.0274316	0.2830396	0.1561733	0.0000000	0.0000000
7139.9977441	7419.9832450	7419.9945313	-2.0000667	-2.0000667	0.0211737	0.2802898	0.1468940	0.0000000	0.0000000
7139.9977441	7414.9852991	7414.7119531	-2.0000667	-2.0000667	0.0267747	0.2803778	0.1520825	0.0000000	0.0000000
7139.9977441	7409.9893015	7409.8695898	-2.0000667	-2.0000667	0.0328511	0.2805647	0.1558754	0.0000000	0.0000000
7139.9977441	7404.9855505	7404.5870117	-2.0000667	-2.0000667	0.0390256	0.2810226	0.1604888	0.0000000	0.0000000
7139.9977441	7399.9868032	7399.7446484	-2.0000667	-2.0000667	0.0366110	0.2800211	0.1562113	0.0000000	0.0000000
7139.9977441	7394.9856052	7394.9126367	-2.0000667	-2.0000667	0.0342072	0.2792223	0.1535649	0.0000000	0.0000000
7139.9977441	7389.9873611	7389.6921680	-2.0000667	-2.0000667	0.0328479	0.2792500	0.1452343	0.0000000	0.0000000
7139.9977441	7384.9891170	7384.9067383	-2.0000667	-2.0000667	0.0418423	0.2805599	0.1564904	0.0000000	0.0000000
7139.9977441	7379.9830116	7379.6862695	-2.0000667	-2.0000667	0.0422700	0.2806189	0.1498441	0.0000000	0.0000000
7139.9977441	7374.9850104	7374.9008398	-2.0000667	-2.0000667	0.0456682	0.2815718	0.1510662	0.0000000	0.0000000
7139.9977441	7369.9839616	7369.6803711	-2.0000667	-2.0000667	0.0492598	0.2801776	0.1521271	0.0000000	0.0000000
7139.9977441	7364.9814683	7364.8949414	-2.0000667	-2.0000667	0.0467314	0.2783451	0.1509884	0.0000000	0.0000000
7139.9977441	7359.9861795	7359.6744727	-2.0000667	-2.0000667	0.0542660	0.2769988	0.1541846	0.0000000	0.0000000
7139.9977441	7354.9845915	7354.8890430	-2.0000667	-2.0000667	0.0487511	0.2800487	0.1449912	0.0000000	0.0000000
7139.9977441	7349.9844428	7349.6991016	-2.0000667	-2.0000667	0.0528031	0.2830605	0.1415476	0.0000000	0.0000000
7139.9977441	7344.9830735	7344.9696387	-2.0000667	-2.0000667	0.0585952	0.2820071	0.1480594	0.0000000	0.0000000
7139.9977441	7339.9876760	7339.8102246	-2.0000667	-2.0000667	0.0548463	0.2803326	0.1400986	0.0000000	0.0000000
7139.9977441	7334.9876819	7334.6508105	-2.0000667	-2.0000667	0.0725804	0.2801660	0.1469401	0.0000000	0.0000000
7139.9977441	7329.9862695	7329.9213477	-2.0000667	-2.0000667	0.0751357	0.2804114	0.1514302	0.0000000	0.0000000
7139.9977441	7324.9878305	7324.7619336	-2.0000667	-2.0000667	0.0891055	0.2802936	0.1617190	0.0000000	0.0000000
7139.9977441	7319.9843762	7319.6025195	-2.0000667	-2.0000667	0.0780287	0.2788304	0.1495850	0.0000000	0.0000000
7139.9977441	7314.9856062	7314.8730566	-2.0000667	-2.0000667	0.0831174	0.2802321	0.1485779	0.0000000	0.0000000
7139.9977441	7309.9896132	7309.7136426	-2.0000667	-2.0000667	0.0888705	0.2779337	0.1507538	0.0000000	0.0000000
7139.9977441	7304.9850290	7304.6092822	-2.0000667	-2.0000667	0.0932125	0.2809994	0.1479376	0.0000000	0.0000000
7139.9977441	7299.9861565	7299.9348730	-2.0000667	-2.0000667	0.0943533	0.2812469	0.1506866	0.0000000	0.0000000
7139.9977441	7294.9795014	7294.8355176	-2.0000667	-2.0000667	0.1108917	0.2807148	0.1611326	0.0000000	0.0000000
7139.9977441	7289.9824769	7289.7361621	-2.0000667	-2.0000667	0.1185992	0.2802333	0.1585199	0.0000000	0.0000000
7139.9977441	7284.9854524	7284.6368066	-2.0000667	-2.0000667	0.1266057	0.2831479	0.1556058	0.0000000	0.0000000
7139.9977441	7279.9884279	7279.9623975	-2.0000667	-2.0000667	0.1154829	0.2817054	0.1526166	0.0000000	0.0000000
7139.9977441	7274.9837989	7274.8630420	-2.0000667	-2.0000667	0.1245369	0.2803287	0.1563226	0.0000000	0.0000000
7139.9977441	7269.9840093	7269.7636865	-2.0000667	-2.0000667	0.1288011	0.2784698	0.1524901	0.0000000	0.0000000
7139.9977441	7264.9842196	7264.6888672	-2.0000667	-2.0000667	0.1452535	0.2804684	0.1598448	0.0000000	0.0000000
7139.9977441	7259.9827583	7259.6483984	-2.0000667	-2.0000667	0.1385242	0.2777386	0.1576677	0.0000000	0.0000000
7139.9977441	7254.9818727	7254.6079297	-2.0000667	-2.0000667	0.1492783	0.2808340	0.1564662	0.0000000	0.0000000
7139.9977441	7249.9841501	7249.9875000	-2.0000667	-2.0000667	0.1580396	0.2799468	0.1569182	0.0000000	0.0000000
7139.9977441	7244.9832645	7244.9470313	-2.0000667	-2.0000667	0.1556846	0.2816354	0.1514055	0.0000000	0.0000000
7139.9977441	7239.9820982	7239.9065625	-2.0000667	-2.0000667	0.1529165	0.2793870	0.1485381	0.0000000	0.0000000
7139.9977441	7234.9861373	7234.8660938	-2.0000667	-2.0000667	0.1653510	0.2810912	0.1492507	0.0000000	0.0000000
7139.9977441	7229.9901764	7229.8256250	-2.0000667	-2.0000667	0.1733004	0.2812559	0.1477585	0.0000000	0.0000000
7139.9977441	7224.9908117	7224.7851563	-2.0000667	-2.0000667	0.1878104	0.2810844	0.1582090	0.0000000	0.0000000
7139.9977441	7219.9838918	7219.8026367	-2.0000667	-2.0000667	0.1760334	0.2821129	0.1517174	0.0000000	0.0000000
7139.9977441	7214.9856444	7214.8201172	-2.0000667	-2.0000667	0.1717203	0.2796257	0.1524674	0.0000000	0.0000000
7139.9977441	7209.9834979	7209.8375977	-2.0000667	-2.0000667	0.1981665	0.2813453	0.1558647	0.0000000	0.0000000
7139.9977441	7204.9856049	7204.8550781	-2.0000667	-2.0000667	0.1983120	0.2806901	0.1558722	0.0000000	0.0000000
7139.9977441	7199.9844833	7199.8725586	-2.0000667	-2.0000667	0.1835452	0.2799054	0.1482517	0.0000000	0.0000000
7139.9977441	7194.9864212	7194.8900391	-2.0000667	-2.0000667	0.1854830	0.2818184	0.1458497	0.0000000	0.0000000
7139.9977441	7189.9844123	7189.9075195	-2.0000667	-2.0000667	0.1815688	0.2811617	0.1432992	0.0000000	0.0000000
7139.9977441	7184.9857226	7184.9250000	-2.0000667	-2.0000667	0.1899742	0.2822386	0.1454497	0.0000000	0.0000000
7139.9977441	7179.9835760	7179.9804492	-2.0000667	-2.0000667	0.1912217	0.2816622	0.1488837	0.0000000	0.0000000
7139.9977441	7174.9804432	7174.6444189	-2.0000667	-2.0000667	0.1901349	0.2800704	0.1452196	0.0000000	0.0000000
7139.9977441	7169.9844272	7169.7188525	-2.0000667	-2.0000667	0.1908796	0.2825715	0.1422051	0.0000000	0.0000000
7139.9977441	7164.9848528	7164.7932861	-2.0000667	-2.0000667	0.1781245	0.2822559	0.1329022	0.0000000	0.0000000
7139.9977441	7159.9842183	7159.8677197	-2.0000667	-2.0000667	0.2069751	0.2794106	0.1433530	0.0000000	0.0000000
7139.9977441	7154.9859714	7154.9421533	-2.0000667	-2.0000667	0.2259147	0.2777589	0.1549048	0.0000000	0.0000000
7139.9977441	7149.9845143	7149.6061230	-2.0000667	-2.0000667	0.2455713	0.2787091	0.1604401	0.0000000	0.0000000
7139.9977441	7144.9847639	7144.6805566	-2.0000667	-2.0000667	0.2222593	0.2811470	0.1451277	0.0000000	0.0000000
7139.9977441	7139.9824934	7139.7829688	-2.0000667	-2.0000667	0.2094415	0.2825554	0.1379448	0.0000000	0.0000000
7139.9977441	7134.9864797	7134.9133594	-2.0000667	-2.0000667	0.2070607	0.2811362	0.1395527	0.0000000	0.0000000
7139.9977441	7129.9832069	7129.6379492	-2.0000667	-2.0000667	0.2253651	0.2815115	0.1443789	0.0000000	0.0000000
7139.9977441	7124.9819055	7124.7683398	-2.0000667	-2.0000667	0.2175231	0.2823020	0.1399663	0.0000000	0.0000000
7139.9977441	7119.9837614	7119.8987305	-2.0000667	-2.0000667	0.2228845	0.2817125	0.1422723	0.0000000	0.0000000
7139.9977441	7114.9824600	7114.6233203	-2.0000667	-2.0000667	0.2331475	0.2811338	0.1473466	0.0000000	0.0000000
7139.9977441	7109.9882914	7109.7537109	-2.0000667	-2.0000667	0.2402882	0.2830214	0.1453651	0.0000000	0.0000000
7139.9977441	7104.9825351	7104.8841016	-2.0000667	-2.0000667	0.2585789	0.2802810	0.1563979	0.0000000	0.0000000
7139.9977441	7099.9837702	7099.6316406	-2.0000667	-2.0000667	0.2599689	0.2791494	0.1566097	0.0000000	0.0000000
7139.9977441	7094.9817088	7094.8171094	-2.0000667	-2.0000667	0.2474832	0.2767628	0.1525559	0.0000000	0.0000000
7139.9977441	7089.9836449	7089.6013672	-2.0000667	-2.0000667	0.2491104	0.2783428	0.1532196	0.0000000	0.0000000
7139.9977441	7084.9818060	7084.7868359	-2.0000667	-2.0000667	0.2426082	0.2804290	0.1491990	0.0000000	0.0000000
7139.9977441	7079.9875171	7079.9723047	-2.0000667	-2.0000667	0.2250516	0.2813698	0.1433129	0.0000000	0.0000000
7139.9977441	7074.9849890	7074.7565625	-2.0000667	-2.0000667	0.2230045	0.2800005	0.1432094	0.0000000	0.0000000
7139.9977441	7069.9846289	7069.9420313	-2.0000667	-2.0000667	0.2340609	0.2807107	0.1491255	0.0000000	0.0000000
7139.9977441	7064.9806401	7064.7262891	-2.0000667	-2.0000667	0.2151415	0.2812275	0.1411023	0.0000000	0.0000000
7139.9977441	7059.9851958	7059.9297656	-2.0000667	-2.0000667	0.2099855	0.2820634	0.1385510	0.0000000	0.0000000
7139.9977441	7054.9813035	7054.7725488	-2.0000667	-2.0000667	0.2144744	0.2808408	0.1431675	0.0000000	0.0000000
7139.9977441	7049.9839480	7049.6153320	-2.0000667	-2.0000667	0.2200372	0.2789915	0.1480490	0.0000000	0.0000000
7139.9977441	7044.9806454	7044.8548242	-2.0000667	-2.0000667	0.2038723	0.2819894	0.1407224	0.0000000	0.0000000
7139.9977441	7039.9847173	7039.6976074	-2.0000667	-2.0000667	0.2094537	0.2810891	0.1455226	0.0000000	0.0000000
7139.9977441	7034.9821676	7034.9370996	-2.0000667	-2.0000667	0.2020309	0.2823779	0.1429110	0.0000000	0.0000000
7139.9977441	7029.9865333	7029.7798828	-2.0000667	-2.0000667	0.2006755	0.2823700	0.1422555	0.0000000	0.0000000
7139.9977441	7024.9842404	7024.6226660	-2.0000667	-2.0000667	0.2044669	0.2802516	0.1485935	0.0000000	0.0000000
7139.9977441	7019.9852022	7019.8843262	-2.0000667	-2.0000667	0.1913190	0.2823770	0.1446639	0.0000000	0.0000000
7139.9977441	7014.9894147	7014.7847461	-2.0000667	-2.0000667	0.1974296	0.2813683	0.1515413	0.0000000	0.0000000
7139.9977441	7009.9855214	7009.6851660	-2.0000667	-2.0000667	0.1912340	0.2812346	0.1516471	0.0000000	0.0000000
7139.9977441	7004.9816281	7004.9778613	-2.0000667	-2.0000667	0.1835251	0.2798423	0.1513152	0.0000000	0.0000000
7139.9977441	7000.0292969	6999.8782813	-2.0000667	-2.0000667	0.1752017	0.2803954	0.1513556	0.0000000	0.0000000
