7384.9950712	7499.9984178	7499.6820801	-2.0000667	-2.0000667	0.0214805	0.2624989	0.1603403	0.0000000	7385.0000000
7384.9950712	7494.9907557	7494.7226807	-2.0000667	-2.0000667	0.0252913	0.2643708	0.1641245	0.0000000	0.0000000
7384.9950712	7489.9851278	7489.7632813	-2.0000667	-2.0000667	0.0224451	0.2643564	0.1633408	0.0000000	0.0000000
7384.9950712	7484.9906544	7484.8038818	-2.0000667	-2.0000667	0.0264253	0.2649109	0.1629904	0.0000000	0.0000000
7384.9950712	7479.9931269	7479.8981445	-2.0000667	-2.0000667	0.0275077	0.2622881	0.1625103	0.0000000	0.0000000
7384.9950712	7474.9899978	7474.9977734	-2.0000667	-2.0000667	0.0291940	0.2642437	0.1668615	0.0000000	0.0000000
7384.9950712	7469.9919479	7469.6519141	-2.0000667	-2.0000667	0.0298079	0.2652452	0.1636141	0.0000000	0.0000000
7384.9950712	7464.9880985	7464.7515430	-2.0000667	-2.0000667	0.0324520	0.2642709	0.1614517	0.0000000	0.0000000
7384.9950712	7459.9916683	7459.8511719	-2.0000667	-2.0000667	0.0323876	0.2652422	0.1636388	0.0000000	0.0000000
7384.9950712	7454.9866531	7454.9508008	-2.0000667	-2.0000667	0.0339000	0.2624551	0.1649805	0.0000000	0.0000000
7384.9950712	7449.9849944	7449.6049414	-2.0000667	-2.0000667	0.0358588	0.2649857	0.1641249	0.0000000	0.0000000
7384.9950712	7444.9822808	7444.7045703	-2.0000667	-2.0000667	0.0376488	0.2636414	0.1646882	0.0000000	0.0000000
7384.9950712	7439.9795673	7439.8041992	-2.0000667	-2.0000667	0.0390613	0.2640576	0.1661915	0.0000000	0.0000000
7384.9950712	7434.9828522	7434.9618359	-2.0000667	-2.0000667	0.0389877	0.2613083	0.1663134	0.0000000	0.0000000
7384.9950712	7429.9906461	7429.6792578	-2.0000667	-2.0000667	0.0422090	0.2626031	0.1690159	0.0000000	0.0000000
7384.9950712	7424.9898229	7424.8368945	-2.0000667	-2.0000667	0.0447458	0.2650870	0.1700986	0.0000000	0.0000000
7384.9950712	7419.9889997	7419.9945313	-2.0000667	-2.0000667	0.0429899	0.2650432	0.1713424	0.0000000	0.0000000
7384.9950712	7414.9852991	7414.7119531	-2.0000667	-2.0000667	0.0470986	0.2643969	0.1690612	0.0000000	0.0000000
7384.9950712	7409.9918034	7409.8695898	-2.0000667	-2.0000667	0.0490649	0.2656619	0.1698375	0.0000000	0.0000000
7384.9950712	7404.9905542	7404.5870117	-2.0000667	-2.0000667	0.0446254	0.2653705	0.1691239	0.0000000	0.0000000
7384.9950712	7399.9868032	7399.7446484	-2.0000667	-2.0000667	0.0432140	0.2649689	0.1671211	0.0000000	0.0000000
7384.9950712	7394.9856052	7394.9126367	-2.0000667	-2.0000667	0.0467245	0.2646610	0.1678185	0.0000000	0.0000000
7384.9950712	7389.9845657	7389.6921680	-2.0000667	-2.0000667	0.0509882	0.2625720	0.1688710	0.0000000	0.0000000
7384.9950712	7384.9891170	7384.9067383	-2.0000667	-2.0000667	0.0514515	0.2653827	0.1711331	0.0000000	0.0000000
7384.9950712	7379.9891067	7379.6862695	-2.0000667	-2.0000667	0.0558323	0.2650386	0.1712427	0.0000000	0.0000000
7384.9950712	7374.9850104	7374.9008398	-2.0000667	-2.0000667	0.0527456	0.2656841	0.1725750	0.0000000	0.0000000
7384.9950712	7369.9839616	7369.6803711	-2.0000667	-2.0000667	0.0490386	0.2638550	0.1731075	0.0000000	0.0000000
7384.9950712	7364.9814683	7364.8949414	-2.0000667	-2.0000667	0.0562568	0.2643481	0.1723737	0.0000000	0.0000000
7384.9950712	7359.9861795	7359.6744727	-2.0000667	-2.0000667	0.0565050	0.2640973	0.1711755	0.0000000	0.0000000
7384.9950712	7354.9814419	7354.8890430	-2.0000667	-2.0000667	0.0641958	0.2656710	0.1772950	0.0000000	0.0000000
7384.9950712	7349.9844428	7349.6991016	-2.0000667	-2.0000667	0.0589122	0.2648160	0.1745439	0.0000000	0.0000000
7384.9950712	7344.9830735	7344.9696387	-2.0000667	-2.0000667	0.0635193	0.2651799	0.1781738	0.0000000	0.0000000
7384.9950712	7339.9876760	7339.8102246	-2.0000667	-2.0000667	0.0647141	0.2652402	0.1795087	0.0000000	0.0000000
7384.9950712	7334.9876819	7334.6508105	-2.0000667	-2.0000667	0.0652344	0.2647848	0.1767761	0.0000000	0.0000000
7384.9950712	7329.9862695	7329.9213477	-2.0000667	-2.0000667	0.0656964	0.2653239	0.1805220	0.0000000	0.0000000
7384.9950712	7324.9878305	7324.7619336	-2.0000667	-2.0000667	0.0634276	0.2646061	0.1807201	0.0000000	0.0000000
7384.9950712	7319.9843762	7319.6025195	-2.0000667	-2.0000667	0.0716505	0.2646366	0.1800221	0.0000000	0.0000000
7384.9950712	7314.9856062	7314.8730566	-2.0000667	-2.0000667	0.0655380	0.2646179	0.1780441	0.0000000	0.0000000
7384.9950712	7309.9868361	7309.7136426	-2.0000667	-2.0000667	0.0634888	0.2642773	0.1804097	0.0000000	0.0000000
7384.9950712	7304.9879085	7304.6092822	-2.0000667	-2.0000667	0.0590610	0.2665424	0.1863580	0.0000000	0.0000000
7384.9950712	7299.9861565	7299.9348730	-2.0000667	-2.0000667	0.0621693	0.2629932	0.1833713	0.0000000	0.0000000
7384.9950712	7294.9829595	7294.8355176	-2.0000667	-2.0000667	0.0654459	0.2643236	0.1853381	0.0000000	0.0000000
7384.9950712	7289.9859351	7289.7361621	-2.0000667	-2.0000667	0.0653437	0.2647449	0.1884038	0.0000000	0.0000000
7384.9950712	7284.9854524	7284.6368066	-2.0000667	-2.0000667	0.0650651	0.2641239	0.1861831	0.0000000	0.0000000
7384.9950712	7279.9884279	7279.9623975	-2.0000667	-2.0000667	0.0632175	0.2638142	0.1885070	0.0000000	0.0000000
7384.9950712	7274.9837989	7274.8630420	-2.0000667	-2.0000667	0.0641239	0.2649331	0.1879648	0.0000000	0.0000000
7384.9950712	7269.9874598	7269.7636865	-2.0000667	-2.0000667	0.0634668	0.2634658	0.1885210	0.0000000	0.0000000
7384.9950712	7264.9876701	7264.6888672	-2.0000667	-2.0000667	0.0644302	0.2641228	0.1880243	0.0000000	0.0000000
7384.9950712	7259.9827583	7259.6483984	-2.0000667	-2.0000667	0.0647064	0.2653301	0.1919100	0.0000000	0.0000000
7384.9950712	7254.9850358	7254.6079297	-2.0000667	-2.0000667	0.0619130	0.2655287	0.1899355	0.0000000	0.0000000
7384.9950712	7249.9841501	7249.9875000	-2.0000667	-2.0000667	0.0630886	0.2643951	0.1892494	0.0000000	0.0000000
7384.9950712	7244.9864276	7244.9470313	-2.0000667	-2.0000667	0.0615695	0.2658447	0.1909816	0.0000000	0.0000000
7384.9950712	7239.9820982	7239.9065625	-2.0000667	-2.0000667	0.0623517	0.2652313	0.1900946	0.0000000	0.0000000
7384.9950712	7234.9891235	7234.8660938	-2.0000667	-2.0000667	0.0595721	0.2652638	0.1900186	0.0000000	0.0000000
7384.9950712	7229.9901764	7229.8256250	-2.0000667	-2.0000667	0.0616688	0.2645610	0.1916168	0.0000000	0.0000000
7384.9950712	7224.9850300	7224.7851563	-2.0000667	-2.0000667	0.0592991	0.2643358	0.1921255	0.0000000	0.0000000
7384.9950712	7219.9867826	7219.8026367	-2.0000667	-2.0000667	0.0609796	0.2635056	0.1892397	0.0000000	0.0000000
7384.9950712	7214.9885352	7214.8201172	-2.0000667	-2.0000667	0.0593931	0.2636475	0.1926857	0.0000000	0.0000000
7384.9950712	7209.9867265	7209.8375977	-2.0000667	-2.0000667	0.0581121	0.2629833	0.1893903	0.0000000	0.0000000
7384.9950712	7204.9856049	7204.8550781	-2.0000667	-2.0000667	0.0564718	0.2642301	0.1897549	0.0000000	0.0000000
7384.9950712	7199.9844833	7199.8725586	-2.0000667	-2.0000667	0.0563782	0.2651342	0.1937506	0.0000000	0.0000000
7384.9950712	7194.9864212	7194.8900391	-2.0000667	-2.0000667	0.0545698	0.2663243	0.1943221	0.0000000	0.0000000
7384.9950712	7189.9844123	7189.9075195	-2.0000667	-2.0000667	0.0533088	0.2654657	0.1943544	0.0000000	0.0000000
7384.9950712	7184.9890418	7184.9250000	-2.0000667	-2.0000667	0.0533005	0.2662714	0.1927350	0.0000000	0.0000000
7384.9950712	7179.9871345	7179.9804492	-2.0000667	-2.0000667	0.0510955	0.2652018	0.1943977	0.0000000	0.0000000
7384.9950712	7174.9840016	7174.6444189	-2.0000667	-2.0000667	0.0505652	0.2652061	0.1926478	0.0000000	0.0000000
7384.9950712	7169.9844272	7169.7188525	-2.0000667	-2.0000667	0.0481888	0.2618284	0.1947717	0.0000000	0.0000000
7384.9950712	7164.9884112	7164.7932861	-2.0000667	-2.0000667	0.0469930	0.2650131	0.1995789	0.0000000	0.0000000
7384.9950712	7159.9842183	7159.8677197	-2.0000667	-2.0000667	0.0465643	0.2641836	0.1951393	0.0000000	0.0000000
7384.9950712	7154.9859714	7154.9421533	-2.0000667	-2.0000667	0.0442166	0.2644714	0.1959756	0.0000000	0.0000000
7384.9950712	7149.9845143	7149.6061230	-2.0000667	-2.0000667	0.0414332	0.2659977	0.1969956	0.0000000	0.0000000
7384.9950712	7144.9847639	7144.6805566	-2.0000667	-2.0000667	0.0409468	0.2645880	0.1968772	0.0000000	0.0000000
7384.9950712	7139.9856218	7139.7829688	-2.0000667	-2.0000667	0.0399186	0.2648188	0.1958153	0.0000000	0.0000000
7384.9950712	7134.9864797	7134.9133594	-2.0000667	-2.0000667	0.0382036	0.2650480	0.1951781	0.0000000	0.0000000
7384.9950712	7129.9863643	7129.6379492	-2.0000667	-2.0000667	0.0368074	0.2648153	0.1969341	0.0000000	0.0000000
7384.9950712	7124.9850629	7124.7683398	-2.0000667	-2.0000667	0.0358344	0.2617440	0.1968503	0.0000000	0.0000000
7384.9950712	7119.9837614	7119.8987305	-2.0000667	-2.0000667	0.0320786	0.2658771	0.1946278	0.0000000	0.0000000
7384.9950712	7114.9856174	7114.6233203	-2.0000667	-2.0000667	0.0312902	0.2652648	0.1905837	0.0000000	0.0000000
7384.9950712	7109.9847957	7109.7537109	-2.0000667	-2.0000667	0.0298057	0.2635619	0.1953251	0.0000000	0.0000000
7384.9950712	7104.9825351	7104.8841016	-2.0000667	-2.0000667	0.0280803	0.2637136	0.1957773	0.0000000	0.0000000
7384.9950712	7099.9837702	7099.6316406	-2.0000667	-2.0000667	0.0259114	0.2643239	0.1988889	0.0000000	0.0000000
7384.9950712	7094.9817088	7094.8171094	-2.0000667	-2.0000667	0.0245219	0.2641235	0.1964167	0.0000000	0.0000000
7384.9950712	7089.9836449	7089.6013672	-2.0000667	-2.0000667	0.0226395	0.2663866	0.1971917	0.0000000	0.0000000
7384.9950712	7084.9855810	7084.7868359	-2.0000667	-2.0000667	0.0219763	0.2656101	0.1987047	0.0000000	0.0000000
7384.9950712	7079.9837421	7079.9723047	-2.0000667	-2.0000667	0.0199249	0.2650204	0.1998507	0.0000000	0.0000000
7384.9950712	7074.9849890	7074.7565625	-2.0000667	-2.0000667	0.0190430	0.2646012	0.1994270	0.0000000	0.0000000
7384.9950712	7069.9846289	7069.9420313	-2.0000667	-2.0000667	0.0191919	0.2631182	0.1930913	0.0000000	0.0000000
7384.9950712	7064.9842688	7064.7262891	-2.0000667	-2.0000667	0.0166785	0.2636769	0.1950879	0.0000000	0.0000000
7384.9950712	7059.9884642	7059.9297656	-2.0000667	-2.0000667	0.0158021	0.2642662	0.1948112	0.0000000	0.0000000
7384.9950712	7054.9845719	7054.7725488	-2.0000667	-2.0000667	0.0146122	0.2648167	0.1952357	0.0000000	0.0000000
7384.9950712	7049.9839480	7049.6153320	-2.0000667	-2.0000667	0.0130570	0.2651289	0.1982411	0.0000000	0.0000000
7384.9950712	7044.9839562	7044.8548242	-2.0000667	-2.0000667	0.0127709	0.2649913	0.1962048	0.0000000	0.0000000
7384.9950712	7039.9880280	7039.6976074	-2.0000667	-2.0000667	0.0110427	0.2654581	0.1979850	0.0000000	0.0000000
7384.9950712	7034.9920998	7034.9370996	-2.0000667	-2.0000667	0.0097919	0.2649589	0.1982393	0.0000000	0.0000000
7384.9950712	7029.9865333	7029.7798828	-2.0000667	-2.0000667	0.0097578	0.2646367	0.1961355	0.0000000	0.0000000
7384.9950712	7024.9842404	7024.6226660	-2.0000667	-2.0000667	0.0094700	0.2637366	0.1940487	0.0000000	0.0000000
7384.9950712	7019.9852022	7019.8843262	-2.0000667	-2.0000667	0.0081373	0.2640640	0.1935531	0.0000000	0.0000000
7384.9950712	7014.9894147	7014.7847461	-2.0000667	-2.0000667	0.0074744	0.2644642	0.1953616	0.0000000	0.0000000
7384.9950712	7009.9855214	7009.6851660	-2.0000667	-2.0000667	0.0066624	0.2640281	0.1956371	0.0000000	0.0000000
7384.9950712	7004.9816281	7004.9778613	-2.0000667	-2.0000667	0.0061033	0.2646941	0.1996068	0.0000000	0.0000000
7384.9950712	7000.0292969	6999.8782813	-2.0000667	-2.0000667	0.0053459	0.2645782	0.1966738	0.0000000	0.0000000
