7454.9925788	7499.9984178	7499.6820801	-2.0000667	-2.0000667	0.0191945	0.2687052	0.1618823	0.0000000	7455.0000000
7454.9925788	7494.9935444	7494.7226807	-2.0000667	-2.0000667	0.0156287	0.2659385	0.1597401	0.0000000	0.0000000
7454.9925788	7489.9851278	7489.7632813	-2.0000667	-2.0000667	0.0188197	0.2703447	0.1578636	0.0000000	0.0000000
7454.9925788	7484.9878658	7484.8038818	-2.0000667	-2.0000667	0.0169113	0.2651359	0.1520942	0.0000000	0.0000000
7454.9925788	7479.9931269	7479.8981445	-2.0000667	-2.0000667	0.0196514	0.2642882	0.1559482	0.0000000	0.0000000
7454.9925788	7474.9849184	7474.9977734	-2.0000667	-2.0000667	0.0216643	0.2684375	0.1599927	0.0000000	0.0000000
7454.9925788	7469.9894082	7469.6519141	-2.0000667	-2.0000667	0.0239150	0.2668466	0.1593362	0.0000000	0.0000000
7454.9925788	7464.9880985	7464.7515430	-2.0000667	-2.0000667	0.0237750	0.2650028	0.1568414	0.0000000	0.0000000
7454.9925788	7459.9830834	7459.8511719	-2.0000667	-2.0000667	0.0268872	0.2665999	0.1570442	0.0000000	0.0000000
7454.9925788	7454.9866531	7454.9508008	-2.0000667	-2.0000667	0.0272170	0.2625833	0.1559214	0.0000000	0.0000000
7454.9925788	7449.9849944	7449.6049414	-2.0000667	-2.0000667	0.0286364	0.2668153	0.1592917	0.0000000	0.0000000
7454.9925788	7444.9822808	7444.7045703	-2.0000667	-2.0000667	0.0315087	0.2689341	0.1605299	0.0000000	0.0000000
7454.9925788	7439.9825665	7439.8041992	-2.0000667	-2.0000667	0.0270270	0.2673826	0.1602439	0.0000000	0.0000000
7454.9925788	7434.9858514	7434.9618359	-2.0000667	-2.0000667	0.0310560	0.2672070	0.1613818	0.0000000	0.0000000
7454.9925788	7429.9906461	7429.6792578	-2.0000667	-2.0000667	0.0345757	0.2679067	0.1643090	0.0000000	0.0000000
7454.9925788	7424.9840682	7424.8368945	-2.0000667	-2.0000667	0.0339484	0.2678463	0.1627745	0.0000000	0.0000000
7454.9925788	7419.9861223	7419.9945313	-2.0000667	-2.0000667	0.0333242	0.2678911	0.1624247	0.0000000	0.0000000
7454.9925788	7414.9852991	7414.7119531	-2.0000667	-2.0000667	0.0536414	0.2650326	0.1545830	0.0000000	0.0000000
7454.9925788	7409.9893015	7409.8695898	-2.0000667	-2.0000667	0.0349357	0.2679149	0.1577183	0.0000000	0.0000000
7454.9925788	7404.9855505	7404.5870117	-2.0000667	-2.0000667	0.0329031	0.2663187	0.1590908	0.0000000	0.0000000
7454.9925788	7399.9868032	7399.7446484	-2.0000667	-2.0000667	0.0356281	0.2684441	0.1609746	0.0000000	0.0000000
7454.9925788	7394.9884007	7394.9126367	-2.0000667	-2.0000667	0.0296052	0.2692863	0.1577173	0.0000000	0.0000000
7454.9925788	7389.9873611	7389.6921680	-2.0000667	-2.0000667	0.0288531	0.2699626	0.1534945	0.0000000	0.0000000
7454.9925788	7384.9919124	7384.9067383	-2.0000667	-2.0000667	0.0368752	0.2677178	0.1528848	0.0000000	0.0000000
7454.9925788	7379.9830116	7379.6862695	-2.0000667	-2.0000667	0.0389008	0.2638899	0.1583033	0.0000000	0.0000000
7454.9925788	7374.9819628	7374.9008398	-2.0000667	-2.0000667	0.0383253	0.2713708	0.1592107	0.0000000	0.0000000
7454.9925788	7369.9839616	7369.6803711	-2.0000667	-2.0000667	0.0441969	0.2717817	0.1636721	0.0000000	0.0000000
7454.9925788	7364.9814683	7364.8949414	-2.0000667	-2.0000667	0.0464213	0.2706729	0.1655719	0.0000000	0.0000000
7454.9925788	7359.9861795	7359.6744727	-2.0000667	-2.0000667	0.0464056	0.2695039	0.1650717	0.0000000	0.0000000
7454.9925788	7354.9814419	7354.8890430	-2.0000667	-2.0000667	0.0486218	0.2696910	0.1677471	0.0000000	0.0000000
7454.9925788	7349.9814569	7349.6991016	-2.0000667	-2.0000667	0.0451017	0.2687072	0.1626731	0.0000000	0.0000000
7454.9925788	7344.9860594	7344.9696387	-2.0000667	-2.0000667	0.0350509	0.2696086	0.1661182	0.0000000	0.0000000
7454.9925788	7339.9876760	7339.8102246	-2.0000667	-2.0000667	0.0461064	0.2683179	0.1645913	0.0000000	0.0000000
7454.9925788	7334.9876819	7334.6508105	-2.0000667	-2.0000667	0.0337294	0.2679496	0.1645349	0.0000000	0.0000000
7454.9925788	7329.9862695	7329.9213477	-2.0000667	-2.0000667	0.0447971	0.2659670	0.1657017	0.0000000	0.0000000
7454.9925788	7324.9878305	7324.7619336	-2.0000667	-2.0000667	0.0400815	0.2677078	0.1651256	0.0000000	0.0000000
7454.9925788	7319.9843762	7319.6025195	-2.0000667	-2.0000667	0.0414698	0.2653854	0.1625599	0.0000000	0.0000000
7454.9925788	7314.9883833	7314.8730566	-2.0000667	-2.0000667	0.0496693	0.2658735	0.1660994	0.0000000	0.0000000
7454.9925788	7309.9896132	7309.7136426	-2.0000667	-2.0000667	0.0479071	0.2645997	0.1625659	0.0000000	0.0000000
7454.9925788	7304.9879085	7304.6092822	-2.0000667	-2.0000667	0.0426847	0.2663893	0.1649626	0.0000000	0.0000000
7454.9925788	7299.9890361	7299.9348730	-2.0000667	-2.0000667	0.0415001	0.2679274	0.1651072	0.0000000	0.0000000
7454.9925788	7294.9795014	7294.8355176	-2.0000667	-2.0000667	0.0390377	0.2681772	0.1712357	0.0000000	0.0000000
7454.9925788	7289.9859351	7289.7361621	-2.0000667	-2.0000667	0.0472230	0.2681097	0.1711172	0.0000000	0.0000000
7454.9925788	7284.9854524	7284.6368066	-2.0000667	-2.0000667	0.0419598	0.2731090	0.1726327	0.0000000	0.0000000
7454.9925788	7279.9884279	7279.9623975	-2.0000667	-2.0000667	0.0423469	0.2681439	0.1674553	0.0000000	0.0000000
7454.9925788	7274.9837989	7274.8630420	-2.0000667	-2.0000667	0.0383572	0.2660833	0.1694391	0.0000000	0.0000000
7454.9925788	7269.9840093	7269.7636865	-2.0000667	-2.0000667	0.0402081	0.2641838	0.1695875	0.0000000	0.0000000
7454.9925788	7264.9876701	7264.6888672	-2.0000667	-2.0000667	0.0407100	0.2693295	0.1701504	0.0000000	0.0000000
7454.9925788	7259.9859215	7259.6483984	-2.0000667	-2.0000667	0.0402915	0.2703193	0.1686979	0.0000000	0.0000000
7454.9925788	7254.9850358	7254.6079297	-2.0000667	-2.0000667	0.0355178	0.2706506	0.1692267	0.0000000	0.0000000
7454.9925788	7249.9841501	7249.9875000	-2.0000667	-2.0000667	0.0375491	0.2652091	0.1697303	0.0000000	0.0000000
7454.9925788	7244.9832645	7244.9470313	-2.0000667	-2.0000667	0.0352875	0.2702496	0.1654640	0.0000000	0.0000000
7454.9925788	7239.9910569	7239.9065625	-2.0000667	-2.0000667	0.0390487	0.2712281	0.1706455	0.0000000	0.0000000
7454.9925788	7234.9891235	7234.8660938	-2.0000667	-2.0000667	0.0362485	0.2684346	0.1718086	0.0000000	0.0000000
7454.9925788	7229.9871902	7229.8256250	-2.0000667	-2.0000667	0.0382738	0.2679304	0.1704862	0.0000000	0.0000000
7454.9925788	7224.9908117	7224.7851563	-2.0000667	-2.0000667	0.0321056	0.2677877	0.1705104	0.0000000	0.0000000
7454.9925788	7219.9867826	7219.8026367	-2.0000667	-2.0000667	0.0478101	0.2716310	0.1694634	0.0000000	0.0000000
7454.9925788	7214.9856444	7214.8201172	-2.0000667	-2.0000667	0.0364192	0.2705077	0.1681995	0.0000000	0.0000000
7454.9925788	7209.9867265	7209.8375977	-2.0000667	-2.0000667	0.0397814	0.2685564	0.1729008	0.0000000	0.0000000
7454.9925788	7204.9823763	7204.8550781	-2.0000667	-2.0000667	0.0317117	0.2673638	0.1709758	0.0000000	0.0000000
7454.9925788	7199.9844833	7199.8725586	-2.0000667	-2.0000667	0.0327632	0.2680778	0.1721724	0.0000000	0.0000000
7454.9925788	7194.9864212	7194.8900391	-2.0000667	-2.0000667	0.0326617	0.2656643	0.1661075	0.0000000	0.0000000
7454.9925788	7189.9844123	7189.9075195	-2.0000667	-2.0000667	0.0323199	0.2648170	0.1680032	0.0000000	0.0000000
7454.9925788	7184.9857226	7184.9250000	-2.0000667	-2.0000667	0.0264083	0.2658051	0.1701770	0.0000000	0.0000000
7454.9925788	7179.9835760	7179.9804492	-2.0000667	-2.0000667	0.0315791	0.2670632	0.1687709	0.0000000	0.0000000
7454.9925788	7174.9840016	7174.6444189	-2.0000667	-2.0000667	0.0284132	0.2636516	0.1691039	0.0000000	0.0000000
7454.9925788	7169.9879856	7169.7188525	-2.0000667	-2.0000667	0.0270862	0.2629009	0.1704761	0.0000000	0.0000000
7454.9925788	7164.9884112	7164.7932861	-2.0000667	-2.0000667	0.0287034	0.2653149	0.1711129	0.0000000	0.0000000
7454.9925788	7159.9810081	7159.8677197	-2.0000667	-2.0000667	0.0244669	0.2665790	0.1706102	0.0000000	0.0000000
7454.9925788	7154.9859714	7154.9421533	-2.0000667	-2.0000667	0.0264747	0.2656770	0.1708541	0.0000000	0.0000000
7454.9925788	7149.9845143	7149.6061230	-2.0000667	-2.0000667	0.0233083	0.2631539	0.1688279	0.0000000	0.0000000
7454.9925788	7144.9847639	7144.6805566	-2.0000667	-2.0000667	0.0225490	0.2670436	0.1720961	0.0000000	0.0000000
7454.9925788	7139.9856218	7139.7829688	-2.0000667	-2.0000667	0.0241530	0.2713661	0.1742346	0.0000000	0.0000000
7454.9925788	7134.9864797	7134.9133594	-2.0000667	-2.0000667	0.0308381	0.2676649	0.1745432	0.0000000	0.0000000
7454.9925788	7129.9863643	7129.6379492	-2.0000667	-2.0000667	0.0231062	0.2716373	0.1736809	0.0000000	0.0000000
7454.9925788	7124.9850629	7124.7683398	-2.0000667	-2.0000667	0.0212892	0.2723402	0.1786552	0.0000000	0.0000000
7454.9925788	7119.9869188	7119.8987305	-2.0000667	-2.0000667	0.0182123	0.2669133	0.1737317	0.0000000	0.0000000
7454.9925788	7114.9824600	7114.6233203	-2.0000667	-2.0000667	0.0188854	0.2683894	0.1716694	0.0000000	0.0000000
7454.9925788	7109.9847957	7109.7537109	-2.0000667	-2.0000667	0.0169364	0.2731621	0.1793546	0.0000000	0.0000000
7454.9925788	7104.9825351	7104.8841016	-2.0000667	-2.0000667	0.0169935	0.2722714	0.1778964	0.0000000	0.0000000
7454.9925788	7099.9837702	7099.6316406	-2.0000667	-2.0000667	0.0149376	0.2693781	0.1724099	0.0000000	0.0000000
7454.9925788	7094.9817088	7094.8171094	-2.0000667	-2.0000667	0.0150261	0.2715625	0.1729001	0.0000000	0.0000000
7454.9925788	7089.9836449	7089.6013672	-2.0000667	-2.0000667	0.0143389	0.2708925	0.1753152	0.0000000	0.0000000
7454.9925788	7084.9855810	7084.7868359	-2.0000667	-2.0000667	0.0129496	0.2706417	0.1767920	0.0000000	0.0000000
7454.9925788	7079.9837421	7079.9723047	-2.0000667	-2.0000667	0.0115098	0.2676896	0.1710642	0.0000000	0.0000000
7454.9925788	7074.9849890	7074.7565625	-2.0000667	-2.0000667	0.0116213	0.2694504	0.1734935	0.0000000	0.0000000
7454.9925788	7069.9846289	7069.9420313	-2.0000667	-2.0000667	0.0110570	0.2710514	0.1736654	0.0000000	0.0000000
7454.9925788	7064.9842688	7064.7262891	-2.0000667	-2.0000667	0.0089036	0.2716660	0.1738287	0.0000000	0.0000000
7454.9925788	7059.9851958	7059.9297656	-2.0000667	-2.0000667	0.0092986	0.2698552	0.1699050	0.0000000	0.0000000
7454.9925788	7054.9845719	7054.7725488	-2.0000667	-2.0000667	0.0107415	0.2675718	0.1719413	0.0000000	0.0000000
7454.9925788	7049.9839480	7049.6153320	-2.0000667	-2.0000667	0.0085052	0.2690885	0.1727981	0.0000000	0.0000000
7454.9925788	7044.9806454	7044.8548242	-2.0000667	-2.0000667	0.0074706	0.2659440	0.1726819	0.0000000	0.0000000
7454.9925788	7039.9814065	7039.6976074	-2.0000667	-2.0000667	0.0061931	0.2653019	0.1714014	0.0000000	0.0000000
7454.9925788	7034.9854783	7034.9370996	-2.0000667	-2.0000667	0.0063107	0.2641569	0.1702719	0.0000000	0.0000000
7454.9925788	7029.9865333	7029.7798828	-2.0000667	-2.0000667	0.0054681	0.2625835	0.1688311	0.0000000	0.0000000
7454.9925788	7024.9842404	7024.6226660	-2.0000667	-2.0000667	0.0045840	0.2621887	0.1694640	0.0000000	0.0000000
7454.9925788	7019.9852022	7019.8843262	-2.0000667	-2.0000667	0.0043696	0.2647944	0.1707781	0.0000000	0.0000000
7454.9925788	7014.9861162	7014.7847461	-2.0000667	-2.0000667	0.0041639	0.2680775	0.1742632	0.0000000	0.0000000
7454.9925788	7009.9855214	7009.6851660	-2.0000667	-2.0000667	0.0034834	0.2655507	0.1716333	0.0000000	0.0000000
7454.9925788	7004.9849267	7004.9778613	-2.0000667	-2.0000667	0.0031801	0.2635498	0.1671202	0.0000000	0.0000000
7454.9925788	7000.0292969	6999.8782813	-2.0000667	-2.0000667	0.0030254	0.2657064	0.1710393	0.0000000	0.0000000
