7239.9940241	7499.9984178	7499.6820801	-2.0000667	-2.0000667	0.0213508	0.2598848	0.1477692	0.0000000	7240.0000000
7239.9940241	7494.9907557	7494.7226807	-2.0000667	-2.0000667	0.0247501	0.2610717	0.1483538	0.0000000	0.0000000
7239.9940241	7489.9851278	7489.7632813	-2.0000667	-2.0000667	0.0259637	0.2609834	0.1524371	0.0000000	0.0000000
7239.9940241	7484.9878658	7484.8038818	-2.0000667	-2.0000667	0.0292546	0.2607622	0.1553711	0.0000000	0.0000000
7239.9940241	7479.9905873	7479.8981445	-2.0000667	-2.0000667	0.0275902	0.2604475	0.1490099	0.0000000	0.0000000
7239.9940241	7474.9849184	7474.9977734	-2.0000667	-2.0000667	0.0291223	0.2618153	0.1502527	0.0000000	0.0000000
7239.9940241	7469.9919479	7469.6519141	-2.0000667	-2.0000667	0.0282190	0.2605795	0.1500265	0.0000000	0.0000000
7239.9940241	7464.9852369	7464.7515430	-2.0000667	-2.0000667	0.0331758	0.2621310	0.1551652	0.0000000	0.0000000
7239.9940241	7459.9859450	7459.8511719	-2.0000667	-2.0000667	0.0342833	0.2602380	0.1518224	0.0000000	0.0000000
7239.9940241	7454.9866531	7454.9508008	-2.0000667	-2.0000667	0.0380636	0.2597592	0.1546348	0.0000000	0.0000000
7239.9940241	7449.9879936	7449.6049414	-2.0000667	-2.0000667	0.0400225	0.2621193	0.1521521	0.0000000	0.0000000
7239.9940241	7444.9852800	7444.7045703	-2.0000667	-2.0000667	0.0420808	0.2604177	0.1551827	0.0000000	0.0000000
7239.9940241	7439.9825665	7439.8041992	-2.0000667	-2.0000667	0.0426215	0.2603029	0.1512218	0.0000000	0.0000000
7239.9940241	7434.9828522	7434.9618359	-2.0000667	-2.0000667	0.0434701	0.2607659	0.1522217	0.0000000	0.0000000
7239.9940241	7429.9848914	7429.6792578	-2.0000667	-2.0000667	0.0482775	0.2598379	0.1534910	0.0000000	0.0000000
7239.9940241	7424.9898229	7424.8368945	-2.0000667	-2.0000667	0.0503357	0.2612693	0.1554874	0.0000000	0.0000000
7239.9940241	7419.9832450	7419.9945313	-2.0000667	-2.0000667	0.0516447	0.2624292	0.1540848	0.0000000	0.0000000
7239.9940241	7414.9852991	7414.7119531	-2.0000667	-2.0000667	0.0521090	0.2620631	0.1536677	0.0000000	0.0000000
7239.9940241	7409.9893015	7409.8695898	-2.0000667	-2.0000667	0.0564493	0.2605599	0.1585238	0.0000000	0.0000000
7239.9940241	7404.9880524	7404.5870117	-2.0000667	-2.0000667	0.0609795	0.2613131	0.1599641	0.0000000	0.0000000
7239.9940241	7399.9868032	7399.7446484	-2.0000667	-2.0000667	0.0612134	0.2610887	0.1598384	0.0000000	0.0000000
7239.9940241	7394.9856052	7394.9126367	-2.0000667	-2.0000667	0.0681272	0.2612506	0.1645487	0.0000000	0.0000000
7239.9940241	7389.9873611	7389.6921680	-2.0000667	-2.0000667	0.0718225	0.2593254	0.1647229	0.0000000	0.0000000
7239.9940241	7384.9891170	7384.9067383	-2.0000667	-2.0000667	0.0724664	0.2602466	0.1651896	0.0000000	0.0000000
7239.9940241	7379.9830116	7379.6862695	-2.0000667	-2.0000667	0.0751268	0.2600833	0.1642141	0.0000000	0.0000000
7239.9940241	7374.9850104	7374.9008398	-2.0000667	-2.0000667	0.0766034	0.2609550	0.1633663	0.0000000	0.0000000
7239.9940241	7369.9839616	7369.6803711	-2.0000667	-2.0000667	0.0825702	0.2615432	0.1623927	0.0000000	0.0000000
7239.9940241	7364.9846179	7364.8949414	-2.0000667	-2.0000667	0.0830171	0.2625681	0.1676643	0.0000000	0.0000000
7239.9940241	7359.9861795	7359.6744727	-2.0000667	-2.0000667	0.0870085	0.2617825	0.1654296	0.0000000	0.0000000
7239.9940241	7354.9845915	7354.8890430	-2.0000667	-2.0000667	0.0893258	0.2605270	0.1649760	0.0000000	0.0000000
7239.9940241	7349.9844428	7349.6991016	-2.0000667	-2.0000667	0.0936952	0.2607239	0.1669603	0.0000000	0.0000000
7239.9940241	7344.9860594	7344.9696387	-2.0000667	-2.0000667	0.0945261	0.2606012	0.1674852	0.0000000	0.0000000
7239.9940241	7339.9876760	7339.8102246	-2.0000667	-2.0000667	0.0981605	0.2610242	0.1622097	0.0000000	0.0000000
7239.9940241	7334.9876819	7334.6508105	-2.0000667	-2.0000667	0.1064603	0.2598616	0.1715753	0.0000000	0.0000000
7239.9940241	7329.9862695	7329.9213477	-2.0000667	-2.0000667	0.1098566	0.2597998	0.1754185	0.0000000	0.0000000
7239.9940241	7324.9878305	7324.7619336	-2.0000667	-2.0000667	0.1167888	0.2599795	0.1760995	0.0000000	0.0000000
7239.9940241	7319.9871533	7319.6025195	-2.0000667	-2.0000667	0.1176519	0.2600421	0.1722516	0.0000000	0.0000000
7239.9940241	7314.9856062	7314.8730566	-2.0000667	-2.0000667	0.1197662	0.2609094	0.1724196	0.0000000	0.0000000
7239.9940241	7309.9896132	7309.7136426	-2.0000667	-2.0000667	0.1223440	0.2605446	0.1745175	0.0000000	0.0000000
7239.9940241	7304.9879085	7304.6092822	-2.0000667	-2.0000667	0.1219746	0.2606217	0.1739031	0.0000000	0.0000000
7239.9940241	7299.9890361	7299.9348730	-2.0000667	-2.0000667	0.1268345	0.2612112	0.1732354	0.0000000	0.0000000
7239.9940241	7294.9829595	7294.8355176	-2.0000667	-2.0000667	0.1203495	0.2603234	0.1716135	0.0000000	0.0000000
7239.9940241	7289.9859351	7289.7361621	-2.0000667	-2.0000667	0.1284697	0.2608309	0.1729944	0.0000000	0.0000000
7239.9940241	7284.9854524	7284.6368066	-2.0000667	-2.0000667	0.1352501	0.2604177	0.1765437	0.0000000	0.0000000
7239.9940241	7279.9884279	7279.9623975	-2.0000667	-2.0000667	0.1351520	0.2589233	0.1786621	0.0000000	0.0000000
7239.9940241	7274.9837989	7274.8630420	-2.0000667	-2.0000667	0.1392324	0.2591912	0.1809404	0.0000000	0.0000000
7239.9940241	7269.9874598	7269.7636865	-2.0000667	-2.0000667	0.1398068	0.2594312	0.1813574	0.0000000	0.0000000
7239.9940241	7264.9876701	7264.6888672	-2.0000667	-2.0000667	0.1449163	0.2597628	0.1807642	0.0000000	0.0000000
7239.9940241	7259.9890846	7259.6483984	-2.0000667	-2.0000667	0.1457408	0.2583990	0.1807489	0.0000000	0.0000000
7239.9940241	7254.9850358	7254.6079297	-2.0000667	-2.0000667	0.1477515	0.2593768	0.1807240	0.0000000	0.0000000
7239.9940241	7249.9841501	7249.9875000	-2.0000667	-2.0000667	0.1510815	0.2596052	0.1773258	0.0000000	0.0000000
7239.9940241	7244.9832645	7244.9470313	-2.0000667	-2.0000667	0.1537629	0.2598992	0.1783612	0.0000000	0.0000000
7239.9940241	7239.9820982	7239.9065625	-2.0000667	-2.0000667	0.1535515	0.2592744	0.1791201	0.0000000	0.0000000
7239.9940241	7234.9861373	7234.8660938	-2.0000667	-2.0000667	0.1533361	0.2599445	0.1785311	0.0000000	0.0000000
7239.9940241	7229.9842040	7229.8256250	-2.0000667	-2.0000667	0.1521367	0.2602338	0.1771130	0.0000000	0.0000000
7239.9940241	7224.9937025	7224.7851563	-2.0000667	-2.0000667	0.1535270	0.2605690	0.1784420	0.0000000	0.0000000
7239.9940241	7219.9867826	7219.8026367	-2.0000667	-2.0000667	0.1524913	0.2616602	0.1769486	0.0000000	0.0000000
7239.9940241	7214.9885352	7214.8201172	-2.0000667	-2.0000667	0.1540687	0.2621434	0.1811360	0.0000000	0.0000000
7239.9940241	7209.9867265	7209.8375977	-2.0000667	-2.0000667	0.1577197	0.2624807	0.1808053	0.0000000	0.0000000
7239.9940241	7204.9823763	7204.8550781	-2.0000667	-2.0000667	0.1594962	0.2606113	0.1832480	0.0000000	0.0000000
7239.9940241	7199.9844833	7199.8725586	-2.0000667	-2.0000667	0.1589103	0.2608618	0.1806823	0.0000000	0.0000000
7239.9940241	7194.9864212	7194.8900391	-2.0000667	-2.0000667	0.1585150	0.2610092	0.1792562	0.0000000	0.0000000
7239.9940241	7189.9844123	7189.9075195	-2.0000667	-2.0000667	0.1541971	0.2605869	0.1718522	0.0000000	0.0000000
7239.9940241	7184.9890418	7184.9250000	-2.0000667	-2.0000667	0.1479255	0.2623622	0.1690110	0.0000000	0.0000000
7239.9940241	7179.9835760	7179.9804492	-2.0000667	-2.0000667	0.1482528	0.2633087	0.1710807	0.0000000	0.0000000
7239.9940241	7174.9840016	7174.6444189	-2.0000667	-2.0000667	0.1459841	0.2625607	0.1700636	0.0000000	0.0000000
7239.9940241	7169.9879856	7169.7188525	-2.0000667	-2.0000667	0.1481760	0.2624567	0.1727063	0.0000000	0.0000000
7239.9940241	7164.9848528	7164.7932861	-2.0000667	-2.0000667	0.1487542	0.2608616	0.1726112	0.0000000	0.0000000
7239.9940241	7159.9810081	7159.8677197	-2.0000667	-2.0000667	0.1471278	0.2613312	0.1713912	0.0000000	0.0000000
7239.9940241	7154.9859714	7154.9421533	-2.0000667	-2.0000667	0.1502344	0.2602886	0.1778252	0.0000000	0.0000000
7239.9940241	7149.9845143	7149.6061230	-2.0000667	-2.0000667	0.1492106	0.2605709	0.1785060	0.0000000	0.0000000
7239.9940241	7144.9847639	7144.6805566	-2.0000667	-2.0000667	0.1457588	0.2612957	0.1821458	0.0000000	0.0000000
7239.9940241	7139.9824934	7139.7829688	-2.0000667	-2.0000667	0.1434915	0.2601272	0.1775623	0.0000000	0.0000000
7239.9940241	7134.9864797	7134.9133594	-2.0000667	-2.0000667	0.1415771	0.2608135	0.1756373	0.0000000	0.0000000
7239.9940241	7129.9863643	7129.6379492	-2.0000667	-2.0000667	0.1405288	0.2613223	0.1787411	0.0000000	0.0000000
7239.9940241	7124.9850629	7124.7683398	-2.0000667	-2.0000667	0.1375555	0.2623054	0.1756755	0.0000000	0.0000000
7239.9940241	7119.9869188	7119.8987305	-2.0000667	-2.0000667	0.1339940	0.2609108	0.1766826	0.0000000	0.0000000
7239.9940241	7114.9887748	7114.6233203	-2.0000667	-2.0000667	0.1305062	0.2613633	0.1742772	0.0000000	0.0000000
7239.9940241	7109.9882914	7109.7537109	-2.0000667	-2.0000667	0.1283060	0.2619336	0.1773463	0.0000000	0.0000000
7239.9940241	7104.9860308	7104.8841016	-2.0000667	-2.0000667	0.1247345	0.2606174	0.1768918	0.0000000	0.0000000
7239.9940241	7099.9837702	7099.6316406	-2.0000667	-2.0000667	0.1235984	0.2603997	0.1727985	0.0000000	0.0000000
7239.9940241	7094.9854837	7094.8171094	-2.0000667	-2.0000667	0.1216370	0.2626504	0.1710771	0.0000000	0.0000000
7239.9940241	7089.9836449	7089.6013672	-2.0000667	-2.0000667	0.1183636	0.2622599	0.1720740	0.0000000	0.0000000
7239.9940241	7084.9855810	7084.7868359	-2.0000667	-2.0000667	0.1126505	0.2625029	0.1745640	0.0000000	0.0000000
7239.9940241	7079.9875171	7079.9723047	-2.0000667	-2.0000667	0.1086755	0.2615742	0.1725354	0.0000000	0.0000000
7239.9940241	7074.9849890	7074.7565625	-2.0000667	-2.0000667	0.1075975	0.2617905	0.1711523	0.0000000	0.0000000
7239.9940241	7069.9846289	7069.9420313	-2.0000667	-2.0000667	0.1042462	0.2620804	0.1724541	0.0000000	0.0000000
7239.9940241	7064.9842688	7064.7262891	-2.0000667	-2.0000667	0.1003754	0.2600480	0.1707053	0.0000000	0.0000000
7239.9940241	7059.9851958	7059.9297656	-2.0000667	-2.0000667	0.0969454	0.2614897	0.1664636	0.0000000	0.0000000
7239.9940241	7054.9845719	7054.7725488	-2.0000667	-2.0000667	0.0926248	0.2621864	0.1663169	0.0000000	0.0000000
7239.9940241	7049.9839480	7049.6153320	-2.0000667	-2.0000667	0.0888750	0.2619254	0.1657001	0.0000000	0.0000000
7239.9940241	7044.9806454	7044.8548242	-2.0000667	-2.0000667	0.0858102	0.2618804	0.1698378	0.0000000	0.0000000
7239.9940241	7039.9847173	7039.6976074	-2.0000667	-2.0000667	0.0839819	0.2608824	0.1688885	0.0000000	0.0000000
7239.9940241	7034.9854783	7034.9370996	-2.0000667	-2.0000667	0.0803219	0.2618488	0.1646428	0.0000000	0.0000000
7239.9940241	7029.9897879	7029.7798828	-2.0000667	-2.0000667	0.0773568	0.2615043	0.1643728	0.0000000	0.0000000
7239.9940241	7024.9842404	7024.6226660	-2.0000667	-2.0000667	0.0735790	0.2609176	0.1675411	0.0000000	0.0000000
7239.9940241	7019.9917113	7019.8843262	-2.0000667	-2.0000667	0.0700505	0.2609796	0.1681493	0.0000000	0.0000000
7239.9940241	7014.9861162	7014.7847461	-2.0000667	-2.0000667	0.0644213	0.2624380	0.1671085	0.0000000	0.0000000
7239.9940241	7009.9855214	7009.6851660	-2.0000667	-2.0000667	0.0613615	0.2599164	0.1722480	0.0000000	0.0000000
7239.9940241	7004.9816281	7004.9778613	-2.0000667	-2.0000667	0.0575548	0.2600898	0.1746025	0.0000000	0.0000000
7239.9940241	7000.0292969	6999.8782813	-2.0000667	-2.0000667	0.0568979	0.2572493	0.1714586	0.0000000	0.0000000
