7124.9999552	7500.0011376	7499.6820801	-2.0000667	-2.0000667	0.0066104	0.2847974	0.1417754	0.0000000	7125.0000000
7124.9999552	7494.9851784	7494.7226807	-2.0000667	-2.0000667	0.0066917	0.2823073	0.1403002	0.0000000	0.0000000
7124.9999552	7489.9851278	7489.7632813	-2.0000667	-2.0000667	0.0075583	0.2842083	0.1401146	0.0000000	0.0000000
7124.9999552	7484.9906544	7484.8038818	-2.0000667	-2.0000667	0.0099189	0.2838290	0.1463297	0.0000000	0.0000000
7124.9999552	7479.9931269	7479.8981445	-2.0000667	-2.0000667	0.0113745	0.2832170	0.1468866	0.0000000	0.0000000
7124.9999552	7474.9849184	7474.9977734	-2.0000667	-2.0000667	0.0128081	0.2827889	0.1490410	0.0000000	0.0000000
7124.9999552	7469.9919479	7469.6519141	-2.0000667	-2.0000667	0.0119093	0.2835084	0.1487845	0.0000000	0.0000000
7124.9999552	7464.9852369	7464.7515430	-2.0000667	-2.0000667	0.0150818	0.2838782	0.1521781	0.0000000	0.0000000
7124.9999552	7459.9888066	7459.8511719	-2.0000667	-2.0000667	0.0203505	0.2799574	0.1672014	0.0000000	0.0000000
7124.9999552	7454.9837915	7454.9508008	-2.0000667	-2.0000667	0.0172891	0.2814130	0.1603434	0.0000000	0.0000000
7124.9999552	7449.9879936	7449.6049414	-2.0000667	-2.0000667	0.0166371	0.2808236	0.1604656	0.0000000	0.0000000
7124.9999552	7444.9822808	7444.7045703	-2.0000667	-2.0000667	0.0181085	0.2799432	0.1621692	0.0000000	0.0000000
7124.9999552	7439.9855657	7439.8041992	-2.0000667	-2.0000667	0.0163575	0.2826464	0.1589148	0.0000000	0.0000000
7124.9999552	7434.9828522	7434.9618359	-2.0000667	-2.0000667	0.0191130	0.2826930	0.1578485	0.0000000	0.0000000
7124.9999552	7429.9848914	7429.6792578	-2.0000667	-2.0000667	0.0193424	0.2814944	0.1522610	0.0000000	0.0000000
7124.9999552	7424.9840682	7424.8368945	-2.0000667	-2.0000667	0.0208447	0.2821675	0.1529263	0.0000000	0.0000000
7124.9999552	7419.9861223	7419.9945313	-2.0000667	-2.0000667	0.0228035	0.2818726	0.1508805	0.0000000	0.0000000
7124.9999552	7414.9852991	7414.7119531	-2.0000667	-2.0000667	0.0257483	0.2833018	0.1462412	0.0000000	0.0000000
7124.9999552	7409.9893015	7409.8695898	-2.0000667	-2.0000667	0.0293092	0.2837883	0.1550164	0.0000000	0.0000000
7124.9999552	7404.9855505	7404.5870117	-2.0000667	-2.0000667	0.0328290	0.2839674	0.1618130	0.0000000	0.0000000
7124.9999552	7399.9868032	7399.7446484	-2.0000667	-2.0000667	0.0284258	0.2835989	0.1521490	0.0000000	0.0000000
7124.9999552	7394.9856052	7394.9126367	-2.0000667	-2.0000667	0.0282631	0.2841882	0.1494308	0.0000000	0.0000000
7124.9999552	7389.9845657	7389.6921680	-2.0000667	-2.0000667	0.0291484	0.2837004	0.1458228	0.0000000	0.0000000
7124.9999552	7384.9891170	7384.9067383	-2.0000667	-2.0000667	0.0335616	0.2841761	0.1435812	0.0000000	0.0000000
7124.9999552	7379.9860592	7379.6862695	-2.0000667	-2.0000667	0.0307058	0.2842982	0.1357911	0.0000000	0.0000000
7124.9999552	7374.9850104	7374.9008398	-2.0000667	-2.0000667	0.0319771	0.2832898	0.1448120	0.0000000	0.0000000
7124.9999552	7369.9870092	7369.6803711	-2.0000667	-2.0000667	0.0403273	0.2837374	0.1419412	0.0000000	0.0000000
7124.9999552	7364.9814683	7364.8949414	-2.0000667	-2.0000667	0.0391783	0.2838945	0.1441642	0.0000000	0.0000000
7124.9999552	7359.9861795	7359.6744727	-2.0000667	-2.0000667	0.0422151	0.2834545	0.1400294	0.0000000	0.0000000
7124.9999552	7354.9814419	7354.8890430	-2.0000667	-2.0000667	0.0442928	0.2837849	0.1384711	0.0000000	0.0000000
7124.9999552	7349.9844428	7349.6991016	-2.0000667	-2.0000667	0.0632554	0.2826239	0.1535789	0.0000000	0.0000000
7124.9999552	7344.9830735	7344.9696387	-2.0000667	-2.0000667	0.0523667	0.2839238	0.1511364	0.0000000	0.0000000
7124.9999552	7339.9876760	7339.8102246	-2.0000667	-2.0000667	0.0573477	0.2849626	0.1454542	0.0000000	0.0000000
7124.9999552	7334.9876819	7334.6508105	-2.0000667	-2.0000667	0.0564559	0.2845833	0.1485985	0.0000000	0.0000000
7124.9999552	7329.9832960	7329.9213477	-2.0000667	-2.0000667	0.0721638	0.2849066	0.1542800	0.0000000	0.0000000
7124.9999552	7324.9848570	7324.7619336	-2.0000667	-2.0000667	0.0779993	0.2833177	0.1537496	0.0000000	0.0000000
7124.9999552	7319.9843762	7319.6025195	-2.0000667	-2.0000667	0.0858724	0.2805261	0.1554099	0.0000000	0.0000000
7124.9999552	7314.9911604	7314.8730566	-2.0000667	-2.0000667	0.0877412	0.2827930	0.1501837	0.0000000	0.0000000
7124.9999552	7309.9896132	7309.7136426	-2.0000667	-2.0000667	0.0655559	0.2826509	0.1399203	0.0000000	0.0000000
7124.9999552	7304.9850290	7304.6092822	-2.0000667	-2.0000667	0.0763904	0.2813651	0.1492646	0.0000000	0.0000000
7124.9999552	7299.9861565	7299.9348730	-2.0000667	-2.0000667	0.1014795	0.2836638	0.1523494	0.0000000	0.0000000
7124.9999552	7294.9795014	7294.8355176	-2.0000667	-2.0000667	0.0802410	0.2823662	0.1457343	0.0000000	0.0000000
7124.9999552	7289.9824769	7289.7361621	-2.0000667	-2.0000667	0.0924368	0.2816768	0.1517809	0.0000000	0.0000000
7124.9999552	7284.9819943	7284.6368066	-2.0000667	-2.0000667	0.0969878	0.2809694	0.1525752	0.0000000	0.0000000
7124.9999552	7279.9849698	7279.9623975	-2.0000667	-2.0000667	0.1048441	0.2844495	0.1506820	0.0000000	0.0000000
7124.9999552	7274.9837989	7274.8630420	-2.0000667	-2.0000667	0.0913496	0.2840385	0.1419805	0.0000000	0.0000000
7124.9999552	7269.9840093	7269.7636865	-2.0000667	-2.0000667	0.0939635	0.2837975	0.1410477	0.0000000	0.0000000
7124.9999552	7264.9876701	7264.6888672	-2.0000667	-2.0000667	0.1085320	0.2820254	0.1432321	0.0000000	0.0000000
7124.9999552	7259.9859215	7259.6483984	-2.0000667	-2.0000667	0.0962415	0.2822034	0.1372377	0.0000000	0.0000000
7124.9999552	7254.9818727	7254.6079297	-2.0000667	-2.0000667	0.1134386	0.2845641	0.1372911	0.0000000	0.0000000
7124.9999552	7249.9841501	7249.9875000	-2.0000667	-2.0000667	0.1184353	0.2839546	0.1416130	0.0000000	0.0000000
7124.9999552	7244.9801013	7244.9470313	-2.0000667	-2.0000667	0.1311190	0.2840044	0.1475648	0.0000000	0.0000000
7124.9999552	7239.9820982	7239.9065625	-2.0000667	-2.0000667	0.1383617	0.2856400	0.1432020	0.0000000	0.0000000
7124.9999552	7234.9831511	7234.8660938	-2.0000667	-2.0000667	0.1588098	0.2819076	0.1535326	0.0000000	0.0000000
7124.9999552	7229.9901764	7229.8256250	-2.0000667	-2.0000667	0.1509817	0.2815045	0.1518560	0.0000000	0.0000000
7124.9999552	7224.9850300	7224.7851563	-2.0000667	-2.0000667	0.1505712	0.2827188	0.1511143	0.0000000	0.0000000
7124.9999552	7219.9838918	7219.8026367	-2.0000667	-2.0000667	0.1539204	0.2832290	0.1461490	0.0000000	0.0000000
7124.9999552	7214.9827535	7214.8201172	-2.0000667	-2.0000667	0.1529421	0.2811289	0.1464113	0.0000000	0.0000000
7124.9999552	7209.9834979	7209.8375977	-2.0000667	-2.0000667	0.1519061	0.2800321	0.1460802	0.0000000	0.0000000
7124.9999552	7204.9823763	7204.8550781	-2.0000667	-2.0000667	0.1602075	0.2793813	0.1503409	0.0000000	0.0000000
7124.9999552	7199.9812547	7199.8725586	-2.0000667	-2.0000667	0.1625280	0.2818455	0.1476686	0.0000000	0.0000000
7124.9999552	7194.9831021	7194.8900391	-2.0000667	-2.0000667	0.1806228	0.2820996	0.1524500	0.0000000	0.0000000
7124.9999552	7189.9844123	7189.9075195	-2.0000667	-2.0000667	0.1676208	0.2826176	0.1497836	0.0000000	0.0000000
7124.9999552	7184.9857226	7184.9250000	-2.0000667	-2.0000667	0.1857819	0.2805641	0.1549980	0.0000000	0.0000000
7124.9999552	7179.9835760	7179.9804492	-2.0000667	-2.0000667	0.1752944	0.2822820	0.1510735	0.0000000	0.0000000
7124.9999552	7174.9804432	7174.6444189	-2.0000667	-2.0000667	0.1732072	0.2844150	0.1459453	0.0000000	0.0000000
7124.9999552	7169.9844272	7169.7188525	-2.0000667	-2.0000667	0.1752463	0.2852625	0.1441461	0.0000000	0.0000000
7124.9999552	7164.9848528	7164.7932861	-2.0000667	-2.0000667	0.2272111	0.2822726	0.1619377	0.0000000	0.0000000
7124.9999552	7159.9842183	7159.8677197	-2.0000667	-2.0000667	0.2000258	0.2821974	0.1498499	0.0000000	0.0000000
7124.9999552	7154.9859714	7154.9421533	-2.0000667	-2.0000667	0.1817659	0.2839209	0.1427189	0.0000000	0.0000000
7124.9999552	7149.9845143	7149.6061230	-2.0000667	-2.0000667	0.1749811	0.2843032	0.1318192	0.0000000	0.0000000
7124.9999552	7144.9847639	7144.6805566	-2.0000667	-2.0000667	0.2145424	0.2807297	0.1415548	0.0000000	0.0000000
7124.9999552	7139.9824934	7139.7829688	-2.0000667	-2.0000667	0.2195782	0.2823844	0.1543588	0.0000000	0.0000000
7124.9999552	7134.9864797	7134.9133594	-2.0000667	-2.0000667	0.2301155	0.2817045	0.1524425	0.0000000	0.0000000
7124.9999552	7129.9832069	7129.6379492	-2.0000667	-2.0000667	0.2326531	0.2850397	0.1517323	0.0000000	0.0000000
7124.9999552	7124.9850629	7124.7683398	-2.0000667	-2.0000667	0.2218580	0.2843761	0.1457488	0.0000000	0.0000000
7124.9999552	7119.9837614	7119.8987305	-2.0000667	-2.0000667	0.2029534	0.2813248	0.1336501	0.0000000	0.0000000
7124.9999552	7114.9824600	7114.6233203	-2.0000667	-2.0000667	0.2099769	0.2823444	0.1409879	0.0000000	0.0000000
7124.9999552	7109.9813001	7109.7537109	-2.0000667	-2.0000667	0.2305073	0.2821282	0.1419542	0.0000000	0.0000000
7124.9999552	7104.9825351	7104.8841016	-2.0000667	-2.0000667	0.2341476	0.2809655	0.1429270	0.0000000	0.0000000
7124.9999552	7099.9837702	7099.6316406	-2.0000667	-2.0000667	0.2471501	0.2810149	0.1521835	0.0000000	0.0000000
7124.9999552	7094.9817088	7094.8171094	-2.0000667	-2.0000667	0.2423344	0.2803057	0.1524061	0.0000000	0.0000000
7124.9999552	7089.9836449	7089.6013672	-2.0000667	-2.0000667	0.2516046	0.2823435	0.1537661	0.0000000	0.0000000
7124.9999552	7084.9818060	7084.7868359	-2.0000667	-2.0000667	0.2548860	0.2825164	0.1502998	0.0000000	0.0000000
7124.9999552	7079.9837421	7079.9723047	-2.0000667	-2.0000667	0.2218319	0.2822661	0.1432133	0.0000000	0.0000000
7124.9999552	7074.9886177	7074.7565625	-2.0000667	-2.0000667	0.2212500	0.2822421	0.1392058	0.0000000	0.0000000
7124.9999552	7069.9846289	7069.9420313	-2.0000667	-2.0000667	0.2241959	0.2836074	0.1416316	0.0000000	0.0000000
7124.9999552	7064.9842688	7064.7262891	-2.0000667	-2.0000667	0.2269780	0.2833651	0.1440813	0.0000000	0.0000000
7124.9999552	7059.9819274	7059.9297656	-2.0000667	-2.0000667	0.2300707	0.2827645	0.1457277	0.0000000	0.0000000
7124.9999552	7054.9813035	7054.7725488	-2.0000667	-2.0000667	0.2247277	0.2837222	0.1446451	0.0000000	0.0000000
7124.9999552	7049.9806796	7049.6153320	-2.0000667	-2.0000667	0.2193987	0.2822748	0.1452838	0.0000000	0.0000000
7124.9999552	7044.9806454	7044.8548242	-2.0000667	-2.0000667	0.2116921	0.2831459	0.1409662	0.0000000	0.0000000
7124.9999552	7039.9880280	7039.6976074	-2.0000667	-2.0000667	0.2309592	0.2818556	0.1493743	0.0000000	0.0000000
7124.9999552	7034.9854783	7034.9370996	-2.0000667	-2.0000667	0.2230231	0.2821674	0.1504633	0.0000000	0.0000000
7124.9999552	7029.9832787	7029.7798828	-2.0000667	-2.0000667	0.2102281	0.2809852	0.1425723	0.0000000	0.0000000
7124.9999552	7024.9809858	7024.6226660	-2.0000667	-2.0000667	0.2027754	0.2834878	0.1421238	0.0000000	0.0000000
7124.9999552	7019.9819476	7019.8843262	-2.0000667	-2.0000667	0.2026504	0.2824281	0.1467455	0.0000000	0.0000000
7124.9999552	7014.9861162	7014.7847461	-2.0000667	-2.0000667	0.2006899	0.2812521	0.1513499	0.0000000	0.0000000
7124.9999552	7009.9855214	7009.6851660	-2.0000667	-2.0000667	0.2030659	0.2824646	0.1525618	0.0000000	0.0000000
7124.9999552	7004.9816281	7004.9778613	-2.0000667	-2.0000667	0.1854038	0.2827288	0.1459733	0.0000000	0.0000000
7124.9999552	7000.0292969	6999.8782813	-2.0000667	-2.0000667	0.1807190	0.2812589	0.1535613	0.0000000	0.0000000
