7249.9921758	7500.0011376	7499.6820801	-2.0000667	-2.0000667	0.0243113	0.2590150	0.1516376	0.0000000	7250.0000000
7249.9921758	7494.9907557	7494.7226807	-2.0000667	-2.0000667	0.0267870	0.2591396	0.1589202	0.0000000	0.0000000
7249.9921758	7489.9851278	7489.7632813	-2.0000667	-2.0000667	0.0272849	0.2593893	0.1535734	0.0000000	0.0000000
7249.9921758	7484.9878658	7484.8038818	-2.0000667	-2.0000667	0.0263032	0.2580089	0.1455408	0.0000000	0.0000000
7249.9921758	7479.9905873	7479.8981445	-2.0000667	-2.0000667	0.0300289	0.2617195	0.1517709	0.0000000	0.0000000
7249.9921758	7474.9849184	7474.9977734	-2.0000667	-2.0000667	0.0302933	0.2598595	0.1513706	0.0000000	0.0000000
7249.9921758	7469.9894082	7469.6519141	-2.0000667	-2.0000667	0.0326692	0.2616364	0.1508944	0.0000000	0.0000000
7249.9921758	7464.9880985	7464.7515430	-2.0000667	-2.0000667	0.0329730	0.2620040	0.1469028	0.0000000	0.0000000
7249.9921758	7459.9859450	7459.8511719	-2.0000667	-2.0000667	0.0336991	0.2608881	0.1462013	0.0000000	0.0000000
7249.9921758	7454.9866531	7454.9508008	-2.0000667	-2.0000667	0.0348634	0.2613053	0.1462581	0.0000000	0.0000000
7249.9921758	7449.9879936	7449.6049414	-2.0000667	-2.0000667	0.0390715	0.2610244	0.1458999	0.0000000	0.0000000
7249.9921758	7444.9822808	7444.7045703	-2.0000667	-2.0000667	0.0413562	0.2617133	0.1497849	0.0000000	0.0000000
7249.9921758	7439.9885650	7439.8041992	-2.0000667	-2.0000667	0.0422135	0.2604333	0.1500365	0.0000000	0.0000000
7249.9921758	7434.9858514	7434.9618359	-2.0000667	-2.0000667	0.0430664	0.2619396	0.1482217	0.0000000	0.0000000
7249.9921758	7429.9848914	7429.6792578	-2.0000667	-2.0000667	0.0477843	0.2615078	0.1556499	0.0000000	0.0000000
7249.9921758	7424.9898229	7424.8368945	-2.0000667	-2.0000667	0.0481752	0.2611157	0.1524261	0.0000000	0.0000000
7249.9921758	7419.9889997	7419.9945313	-2.0000667	-2.0000667	0.0497151	0.2608705	0.1561610	0.0000000	0.0000000
7249.9921758	7414.9881765	7414.7119531	-2.0000667	-2.0000667	0.0546984	0.2616044	0.1567788	0.0000000	0.0000000
7249.9921758	7409.9893015	7409.8695898	-2.0000667	-2.0000667	0.0579282	0.2594858	0.1597640	0.0000000	0.0000000
7249.9921758	7404.9855505	7404.5870117	-2.0000667	-2.0000667	0.0634893	0.2593535	0.1617145	0.0000000	0.0000000
7249.9921758	7399.9868032	7399.7446484	-2.0000667	-2.0000667	0.0615392	0.2563818	0.1596514	0.0000000	0.0000000
7249.9921758	7394.9884007	7394.9126367	-2.0000667	-2.0000667	0.0677806	0.2577435	0.1685861	0.0000000	0.0000000
7249.9921758	7389.9873611	7389.6921680	-2.0000667	-2.0000667	0.0723158	0.2596895	0.1666293	0.0000000	0.0000000
7249.9921758	7384.9863215	7384.9067383	-2.0000667	-2.0000667	0.0739712	0.2582517	0.1653241	0.0000000	0.0000000
7249.9921758	7379.9830116	7379.6862695	-2.0000667	-2.0000667	0.0771777	0.2582056	0.1654978	0.0000000	0.0000000
7249.9921758	7374.9880579	7374.9008398	-2.0000667	-2.0000667	0.0783019	0.2589951	0.1623685	0.0000000	0.0000000
7249.9921758	7369.9839616	7369.6803711	-2.0000667	-2.0000667	0.0823517	0.2582242	0.1678434	0.0000000	0.0000000
7249.9921758	7364.9814683	7364.8949414	-2.0000667	-2.0000667	0.0852756	0.2584143	0.1653845	0.0000000	0.0000000
7249.9921758	7359.9861795	7359.6744727	-2.0000667	-2.0000667	0.0878201	0.2591504	0.1667736	0.0000000	0.0000000
7249.9921758	7354.9814419	7354.8890430	-2.0000667	-2.0000667	0.0894745	0.2588967	0.1678214	0.0000000	0.0000000
7249.9921758	7349.9844428	7349.6991016	-2.0000667	-2.0000667	0.0941633	0.2597090	0.1679720	0.0000000	0.0000000
7249.9921758	7344.9830735	7344.9696387	-2.0000667	-2.0000667	0.0941044	0.2590463	0.1681418	0.0000000	0.0000000
7249.9921758	7339.9876760	7339.8102246	-2.0000667	-2.0000667	0.0976255	0.2586437	0.1656361	0.0000000	0.0000000
7249.9921758	7334.9876819	7334.6508105	-2.0000667	-2.0000667	0.1020640	0.2586569	0.1712297	0.0000000	0.0000000
7249.9921758	7329.9922164	7329.9213477	-2.0000667	-2.0000667	0.1063843	0.2587729	0.1726779	0.0000000	0.0000000
7249.9921758	7324.9878305	7324.7619336	-2.0000667	-2.0000667	0.1115768	0.2594832	0.1754641	0.0000000	0.0000000
7249.9921758	7319.9843762	7319.6025195	-2.0000667	-2.0000667	0.1132874	0.2595859	0.1714735	0.0000000	0.0000000
7249.9921758	7314.9856062	7314.8730566	-2.0000667	-2.0000667	0.1150598	0.2606301	0.1713014	0.0000000	0.0000000
7249.9921758	7309.9868361	7309.7136426	-2.0000667	-2.0000667	0.1122158	0.2586183	0.1680565	0.0000000	0.0000000
7249.9921758	7304.9879085	7304.6092822	-2.0000667	-2.0000667	0.1169735	0.2603145	0.1724813	0.0000000	0.0000000
7249.9921758	7299.9832770	7299.9348730	-2.0000667	-2.0000667	0.1190929	0.2607078	0.1728448	0.0000000	0.0000000
7249.9921758	7294.9829595	7294.8355176	-2.0000667	-2.0000667	0.1219131	0.2600083	0.1745453	0.0000000	0.0000000
7249.9921758	7289.9859351	7289.7361621	-2.0000667	-2.0000667	0.1259182	0.2594254	0.1735369	0.0000000	0.0000000
7249.9921758	7284.9854524	7284.6368066	-2.0000667	-2.0000667	0.1282058	0.2603796	0.1753768	0.0000000	0.0000000
7249.9921758	7279.9884279	7279.9623975	-2.0000667	-2.0000667	0.1262271	0.2607913	0.1759437	0.0000000	0.0000000
7249.9921758	7274.9872494	7274.8630420	-2.0000667	-2.0000667	0.1280532	0.2601582	0.1739729	0.0000000	0.0000000
7249.9921758	7269.9840093	7269.7636865	-2.0000667	-2.0000667	0.1314619	0.2628096	0.1758257	0.0000000	0.0000000
7249.9921758	7264.9876701	7264.6888672	-2.0000667	-2.0000667	0.1409109	0.2606716	0.1757642	0.0000000	0.0000000
7249.9921758	7259.9827583	7259.6483984	-2.0000667	-2.0000667	0.1445778	0.2615056	0.1781219	0.0000000	0.0000000
7249.9921758	7254.9818727	7254.6079297	-2.0000667	-2.0000667	0.1402120	0.2592177	0.1753771	0.0000000	0.0000000
7249.9921758	7249.9873132	7249.9875000	-2.0000667	-2.0000667	0.1446906	0.2604764	0.1767491	0.0000000	0.0000000
7249.9921758	7244.9832645	7244.9470313	-2.0000667	-2.0000667	0.1426863	0.2591292	0.1751897	0.0000000	0.0000000
7249.9921758	7239.9820982	7239.9065625	-2.0000667	-2.0000667	0.1416072	0.2564630	0.1730426	0.0000000	0.0000000
7249.9921758	7234.9891235	7234.8660938	-2.0000667	-2.0000667	0.1403622	0.2606849	0.1726201	0.0000000	0.0000000
7249.9921758	7229.9901764	7229.8256250	-2.0000667	-2.0000667	0.1379738	0.2601787	0.1725920	0.0000000	0.0000000
7249.9921758	7224.9937025	7224.7851563	-2.0000667	-2.0000667	0.1420829	0.2595614	0.1747059	0.0000000	0.0000000
7249.9921758	7219.9867826	7219.8026367	-2.0000667	-2.0000667	0.1458452	0.2594174	0.1767703	0.0000000	0.0000000
7249.9921758	7214.9827535	7214.8201172	-2.0000667	-2.0000667	0.1472151	0.2601232	0.1781974	0.0000000	0.0000000
7249.9921758	7209.9867265	7209.8375977	-2.0000667	-2.0000667	0.1476184	0.2610326	0.1770303	0.0000000	0.0000000
7249.9921758	7204.9823763	7204.8550781	-2.0000667	-2.0000667	0.1505593	0.2615531	0.1757361	0.0000000	0.0000000
7249.9921758	7199.9844833	7199.8725586	-2.0000667	-2.0000667	0.1497457	0.2613120	0.1783146	0.0000000	0.0000000
7249.9921758	7194.9864212	7194.8900391	-2.0000667	-2.0000667	0.1492234	0.2611779	0.1779136	0.0000000	0.0000000
7249.9921758	7189.9844123	7189.9075195	-2.0000667	-2.0000667	0.1466151	0.2599016	0.1783103	0.0000000	0.0000000
7249.9921758	7184.9857226	7184.9250000	-2.0000667	-2.0000667	0.1453685	0.2595848	0.1778250	0.0000000	0.0000000
7249.9921758	7179.9835760	7179.9804492	-2.0000667	-2.0000667	0.1392172	0.2613398	0.1797983	0.0000000	0.0000000
7249.9921758	7174.9840016	7174.6444189	-2.0000667	-2.0000667	0.1410759	0.2605800	0.1783625	0.0000000	0.0000000
7249.9921758	7169.9879856	7169.7188525	-2.0000667	-2.0000667	0.1421467	0.2599098	0.1787644	0.0000000	0.0000000
7249.9921758	7164.9848528	7164.7932861	-2.0000667	-2.0000667	0.1407206	0.2610122	0.1761875	0.0000000	0.0000000
7249.9921758	7159.9874285	7159.8677197	-2.0000667	-2.0000667	0.1386632	0.2610276	0.1739359	0.0000000	0.0000000
7249.9921758	7154.9859714	7154.9421533	-2.0000667	-2.0000667	0.1389968	0.2601434	0.1783069	0.0000000	0.0000000
7249.9921758	7149.9845143	7149.6061230	-2.0000667	-2.0000667	0.1384352	0.2607837	0.1791323	0.0000000	0.0000000
7249.9921758	7144.9847639	7144.6805566	-2.0000667	-2.0000667	0.1343787	0.2605591	0.1762748	0.0000000	0.0000000
7249.9921758	7139.9824934	7139.7829688	-2.0000667	-2.0000667	0.1333781	0.2616293	0.1748798	0.0000000	0.0000000
7249.9921758	7134.9864797	7134.9133594	-2.0000667	-2.0000667	0.1301685	0.2614764	0.1750051	0.0000000	0.0000000
7249.9921758	7129.9863643	7129.6379492	-2.0000667	-2.0000667	0.1286814	0.2618069	0.1752495	0.0000000	0.0000000
7249.9921758	7124.9850629	7124.7683398	-2.0000667	-2.0000667	0.1269930	0.2612114	0.1721412	0.0000000	0.0000000
7249.9921758	7119.9837614	7119.8987305	-2.0000667	-2.0000667	0.1238748	0.2613696	0.1729293	0.0000000	0.0000000
7249.9921758	7114.9824600	7114.6233203	-2.0000667	-2.0000667	0.1214521	0.2594907	0.1751022	0.0000000	0.0000000
7249.9921758	7109.9847957	7109.7537109	-2.0000667	-2.0000667	0.1196128	0.2601578	0.1743734	0.0000000	0.0000000
7249.9921758	7104.9825351	7104.8841016	-2.0000667	-2.0000667	0.1160392	0.2614628	0.1767981	0.0000000	0.0000000
7249.9921758	7099.9837702	7099.6316406	-2.0000667	-2.0000667	0.1106957	0.2591229	0.1809537	0.0000000	0.0000000
7249.9921758	7094.9817088	7094.8171094	-2.0000667	-2.0000667	0.1079490	0.2608832	0.1754941	0.0000000	0.0000000
7249.9921758	7089.9836449	7089.6013672	-2.0000667	-2.0000667	0.1079535	0.2586575	0.1735570	0.0000000	0.0000000
7249.9921758	7084.9818060	7084.7868359	-2.0000667	-2.0000667	0.1037013	0.2593788	0.1768618	0.0000000	0.0000000
7249.9921758	7079.9837421	7079.9723047	-2.0000667	-2.0000667	0.0981702	0.2583486	0.1794681	0.0000000	0.0000000
7249.9921758	7074.9886177	7074.7565625	-2.0000667	-2.0000667	0.0941847	0.2586493	0.1791401	0.0000000	0.0000000
7249.9921758	7069.9846289	7069.9420313	-2.0000667	-2.0000667	0.0921472	0.2598555	0.1762753	0.0000000	0.0000000
7249.9921758	7064.9842688	7064.7262891	-2.0000667	-2.0000667	0.0902692	0.2599377	0.1742698	0.0000000	0.0000000
7249.9921758	7059.9851958	7059.9297656	-2.0000667	-2.0000667	0.0879893	0.2610138	0.1710648	0.0000000	0.0000000
7249.9921758	7054.9845719	7054.7725488	-2.0000667	-2.0000667	0.0841288	0.2593484	0.1718046	0.0000000	0.0000000
7249.9921758	7049.9839480	7049.6153320	-2.0000667	-2.0000667	0.0817524	0.2603043	0.1712292	0.0000000	0.0000000
7249.9921758	7044.9806454	7044.8548242	-2.0000667	-2.0000667	0.0786746	0.2604403	0.1704438	0.0000000	0.0000000
7249.9921758	7039.9847173	7039.6976074	-2.0000667	-2.0000667	0.0753705	0.2592021	0.1738063	0.0000000	0.0000000
7249.9921758	7034.9854783	7034.9370996	-2.0000667	-2.0000667	0.0731735	0.2590864	0.1747180	0.0000000	0.0000000
7249.9921758	7029.9865333	7029.7798828	-2.0000667	-2.0000667	0.0674614	0.2595326	0.1823866	0.0000000	0.0000000
7249.9921758	7024.9842404	7024.6226660	-2.0000667	-2.0000667	0.0650580	0.2581168	0.1763588	0.0000000	0.0000000
7249.9921758	7019.9852022	7019.8843262	-2.0000667	-2.0000667	0.0632942	0.2617570	0.1701923	0.0000000	0.0000000
7249.9921758	7014.9861162	7014.7847461	-2.0000667	-2.0000667	0.0630153	0.2589037	0.1696409	0.0000000	0.0000000
7249.9921758	7009.9855214	7009.6851660	-2.0000667	-2.0000667	0.0566686	0.2615647	0.1690448	0.0000000	0.0000000
7249.9921758	7004.9849267	7004.9778613	-2.0000667	-2.0000667	0.0540410	0.2607778	0.1659620	0.0000000	0.0000000
7249.9921758	7000.0292969	6999.8782813	-2.0000667	-2.0000667	0.0521371	0.2592327	0.1722695	0.0000000	0.0000000
