7099.9923505	7499.9984178	7499.6820801	-2.0000667	-2.0000667	0.0013722	0.2854214	0.1347673	0.0000000	7100.0000000
7099.9923505	7494.9851784	7494.7226807	-2.0000667	-2.0000667	0.0011747	0.2858822	0.1337874	0.0000000	0.0000000
7099.9923505	7489.9851278	7489.7632813	-2.0000667	-2.0000667	0.0020204	0.2862139	0.1402101	0.0000000	0.0000000
7099.9923505	7484.9878658	7484.8038818	-2.0000667	-2.0000667	0.0030670	0.2849219	0.1502078	0.0000000	0.0000000
7099.9923505	7479.9905873	7479.8981445	-2.0000667	-2.0000667	0.0025465	0.2855155	0.1428408	0.0000000	0.0000000
7099.9923505	7474.9849184	7474.9977734	-2.0000667	-2.0000667	0.0031733	0.2854178	0.1413008	0.0000000	0.0000000
7099.9923505	7469.9894082	7469.6519141	-2.0000667	-2.0000667	0.0043436	0.2857970	0.1410237	0.0000000	0.0000000
7099.9923505	7464.9852369	7464.7515430	-2.0000667	-2.0000667	0.0053004	0.2846345	0.1469344	0.0000000	0.0000000
7099.9923505	7459.9830834	7459.8511719	-2.0000667	-2.0000667	0.0061157	0.2862761	0.1448662	0.0000000	0.0000000
7099.9923505	7454.9866531	7454.9508008	-2.0000667	-2.0000667	0.0099314	0.2851093	0.1517197	0.0000000	0.0000000
7099.9923505	7449.9849944	7449.6049414	-2.0000667	-2.0000667	0.0057588	0.2855629	0.1435781	0.0000000	0.0000000
7099.9923505	7444.9822808	7444.7045703	-2.0000667	-2.0000667	0.0053077	0.2842587	0.1425759	0.0000000	0.0000000
7099.9923505	7439.9825665	7439.8041992	-2.0000667	-2.0000667	0.0097318	0.2866903	0.1466571	0.0000000	0.0000000
7099.9923505	7434.9828522	7434.9618359	-2.0000667	-2.0000667	0.0093347	0.2870631	0.1445455	0.0000000	0.0000000
7099.9923505	7429.9848914	7429.6792578	-2.0000667	-2.0000667	0.0095664	0.2854227	0.1494291	0.0000000	0.0000000
7099.9923505	7424.9840682	7424.8368945	-2.0000667	-2.0000667	0.0089600	0.2861017	0.1437666	0.0000000	0.0000000
7099.9923505	7419.9889997	7419.9945313	-2.0000667	-2.0000667	0.0073861	0.2870234	0.1360646	0.0000000	0.0000000
7099.9923505	7414.9824218	7414.7119531	-2.0000667	-2.0000667	0.0061104	0.2859717	0.1287306	0.0000000	0.0000000
7099.9923505	7409.9893015	7409.8695898	-2.0000667	-2.0000667	0.0077825	0.2869563	0.1221040	0.0000000	0.0000000
7099.9923505	7404.9855505	7404.5870117	-2.0000667	-2.0000667	0.0114338	0.2851790	0.1312694	0.0000000	0.0000000
7099.9923505	7399.9868032	7399.7446484	-2.0000667	-2.0000667	0.0139691	0.2875769	0.1340300	0.0000000	0.0000000
7099.9923505	7394.9884007	7394.9126367	-2.0000667	-2.0000667	0.0106935	0.2887050	0.1253076	0.0000000	0.0000000
7099.9923505	7389.9873611	7389.6921680	-2.0000667	-2.0000667	0.0146028	0.2881609	0.1304486	0.0000000	0.0000000
7099.9923505	7384.9891170	7384.9067383	-2.0000667	-2.0000667	0.0185870	0.2852825	0.1404896	0.0000000	0.0000000
7099.9923505	7379.9830116	7379.6862695	-2.0000667	-2.0000667	0.0228732	0.2862657	0.1377802	0.0000000	0.0000000
7099.9923505	7374.9819628	7374.9008398	-2.0000667	-2.0000667	0.0323197	0.2873510	0.1411123	0.0000000	0.0000000
7099.9923505	7369.9839616	7369.6803711	-2.0000667	-2.0000667	0.0239347	0.2849401	0.1375784	0.0000000	0.0000000
7099.9923505	7364.9814683	7364.8949414	-2.0000667	-2.0000667	0.0332860	0.2855231	0.1441787	0.0000000	0.0000000
7099.9923505	7359.9861795	7359.6744727	-2.0000667	-2.0000667	0.0312792	0.2870530	0.1423151	0.0000000	0.0000000
7099.9923505	7354.9814419	7354.8890430	-2.0000667	-2.0000667	0.0300292	0.2873158	0.1365330	0.0000000	0.0000000
7099.9923505	7349.9844428	7349.6991016	-2.0000667	-2.0000667	0.0294063	0.2864521	0.1306970	0.0000000	0.0000000
7099.9923505	7344.9830735	7344.9696387	-2.0000667	-2.0000667	0.0336713	0.2865546	0.1332114	0.0000000	0.0000000
7099.9923505	7339.9876760	7339.8102246	-2.0000667	-2.0000667	0.0298259	0.2869189	0.1263789	0.0000000	0.0000000
7099.9923505	7334.9906554	7334.6508105	-2.0000667	-2.0000667	0.0336661	0.2865776	0.1296582	0.0000000	0.0000000
7099.9923505	7329.9862695	7329.9213477	-2.0000667	-2.0000667	0.0389712	0.2864384	0.1337825	0.0000000	0.0000000
7099.9923505	7324.9848570	7324.7619336	-2.0000667	-2.0000667	0.0514353	0.2865422	0.1417444	0.0000000	0.0000000
7099.9923505	7319.9871533	7319.6025195	-2.0000667	-2.0000667	0.0624757	0.2869957	0.1425298	0.0000000	0.0000000
7099.9923505	7314.9856062	7314.8730566	-2.0000667	-2.0000667	0.0725627	0.2850579	0.1506903	0.0000000	0.0000000
7099.9923505	7309.9868361	7309.7136426	-2.0000667	-2.0000667	0.0690038	0.2839794	0.1467454	0.0000000	0.0000000
7099.9923505	7304.9850290	7304.6092822	-2.0000667	-2.0000667	0.0590090	0.2871816	0.1352817	0.0000000	0.0000000
7099.9923505	7299.9861565	7299.9348730	-2.0000667	-2.0000667	0.0616921	0.2896022	0.1398547	0.0000000	0.0000000
7099.9923505	7294.9795014	7294.8355176	-2.0000667	-2.0000667	0.0700786	0.2884489	0.1432328	0.0000000	0.0000000
7099.9923505	7289.9824769	7289.7361621	-2.0000667	-2.0000667	0.0815917	0.2867081	0.1403671	0.0000000	0.0000000
7099.9923505	7284.9819943	7284.6368066	-2.0000667	-2.0000667	0.0795962	0.2856521	0.1406035	0.0000000	0.0000000
7099.9923505	7279.9849698	7279.9623975	-2.0000667	-2.0000667	0.0878633	0.2891335	0.1398328	0.0000000	0.0000000
7099.9923505	7274.9837989	7274.8630420	-2.0000667	-2.0000667	0.1008804	0.2853894	0.1516129	0.0000000	0.0000000
7099.9923505	7269.9840093	7269.7636865	-2.0000667	-2.0000667	0.1200564	0.2828842	0.1590544	0.0000000	0.0000000
7099.9923505	7264.9876701	7264.6888672	-2.0000667	-2.0000667	0.1256416	0.2833934	0.1591561	0.0000000	0.0000000
7099.9923505	7259.9859215	7259.6483984	-2.0000667	-2.0000667	0.1256656	0.2847128	0.1549623	0.0000000	0.0000000
7099.9923505	7254.9818727	7254.6079297	-2.0000667	-2.0000667	0.1161611	0.2852505	0.1480865	0.0000000	0.0000000
7099.9923505	7249.9904764	7249.9875000	-2.0000667	-2.0000667	0.1091969	0.2862483	0.1401781	0.0000000	0.0000000
7099.9923505	7244.9864276	7244.9470313	-2.0000667	-2.0000667	0.1264269	0.2866874	0.1443979	0.0000000	0.0000000
7099.9923505	7239.9850844	7239.9065625	-2.0000667	-2.0000667	0.1360321	0.2841532	0.1494319	0.0000000	0.0000000
7099.9923505	7234.9861373	7234.8660938	-2.0000667	-2.0000667	0.1279141	0.2838660	0.1450669	0.0000000	0.0000000
7099.9923505	7229.9871902	7229.8256250	-2.0000667	-2.0000667	0.1389435	0.2852362	0.1492766	0.0000000	0.0000000
7099.9923505	7224.9850300	7224.7851563	-2.0000667	-2.0000667	0.1353961	0.2851932	0.1458649	0.0000000	0.0000000
7099.9923505	7219.9838918	7219.8026367	-2.0000667	-2.0000667	0.1416281	0.2860187	0.1449303	0.0000000	0.0000000
7099.9923505	7214.9827535	7214.8201172	-2.0000667	-2.0000667	0.1443450	0.2863497	0.1426660	0.0000000	0.0000000
7099.9923505	7209.9867265	7209.8375977	-2.0000667	-2.0000667	0.1604980	0.2849175	0.1490011	0.0000000	0.0000000
7099.9923505	7204.9823763	7204.8550781	-2.0000667	-2.0000667	0.1560737	0.2885552	0.1444137	0.0000000	0.0000000
7099.9923505	7199.9877120	7199.8725586	-2.0000667	-2.0000667	0.1600905	0.2833051	0.1490604	0.0000000	0.0000000
7099.9923505	7194.9864212	7194.8900391	-2.0000667	-2.0000667	0.1692806	0.2843716	0.1517249	0.0000000	0.0000000
7099.9923505	7189.9844123	7189.9075195	-2.0000667	-2.0000667	0.1814557	0.2861569	0.1518185	0.0000000	0.0000000
7099.9923505	7184.9857226	7184.9250000	-2.0000667	-2.0000667	0.1762596	0.2861400	0.1491207	0.0000000	0.0000000
7099.9923505	7179.9835760	7179.9804492	-2.0000667	-2.0000667	0.1722937	0.2852712	0.1522959	0.0000000	0.0000000
7099.9923505	7174.9804432	7174.6444189	-2.0000667	-2.0000667	0.1781228	0.2868616	0.1482185	0.0000000	0.0000000
7099.9923505	7169.9844272	7169.7188525	-2.0000667	-2.0000667	0.1813425	0.2843859	0.1485293	0.0000000	0.0000000
7099.9923505	7164.9848528	7164.7932861	-2.0000667	-2.0000667	0.2056489	0.2869298	0.1511516	0.0000000	0.0000000
7099.9923505	7159.9842183	7159.8677197	-2.0000667	-2.0000667	0.1869528	0.2867985	0.1434399	0.0000000	0.0000000
7099.9923505	7154.9859714	7154.9421533	-2.0000667	-2.0000667	0.1907889	0.2871239	0.1426464	0.0000000	0.0000000
7099.9923505	7149.9845143	7149.6061230	-2.0000667	-2.0000667	0.2147085	0.2845276	0.1481384	0.0000000	0.0000000
7099.9923505	7144.9816355	7144.6805566	-2.0000667	-2.0000667	0.2173689	0.2873557	0.1441530	0.0000000	0.0000000
7099.9923505	7139.9824934	7139.7829688	-2.0000667	-2.0000667	0.2179779	0.2875227	0.1444486	0.0000000	0.0000000
7099.9923505	7134.9864797	7134.9133594	-2.0000667	-2.0000667	0.2300040	0.2885101	0.1470209	0.0000000	0.0000000
7099.9923505	7129.9832069	7129.6379492	-2.0000667	-2.0000667	0.2272770	0.2880151	0.1442780	0.0000000	0.0000000
7099.9923505	7124.9850629	7124.7683398	-2.0000667	-2.0000667	0.2294884	0.2873815	0.1447579	0.0000000	0.0000000
7099.9923505	7119.9837614	7119.8987305	-2.0000667	-2.0000667	0.2403352	0.2837784	0.1476091	0.0000000	0.0000000
7099.9923505	7114.9856174	7114.6233203	-2.0000667	-2.0000667	0.2741041	0.2856169	0.1539408	0.0000000	0.0000000
7099.9923505	7109.9847957	7109.7537109	-2.0000667	-2.0000667	0.2906595	0.2848328	0.1595884	0.0000000	0.0000000
7099.9923505	7104.9825351	7104.8841016	-2.0000667	-2.0000667	0.2627438	0.2847747	0.1494658	0.0000000	0.0000000
7099.9923505	7099.9837702	7099.6316406	-2.0000667	-2.0000667	0.2671716	0.2858708	0.1510458	0.0000000	0.0000000
7099.9923505	7094.9817088	7094.8171094	-2.0000667	-2.0000667	0.2624780	0.2858165	0.1494968	0.0000000	0.0000000
7099.9923505	7089.9836449	7089.6013672	-2.0000667	-2.0000667	0.2612603	0.2858242	0.1493984	0.0000000	0.0000000
7099.9923505	7084.9818060	7084.7868359	-2.0000667	-2.0000667	0.2523251	0.2865649	0.1454340	0.0000000	0.0000000
7099.9923505	7079.9837421	7079.9723047	-2.0000667	-2.0000667	0.2538309	0.2897712	0.1469244	0.0000000	0.0000000
7099.9923505	7074.9849890	7074.7565625	-2.0000667	-2.0000667	0.2594714	0.2866672	0.1479849	0.0000000	0.0000000
7099.9923505	7069.9846289	7069.9420313	-2.0000667	-2.0000667	0.2620463	0.2847496	0.1494413	0.0000000	0.0000000
7099.9923505	7064.9842688	7064.7262891	-2.0000667	-2.0000667	0.2460984	0.2862604	0.1446348	0.0000000	0.0000000
7099.9923505	7059.9851958	7059.9297656	-2.0000667	-2.0000667	0.2334663	0.2856790	0.1414598	0.0000000	0.0000000
7099.9923505	7054.9845719	7054.7725488	-2.0000667	-2.0000667	0.2432688	0.2846039	0.1475277	0.0000000	0.0000000
7099.9923505	7049.9839480	7049.6153320	-2.0000667	-2.0000667	0.2487921	0.2865947	0.1454840	0.0000000	0.0000000
7099.9923505	7044.9806454	7044.8548242	-2.0000667	-2.0000667	0.2177679	0.2845924	0.1372069	0.0000000	0.0000000
7099.9923505	7039.9847173	7039.6976074	-2.0000667	-2.0000667	0.2330734	0.2869651	0.1425669	0.0000000	0.0000000
7099.9923505	7034.9887891	7034.9370996	-2.0000667	-2.0000667	0.2242866	0.2882477	0.1381470	0.0000000	0.0000000
7099.9923505	7029.9865333	7029.7798828	-2.0000667	-2.0000667	0.2588406	0.2867023	0.1505453	0.0000000	0.0000000
7099.9923505	7024.9874950	7024.6226660	-2.0000667	-2.0000667	0.2556150	0.2885363	0.1506119	0.0000000	0.0000000
7099.9923505	7019.9852022	7019.8843262	-2.0000667	-2.0000667	0.2449918	0.2849127	0.1508301	0.0000000	0.0000000
7099.9923505	7014.9861162	7014.7847461	-2.0000667	-2.0000667	0.2473613	0.2859973	0.1532721	0.0000000	0.0000000
7099.9923505	7009.9822229	7009.6851660	-2.0000667	-2.0000667	0.2338831	0.2845137	0.1490878	0.0000000	0.0000000
7099.9923505	7004.9816281	7004.9778613	-2.0000667	-2.0000667	0.2267914	0.2853630	0.1478292	0.0000000	0.0000000
7099.9923505	7000.0292969	6999.8782813	-2.0000667	-2.0000667	0.2216373	0.2869080	0.1502224	0.0000000	0.0000000
