7259.9958964	7500.0011376	7499.6820801	-2.0000667	-2.0000667	0.0219639	0.2554375	0.1456721	0.0000000	7260.0000000
7259.9958964	7494.9935444	7494.7226807	-2.0000667	-2.0000667	0.0234620	0.2545300	0.1491847	0.0000000	0.0000000
7259.9958964	7489.9851278	7489.7632813	-2.0000667	-2.0000667	0.0231235	0.2563094	0.1478696	0.0000000	0.0000000
7259.9958964	7484.9878658	7484.8038818	-2.0000667	-2.0000667	0.0266345	0.2548394	0.1486967	0.0000000	0.0000000
7259.9958964	7479.9905873	7479.8981445	-2.0000667	-2.0000667	0.0274801	0.2539254	0.1459205	0.0000000	0.0000000
7259.9958964	7474.9849184	7474.9977734	-2.0000667	-2.0000667	0.0291804	0.2550310	0.1504880	0.0000000	0.0000000
7259.9958964	7469.9894082	7469.6519141	-2.0000667	-2.0000667	0.0342269	0.2538435	0.1590527	0.0000000	0.0000000
7259.9958964	7464.9880985	7464.7515430	-2.0000667	-2.0000667	0.0356550	0.2539554	0.1558124	0.0000000	0.0000000
7259.9958964	7459.9859450	7459.8511719	-2.0000667	-2.0000667	0.0360160	0.2543010	0.1542188	0.0000000	0.0000000
7259.9958964	7454.9866531	7454.9508008	-2.0000667	-2.0000667	0.0392255	0.2539777	0.1582253	0.0000000	0.0000000
7259.9958964	7449.9879936	7449.6049414	-2.0000667	-2.0000667	0.0408383	0.2540107	0.1587938	0.0000000	0.0000000
7259.9958964	7444.9852800	7444.7045703	-2.0000667	-2.0000667	0.0424899	0.2537858	0.1573525	0.0000000	0.0000000
7259.9958964	7439.9855657	7439.8041992	-2.0000667	-2.0000667	0.0464246	0.2547932	0.1606254	0.0000000	0.0000000
7259.9958964	7434.9858514	7434.9618359	-2.0000667	-2.0000667	0.0469797	0.2543102	0.1614817	0.0000000	0.0000000
7259.9958964	7429.9877688	7429.6792578	-2.0000667	-2.0000667	0.0505089	0.2541172	0.1639000	0.0000000	0.0000000
7259.9958964	7424.9840682	7424.8368945	-2.0000667	-2.0000667	0.0631000	0.2559557	0.1604071	0.0000000	0.0000000
7259.9958964	7419.9889997	7419.9945313	-2.0000667	-2.0000667	0.0544374	0.2537607	0.1629600	0.0000000	0.0000000
7259.9958964	7414.9852991	7414.7119531	-2.0000667	-2.0000667	0.0562284	0.2568730	0.1586410	0.0000000	0.0000000
7259.9958964	7409.9893015	7409.8695898	-2.0000667	-2.0000667	0.0547800	0.2548218	0.1575348	0.0000000	0.0000000
7259.9958964	7404.9855505	7404.5870117	-2.0000667	-2.0000667	0.0557974	0.2574136	0.1566508	0.0000000	0.0000000
7259.9958964	7399.9868032	7399.7446484	-2.0000667	-2.0000667	0.0549702	0.2561293	0.1496047	0.0000000	0.0000000
7259.9958964	7394.9884007	7394.9126367	-2.0000667	-2.0000667	0.0597777	0.2572963	0.1560850	0.0000000	0.0000000
7259.9958964	7389.9873611	7389.6921680	-2.0000667	-2.0000667	0.0678120	0.2576112	0.1627013	0.0000000	0.0000000
7259.9958964	7384.9891170	7384.9067383	-2.0000667	-2.0000667	0.0690162	0.2572452	0.1620233	0.0000000	0.0000000
7259.9958964	7379.9860592	7379.6862695	-2.0000667	-2.0000667	0.0707782	0.2551140	0.1622585	0.0000000	0.0000000
7259.9958964	7374.9850104	7374.9008398	-2.0000667	-2.0000667	0.0758682	0.2555764	0.1687625	0.0000000	0.0000000
7259.9958964	7369.9839616	7369.6803711	-2.0000667	-2.0000667	0.0828901	0.2534813	0.1746775	0.0000000	0.0000000
7259.9958964	7364.9814683	7364.8949414	-2.0000667	-2.0000667	0.0837167	0.2520233	0.1773633	0.0000000	0.0000000
7259.9958964	7359.9861795	7359.6744727	-2.0000667	-2.0000667	0.0883116	0.2541948	0.1788042	0.0000000	0.0000000
7259.9958964	7354.9814419	7354.8890430	-2.0000667	-2.0000667	0.0892324	0.2547098	0.1779197	0.0000000	0.0000000
7259.9958964	7349.9874287	7349.6991016	-2.0000667	-2.0000667	0.0912339	0.2539965	0.1747181	0.0000000	0.0000000
7259.9958964	7344.9860594	7344.9696387	-2.0000667	-2.0000667	0.0947253	0.2534493	0.1746014	0.0000000	0.0000000
7259.9958964	7339.9876760	7339.8102246	-2.0000667	-2.0000667	0.0949138	0.2539258	0.1727009	0.0000000	0.0000000
7259.9958964	7334.9906554	7334.6508105	-2.0000667	-2.0000667	0.0947487	0.2541050	0.1688207	0.0000000	0.0000000
7259.9958964	7329.9892429	7329.9213477	-2.0000667	-2.0000667	0.1008300	0.2560962	0.1755114	0.0000000	0.0000000
7259.9958964	7324.9878305	7324.7619336	-2.0000667	-2.0000667	0.1043047	0.2556373	0.1765148	0.0000000	0.0000000
7259.9958964	7319.9843762	7319.6025195	-2.0000667	-2.0000667	0.1056460	0.2544705	0.1750256	0.0000000	0.0000000
7259.9958964	7314.9856062	7314.8730566	-2.0000667	-2.0000667	0.1075330	0.2543651	0.1750225	0.0000000	0.0000000
7259.9958964	7309.9868361	7309.7136426	-2.0000667	-2.0000667	0.1086530	0.2532889	0.1746111	0.0000000	0.0000000
7259.9958964	7304.9907881	7304.6092822	-2.0000667	-2.0000667	0.1117271	0.2543662	0.1773130	0.0000000	0.0000000
7259.9958964	7299.9890361	7299.9348730	-2.0000667	-2.0000667	0.1114542	0.2515919	0.1766602	0.0000000	0.0000000
7259.9958964	7294.9829595	7294.8355176	-2.0000667	-2.0000667	0.1128206	0.2529965	0.1793412	0.0000000	0.0000000
7259.9958964	7289.9859351	7289.7361621	-2.0000667	-2.0000667	0.1186477	0.2544722	0.1811748	0.0000000	0.0000000
7259.9958964	7284.9854524	7284.6368066	-2.0000667	-2.0000667	0.1207880	0.2534807	0.1826736	0.0000000	0.0000000
7259.9958964	7279.9884279	7279.9623975	-2.0000667	-2.0000667	0.1208228	0.2540315	0.1820148	0.0000000	0.0000000
7259.9958964	7274.9837989	7274.8630420	-2.0000667	-2.0000667	0.1241199	0.2544810	0.1789307	0.0000000	0.0000000
7259.9958964	7269.9840093	7269.7636865	-2.0000667	-2.0000667	0.1217697	0.2556917	0.1760226	0.0000000	0.0000000
7259.9958964	7264.9876701	7264.6888672	-2.0000667	-2.0000667	0.1268722	0.2554810	0.1752723	0.0000000	0.0000000
7259.9958964	7259.9890846	7259.6483984	-2.0000667	-2.0000667	0.1282496	0.2554154	0.1743995	0.0000000	0.0000000
7259.9958964	7254.9850358	7254.6079297	-2.0000667	-2.0000667	0.1305096	0.2561725	0.1759310	0.0000000	0.0000000
7259.9958964	7249.9873132	7249.9875000	-2.0000667	-2.0000667	0.1295941	0.2564966	0.1793356	0.0000000	0.0000000
7259.9958964	7244.9864276	7244.9470313	-2.0000667	-2.0000667	0.1294307	0.2535066	0.1797433	0.0000000	0.0000000
7259.9958964	7239.9850844	7239.9065625	-2.0000667	-2.0000667	0.1275955	0.2536193	0.1781250	0.0000000	0.0000000
7259.9958964	7234.9861373	7234.8660938	-2.0000667	-2.0000667	0.1294618	0.2536533	0.1795703	0.0000000	0.0000000
7259.9958964	7229.9842040	7229.8256250	-2.0000667	-2.0000667	0.1310356	0.2530553	0.1813396	0.0000000	0.0000000
7259.9958964	7224.9908117	7224.7851563	-2.0000667	-2.0000667	0.1322701	0.2531508	0.1804526	0.0000000	0.0000000
7259.9958964	7219.9838918	7219.8026367	-2.0000667	-2.0000667	0.1308311	0.2535841	0.1794116	0.0000000	0.0000000
7259.9958964	7214.9856444	7214.8201172	-2.0000667	-2.0000667	0.1337609	0.2520277	0.1811720	0.0000000	0.0000000
7259.9958964	7209.9867265	7209.8375977	-2.0000667	-2.0000667	0.1329330	0.2516968	0.1810276	0.0000000	0.0000000
7259.9958964	7204.9856049	7204.8550781	-2.0000667	-2.0000667	0.1347048	0.2524247	0.1799701	0.0000000	0.0000000
7259.9958964	7199.9844833	7199.8725586	-2.0000667	-2.0000667	0.1355999	0.2536395	0.1790918	0.0000000	0.0000000
7259.9958964	7194.9831021	7194.8900391	-2.0000667	-2.0000667	0.1346110	0.2536832	0.1809435	0.0000000	0.0000000
7259.9958964	7189.9810932	7189.9075195	-2.0000667	-2.0000667	0.1342200	0.2547946	0.1815829	0.0000000	0.0000000
7259.9958964	7184.9857226	7184.9250000	-2.0000667	-2.0000667	0.1293733	0.2548475	0.1791062	0.0000000	0.0000000
7259.9958964	7179.9835760	7179.9804492	-2.0000667	-2.0000667	0.1269392	0.2555155	0.1784489	0.0000000	0.0000000
7259.9958964	7174.9840016	7174.6444189	-2.0000667	-2.0000667	0.1262201	0.2568514	0.1751777	0.0000000	0.0000000
7259.9958964	7169.9844272	7169.7188525	-2.0000667	-2.0000667	0.1253418	0.2541361	0.1750616	0.0000000	0.0000000
7259.9958964	7164.9848528	7164.7932861	-2.0000667	-2.0000667	0.1242719	0.2539039	0.1759078	0.0000000	0.0000000
7259.9958964	7159.9810081	7159.8677197	-2.0000667	-2.0000667	0.1244225	0.2537839	0.1722415	0.0000000	0.0000000
7259.9958964	7154.9859714	7154.9421533	-2.0000667	-2.0000667	0.1227574	0.2552480	0.1733649	0.0000000	0.0000000
7259.9958964	7149.9845143	7149.6061230	-2.0000667	-2.0000667	0.1222775	0.2563615	0.1722811	0.0000000	0.0000000
7259.9958964	7144.9847639	7144.6805566	-2.0000667	-2.0000667	0.1194099	0.2538624	0.1748181	0.0000000	0.0000000
7259.9958964	7139.9824934	7139.7829688	-2.0000667	-2.0000667	0.1172382	0.2545587	0.1768947	0.0000000	0.0000000
7259.9958964	7134.9864797	7134.9133594	-2.0000667	-2.0000667	0.1160726	0.2536028	0.1744260	0.0000000	0.0000000
7259.9958964	7129.9832069	7129.6379492	-2.0000667	-2.0000667	0.1132373	0.2518005	0.1785582	0.0000000	0.0000000
7259.9958964	7124.9850629	7124.7683398	-2.0000667	-2.0000667	0.1116100	0.2526239	0.1739856	0.0000000	0.0000000
7259.9958964	7119.9837614	7119.8987305	-2.0000667	-2.0000667	0.1058164	0.2528391	0.1793535	0.0000000	0.0000000
7259.9958964	7114.9856174	7114.6233203	-2.0000667	-2.0000667	0.1040448	0.2523226	0.1797985	0.0000000	0.0000000
7259.9958964	7109.9847957	7109.7537109	-2.0000667	-2.0000667	0.1014974	0.2542094	0.1820248	0.0000000	0.0000000
7259.9958964	7104.9825351	7104.8841016	-2.0000667	-2.0000667	0.0979215	0.2539127	0.1807449	0.0000000	0.0000000
7259.9958964	7099.9872658	7099.6316406	-2.0000667	-2.0000667	0.0973990	0.2555521	0.1746279	0.0000000	0.0000000
7259.9958964	7094.9817088	7094.8171094	-2.0000667	-2.0000667	0.0938083	0.2561216	0.1758134	0.0000000	0.0000000
7259.9958964	7089.9836449	7089.6013672	-2.0000667	-2.0000667	0.0929076	0.2540645	0.1744907	0.0000000	0.0000000
7259.9958964	7084.9855810	7084.7868359	-2.0000667	-2.0000667	0.0897581	0.2555206	0.1775718	0.0000000	0.0000000
7259.9958964	7079.9875171	7079.9723047	-2.0000667	-2.0000667	0.0847949	0.2549547	0.1758047	0.0000000	0.0000000
7259.9958964	7074.9849890	7074.7565625	-2.0000667	-2.0000667	0.0824000	0.2550000	0.1720000	0.0000000	0.0000000
7259.9958964	7069.9846289	7069.9420313	-2.0000667	-2.0000667	0.0798514	0.2559148	0.1683784	0.0000000	0.0000000
7259.9958964	7064.9842688	7064.7262891	-2.0000667	-2.0000667	0.0765902	0.2576146	0.1692642	0.0000000	0.0000000
7259.9958964	7059.9851958	7059.9297656	-2.0000667	-2.0000667	0.0736310	0.2581525	0.1683528	0.0000000	0.0000000
7259.9958964	7054.9845719	7054.7725488	-2.0000667	-2.0000667	0.0730090	0.2575491	0.1728171	0.0000000	0.0000000
7259.9958964	7049.9839480	7049.6153320	-2.0000667	-2.0000667	0.0702006	0.2564824	0.1729557	0.0000000	0.0000000
7259.9958964	7044.9839562	7044.8548242	-2.0000667	-2.0000667	0.0663126	0.2541737	0.1741582	0.0000000	0.0000000
7259.9958964	7039.9847173	7039.6976074	-2.0000667	-2.0000667	0.0625730	0.2557708	0.1717994	0.0000000	0.0000000
7259.9958964	7034.9854783	7034.9370996	-2.0000667	-2.0000667	0.0615305	0.2544207	0.1750272	0.0000000	0.0000000
7259.9958964	7029.9865333	7029.7798828	-2.0000667	-2.0000667	0.0618972	0.2509323	0.1702529	0.0000000	0.0000000
7259.9958964	7024.9842404	7024.6226660	-2.0000667	-2.0000667	0.0543453	0.2549625	0.1737190	0.0000000	0.0000000
7259.9958964	7019.9884567	7019.8843262	-2.0000667	-2.0000667	0.0506510	0.2541008	0.1765289	0.0000000	0.0000000
7259.9958964	7014.9828176	7014.7847461	-2.0000667	-2.0000667	0.0481805	0.2517649	0.1752350	0.0000000	0.0000000
7259.9958964	7009.9855214	7009.6851660	-2.0000667	-2.0000667	0.0446782	0.2535878	0.1769025	0.0000000	0.0000000
7259.9958964	7004.9849267	7004.9778613	-2.0000667	-2.0000667	0.0436666	0.2543146	0.1755078	0.0000000	0.0000000
7259.9958964	7000.0292969	6999.8782813	-2.0000667	-2.0000667	0.0417184	0.2527371	0.1727782	0.0000000	0.0000000
