7199.9943329	7499.9984178	7499.6820801	-2.0000667	-2.0000667	0.0197798	0.2745906	0.1483411	0.0000000	7200.0000000
7199.9943329	7494.9851784	7494.7226807	-2.0000667	-2.0000667	0.0207281	0.2745317	0.1480305	0.0000000	0.0000000
7199.9943329	7489.9851278	7489.7632813	-2.0000667	-2.0000667	0.0233137	0.2743375	0.1483097	0.0000000	0.0000000
7199.9943329	7484.9878658	7484.8038818	-2.0000667	-2.0000667	0.0255061	0.2743671	0.1524874	0.0000000	0.0000000
7199.9943329	7479.9855080	7479.8981445	-2.0000667	-2.0000667	0.0270043	0.2741390	0.1511320	0.0000000	0.0000000
7199.9943329	7474.9849184	7474.9977734	-2.0000667	-2.0000667	0.0289750	0.2733538	0.1554087	0.0000000	0.0000000
7199.9943329	7469.9919479	7469.6519141	-2.0000667	-2.0000667	0.0311469	0.2726451	0.1549729	0.0000000	0.0000000
7199.9943329	7464.9880985	7464.7515430	-2.0000667	-2.0000667	0.0343578	0.2730459	0.1572500	0.0000000	0.0000000
7199.9943329	7459.9830834	7459.8511719	-2.0000667	-2.0000667	0.0359847	0.2724136	0.1554064	0.0000000	0.0000000
7199.9943329	7454.9895148	7454.9508008	-2.0000667	-2.0000667	0.0395068	0.2725824	0.1610491	0.0000000	0.0000000
7199.9943329	7449.9849944	7449.6049414	-2.0000667	-2.0000667	0.0424860	0.2730566	0.1585378	0.0000000	0.0000000
7199.9943329	7444.9822808	7444.7045703	-2.0000667	-2.0000667	0.0430146	0.2720476	0.1591556	0.0000000	0.0000000
7199.9943329	7439.9795673	7439.8041992	-2.0000667	-2.0000667	0.0447905	0.2730291	0.1647513	0.0000000	0.0000000
7199.9943329	7434.9858514	7434.9618359	-2.0000667	-2.0000667	0.0465273	0.2732418	0.1631869	0.0000000	0.0000000
7199.9943329	7429.9848914	7429.6792578	-2.0000667	-2.0000667	0.0501079	0.2734049	0.1660957	0.0000000	0.0000000
7199.9943329	7424.9840682	7424.8368945	-2.0000667	-2.0000667	0.0518781	0.2737109	0.1658866	0.0000000	0.0000000
7199.9943329	7419.9832450	7419.9945313	-2.0000667	-2.0000667	0.0524854	0.2732917	0.1630007	0.0000000	0.0000000
7199.9943329	7414.9852991	7414.7119531	-2.0000667	-2.0000667	0.0567961	0.2727141	0.1661062	0.0000000	0.0000000
7199.9943329	7409.9867996	7409.8695898	-2.0000667	-2.0000667	0.0607633	0.2733195	0.1643867	0.0000000	0.0000000
7199.9943329	7404.9880524	7404.5870117	-2.0000667	-2.0000667	0.0641740	0.2718666	0.1655050	0.0000000	0.0000000
7199.9943329	7399.9868032	7399.7446484	-2.0000667	-2.0000667	0.0632880	0.2721848	0.1629331	0.0000000	0.0000000
7199.9943329	7394.9856052	7394.9126367	-2.0000667	-2.0000667	0.0677439	0.2725774	0.1689294	0.0000000	0.0000000
7199.9943329	7389.9873611	7389.6921680	-2.0000667	-2.0000667	0.0751300	0.2718917	0.1665063	0.0000000	0.0000000
7199.9943329	7384.9891170	7384.9067383	-2.0000667	-2.0000667	0.0804844	0.2738107	0.1684938	0.0000000	0.0000000
7199.9943329	7379.9860592	7379.6862695	-2.0000667	-2.0000667	0.0827847	0.2730925	0.1667623	0.0000000	0.0000000
7199.9943329	7374.9850104	7374.9008398	-2.0000667	-2.0000667	0.0886666	0.2735704	0.1722041	0.0000000	0.0000000
7199.9943329	7369.9839616	7369.6803711	-2.0000667	-2.0000667	0.0936212	0.2741040	0.1758529	0.0000000	0.0000000
7199.9943329	7364.9814683	7364.8949414	-2.0000667	-2.0000667	0.0952080	0.2738206	0.1734276	0.0000000	0.0000000
7199.9943329	7359.9861795	7359.6744727	-2.0000667	-2.0000667	0.0953845	0.2748970	0.1705953	0.0000000	0.0000000
7199.9943329	7354.9845915	7354.8890430	-2.0000667	-2.0000667	0.0933732	0.2747194	0.1656542	0.0000000	0.0000000
7199.9943329	7349.9844428	7349.6991016	-2.0000667	-2.0000667	0.0999346	0.2756654	0.1651852	0.0000000	0.0000000
7199.9943329	7344.9830735	7344.9696387	-2.0000667	-2.0000667	0.1061133	0.2741376	0.1708917	0.0000000	0.0000000
7199.9943329	7339.9876760	7339.8102246	-2.0000667	-2.0000667	0.1092294	0.2738458	0.1686035	0.0000000	0.0000000
7199.9943329	7334.9876819	7334.6508105	-2.0000667	-2.0000667	0.1211720	0.2743198	0.1710536	0.0000000	0.0000000
7199.9943329	7329.9862695	7329.9213477	-2.0000667	-2.0000667	0.1218905	0.2739493	0.1706835	0.0000000	0.0000000
7199.9943329	7324.9878305	7324.7619336	-2.0000667	-2.0000667	0.1270359	0.2739695	0.1684462	0.0000000	0.0000000
7199.9943329	7319.9843762	7319.6025195	-2.0000667	-2.0000667	0.1346725	0.2737642	0.1725906	0.0000000	0.0000000
7199.9943329	7314.9883833	7314.8730566	-2.0000667	-2.0000667	0.1324915	0.2727566	0.1662306	0.0000000	0.0000000
7199.9943329	7309.9868361	7309.7136426	-2.0000667	-2.0000667	0.1379746	0.2728442	0.1731072	0.0000000	0.0000000
7199.9943329	7304.9850290	7304.6092822	-2.0000667	-2.0000667	0.1410924	0.2729524	0.1716251	0.0000000	0.0000000
7199.9943329	7299.9832770	7299.9348730	-2.0000667	-2.0000667	0.1389686	0.2743015	0.1702900	0.0000000	0.0000000
7199.9943329	7294.9795014	7294.8355176	-2.0000667	-2.0000667	0.1353811	0.2742521	0.1685793	0.0000000	0.0000000
7199.9943329	7289.9859351	7289.7361621	-2.0000667	-2.0000667	0.1448778	0.2750352	0.1696665	0.0000000	0.0000000
7199.9943329	7284.9854524	7284.6368066	-2.0000667	-2.0000667	0.1475585	0.2742144	0.1726730	0.0000000	0.0000000
7199.9943329	7279.9884279	7279.9623975	-2.0000667	-2.0000667	0.1528911	0.2747395	0.1741182	0.0000000	0.0000000
7199.9943329	7274.9837989	7274.8630420	-2.0000667	-2.0000667	0.1617195	0.2735430	0.1792151	0.0000000	0.0000000
7199.9943329	7269.9840093	7269.7636865	-2.0000667	-2.0000667	0.1624088	0.2721854	0.1784230	0.0000000	0.0000000
7199.9943329	7264.9876701	7264.6888672	-2.0000667	-2.0000667	0.1617437	0.2722765	0.1735383	0.0000000	0.0000000
7199.9943329	7259.9859215	7259.6483984	-2.0000667	-2.0000667	0.1744423	0.2721953	0.1767240	0.0000000	0.0000000
7199.9943329	7254.9818727	7254.6079297	-2.0000667	-2.0000667	0.1791199	0.2711005	0.1785771	0.0000000	0.0000000
7199.9943329	7249.9841501	7249.9875000	-2.0000667	-2.0000667	0.1707572	0.2730680	0.1718745	0.0000000	0.0000000
7199.9943329	7244.9832645	7244.9470313	-2.0000667	-2.0000667	0.1776887	0.2729492	0.1716484	0.0000000	0.0000000
7199.9943329	7239.9880707	7239.9065625	-2.0000667	-2.0000667	0.1771727	0.2736838	0.1714670	0.0000000	0.0000000
7199.9943329	7234.9891235	7234.8660938	-2.0000667	-2.0000667	0.1829674	0.2752523	0.1723665	0.0000000	0.0000000
7199.9943329	7229.9871902	7229.8256250	-2.0000667	-2.0000667	0.1890387	0.2753704	0.1732107	0.0000000	0.0000000
7199.9943329	7224.9850300	7224.7851563	-2.0000667	-2.0000667	0.1951471	0.2734399	0.1772373	0.0000000	0.0000000
7199.9943329	7219.9896734	7219.8026367	-2.0000667	-2.0000667	0.1938678	0.2743491	0.1755901	0.0000000	0.0000000
7199.9943329	7214.9856444	7214.8201172	-2.0000667	-2.0000667	0.1941884	0.2732067	0.1706177	0.0000000	0.0000000
7199.9943329	7209.9867265	7209.8375977	-2.0000667	-2.0000667	0.2052983	0.2716951	0.1795535	0.0000000	0.0000000
7199.9943329	7204.9823763	7204.8550781	-2.0000667	-2.0000667	0.2086079	0.2709808	0.1803467	0.0000000	0.0000000
7199.9943329	7199.9844833	7199.8725586	-2.0000667	-2.0000667	0.2098135	0.2728793	0.1795900	0.0000000	0.0000000
7199.9943329	7194.9864212	7194.8900391	-2.0000667	-2.0000667	0.2100699	0.2726539	0.1796997	0.0000000	0.0000000
7199.9943329	7189.9844123	7189.9075195	-2.0000667	-2.0000667	0.2072813	0.2727577	0.1775370	0.0000000	0.0000000
7199.9943329	7184.9857226	7184.9250000	-2.0000667	-2.0000667	0.1989753	0.2736644	0.1742975	0.0000000	0.0000000
7199.9943329	7179.9835760	7179.9804492	-2.0000667	-2.0000667	0.1919780	0.2741925	0.1715781	0.0000000	0.0000000
7199.9943329	7174.9840016	7174.6444189	-2.0000667	-2.0000667	0.1952451	0.2743578	0.1694961	0.0000000	0.0000000
7199.9943329	7169.9844272	7169.7188525	-2.0000667	-2.0000667	0.1978765	0.2720417	0.1669424	0.0000000	0.0000000
7199.9943329	7164.9848528	7164.7932861	-2.0000667	-2.0000667	0.2017034	0.2728967	0.1696404	0.0000000	0.0000000
7199.9943329	7159.9810081	7159.8677197	-2.0000667	-2.0000667	0.2068378	0.2716812	0.1770760	0.0000000	0.0000000
7199.9943329	7154.9859714	7154.9421533	-2.0000667	-2.0000667	0.2065573	0.2713137	0.1774857	0.0000000	0.0000000
7199.9943329	7149.9845143	7149.6061230	-2.0000667	-2.0000667	0.2049847	0.2731254	0.1769017	0.0000000	0.0000000
7199.9943329	7144.9816355	7144.6805566	-2.0000667	-2.0000667	0.2032839	0.2722424	0.1750800	0.0000000	0.0000000
7199.9943329	7139.9824934	7139.7829688	-2.0000667	-2.0000667	0.2031337	0.2734558	0.1739808	0.0000000	0.0000000
7199.9943329	7134.9864797	7134.9133594	-2.0000667	-2.0000667	0.1978202	0.2694321	0.1727480	0.0000000	0.0000000
7199.9943329	7129.9863643	7129.6379492	-2.0000667	-2.0000667	0.1981482	0.2736598	0.1739666	0.0000000	0.0000000
7199.9943329	7124.9850629	7124.7683398	-2.0000667	-2.0000667	0.1969882	0.2740892	0.1699882	0.0000000	0.0000000
7199.9943329	7119.9869188	7119.8987305	-2.0000667	-2.0000667	0.1938080	0.2721262	0.1690115	0.0000000	0.0000000
7199.9943329	7114.9824600	7114.6233203	-2.0000667	-2.0000667	0.1913143	0.2724650	0.1692892	0.0000000	0.0000000
7199.9943329	7109.9847957	7109.7537109	-2.0000667	-2.0000667	0.1919320	0.2736974	0.1750461	0.0000000	0.0000000
7199.9943329	7104.9825351	7104.8841016	-2.0000667	-2.0000667	0.1891733	0.2719149	0.1728563	0.0000000	0.0000000
7199.9943329	7099.9837702	7099.6316406	-2.0000667	-2.0000667	0.1880587	0.2724441	0.1706265	0.0000000	0.0000000
7199.9943329	7094.9779338	7094.8171094	-2.0000667	-2.0000667	0.1851613	0.2724047	0.1722507	0.0000000	0.0000000
7199.9943329	7089.9836449	7089.6013672	-2.0000667	-2.0000667	0.1839338	0.2710491	0.1760586	0.0000000	0.0000000
7199.9943329	7084.9818060	7084.7868359	-2.0000667	-2.0000667	0.1766411	0.2736083	0.1702229	0.0000000	0.0000000
7199.9943329	7079.9837421	7079.9723047	-2.0000667	-2.0000667	0.1719392	0.2743304	0.1694762	0.0000000	0.0000000
7199.9943329	7074.9849890	7074.7565625	-2.0000667	-2.0000667	0.1680186	0.2728845	0.1722465	0.0000000	0.0000000
7199.9943329	7069.9846289	7069.9420313	-2.0000667	-2.0000667	0.1626497	0.2732804	0.1721650	0.0000000	0.0000000
7199.9943329	7064.9842688	7064.7262891	-2.0000667	-2.0000667	0.1636292	0.2729532	0.1698680	0.0000000	0.0000000
7199.9943329	7059.9851958	7059.9297656	-2.0000667	-2.0000667	0.1552316	0.2720221	0.1719744	0.0000000	0.0000000
7199.9943329	7054.9845719	7054.7725488	-2.0000667	-2.0000667	0.1486238	0.2733965	0.1729501	0.0000000	0.0000000
7199.9943329	7049.9839480	7049.6153320	-2.0000667	-2.0000667	0.1462377	0.2733270	0.1701061	0.0000000	0.0000000
7199.9943329	7044.9806454	7044.8548242	-2.0000667	-2.0000667	0.1442322	0.2719126	0.1724137	0.0000000	0.0000000
7199.9943329	7039.9847173	7039.6976074	-2.0000667	-2.0000667	0.1431180	0.2714298	0.1704561	0.0000000	0.0000000
7199.9943329	7034.9854783	7034.9370996	-2.0000667	-2.0000667	0.1317042	0.2733464	0.1657073	0.0000000	0.0000000
7199.9943329	7029.9865333	7029.7798828	-2.0000667	-2.0000667	0.1327903	0.2732355	0.1695358	0.0000000	0.0000000
7199.9943329	7024.9842404	7024.6226660	-2.0000667	-2.0000667	0.1236982	0.2751001	0.1668318	0.0000000	0.0000000
7199.9943329	7019.9852022	7019.8843262	-2.0000667	-2.0000667	0.1224189	0.2755658	0.1627377	0.0000000	0.0000000
7199.9943329	7014.9861162	7014.7847461	-2.0000667	-2.0000667	0.1179486	0.2737084	0.1654030	0.0000000	0.0000000
7199.9943329	7009.9855214	7009.6851660	-2.0000667	-2.0000667	0.1148455	0.2744480	0.1642820	0.0000000	0.0000000
7199.9943329	7004.9816281	7004.9778613	-2.0000667	-2.0000667	0.1066656	0.2740299	0.1618956	0.0000000	0.0000000
7199.9943329	7000.0292969	6999.8782813	-2.0000667	-2.0000667	0.1009178	0.2732930	0.1668315	0.0000000	0.0000000
