7294.9959332	7499.9984178	7499.6820801	-2.0000667	-2.0000667	0.0251993	0.2504574	0.1627415	0.0000000	7295.0000000
7294.9959332	7494.9851784	7494.7226807	-2.0000667	-2.0000667	0.0287092	0.2542321	0.1659115	0.0000000	0.0000000
7294.9959332	7489.9851278	7489.7632813	-2.0000667	-2.0000667	0.0278403	0.2559104	0.1579530	0.0000000	0.0000000
7294.9959332	7484.9906544	7484.8038818	-2.0000667	-2.0000667	0.0291149	0.2569255	0.1568754	0.0000000	0.0000000
7294.9959332	7479.9905873	7479.8981445	-2.0000667	-2.0000667	0.0296456	0.2570682	0.1552793	0.0000000	0.0000000
7294.9959332	7474.9849184	7474.9977734	-2.0000667	-2.0000667	0.0303777	0.2571604	0.1541505	0.0000000	0.0000000
7294.9959332	7469.9919479	7469.6519141	-2.0000667	-2.0000667	0.0293512	0.2584565	0.1485901	0.0000000	0.0000000
7294.9959332	7464.9909601	7464.7515430	-2.0000667	-2.0000667	0.0323951	0.2578544	0.1509778	0.0000000	0.0000000
7294.9959332	7459.9830834	7459.8511719	-2.0000667	-2.0000667	0.0334937	0.2582573	0.1516554	0.0000000	0.0000000
7294.9959332	7454.9895148	7454.9508008	-2.0000667	-2.0000667	0.0347510	0.2559871	0.1505839	0.0000000	0.0000000
7294.9959332	7449.9849944	7449.6049414	-2.0000667	-2.0000667	0.0385248	0.2580682	0.1562450	0.0000000	0.0000000
7294.9959332	7444.9822808	7444.7045703	-2.0000667	-2.0000667	0.0395787	0.2573375	0.1559000	0.0000000	0.0000000
7294.9959332	7439.9825665	7439.8041992	-2.0000667	-2.0000667	0.0417887	0.2572069	0.1610881	0.0000000	0.0000000
7294.9959332	7434.9828522	7434.9618359	-2.0000667	-2.0000667	0.0466632	0.2575416	0.1589541	0.0000000	0.0000000
7294.9959332	7429.9906461	7429.6792578	-2.0000667	-2.0000667	0.0499066	0.2564453	0.1634203	0.0000000	0.0000000
7294.9959332	7424.9869456	7424.8368945	-2.0000667	-2.0000667	0.0508311	0.2569579	0.1671852	0.0000000	0.0000000
7294.9959332	7419.9889997	7419.9945313	-2.0000667	-2.0000667	0.0518740	0.2579225	0.1656835	0.0000000	0.0000000
7294.9959332	7414.9852991	7414.7119531	-2.0000667	-2.0000667	0.0521405	0.2556990	0.1607760	0.0000000	0.0000000
7294.9959332	7409.9893015	7409.8695898	-2.0000667	-2.0000667	0.0564908	0.2563180	0.1658660	0.0000000	0.0000000
7294.9959332	7404.9855505	7404.5870117	-2.0000667	-2.0000667	0.0575244	0.2560043	0.1676630	0.0000000	0.0000000
7294.9959332	7399.9868032	7399.7446484	-2.0000667	-2.0000667	0.0590077	0.2551174	0.1685481	0.0000000	0.0000000
7294.9959332	7394.9884007	7394.9126367	-2.0000667	-2.0000667	0.0596771	0.2523131	0.1705576	0.0000000	0.0000000
7294.9959332	7389.9873611	7389.6921680	-2.0000667	-2.0000667	0.0645922	0.2542437	0.1709044	0.0000000	0.0000000
7294.9959332	7384.9891170	7384.9067383	-2.0000667	-2.0000667	0.0681727	0.2539211	0.1765266	0.0000000	0.0000000
7294.9959332	7379.9860592	7379.6862695	-2.0000667	-2.0000667	0.0695751	0.2500050	0.1802100	0.0000000	0.0000000
7294.9959332	7374.9819628	7374.9008398	-2.0000667	-2.0000667	0.0718954	0.2522262	0.1766044	0.0000000	0.0000000
7294.9959332	7369.9839616	7369.6803711	-2.0000667	-2.0000667	0.0719038	0.2533237	0.1753717	0.0000000	0.0000000
7294.9959332	7364.9814683	7364.8949414	-2.0000667	-2.0000667	0.0738152	0.2528235	0.1746816	0.0000000	0.0000000
7294.9959332	7359.9861795	7359.6744727	-2.0000667	-2.0000667	0.0782697	0.2550708	0.1796295	0.0000000	0.0000000
7294.9959332	7354.9814419	7354.8890430	-2.0000667	-2.0000667	0.0775806	0.2531317	0.1808583	0.0000000	0.0000000
7294.9959332	7349.9874287	7349.6991016	-2.0000667	-2.0000667	0.0792987	0.2536089	0.1765004	0.0000000	0.0000000
7294.9959332	7344.9830735	7344.9696387	-2.0000667	-2.0000667	0.0832601	0.2552288	0.1791080	0.0000000	0.0000000
7294.9959332	7339.9876760	7339.8102246	-2.0000667	-2.0000667	0.0858765	0.2544718	0.1776144	0.0000000	0.0000000
7294.9959332	7334.9876819	7334.6508105	-2.0000667	-2.0000667	0.0858337	0.2548994	0.1787346	0.0000000	0.0000000
7294.9959332	7329.9862695	7329.9213477	-2.0000667	-2.0000667	0.0859730	0.2551595	0.1757611	0.0000000	0.0000000
7294.9959332	7324.9878305	7324.7619336	-2.0000667	-2.0000667	0.0871812	0.2572805	0.1726423	0.0000000	0.0000000
7294.9959332	7319.9871533	7319.6025195	-2.0000667	-2.0000667	0.0904658	0.2590251	0.1695084	0.0000000	0.0000000
7294.9959332	7314.9856062	7314.8730566	-2.0000667	-2.0000667	0.0940364	0.2584495	0.1759181	0.0000000	0.0000000
7294.9959332	7309.9868361	7309.7136426	-2.0000667	-2.0000667	0.0958832	0.2578195	0.1755918	0.0000000	0.0000000
7294.9959332	7304.9879085	7304.6092822	-2.0000667	-2.0000667	0.0959987	0.2586825	0.1704498	0.0000000	0.0000000
7294.9959332	7299.9832770	7299.9348730	-2.0000667	-2.0000667	0.1000942	0.2573656	0.1783408	0.0000000	0.0000000
7294.9959332	7294.9829595	7294.8355176	-2.0000667	-2.0000667	0.0972301	0.2554845	0.1790027	0.0000000	0.0000000
7294.9959332	7289.9859351	7289.7361621	-2.0000667	-2.0000667	0.1028939	0.2558978	0.1788944	0.0000000	0.0000000
7294.9959332	7284.9854524	7284.6368066	-2.0000667	-2.0000667	0.0974600	0.2561814	0.1780016	0.0000000	0.0000000
7294.9959332	7279.9884279	7279.9623975	-2.0000667	-2.0000667	0.0949354	0.2543402	0.1754904	0.0000000	0.0000000
7294.9959332	7274.9837989	7274.8630420	-2.0000667	-2.0000667	0.0970856	0.2562358	0.1774320	0.0000000	0.0000000
7294.9959332	7269.9840093	7269.7636865	-2.0000667	-2.0000667	0.1000541	0.2577354	0.1798202	0.0000000	0.0000000
7294.9959332	7264.9876701	7264.6888672	-2.0000667	-2.0000667	0.0995768	0.2572181	0.1808553	0.0000000	0.0000000
7294.9959332	7259.9859215	7259.6483984	-2.0000667	-2.0000667	0.1004269	0.2577166	0.1800768	0.0000000	0.0000000
7294.9959332	7254.9850358	7254.6079297	-2.0000667	-2.0000667	0.1019685	0.2581501	0.1813947	0.0000000	0.0000000
7294.9959332	7249.9841501	7249.9875000	-2.0000667	-2.0000667	0.1042920	0.2582335	0.1839553	0.0000000	0.0000000
7294.9959332	7244.9832645	7244.9470313	-2.0000667	-2.0000667	0.1018381	0.2572046	0.1799459	0.0000000	0.0000000
7294.9959332	7239.9820982	7239.9065625	-2.0000667	-2.0000667	0.1034304	0.2581113	0.1830317	0.0000000	0.0000000
7294.9959332	7234.9891235	7234.8660938	-2.0000667	-2.0000667	0.1043875	0.2558350	0.1831025	0.0000000	0.0000000
7294.9959332	7229.9901764	7229.8256250	-2.0000667	-2.0000667	0.1013398	0.2550122	0.1829404	0.0000000	0.0000000
7294.9959332	7224.9850300	7224.7851563	-2.0000667	-2.0000667	0.1040339	0.2550985	0.1821772	0.0000000	0.0000000
7294.9959332	7219.9867826	7219.8026367	-2.0000667	-2.0000667	0.1030431	0.2541389	0.1866772	0.0000000	0.0000000
7294.9959332	7214.9856444	7214.8201172	-2.0000667	-2.0000667	0.1023733	0.2550046	0.1863295	0.0000000	0.0000000
7294.9959332	7209.9867265	7209.8375977	-2.0000667	-2.0000667	0.1012408	0.2569877	0.1838927	0.0000000	0.0000000
7294.9959332	7204.9823763	7204.8550781	-2.0000667	-2.0000667	0.1016730	0.2563585	0.1798694	0.0000000	0.0000000
7294.9959332	7199.9844833	7199.8725586	-2.0000667	-2.0000667	0.1019122	0.2578361	0.1797451	0.0000000	0.0000000
7294.9959332	7194.9864212	7194.8900391	-2.0000667	-2.0000667	0.1006930	0.2581121	0.1818317	0.0000000	0.0000000
7294.9959332	7189.9844123	7189.9075195	-2.0000667	-2.0000667	0.1010585	0.2558912	0.1843652	0.0000000	0.0000000
7294.9959332	7184.9857226	7184.9250000	-2.0000667	-2.0000667	0.0971534	0.2576490	0.1836404	0.0000000	0.0000000
7294.9959332	7179.9835760	7179.9804492	-2.0000667	-2.0000667	0.0953628	0.2567930	0.1825313	0.0000000	0.0000000
7294.9959332	7174.9840016	7174.6444189	-2.0000667	-2.0000667	0.0939066	0.2569669	0.1830961	0.0000000	0.0000000
7294.9959332	7169.9844272	7169.7188525	-2.0000667	-2.0000667	0.0924403	0.2578652	0.1876571	0.0000000	0.0000000
7294.9959332	7164.9848528	7164.7932861	-2.0000667	-2.0000667	0.0926223	0.2563119	0.1871075	0.0000000	0.0000000
7294.9959332	7159.9810081	7159.8677197	-2.0000667	-2.0000667	0.0897383	0.2573250	0.1848771	0.0000000	0.0000000
7294.9959332	7154.9859714	7154.9421533	-2.0000667	-2.0000667	0.0915795	0.2573091	0.1848676	0.0000000	0.0000000
7294.9959332	7149.9845143	7149.6061230	-2.0000667	-2.0000667	0.0890071	0.2571906	0.1827268	0.0000000	0.0000000
7294.9959332	7144.9816355	7144.6805566	-2.0000667	-2.0000667	0.0862805	0.2573386	0.1843627	0.0000000	0.0000000
7294.9959332	7139.9856218	7139.7829688	-2.0000667	-2.0000667	0.0854047	0.2574393	0.1831797	0.0000000	0.0000000
7294.9959332	7134.9864797	7134.9133594	-2.0000667	-2.0000667	0.0830896	0.2578810	0.1840656	0.0000000	0.0000000
7294.9959332	7129.9832069	7129.6379492	-2.0000667	-2.0000667	0.0810745	0.2579922	0.1834437	0.0000000	0.0000000
7294.9959332	7124.9850629	7124.7683398	-2.0000667	-2.0000667	0.0796891	0.2565365	0.1808335	0.0000000	0.0000000
7294.9959332	7119.9869188	7119.8987305	-2.0000667	-2.0000667	0.0766082	0.2577531	0.1791135	0.0000000	0.0000000
7294.9959332	7114.9856174	7114.6233203	-2.0000667	-2.0000667	0.0742432	0.2561002	0.1769764	0.0000000	0.0000000
7294.9959332	7109.9882914	7109.7537109	-2.0000667	-2.0000667	0.0713281	0.2568296	0.1825067	0.0000000	0.0000000
7294.9959332	7104.9860308	7104.8841016	-2.0000667	-2.0000667	0.0702999	0.2570198	0.1798042	0.0000000	0.0000000
7294.9959332	7099.9837702	7099.6316406	-2.0000667	-2.0000667	0.0690483	0.2554764	0.1804906	0.0000000	0.0000000
7294.9959332	7094.9817088	7094.8171094	-2.0000667	-2.0000667	0.0638958	0.2549504	0.1820968	0.0000000	0.0000000
7294.9959332	7089.9836449	7089.6013672	-2.0000667	-2.0000667	0.0618691	0.2552738	0.1844906	0.0000000	0.0000000
7294.9959332	7084.9855810	7084.7868359	-2.0000667	-2.0000667	0.0584111	0.2534802	0.1858988	0.0000000	0.0000000
7294.9959332	7079.9875171	7079.9723047	-2.0000667	-2.0000667	0.0556833	0.2544138	0.1834801	0.0000000	0.0000000
7294.9959332	7074.9849890	7074.7565625	-2.0000667	-2.0000667	0.0537932	0.2554150	0.1820876	0.0000000	0.0000000
7294.9959332	7069.9846289	7069.9420313	-2.0000667	-2.0000667	0.0514298	0.2539377	0.1844294	0.0000000	0.0000000
7294.9959332	7064.9842688	7064.7262891	-2.0000667	-2.0000667	0.0475372	0.2538281	0.1806815	0.0000000	0.0000000
7294.9959332	7059.9851958	7059.9297656	-2.0000667	-2.0000667	0.0487751	0.2542297	0.1796166	0.0000000	0.0000000
7294.9959332	7054.9845719	7054.7725488	-2.0000667	-2.0000667	0.0455287	0.2544596	0.1792069	0.0000000	0.0000000
7294.9959332	7049.9839480	7049.6153320	-2.0000667	-2.0000667	0.0433838	0.2543013	0.1805143	0.0000000	0.0000000
7294.9959332	7044.9839562	7044.8548242	-2.0000667	-2.0000667	0.0425312	0.2536270	0.1781575	0.0000000	0.0000000
7294.9959332	7039.9847173	7039.6976074	-2.0000667	-2.0000667	0.0414443	0.2538491	0.1781378	0.0000000	0.0000000
7294.9959332	7034.9887891	7034.9370996	-2.0000667	-2.0000667	0.0382920	0.2550266	0.1797118	0.0000000	0.0000000
7294.9959332	7029.9865333	7029.7798828	-2.0000667	-2.0000667	0.0370344	0.2549312	0.1812341	0.0000000	0.0000000
7294.9959332	7024.9842404	7024.6226660	-2.0000667	-2.0000667	0.0338501	0.2568711	0.1810178	0.0000000	0.0000000
7294.9959332	7019.9852022	7019.8843262	-2.0000667	-2.0000667	0.0324218	0.2568204	0.1789828	0.0000000	0.0000000
7294.9959332	7014.9828176	7014.7847461	-2.0000667	-2.0000667	0.0332247	0.2563048	0.1795457	0.0000000	0.0000000
7294.9959332	7009.9855214	7009.6851660	-2.0000667	-2.0000667	0.0296942	0.2564049	0.1778990	0.0000000	0.0000000
7294.9959332	7004.9849267	7004.9778613	-2.0000667	-2.0000667	0.0263662	0.2569708	0.1774535	0.0000000	0.0000000
7294.9959332	7000.0292969	6999.8782813	-2.0000667	-2.0000667	0.0259436	0.2587598	0.1751738	0.0000000	0.0000000
