7165.0032854	7499.9984178	7499.6820801	-2.0000667	-2.0000667	0.0106511	0.2721831	0.1414622	0.0000000	7165.0000000
7165.0032854	7494.9851784	7494.7226807	-2.0000667	-2.0000667	0.0110112	0.2746825	0.1375614	0.0000000	0.0000000
7165.0032854	7489.9851278	7489.7632813	-2.0000667	-2.0000667	0.0144319	0.2724113	0.1469509	0.0000000	0.0000000
7165.0032854	7484.9878658	7484.8038818	-2.0000667	-2.0000667	0.0168287	0.2748702	0.1432778	0.0000000	0.0000000
7165.0032854	7479.9855080	7479.8981445	-2.0000667	-2.0000667	0.0199607	0.2734232	0.1523661	0.0000000	0.0000000
7165.0032854	7474.9899978	7474.9977734	-2.0000667	-2.0000667	0.0204321	0.2740715	0.1468851	0.0000000	0.0000000
7165.0032854	7469.9894082	7469.6519141	-2.0000667	-2.0000667	0.0157153	0.2742483	0.1321112	0.0000000	0.0000000
7165.0032854	7464.9852369	7464.7515430	-2.0000667	-2.0000667	0.0189423	0.2741698	0.1456636	0.0000000	0.0000000
7165.0032854	7459.9830834	7459.8511719	-2.0000667	-2.0000667	0.0225490	0.2740409	0.1476025	0.0000000	0.0000000
7165.0032854	7454.9895148	7454.9508008	-2.0000667	-2.0000667	0.0230118	0.2725651	0.1461329	0.0000000	0.0000000
7165.0032854	7449.9849944	7449.6049414	-2.0000667	-2.0000667	0.0265555	0.2709845	0.1566406	0.0000000	0.0000000
7165.0032854	7444.9822808	7444.7045703	-2.0000667	-2.0000667	0.0295005	0.2727410	0.1596005	0.0000000	0.0000000
7165.0032854	7439.9885650	7439.8041992	-2.0000667	-2.0000667	0.0296368	0.2737505	0.1602096	0.0000000	0.0000000
7165.0032854	7434.9888506	7434.9618359	-2.0000667	-2.0000667	0.0306744	0.2716432	0.1559984	0.0000000	0.0000000
7165.0032854	7429.9906461	7429.6792578	-2.0000667	-2.0000667	0.0345178	0.2724027	0.1573751	0.0000000	0.0000000
7165.0032854	7424.9840682	7424.8368945	-2.0000667	-2.0000667	0.0366857	0.2714856	0.1624520	0.0000000	0.0000000
7165.0032854	7419.9918770	7419.9945313	-2.0000667	-2.0000667	0.0370055	0.2739790	0.1581937	0.0000000	0.0000000
7165.0032854	7414.9852991	7414.7119531	-2.0000667	-2.0000667	0.0363074	0.2733741	0.1449861	0.0000000	0.0000000
7165.0032854	7409.9893015	7409.8695898	-2.0000667	-2.0000667	0.0391062	0.2748539	0.1514249	0.0000000	0.0000000
7165.0032854	7404.9855505	7404.5870117	-2.0000667	-2.0000667	0.0470365	0.2730518	0.1595370	0.0000000	0.0000000
7165.0032854	7399.9893051	7399.7446484	-2.0000667	-2.0000667	0.0450653	0.2738811	0.1558561	0.0000000	0.0000000
7165.0032854	7394.9856052	7394.9126367	-2.0000667	-2.0000667	0.0503435	0.2728939	0.1600249	0.0000000	0.0000000
7165.0032854	7389.9873611	7389.6921680	-2.0000667	-2.0000667	0.0533643	0.2717043	0.1580808	0.0000000	0.0000000
7165.0032854	7384.9891170	7384.9067383	-2.0000667	-2.0000667	0.0521636	0.2733517	0.1531754	0.0000000	0.0000000
7165.0032854	7379.9860592	7379.6862695	-2.0000667	-2.0000667	0.0535557	0.2742538	0.1521906	0.0000000	0.0000000
7165.0032854	7374.9850104	7374.9008398	-2.0000667	-2.0000667	0.0502362	0.2745948	0.1451469	0.0000000	0.0000000
7165.0032854	7369.9839616	7369.6803711	-2.0000667	-2.0000667	0.0510947	0.2718260	0.1454502	0.0000000	0.0000000
7165.0032854	7364.9814683	7364.8949414	-2.0000667	-2.0000667	0.0646492	0.2727522	0.1581255	0.0000000	0.0000000
7165.0032854	7359.9861795	7359.6744727	-2.0000667	-2.0000667	0.0724709	0.2728840	0.1618602	0.0000000	0.0000000
7165.0032854	7354.9845915	7354.8890430	-2.0000667	-2.0000667	0.0768348	0.2727987	0.1638370	0.0000000	0.0000000
7165.0032854	7349.9874287	7349.6991016	-2.0000667	-2.0000667	0.0747463	0.2713207	0.1573154	0.0000000	0.0000000
7165.0032854	7344.9860594	7344.9696387	-2.0000667	-2.0000667	0.0785529	0.2724939	0.1595580	0.0000000	0.0000000
7165.0032854	7339.9876760	7339.8102246	-2.0000667	-2.0000667	0.0781638	0.2739685	0.1543146	0.0000000	0.0000000
7165.0032854	7334.9876819	7334.6508105	-2.0000667	-2.0000667	0.0827853	0.2719034	0.1556088	0.0000000	0.0000000
7165.0032854	7329.9862695	7329.9213477	-2.0000667	-2.0000667	0.0860742	0.2717025	0.1580278	0.0000000	0.0000000
7165.0032854	7324.9878305	7324.7619336	-2.0000667	-2.0000667	0.1026606	0.2714207	0.1611749	0.0000000	0.0000000
7165.0032854	7319.9843762	7319.6025195	-2.0000667	-2.0000667	0.1097166	0.2719240	0.1615985	0.0000000	0.0000000
7165.0032854	7314.9911604	7314.8730566	-2.0000667	-2.0000667	0.1032090	0.2726829	0.1595122	0.0000000	0.0000000
7165.0032854	7309.9868361	7309.7136426	-2.0000667	-2.0000667	0.1099430	0.2712125	0.1617820	0.0000000	0.0000000
7165.0032854	7304.9850290	7304.6092822	-2.0000667	-2.0000667	0.1112764	0.2715630	0.1594702	0.0000000	0.0000000
7165.0032854	7299.9861565	7299.9348730	-2.0000667	-2.0000667	0.1056715	0.2725220	0.1545283	0.0000000	0.0000000
7165.0032854	7294.9829595	7294.8355176	-2.0000667	-2.0000667	0.1128124	0.2742848	0.1578789	0.0000000	0.0000000
7165.0032854	7289.9824769	7289.7361621	-2.0000667	-2.0000667	0.1152692	0.2743442	0.1540907	0.0000000	0.0000000
7165.0032854	7284.9819943	7284.6368066	-2.0000667	-2.0000667	0.1196665	0.2739216	0.1553743	0.0000000	0.0000000
7165.0032854	7279.9884279	7279.9623975	-2.0000667	-2.0000667	0.1143273	0.2726002	0.1508798	0.0000000	0.0000000
7165.0032854	7274.9837989	7274.8630420	-2.0000667	-2.0000667	0.1221411	0.2741753	0.1519388	0.0000000	0.0000000
7165.0032854	7269.9840093	7269.7636865	-2.0000667	-2.0000667	0.1242058	0.2748195	0.1501133	0.0000000	0.0000000
7165.0032854	7264.9876701	7264.6888672	-2.0000667	-2.0000667	0.1304865	0.2755664	0.1486427	0.0000000	0.0000000
7165.0032854	7259.9890846	7259.6483984	-2.0000667	-2.0000667	0.1504486	0.2746134	0.1570115	0.0000000	0.0000000
7165.0032854	7254.9850358	7254.6079297	-2.0000667	-2.0000667	0.1680105	0.2719030	0.1681437	0.0000000	0.0000000
7165.0032854	7249.9904764	7249.9875000	-2.0000667	-2.0000667	0.1695553	0.2711232	0.1680562	0.0000000	0.0000000
7165.0032854	7244.9864276	7244.9470313	-2.0000667	-2.0000667	0.1638724	0.2704600	0.1604346	0.0000000	0.0000000
7165.0032854	7239.9880707	7239.9065625	-2.0000667	-2.0000667	0.1631619	0.2741478	0.1591748	0.0000000	0.0000000
7165.0032854	7234.9891235	7234.8660938	-2.0000667	-2.0000667	0.1559126	0.2741001	0.1526055	0.0000000	0.0000000
7165.0032854	7229.9871902	7229.8256250	-2.0000667	-2.0000667	0.1648591	0.2726868	0.1564570	0.0000000	0.0000000
7165.0032854	7224.9879209	7224.7851563	-2.0000667	-2.0000667	0.1733903	0.2725027	0.1578037	0.0000000	0.0000000
7165.0032854	7219.9867826	7219.8026367	-2.0000667	-2.0000667	0.1611481	0.2722573	0.1503500	0.0000000	0.0000000
7165.0032854	7214.9856444	7214.8201172	-2.0000667	-2.0000667	0.1631741	0.2725031	0.1517395	0.0000000	0.0000000
7165.0032854	7209.9899551	7209.8375977	-2.0000667	-2.0000667	0.1856089	0.2716489	0.1586787	0.0000000	0.0000000
7165.0032854	7204.9823763	7204.8550781	-2.0000667	-2.0000667	0.1961185	0.2724552	0.1629435	0.0000000	0.0000000
7165.0032854	7199.9877120	7199.8725586	-2.0000667	-2.0000667	0.2027576	0.2720774	0.1615715	0.0000000	0.0000000
7165.0032854	7194.9864212	7194.8900391	-2.0000667	-2.0000667	0.2147111	0.2707648	0.1692502	0.0000000	0.0000000
7165.0032854	7189.9844123	7189.9075195	-2.0000667	-2.0000667	0.2152141	0.2720055	0.1702960	0.0000000	0.0000000
7165.0032854	7184.9857226	7184.9250000	-2.0000667	-2.0000667	0.2094397	0.2732007	0.1719755	0.0000000	0.0000000
7165.0032854	7179.9835760	7179.9804492	-2.0000667	-2.0000667	0.2021809	0.2721512	0.1674364	0.0000000	0.0000000
7165.0032854	7174.9804432	7174.6444189	-2.0000667	-2.0000667	0.1987915	0.2734863	0.1584459	0.0000000	0.0000000
7165.0032854	7169.9808688	7169.7188525	-2.0000667	-2.0000667	0.2080166	0.2737231	0.1600219	0.0000000	0.0000000
7165.0032854	7164.9848528	7164.7932861	-2.0000667	-2.0000667	0.2237284	0.2721838	0.1658704	0.0000000	0.0000000
7165.0032854	7159.9842183	7159.8677197	-2.0000667	-2.0000667	0.2205861	0.2720128	0.1598147	0.0000000	0.0000000
7165.0032854	7154.9859714	7154.9421533	-2.0000667	-2.0000667	0.2229360	0.2706722	0.1634454	0.0000000	0.0000000
7165.0032854	7149.9909347	7149.6061230	-2.0000667	-2.0000667	0.2276078	0.2718253	0.1666631	0.0000000	0.0000000
7165.0032854	7144.9816355	7144.6805566	-2.0000667	-2.0000667	0.2243384	0.2728870	0.1631758	0.0000000	0.0000000
7165.0032854	7139.9856218	7139.7829688	-2.0000667	-2.0000667	0.2142970	0.2747460	0.1537828	0.0000000	0.0000000
7165.0032854	7134.9864797	7134.9133594	-2.0000667	-2.0000667	0.2113406	0.2736014	0.1475908	0.0000000	0.0000000
7165.0032854	7129.9863643	7129.6379492	-2.0000667	-2.0000667	0.2132355	0.2703789	0.1495629	0.0000000	0.0000000
7165.0032854	7124.9850629	7124.7683398	-2.0000667	-2.0000667	0.2177552	0.2730363	0.1527750	0.0000000	0.0000000
7165.0032854	7119.9869188	7119.8987305	-2.0000667	-2.0000667	0.2151202	0.2730962	0.1547469	0.0000000	0.0000000
7165.0032854	7114.9856174	7114.6233203	-2.0000667	-2.0000667	0.2179685	0.2724669	0.1542593	0.0000000	0.0000000
7165.0032854	7109.9847957	7109.7537109	-2.0000667	-2.0000667	0.2244624	0.2726443	0.1599271	0.0000000	0.0000000
7165.0032854	7104.9825351	7104.8841016	-2.0000667	-2.0000667	0.2195275	0.2736193	0.1577782	0.0000000	0.0000000
7165.0032854	7099.9837702	7099.6316406	-2.0000667	-2.0000667	0.2056523	0.2739423	0.1429705	0.0000000	0.0000000
7165.0032854	7094.9817088	7094.8171094	-2.0000667	-2.0000667	0.2104042	0.2729636	0.1480963	0.0000000	0.0000000
7165.0032854	7089.9836449	7089.6013672	-2.0000667	-2.0000667	0.1967646	0.2756831	0.1423872	0.0000000	0.0000000
7165.0032854	7084.9855810	7084.7868359	-2.0000667	-2.0000667	0.1934093	0.2737255	0.1434362	0.0000000	0.0000000
7165.0032854	7079.9875171	7079.9723047	-2.0000667	-2.0000667	0.1914055	0.2737603	0.1411519	0.0000000	0.0000000
7165.0032854	7074.9849890	7074.7565625	-2.0000667	-2.0000667	0.1939463	0.2733214	0.1441042	0.0000000	0.0000000
7165.0032854	7069.9846289	7069.9420313	-2.0000667	-2.0000667	0.2020734	0.2728625	0.1522800	0.0000000	0.0000000
7165.0032854	7064.9806401	7064.7262891	-2.0000667	-2.0000667	0.2046216	0.2726927	0.1586556	0.0000000	0.0000000
7165.0032854	7059.9851958	7059.9297656	-2.0000667	-2.0000667	0.2007959	0.2729115	0.1607037	0.0000000	0.0000000
7165.0032854	7054.9813035	7054.7725488	-2.0000667	-2.0000667	0.1896715	0.2730231	0.1605037	0.0000000	0.0000000
7165.0032854	7049.9839480	7049.6153320	-2.0000667	-2.0000667	0.1868563	0.2728610	0.1568280	0.0000000	0.0000000
7165.0032854	7044.9839562	7044.8548242	-2.0000667	-2.0000667	0.1789177	0.2736896	0.1513489	0.0000000	0.0000000
7165.0032854	7039.9847173	7039.6976074	-2.0000667	-2.0000667	0.1818480	0.2718550	0.1515735	0.0000000	0.0000000
7165.0032854	7034.9887891	7034.9370996	-2.0000667	-2.0000667	0.1820425	0.2694094	0.1611733	0.0000000	0.0000000
7165.0032854	7029.9865333	7029.7798828	-2.0000667	-2.0000667	0.1774902	0.2704401	0.1645376	0.0000000	0.0000000
7165.0032854	7024.9809858	7024.6226660	-2.0000667	-2.0000667	0.1660099	0.2725480	0.1524309	0.0000000	0.0000000
7165.0032854	7019.9852022	7019.8843262	-2.0000667	-2.0000667	0.1570781	0.2734691	0.1436898	0.0000000	0.0000000
7165.0032854	7014.9861162	7014.7847461	-2.0000667	-2.0000667	0.1557437	0.2742080	0.1474376	0.0000000	0.0000000
7165.0032854	7009.9855214	7009.6851660	-2.0000667	-2.0000667	0.1508339	0.2737656	0.1493926	0.0000000	0.0000000
7165.0032854	7004.9849267	7004.9778613	-2.0000667	-2.0000667	0.1398585	0.2735712	0.1466160	0.0000000	0.0000000
7165.0032854	7000.0292969	6999.8782813	-2.0000667	-2.0000667	0.1349816	0.2730889	0.1469655	0.0000000	0.0000000
