7004.9954024	7499.9984178	7499.6820801	-2.0000667	-2.0000667	0.0002319	0.2970880	0.1207341	0.0000000	7005.0000000
7004.9954024	7494.9851784	7494.7226807	-2.0000667	-2.0000667	0.0003091	0.3000828	0.1262509	0.0000000	0.0000000
7004.9954024	7489.9851278	7489.7632813	-2.0000667	-2.0000667	0.0004089	0.2999409	0.1289778	0.0000000	0.0000000
7004.9954024	7484.9878658	7484.8038818	-2.0000667	-2.0000667	0.0005082	0.3011882	0.1318451	0.0000000	0.0000000
7004.9954024	7479.9880476	7479.8981445	-2.0000667	-2.0000667	0.0006675	0.2990737	0.1391423	0.0000000	0.0000000
7004.9954024	7474.9849184	7474.9977734	-2.0000667	-2.0000667	0.0006483	0.2983578	0.1369945	0.0000000	0.0000000
7004.9954024	7469.9894082	7469.6519141	-2.0000667	-2.0000667	0.0006038	0.2981359	0.1339778	0.0000000	0.0000000
7004.9954024	7464.9852369	7464.7515430	-2.0000667	-2.0000667	0.0004215	0.2998591	0.1238376	0.0000000	0.0000000
7004.9954024	7459.9859450	7459.8511719	-2.0000667	-2.0000667	0.0004094	0.2992246	0.1230404	0.0000000	0.0000000
7004.9954024	7454.9866531	7454.9508008	-2.0000667	-2.0000667	0.0005828	0.2972363	0.1308301	0.0000000	0.0000000
7004.9954024	7449.9849944	7449.6049414	-2.0000667	-2.0000667	0.0006964	0.2978920	0.1355020	0.0000000	0.0000000
7004.9954024	7444.9852800	7444.7045703	-2.0000667	-2.0000667	0.0007852	0.2978234	0.1350313	0.0000000	0.0000000
7004.9954024	7439.9795673	7439.8041992	-2.0000667	-2.0000667	0.0005286	0.2980504	0.1280282	0.0000000	0.0000000
7004.9954024	7434.9858514	7434.9618359	-2.0000667	-2.0000667	0.0005526	0.2971680	0.1326824	0.0000000	0.0000000
7004.9954024	7429.9848914	7429.6792578	-2.0000667	-2.0000667	0.0008470	0.3011400	0.1331785	0.0000000	0.0000000
7004.9954024	7424.9898229	7424.8368945	-2.0000667	-2.0000667	0.0009232	0.2991071	0.1313595	0.0000000	0.0000000
7004.9954024	7419.9889997	7419.9945313	-2.0000667	-2.0000667	0.0015190	0.2978351	0.1371790	0.0000000	0.0000000
7004.9954024	7414.9852991	7414.7119531	-2.0000667	-2.0000667	0.0017521	0.3002589	0.1332717	0.0000000	0.0000000
7004.9954024	7409.9867996	7409.8695898	-2.0000667	-2.0000667	0.0018867	0.2980496	0.1335776	0.0000000	0.0000000
7004.9954024	7404.9855505	7404.5870117	-2.0000667	-2.0000667	0.0018743	0.2992638	0.1359796	0.0000000	0.0000000
7004.9954024	7399.9868032	7399.7446484	-2.0000667	-2.0000667	0.0019395	0.2987927	0.1325686	0.0000000	0.0000000
7004.9954024	7394.9856052	7394.9126367	-2.0000667	-2.0000667	0.0020671	0.3005502	0.1333704	0.0000000	0.0000000
7004.9954024	7389.9873611	7389.6921680	-2.0000667	-2.0000667	0.0021606	0.3017491	0.1280808	0.0000000	0.0000000
7004.9954024	7384.9863215	7384.9067383	-2.0000667	-2.0000667	0.0027634	0.2994066	0.1336619	0.0000000	0.0000000
7004.9954024	7379.9860592	7379.6862695	-2.0000667	-2.0000667	0.0031075	0.2973907	0.1358137	0.0000000	0.0000000
7004.9954024	7374.9850104	7374.9008398	-2.0000667	-2.0000667	0.0029105	0.2998317	0.1284554	0.0000000	0.0000000
7004.9954024	7369.9839616	7369.6803711	-2.0000667	-2.0000667	0.0050811	0.3006841	0.1379738	0.0000000	0.0000000
7004.9954024	7364.9814683	7364.8949414	-2.0000667	-2.0000667	0.0035763	0.3007285	0.1324912	0.0000000	0.0000000
7004.9954024	7359.9830299	7359.6744727	-2.0000667	-2.0000667	0.0051624	0.2954983	0.1430237	0.0000000	0.0000000
7004.9954024	7354.9814419	7354.8890430	-2.0000667	-2.0000667	0.0040486	0.2960414	0.1368464	0.0000000	0.0000000
7004.9954024	7349.9844428	7349.6991016	-2.0000667	-2.0000667	0.0041483	0.2975039	0.1301920	0.0000000	0.0000000
7004.9954024	7344.9830735	7344.9696387	-2.0000667	-2.0000667	0.0059723	0.2991978	0.1323779	0.0000000	0.0000000
7004.9954024	7339.9876760	7339.8102246	-2.0000667	-2.0000667	0.0077903	0.3001932	0.1345695	0.0000000	0.0000000
7004.9954024	7334.9876819	7334.6508105	-2.0000667	-2.0000667	0.0076099	0.2978386	0.1342183	0.0000000	0.0000000
7004.9954024	7329.9862695	7329.9213477	-2.0000667	-2.0000667	0.0068273	0.3001104	0.1270095	0.0000000	0.0000000
7004.9954024	7324.9848570	7324.7619336	-2.0000667	-2.0000667	0.0077452	0.3012283	0.1247651	0.0000000	0.0000000
7004.9954024	7319.9843762	7319.6025195	-2.0000667	-2.0000667	0.0075349	0.3025105	0.1205751	0.0000000	0.0000000
7004.9954024	7314.9883833	7314.8730566	-2.0000667	-2.0000667	0.0075525	0.2985969	0.1278821	0.0000000	0.0000000
7004.9954024	7309.9868361	7309.7136426	-2.0000667	-2.0000667	0.0106553	0.2957235	0.1369319	0.0000000	0.0000000
7004.9954024	7304.9850290	7304.6092822	-2.0000667	-2.0000667	0.0163184	0.2968069	0.1433354	0.0000000	0.0000000
7004.9954024	7299.9861565	7299.9348730	-2.0000667	-2.0000667	0.0161344	0.2993345	0.1392473	0.0000000	0.0000000
7004.9954024	7294.9795014	7294.8355176	-2.0000667	-2.0000667	0.0154296	0.3014607	0.1333683	0.0000000	0.0000000
7004.9954024	7289.9859351	7289.7361621	-2.0000667	-2.0000667	0.0177009	0.2990297	0.1386556	0.0000000	0.0000000
7004.9954024	7284.9854524	7284.6368066	-2.0000667	-2.0000667	0.0212513	0.2974957	0.1410903	0.0000000	0.0000000
7004.9954024	7279.9884279	7279.9623975	-2.0000667	-2.0000667	0.0347092	0.2979473	0.1522537	0.0000000	0.0000000
7004.9954024	7274.9837989	7274.8630420	-2.0000667	-2.0000667	0.0349037	0.2989037	0.1485896	0.0000000	0.0000000
7004.9954024	7269.9840093	7269.7636865	-2.0000667	-2.0000667	0.0337751	0.2978223	0.1494401	0.0000000	0.0000000
7004.9954024	7264.9842196	7264.6888672	-2.0000667	-2.0000667	0.0383257	0.2969401	0.1492554	0.0000000	0.0000000
7004.9954024	7259.9827583	7259.6483984	-2.0000667	-2.0000667	0.0469739	0.2973812	0.1519874	0.0000000	0.0000000
7004.9954024	7254.9818727	7254.6079297	-2.0000667	-2.0000667	0.0398928	0.2959330	0.1455117	0.0000000	0.0000000
7004.9954024	7249.9841501	7249.9875000	-2.0000667	-2.0000667	0.0466416	0.2969656	0.1516740	0.0000000	0.0000000
7004.9954024	7244.9832645	7244.9470313	-2.0000667	-2.0000667	0.0444869	0.2957472	0.1448732	0.0000000	0.0000000
7004.9954024	7239.9850844	7239.9065625	-2.0000667	-2.0000667	0.0484829	0.3018795	0.1435669	0.0000000	0.0000000
7004.9954024	7234.9891235	7234.8660938	-2.0000667	-2.0000667	0.0497067	0.2998289	0.1414492	0.0000000	0.0000000
7004.9954024	7229.9871902	7229.8256250	-2.0000667	-2.0000667	0.0545471	0.2970847	0.1465507	0.0000000	0.0000000
7004.9954024	7224.9879209	7224.7851563	-2.0000667	-2.0000667	0.0545243	0.2993656	0.1443826	0.0000000	0.0000000
7004.9954024	7219.9838918	7219.8026367	-2.0000667	-2.0000667	0.0546300	0.2978583	0.1434292	0.0000000	0.0000000
7004.9954024	7214.9827535	7214.8201172	-2.0000667	-2.0000667	0.0581261	0.2968839	0.1473578	0.0000000	0.0000000
7004.9954024	7209.9867265	7209.8375977	-2.0000667	-2.0000667	0.0657504	0.2967198	0.1511273	0.0000000	0.0000000
7004.9954024	7204.9823763	7204.8550781	-2.0000667	-2.0000667	0.0617728	0.2996765	0.1433683	0.0000000	0.0000000
7004.9954024	7199.9844833	7199.8725586	-2.0000667	-2.0000667	0.0576288	0.2997311	0.1465734	0.0000000	0.0000000
7004.9954024	7194.9864212	7194.8900391	-2.0000667	-2.0000667	0.0673527	0.3002626	0.1452773	0.0000000	0.0000000
7004.9954024	7189.9810932	7189.9075195	-2.0000667	-2.0000667	0.0825583	0.2973402	0.1508547	0.0000000	0.0000000
7004.9954024	7184.9857226	7184.9250000	-2.0000667	-2.0000667	0.0834985	0.2989734	0.1510979	0.0000000	0.0000000
7004.9954024	7179.9835760	7179.9804492	-2.0000667	-2.0000667	0.0714386	0.2994187	0.1443082	0.0000000	0.0000000
7004.9954024	7174.9804432	7174.6444189	-2.0000667	-2.0000667	0.0762368	0.2977814	0.1439163	0.0000000	0.0000000
7004.9954024	7169.9844272	7169.7188525	-2.0000667	-2.0000667	0.0864302	0.3007451	0.1469036	0.0000000	0.0000000
7004.9954024	7164.9848528	7164.7932861	-2.0000667	-2.0000667	0.0991006	0.2998499	0.1482618	0.0000000	0.0000000
7004.9954024	7159.9842183	7159.8677197	-2.0000667	-2.0000667	0.1196686	0.2996766	0.1532230	0.0000000	0.0000000
7004.9954024	7154.9859714	7154.9421533	-2.0000667	-2.0000667	0.1246594	0.2987941	0.1538853	0.0000000	0.0000000
7004.9954024	7149.9845143	7149.6061230	-2.0000667	-2.0000667	0.1151302	0.2989352	0.1430291	0.0000000	0.0000000
7004.9954024	7144.9847639	7144.6805566	-2.0000667	-2.0000667	0.1077716	0.3004855	0.1402124	0.0000000	0.0000000
7004.9954024	7139.9824934	7139.7829688	-2.0000667	-2.0000667	0.1264626	0.3010117	0.1463766	0.0000000	0.0000000
7004.9954024	7134.9864797	7134.9133594	-2.0000667	-2.0000667	0.1464479	0.2974243	0.1563926	0.0000000	0.0000000
7004.9954024	7129.9863643	7129.6379492	-2.0000667	-2.0000667	0.1461287	0.3017261	0.1422314	0.0000000	0.0000000
7004.9954024	7124.9850629	7124.7683398	-2.0000667	-2.0000667	0.1340815	0.3008209	0.1456823	0.0000000	0.0000000
7004.9954024	7119.9869188	7119.8987305	-2.0000667	-2.0000667	0.1407465	0.2968234	0.1487134	0.0000000	0.0000000
7004.9954024	7114.9824600	7114.6233203	-2.0000667	-2.0000667	0.1622782	0.2977290	0.1515822	0.0000000	0.0000000
7004.9954024	7109.9847957	7109.7537109	-2.0000667	-2.0000667	0.1731736	0.2972374	0.1534924	0.0000000	0.0000000
7004.9954024	7104.9825351	7104.8841016	-2.0000667	-2.0000667	0.1962128	0.2986990	0.1556139	0.0000000	0.0000000
7004.9954024	7099.9837702	7099.6316406	-2.0000667	-2.0000667	0.2065461	0.2971620	0.1571765	0.0000000	0.0000000
7004.9954024	7094.9779338	7094.8171094	-2.0000667	-2.0000667	0.1885408	0.2991563	0.1514794	0.0000000	0.0000000
7004.9954024	7089.9836449	7089.6013672	-2.0000667	-2.0000667	0.1867075	0.2987410	0.1518007	0.0000000	0.0000000
7004.9954024	7084.9818060	7084.7868359	-2.0000667	-2.0000667	0.1943912	0.2997069	0.1519781	0.0000000	0.0000000
7004.9954024	7079.9837421	7079.9723047	-2.0000667	-2.0000667	0.1808571	0.2987361	0.1503437	0.0000000	0.0000000
7004.9954024	7074.9849890	7074.7565625	-2.0000667	-2.0000667	0.2077380	0.3018777	0.1565126	0.0000000	0.0000000
7004.9954024	7069.9846289	7069.9420313	-2.0000667	-2.0000667	0.2024437	0.2981473	0.1529677	0.0000000	0.0000000
7004.9954024	7064.9806401	7064.7262891	-2.0000667	-2.0000667	0.2053068	0.2977251	0.1492607	0.0000000	0.0000000
7004.9954024	7059.9851958	7059.9297656	-2.0000667	-2.0000667	0.1982008	0.2990653	0.1521761	0.0000000	0.0000000
7004.9954024	7054.9813035	7054.7725488	-2.0000667	-2.0000667	0.1855160	0.2978428	0.1482743	0.0000000	0.0000000
7004.9954024	7049.9774112	7049.6153320	-2.0000667	-2.0000667	0.2041779	0.2987937	0.1545535	0.0000000	0.0000000
7004.9954024	7044.9839562	7044.8548242	-2.0000667	-2.0000667	0.1887756	0.2993163	0.1469261	0.0000000	0.0000000
7004.9954024	7039.9847173	7039.6976074	-2.0000667	-2.0000667	0.2255796	0.2994729	0.1551110	0.0000000	0.0000000
7004.9954024	7034.9854783	7034.9370996	-2.0000667	-2.0000667	0.2238037	0.2993038	0.1519198	0.0000000	0.0000000
7004.9954024	7029.9865333	7029.7798828	-2.0000667	-2.0000667	0.2487869	0.2974440	0.1571967	0.0000000	0.0000000
7004.9954024	7024.9842404	7024.6226660	-2.0000667	-2.0000667	0.2155518	0.3002014	0.1485667	0.0000000	0.0000000
7004.9954024	7019.9819476	7019.8843262	-2.0000667	-2.0000667	0.1941155	0.2981871	0.1499510	0.0000000	0.0000000
7004.9954024	7014.9861162	7014.7847461	-2.0000667	-2.0000667	0.2501637	0.3008031	0.1591396	0.0000000	0.0000000
7004.9954024	7009.9822229	7009.6851660	-2.0000667	-2.0000667	0.2609679	0.3012679	0.1613502	0.0000000	0.0000000
7004.9954024	7004.9816281	7004.9778613	-2.0000667	-2.0000667	0.2312161	0.2993444	0.1571813	0.0000000	0.0000000
7004.9954024	7000.0292969	6999.8782813	-2.0000667	-2.0000667	0.1845040	0.2985299	0.1470057	0.0000000	0.0000000
