7144.9899366	7499.9984178	7499.6820801	-2.0000667	-2.0000667	0.0084257	0.2780280	0.1557091	0.0000000	7145.0000000
7144.9899366	7494.9851784	7494.7226807	-2.0000667	-2.0000667	0.0104132	0.2788691	0.1556737	0.0000000	0.0000000
7144.9899366	7489.9851278	7489.7632813	-2.0000667	-2.0000667	0.0108962	0.2795416	0.1495822	0.0000000	0.0000000
7144.9899366	7484.9906544	7484.8038818	-2.0000667	-2.0000667	0.0130916	0.2778217	0.1586858	0.0000000	0.0000000
7144.9899366	7479.9931269	7479.8981445	-2.0000667	-2.0000667	0.0161183	0.2769670	0.1678003	0.0000000	0.0000000
7144.9899366	7474.9874581	7474.9977734	-2.0000667	-2.0000667	0.0168396	0.2774550	0.1654908	0.0000000	0.0000000
7144.9899366	7469.9894082	7469.6519141	-2.0000667	-2.0000667	0.0183212	0.2786467	0.1619838	0.0000000	0.0000000
7144.9899366	7464.9823752	7464.7515430	-2.0000667	-2.0000667	0.0217429	0.2784515	0.1680830	0.0000000	0.0000000
7144.9899366	7459.9830834	7459.8511719	-2.0000667	-2.0000667	0.0191395	0.2787412	0.1594725	0.0000000	0.0000000
7144.9899366	7454.9895148	7454.9508008	-2.0000667	-2.0000667	0.0159498	0.2813574	0.1516034	0.0000000	0.0000000
7144.9899366	7449.9879936	7449.6049414	-2.0000667	-2.0000667	0.0141805	0.2815034	0.1451244	0.0000000	0.0000000
7144.9899366	7444.9912785	7444.7045703	-2.0000667	-2.0000667	0.0191733	0.2809147	0.1526171	0.0000000	0.0000000
7144.9899366	7439.9825665	7439.8041992	-2.0000667	-2.0000667	0.0228096	0.2800762	0.1506985	0.0000000	0.0000000
7144.9899366	7434.9858514	7434.9618359	-2.0000667	-2.0000667	0.0227148	0.2813927	0.1548105	0.0000000	0.0000000
7144.9899366	7429.9848914	7429.6792578	-2.0000667	-2.0000667	0.0266599	0.2810001	0.1594031	0.0000000	0.0000000
7144.9899366	7424.9840682	7424.8368945	-2.0000667	-2.0000667	0.0269694	0.2828633	0.1537479	0.0000000	0.0000000
7144.9899366	7419.9861223	7419.9945313	-2.0000667	-2.0000667	0.0276509	0.2809929	0.1518009	0.0000000	0.0000000
7144.9899366	7414.9852991	7414.7119531	-2.0000667	-2.0000667	0.0331991	0.2799509	0.1575958	0.0000000	0.0000000
7144.9899366	7409.9893015	7409.8695898	-2.0000667	-2.0000667	0.0332974	0.2808269	0.1557472	0.0000000	0.0000000
7144.9899366	7404.9855505	7404.5870117	-2.0000667	-2.0000667	0.0275181	0.2808719	0.1461221	0.0000000	0.0000000
7144.9899366	7399.9868032	7399.7446484	-2.0000667	-2.0000667	0.0308591	0.2805909	0.1494946	0.0000000	0.0000000
7144.9899366	7394.9856052	7394.9126367	-2.0000667	-2.0000667	0.0340575	0.2807218	0.1497081	0.0000000	0.0000000
7144.9899366	7389.9845657	7389.6921680	-2.0000667	-2.0000667	0.0399205	0.2781897	0.1546072	0.0000000	0.0000000
7144.9899366	7384.9891170	7384.9067383	-2.0000667	-2.0000667	0.0437328	0.2784728	0.1557484	0.0000000	0.0000000
7144.9899366	7379.9830116	7379.6862695	-2.0000667	-2.0000667	0.0494369	0.2799550	0.1532576	0.0000000	0.0000000
7144.9899366	7374.9850104	7374.9008398	-2.0000667	-2.0000667	0.0509563	0.2796912	0.1561917	0.0000000	0.0000000
7144.9899366	7369.9839616	7369.6803711	-2.0000667	-2.0000667	0.0494353	0.2809658	0.1488213	0.0000000	0.0000000
7144.9899366	7364.9814683	7364.8949414	-2.0000667	-2.0000667	0.0534199	0.2792314	0.1538547	0.0000000	0.0000000
7144.9899366	7359.9861795	7359.6744727	-2.0000667	-2.0000667	0.0515018	0.2804861	0.1472538	0.0000000	0.0000000
7144.9899366	7354.9814419	7354.8890430	-2.0000667	-2.0000667	0.0642714	0.2797975	0.1567745	0.0000000	0.0000000
7144.9899366	7349.9814569	7349.6991016	-2.0000667	-2.0000667	0.0740681	0.2796245	0.1588402	0.0000000	0.0000000
7144.9899366	7344.9830735	7344.9696387	-2.0000667	-2.0000667	0.0805674	0.2771561	0.1636984	0.0000000	0.0000000
7144.9899366	7339.9876760	7339.8102246	-2.0000667	-2.0000667	0.0894554	0.2755032	0.1697085	0.0000000	0.0000000
7144.9899366	7334.9876819	7334.6508105	-2.0000667	-2.0000667	0.0867694	0.2777133	0.1597490	0.0000000	0.0000000
7144.9899366	7329.9862695	7329.9213477	-2.0000667	-2.0000667	0.0918040	0.2777942	0.1616886	0.0000000	0.0000000
7144.9899366	7324.9878305	7324.7619336	-2.0000667	-2.0000667	0.0980499	0.2803131	0.1574596	0.0000000	0.0000000
7144.9899366	7319.9843762	7319.6025195	-2.0000667	-2.0000667	0.0969155	0.2785415	0.1580400	0.0000000	0.0000000
7144.9899366	7314.9856062	7314.8730566	-2.0000667	-2.0000667	0.1044612	0.2782697	0.1635175	0.0000000	0.0000000
7144.9899366	7309.9840590	7309.7136426	-2.0000667	-2.0000667	0.0983010	0.2806266	0.1570115	0.0000000	0.0000000
7144.9899366	7304.9850290	7304.6092822	-2.0000667	-2.0000667	0.0982357	0.2808984	0.1530128	0.0000000	0.0000000
7144.9899366	7299.9861565	7299.9348730	-2.0000667	-2.0000667	0.0881807	0.2808170	0.1428749	0.0000000	0.0000000
7144.9899366	7294.9795014	7294.8355176	-2.0000667	-2.0000667	0.0947998	0.2808853	0.1429203	0.0000000	0.0000000
7144.9899366	7289.9859351	7289.7361621	-2.0000667	-2.0000667	0.1103505	0.2789639	0.1524414	0.0000000	0.0000000
7144.9899366	7284.9854524	7284.6368066	-2.0000667	-2.0000667	0.0991881	0.2782231	0.1449719	0.0000000	0.0000000
7144.9899366	7279.9849698	7279.9623975	-2.0000667	-2.0000667	0.1077124	0.2791134	0.1518223	0.0000000	0.0000000
7144.9899366	7274.9837989	7274.8630420	-2.0000667	-2.0000667	0.1138051	0.2813500	0.1505266	0.0000000	0.0000000
7144.9899366	7269.9840093	7269.7636865	-2.0000667	-2.0000667	0.1098032	0.2813801	0.1402739	0.0000000	0.0000000
7144.9899366	7264.9842196	7264.6888672	-2.0000667	-2.0000667	0.1355256	0.2798422	0.1506608	0.0000000	0.0000000
7144.9899366	7259.9859215	7259.6483984	-2.0000667	-2.0000667	0.1556405	0.2780752	0.1592073	0.0000000	0.0000000
7144.9899366	7254.9818727	7254.6079297	-2.0000667	-2.0000667	0.1728002	0.2788613	0.1631837	0.0000000	0.0000000
7144.9899366	7249.9841501	7249.9875000	-2.0000667	-2.0000667	0.1619658	0.2794205	0.1587686	0.0000000	0.0000000
7144.9899366	7244.9832645	7244.9470313	-2.0000667	-2.0000667	0.1624283	0.2802356	0.1542576	0.0000000	0.0000000
7144.9899366	7239.9820982	7239.9065625	-2.0000667	-2.0000667	0.1691360	0.2792545	0.1566526	0.0000000	0.0000000
7144.9899366	7234.9861373	7234.8660938	-2.0000667	-2.0000667	0.1945536	0.2756447	0.1682346	0.0000000	0.0000000
7144.9899366	7229.9901764	7229.8256250	-2.0000667	-2.0000667	0.1742291	0.2784459	0.1540852	0.0000000	0.0000000
7144.9899366	7224.9850300	7224.7851563	-2.0000667	-2.0000667	0.1671332	0.2792610	0.1486979	0.0000000	0.0000000
7144.9899366	7219.9838918	7219.8026367	-2.0000667	-2.0000667	0.1696500	0.2803345	0.1485529	0.0000000	0.0000000
7144.9899366	7214.9827535	7214.8201172	-2.0000667	-2.0000667	0.1641503	0.2799753	0.1435566	0.0000000	0.0000000
7144.9899366	7209.9834979	7209.8375977	-2.0000667	-2.0000667	0.1623243	0.2796669	0.1383192	0.0000000	0.0000000
7144.9899366	7204.9823763	7204.8550781	-2.0000667	-2.0000667	0.1963785	0.2804517	0.1507498	0.0000000	0.0000000
7144.9899366	7199.9844833	7199.8725586	-2.0000667	-2.0000667	0.2127119	0.2801638	0.1595798	0.0000000	0.0000000
7144.9899366	7194.9864212	7194.8900391	-2.0000667	-2.0000667	0.1838607	0.2820433	0.1474342	0.0000000	0.0000000
7144.9899366	7189.9810932	7189.9075195	-2.0000667	-2.0000667	0.1842566	0.2789376	0.1444291	0.0000000	0.0000000
7144.9899366	7184.9857226	7184.9250000	-2.0000667	-2.0000667	0.1807996	0.2813611	0.1417974	0.0000000	0.0000000
7144.9899366	7179.9835760	7179.9804492	-2.0000667	-2.0000667	0.1772537	0.2768074	0.1437144	0.0000000	0.0000000
7144.9899366	7174.9840016	7174.6444189	-2.0000667	-2.0000667	0.1732948	0.2803400	0.1371251	0.0000000	0.0000000
7144.9899366	7169.9844272	7169.7188525	-2.0000667	-2.0000667	0.1775006	0.2805065	0.1336707	0.0000000	0.0000000
7144.9899366	7164.9848528	7164.7932861	-2.0000667	-2.0000667	0.2024442	0.2814299	0.1446393	0.0000000	0.0000000
7144.9899366	7159.9842183	7159.8677197	-2.0000667	-2.0000667	0.2107228	0.2826196	0.1435988	0.0000000	0.0000000
7144.9899366	7154.9859714	7154.9421533	-2.0000667	-2.0000667	0.2168224	0.2818589	0.1486644	0.0000000	0.0000000
7144.9899366	7149.9845143	7149.6061230	-2.0000667	-2.0000667	0.2191753	0.2801820	0.1484537	0.0000000	0.0000000
7144.9899366	7144.9847639	7144.6805566	-2.0000667	-2.0000667	0.2204656	0.2799530	0.1457377	0.0000000	0.0000000
7144.9899366	7139.9824934	7139.7829688	-2.0000667	-2.0000667	0.2093165	0.2789476	0.1386481	0.0000000	0.0000000
7144.9899366	7134.9864797	7134.9133594	-2.0000667	-2.0000667	0.2089886	0.2802847	0.1381290	0.0000000	0.0000000
7144.9899366	7129.9832069	7129.6379492	-2.0000667	-2.0000667	0.2204829	0.2801287	0.1442740	0.0000000	0.0000000
7144.9899366	7124.9850629	7124.7683398	-2.0000667	-2.0000667	0.2378152	0.2804111	0.1498027	0.0000000	0.0000000
7144.9899366	7119.9869188	7119.8987305	-2.0000667	-2.0000667	0.2352166	0.2802682	0.1484388	0.0000000	0.0000000
7144.9899366	7114.9824600	7114.6233203	-2.0000667	-2.0000667	0.2233386	0.2806849	0.1427075	0.0000000	0.0000000
7144.9899366	7109.9813001	7109.7537109	-2.0000667	-2.0000667	0.2327157	0.2809133	0.1460326	0.0000000	0.0000000
7144.9899366	7104.9825351	7104.8841016	-2.0000667	-2.0000667	0.2340416	0.2791913	0.1470806	0.0000000	0.0000000
7144.9899366	7099.9837702	7099.6316406	-2.0000667	-2.0000667	0.2339857	0.2789362	0.1453909	0.0000000	0.0000000
7144.9899366	7094.9817088	7094.8171094	-2.0000667	-2.0000667	0.2210016	0.2802971	0.1388529	0.0000000	0.0000000
7144.9899366	7089.9836449	7089.6013672	-2.0000667	-2.0000667	0.2341204	0.2808127	0.1448938	0.0000000	0.0000000
7144.9899366	7084.9818060	7084.7868359	-2.0000667	-2.0000667	0.2290713	0.2814204	0.1441023	0.0000000	0.0000000
7144.9899366	7079.9875171	7079.9723047	-2.0000667	-2.0000667	0.2144755	0.2806621	0.1394578	0.0000000	0.0000000
7144.9899366	7074.9849890	7074.7565625	-2.0000667	-2.0000667	0.2192888	0.2805850	0.1430090	0.0000000	0.0000000
7144.9899366	7069.9846289	7069.9420313	-2.0000667	-2.0000667	0.2171343	0.2795963	0.1404211	0.0000000	0.0000000
7144.9899366	7064.9842688	7064.7262891	-2.0000667	-2.0000667	0.2207838	0.2795532	0.1432933	0.0000000	0.0000000
7144.9899366	7059.9819274	7059.9297656	-2.0000667	-2.0000667	0.2099302	0.2799252	0.1388906	0.0000000	0.0000000
7144.9899366	7054.9845719	7054.7725488	-2.0000667	-2.0000667	0.2033629	0.2818453	0.1381183	0.0000000	0.0000000
7144.9899366	7049.9806796	7049.6153320	-2.0000667	-2.0000667	0.1845021	0.2808987	0.1285743	0.0000000	0.0000000
7144.9899366	7044.9806454	7044.8548242	-2.0000667	-2.0000667	0.2105780	0.2809260	0.1436139	0.0000000	0.0000000
7144.9899366	7039.9814065	7039.6976074	-2.0000667	-2.0000667	0.2061392	0.2808563	0.1431954	0.0000000	0.0000000
7144.9899366	7034.9887891	7034.9370996	-2.0000667	-2.0000667	0.2075490	0.2803151	0.1501636	0.0000000	0.0000000
7144.9899366	7029.9865333	7029.7798828	-2.0000667	-2.0000667	0.2005426	0.2774366	0.1456227	0.0000000	0.0000000
7144.9899366	7024.9842404	7024.6226660	-2.0000667	-2.0000667	0.1907085	0.2792632	0.1400680	0.0000000	0.0000000
7144.9899366	7019.9852022	7019.8843262	-2.0000667	-2.0000667	0.1901534	0.2789232	0.1461630	0.0000000	0.0000000
7144.9899366	7014.9861162	7014.7847461	-2.0000667	-2.0000667	0.1947004	0.2777827	0.1548912	0.0000000	0.0000000
7144.9899366	7009.9855214	7009.6851660	-2.0000667	-2.0000667	0.1877090	0.2769270	0.1539282	0.0000000	0.0000000
7144.9899366	7004.9849267	7004.9778613	-2.0000667	-2.0000667	0.1620361	0.2798114	0.1375372	0.0000000	0.0000000
7144.9899366	7000.0292969	6999.8782813	-2.0000667	-2.0000667	0.1552314	0.2808497	0.1360210	0.0000000	0.0000000
