7449.9966662	7499.9984178	7499.6820801	-2.0000667	-2.0000667	0.0223846	0.2692798	0.1612853	0.0000000	7450.0000000
7449.9966662	7494.9935444	7494.7226807	-2.0000667	-2.0000667	0.0194034	0.2677327	0.1592864	0.0000000	0.0000000
7449.9966662	7489.9851278	7489.7632813	-2.0000667	-2.0000667	0.0189700	0.2671505	0.1640477	0.0000000	0.0000000
7449.9966662	7484.9878658	7484.8038818	-2.0000667	-2.0000667	0.0195217	0.2658674	0.1586693	0.0000000	0.0000000
7449.9966662	7479.9931269	7479.8981445	-2.0000667	-2.0000667	0.0213717	0.2646436	0.1594055	0.0000000	0.0000000
7449.9966662	7474.9849184	7474.9977734	-2.0000667	-2.0000667	0.0249222	0.2609470	0.1616063	0.0000000	0.0000000
7449.9966662	7469.9919479	7469.6519141	-2.0000667	-2.0000667	0.0275150	0.2659207	0.1593862	0.0000000	0.0000000
7449.9966662	7464.9880985	7464.7515430	-2.0000667	-2.0000667	0.0241267	0.2646609	0.1576798	0.0000000	0.0000000
7449.9966662	7459.9888066	7459.8511719	-2.0000667	-2.0000667	0.0263458	0.2633494	0.1546953	0.0000000	0.0000000
7449.9966662	7454.9895148	7454.9508008	-2.0000667	-2.0000667	0.0312095	0.2641052	0.1580021	0.0000000	0.0000000
7449.9966662	7449.9909928	7449.6049414	-2.0000667	-2.0000667	0.0354551	0.2712065	0.1628579	0.0000000	0.0000000
7449.9966662	7444.9852800	7444.7045703	-2.0000667	-2.0000667	0.0362305	0.2716080	0.1649387	0.0000000	0.0000000
7449.9966662	7439.9825665	7439.8041992	-2.0000667	-2.0000667	0.0360555	0.2684280	0.1656947	0.0000000	0.0000000
7449.9966662	7434.9858514	7434.9618359	-2.0000667	-2.0000667	0.0367548	0.2714622	0.1621326	0.0000000	0.0000000
7449.9966662	7429.9877688	7429.6792578	-2.0000667	-2.0000667	0.0349463	0.2699535	0.1617380	0.0000000	0.0000000
7449.9966662	7424.9840682	7424.8368945	-2.0000667	-2.0000667	0.0297272	0.2688004	0.1613447	0.0000000	0.0000000
7449.9966662	7419.9861223	7419.9945313	-2.0000667	-2.0000667	0.0336173	0.2684923	0.1597355	0.0000000	0.0000000
7449.9966662	7414.9852991	7414.7119531	-2.0000667	-2.0000667	0.0335273	0.2687358	0.1565988	0.0000000	0.0000000
7449.9966662	7409.9893015	7409.8695898	-2.0000667	-2.0000667	0.0329559	0.2695010	0.1557144	0.0000000	0.0000000
7449.9966662	7404.9855505	7404.5870117	-2.0000667	-2.0000667	0.0495731	0.2702573	0.1585359	0.0000000	0.0000000
7449.9966662	7399.9893051	7399.7446484	-2.0000667	-2.0000667	0.0371199	0.2664371	0.1560908	0.0000000	0.0000000
7449.9966662	7394.9884007	7394.9126367	-2.0000667	-2.0000667	0.0266879	0.2699324	0.1560157	0.0000000	0.0000000
7449.9966662	7389.9873611	7389.6921680	-2.0000667	-2.0000667	0.0384814	0.2693079	0.1607925	0.0000000	0.0000000
7449.9966662	7384.9891170	7384.9067383	-2.0000667	-2.0000667	0.0466312	0.2688192	0.1640339	0.0000000	0.0000000
7449.9966662	7379.9830116	7379.6862695	-2.0000667	-2.0000667	0.0477554	0.2696105	0.1619941	0.0000000	0.0000000
7449.9966662	7374.9819628	7374.9008398	-2.0000667	-2.0000667	0.0425956	0.2680729	0.1607736	0.0000000	0.0000000
7449.9966662	7369.9839616	7369.6803711	-2.0000667	-2.0000667	0.0452228	0.2696907	0.1636743	0.0000000	0.0000000
7449.9966662	7364.9814683	7364.8949414	-2.0000667	-2.0000667	0.0473131	0.2691152	0.1617041	0.0000000	0.0000000
7449.9966662	7359.9861795	7359.6744727	-2.0000667	-2.0000667	0.0456010	0.2682618	0.1641091	0.0000000	0.0000000
7449.9966662	7354.9814419	7354.8890430	-2.0000667	-2.0000667	0.0449677	0.2663295	0.1615197	0.0000000	0.0000000
7449.9966662	7349.9844428	7349.6991016	-2.0000667	-2.0000667	0.0498391	0.2657261	0.1656890	0.0000000	0.0000000
7449.9966662	7344.9830735	7344.9696387	-2.0000667	-2.0000667	0.0528849	0.2667483	0.1714624	0.0000000	0.0000000
7449.9966662	7339.9846901	7339.8102246	-2.0000667	-2.0000667	0.0462045	0.2663301	0.1646803	0.0000000	0.0000000
7449.9966662	7334.9876819	7334.6508105	-2.0000667	-2.0000667	0.0475698	0.2664736	0.1688750	0.0000000	0.0000000
7449.9966662	7329.9862695	7329.9213477	-2.0000667	-2.0000667	0.0467526	0.2674186	0.1675397	0.0000000	0.0000000
7449.9966662	7324.9878305	7324.7619336	-2.0000667	-2.0000667	0.0362896	0.2644113	0.1615901	0.0000000	0.0000000
7449.9966662	7319.9843762	7319.6025195	-2.0000667	-2.0000667	0.0503411	0.2664427	0.1687905	0.0000000	0.0000000
7449.9966662	7314.9856062	7314.8730566	-2.0000667	-2.0000667	0.0521040	0.2701332	0.1686162	0.0000000	0.0000000
7449.9966662	7309.9896132	7309.7136426	-2.0000667	-2.0000667	0.0466978	0.2701765	0.1710936	0.0000000	0.0000000
7449.9966662	7304.9879085	7304.6092822	-2.0000667	-2.0000667	0.0447178	0.2711385	0.1724891	0.0000000	0.0000000
7449.9966662	7299.9890361	7299.9348730	-2.0000667	-2.0000667	0.0445148	0.2676079	0.1695682	0.0000000	0.0000000
7449.9966662	7294.9795014	7294.8355176	-2.0000667	-2.0000667	0.0497729	0.2716182	0.1709639	0.0000000	0.0000000
7449.9966662	7289.9824769	7289.7361621	-2.0000667	-2.0000667	0.0479720	0.2698881	0.1747220	0.0000000	0.0000000
7449.9966662	7284.9819943	7284.6368066	-2.0000667	-2.0000667	0.0478109	0.2695573	0.1743137	0.0000000	0.0000000
7449.9966662	7279.9849698	7279.9623975	-2.0000667	-2.0000667	0.0445931	0.2724220	0.1749218	0.0000000	0.0000000
7449.9966662	7274.9837989	7274.8630420	-2.0000667	-2.0000667	0.0428485	0.2728308	0.1730804	0.0000000	0.0000000
7449.9966662	7269.9840093	7269.7636865	-2.0000667	-2.0000667	0.0472152	0.2713441	0.1745034	0.0000000	0.0000000
7449.9966662	7264.9842196	7264.6888672	-2.0000667	-2.0000667	0.0460854	0.2689208	0.1751715	0.0000000	0.0000000
7449.9966662	7259.9859215	7259.6483984	-2.0000667	-2.0000667	0.0445618	0.2687345	0.1735276	0.0000000	0.0000000
7449.9966662	7254.9850358	7254.6079297	-2.0000667	-2.0000667	0.0443579	0.2689106	0.1738202	0.0000000	0.0000000
7449.9966662	7249.9841501	7249.9875000	-2.0000667	-2.0000667	0.0412321	0.2707058	0.1706244	0.0000000	0.0000000
7449.9966662	7244.9864276	7244.9470313	-2.0000667	-2.0000667	0.0440267	0.2706622	0.1744427	0.0000000	0.0000000
7449.9966662	7239.9850844	7239.9065625	-2.0000667	-2.0000667	0.0416930	0.2734053	0.1759136	0.0000000	0.0000000
7449.9966662	7234.9891235	7234.8660938	-2.0000667	-2.0000667	0.0492633	0.2710281	0.1708109	0.0000000	0.0000000
7449.9966662	7229.9901764	7229.8256250	-2.0000667	-2.0000667	0.0436897	0.2722423	0.1770306	0.0000000	0.0000000
7449.9966662	7224.9908117	7224.7851563	-2.0000667	-2.0000667	0.0379059	0.2714087	0.1788348	0.0000000	0.0000000
7449.9966662	7219.9867826	7219.8026367	-2.0000667	-2.0000667	0.0419156	0.2712579	0.1772169	0.0000000	0.0000000
7449.9966662	7214.9885352	7214.8201172	-2.0000667	-2.0000667	0.0400162	0.2710829	0.1770553	0.0000000	0.0000000
7449.9966662	7209.9867265	7209.8375977	-2.0000667	-2.0000667	0.0361296	0.2711991	0.1752465	0.0000000	0.0000000
7449.9966662	7204.9823763	7204.8550781	-2.0000667	-2.0000667	0.0396921	0.2711797	0.1774070	0.0000000	0.0000000
7449.9966662	7199.9844833	7199.8725586	-2.0000667	-2.0000667	0.0383864	0.2709255	0.1751384	0.0000000	0.0000000
7449.9966662	7194.9864212	7194.8900391	-2.0000667	-2.0000667	0.0363195	0.2688374	0.1697118	0.0000000	0.0000000
7449.9966662	7189.9844123	7189.9075195	-2.0000667	-2.0000667	0.0344597	0.2673113	0.1707449	0.0000000	0.0000000
7449.9966662	7184.9857226	7184.9250000	-2.0000667	-2.0000667	0.0320449	0.2684032	0.1673929	0.0000000	0.0000000
7449.9966662	7179.9835760	7179.9804492	-2.0000667	-2.0000667	0.0319916	0.2688049	0.1715337	0.0000000	0.0000000
7449.9966662	7174.9840016	7174.6444189	-2.0000667	-2.0000667	0.0295518	0.2727949	0.1758258	0.0000000	0.0000000
7449.9966662	7169.9844272	7169.7188525	-2.0000667	-2.0000667	0.0316820	0.2731012	0.1787385	0.0000000	0.0000000
7449.9966662	7164.9848528	7164.7932861	-2.0000667	-2.0000667	0.0282573	0.2711086	0.1794036	0.0000000	0.0000000
7449.9966662	7159.9842183	7159.8677197	-2.0000667	-2.0000667	0.0308228	0.2681775	0.1742134	0.0000000	0.0000000
7449.9966662	7154.9859714	7154.9421533	-2.0000667	-2.0000667	0.0308317	0.2680193	0.1718474	0.0000000	0.0000000
7449.9966662	7149.9845143	7149.6061230	-2.0000667	-2.0000667	0.0275148	0.2705364	0.1733406	0.0000000	0.0000000
7449.9966662	7144.9847639	7144.6805566	-2.0000667	-2.0000667	0.0216240	0.2706102	0.1751306	0.0000000	0.0000000
7449.9966662	7139.9824934	7139.7829688	-2.0000667	-2.0000667	0.0189250	0.2712510	0.1750939	0.0000000	0.0000000
7449.9966662	7134.9864797	7134.9133594	-2.0000667	-2.0000667	0.0250023	0.2706069	0.1757750	0.0000000	0.0000000
7449.9966662	7129.9863643	7129.6379492	-2.0000667	-2.0000667	0.0220701	0.2722891	0.1779905	0.0000000	0.0000000
7449.9966662	7124.9850629	7124.7683398	-2.0000667	-2.0000667	0.0211858	0.2703561	0.1767468	0.0000000	0.0000000
7449.9966662	7119.9869188	7119.8987305	-2.0000667	-2.0000667	0.0183350	0.2646294	0.1729906	0.0000000	0.0000000
7449.9966662	7114.9824600	7114.6233203	-2.0000667	-2.0000667	0.0160132	0.2663726	0.1760864	0.0000000	0.0000000
7449.9966662	7109.9847957	7109.7537109	-2.0000667	-2.0000667	0.0171652	0.2708870	0.1799510	0.0000000	0.0000000
7449.9966662	7104.9825351	7104.8841016	-2.0000667	-2.0000667	0.0179784	0.2719431	0.1795198	0.0000000	0.0000000
7449.9966662	7099.9872658	7099.6316406	-2.0000667	-2.0000667	0.0165991	0.2711125	0.1796301	0.0000000	0.0000000
7449.9966662	7094.9817088	7094.8171094	-2.0000667	-2.0000667	0.0127167	0.2674673	0.1732749	0.0000000	0.0000000
7449.9966662	7089.9874198	7089.6013672	-2.0000667	-2.0000667	0.0138274	0.2705137	0.1746213	0.0000000	0.0000000
7449.9966662	7084.9855810	7084.7868359	-2.0000667	-2.0000667	0.0126525	0.2682726	0.1735780	0.0000000	0.0000000
7449.9966662	7079.9875171	7079.9723047	-2.0000667	-2.0000667	0.0158630	0.2675172	0.1733276	0.0000000	0.0000000
7449.9966662	7074.9849890	7074.7565625	-2.0000667	-2.0000667	0.0102489	0.2656428	0.1733055	0.0000000	0.0000000
7449.9966662	7069.9846289	7069.9420313	-2.0000667	-2.0000667	0.0096309	0.2679124	0.1752095	0.0000000	0.0000000
7449.9966662	7064.9842688	7064.7262891	-2.0000667	-2.0000667	0.0097312	0.2713668	0.1753611	0.0000000	0.0000000
7449.9966662	7059.9851958	7059.9297656	-2.0000667	-2.0000667	0.0093044	0.2703832	0.1756213	0.0000000	0.0000000
7449.9966662	7054.9878403	7054.7725488	-2.0000667	-2.0000667	0.0074382	0.2634902	0.1709049	0.0000000	0.0000000
7449.9966662	7049.9839480	7049.6153320	-2.0000667	-2.0000667	0.0074845	0.2700851	0.1656943	0.0000000	0.0000000
7449.9966662	7044.9839562	7044.8548242	-2.0000667	-2.0000667	0.0065155	0.2674215	0.1703765	0.0000000	0.0000000
7449.9966662	7039.9814065	7039.6976074	-2.0000667	-2.0000667	0.0068115	0.2666799	0.1733057	0.0000000	0.0000000
7449.9966662	7034.9887891	7034.9370996	-2.0000667	-2.0000667	0.0060615	0.2696210	0.1709086	0.0000000	0.0000000
7449.9966662	7029.9865333	7029.7798828	-2.0000667	-2.0000667	0.0052698	0.2672789	0.1725151	0.0000000	0.0000000
7449.9966662	7024.9842404	7024.6226660	-2.0000667	-2.0000667	0.0048247	0.2688389	0.1729932	0.0000000	0.0000000
7449.9966662	7019.9852022	7019.8843262	-2.0000667	-2.0000667	0.0043907	0.2675265	0.1750256	0.0000000	0.0000000
7449.9966662	7014.9861162	7014.7847461	-2.0000667	-2.0000667	0.0041809	0.2676542	0.1745547	0.0000000	0.0000000
7449.9966662	7009.9855214	7009.6851660	-2.0000667	-2.0000667	0.0090313	0.2659296	0.1715077	0.0000000	0.0000000
7449.9966662	7004.9816281	7004.9778613	-2.0000667	-2.0000667	0.0038516	0.2666664	0.1699165	0.0000000	0.0000000
7449.9966662	7000.0292969	6999.8782813	-2.0000667	-2.0000667	0.0032830	0.2687845	0.1808391	0.0000000	0.0000000
