7369.9948747	7499.9984178	7499.6820801	-2.0000667	-2.0000667	0.0254532	0.2593914	0.1588414	0.0000000	7370.0000000
7369.9948747	7494.9907557	7494.7226807	-2.0000667	-2.0000667	0.0274540	0.2591959	0.1622395	0.0000000	0.0000000
7369.9948747	7489.9851278	7489.7632813	-2.0000667	-2.0000667	0.0310092	0.2574056	0.1639595	0.0000000	0.0000000
7369.9948747	7484.9878658	7484.8038818	-2.0000667	-2.0000667	0.0295272	0.2562903	0.1634899	0.0000000	0.0000000
7369.9948747	7479.9880476	7479.8981445	-2.0000667	-2.0000667	0.0310894	0.2590789	0.1617140	0.0000000	0.0000000
7369.9948747	7474.9849184	7474.9977734	-2.0000667	-2.0000667	0.0311735	0.2595291	0.1623656	0.0000000	0.0000000
7369.9948747	7469.9894082	7469.6519141	-2.0000667	-2.0000667	0.0341702	0.2573580	0.1638129	0.0000000	0.0000000
7369.9948747	7464.9880985	7464.7515430	-2.0000667	-2.0000667	0.0400715	0.2590326	0.1642352	0.0000000	0.0000000
7369.9948747	7459.9859450	7459.8511719	-2.0000667	-2.0000667	0.0392483	0.2577273	0.1645398	0.0000000	0.0000000
7369.9948747	7454.9837915	7454.9508008	-2.0000667	-2.0000667	0.0415388	0.2544749	0.1665521	0.0000000	0.0000000
7369.9948747	7449.9849944	7449.6049414	-2.0000667	-2.0000667	0.0430543	0.2577634	0.1679218	0.0000000	0.0000000
7369.9948747	7444.9912785	7444.7045703	-2.0000667	-2.0000667	0.0389116	0.2583372	0.1673636	0.0000000	0.0000000
7369.9948747	7439.9825665	7439.8041992	-2.0000667	-2.0000667	0.0408241	0.2572831	0.1676407	0.0000000	0.0000000
7369.9948747	7434.9828522	7434.9618359	-2.0000667	-2.0000667	0.0459066	0.2583083	0.1681912	0.0000000	0.0000000
7369.9948747	7429.9906461	7429.6792578	-2.0000667	-2.0000667	0.0479752	0.2593524	0.1707317	0.0000000	0.0000000
7369.9948747	7424.9927002	7424.8368945	-2.0000667	-2.0000667	0.0499969	0.2586306	0.1717606	0.0000000	0.0000000
7369.9948747	7419.9832450	7419.9945313	-2.0000667	-2.0000667	0.0533251	0.2584604	0.1695294	0.0000000	0.0000000
7369.9948747	7414.9852991	7414.7119531	-2.0000667	-2.0000667	0.0541163	0.2596704	0.1714578	0.0000000	0.0000000
7369.9948747	7409.9893015	7409.8695898	-2.0000667	-2.0000667	0.0537482	0.2593591	0.1695530	0.0000000	0.0000000
7369.9948747	7404.9880524	7404.5870117	-2.0000667	-2.0000667	0.0557942	0.2598195	0.1729993	0.0000000	0.0000000
7369.9948747	7399.9893051	7399.7446484	-2.0000667	-2.0000667	0.0548013	0.2584370	0.1738314	0.0000000	0.0000000
7369.9948747	7394.9884007	7394.9126367	-2.0000667	-2.0000667	0.0604038	0.2579005	0.1746595	0.0000000	0.0000000
7369.9948747	7389.9873611	7389.6921680	-2.0000667	-2.0000667	0.0651171	0.2578610	0.1741458	0.0000000	0.0000000
7369.9948747	7384.9891170	7384.9067383	-2.0000667	-2.0000667	0.0636002	0.2598661	0.1762662	0.0000000	0.0000000
7369.9948747	7379.9860592	7379.6862695	-2.0000667	-2.0000667	0.0667557	0.2558365	0.1779320	0.0000000	0.0000000
7369.9948747	7374.9880579	7374.9008398	-2.0000667	-2.0000667	0.0676044	0.2590085	0.1767819	0.0000000	0.0000000
7369.9948747	7369.9870092	7369.6803711	-2.0000667	-2.0000667	0.0672008	0.2566648	0.1797532	0.0000000	0.0000000
7369.9948747	7364.9846179	7364.8949414	-2.0000667	-2.0000667	0.0715830	0.2598254	0.1779780	0.0000000	0.0000000
7369.9948747	7359.9861795	7359.6744727	-2.0000667	-2.0000667	0.0658977	0.2599476	0.1772571	0.0000000	0.0000000
7369.9948747	7354.9814419	7354.8890430	-2.0000667	-2.0000667	0.0690848	0.2595364	0.1772096	0.0000000	0.0000000
7369.9948747	7349.9844428	7349.6991016	-2.0000667	-2.0000667	0.0707880	0.2601312	0.1789924	0.0000000	0.0000000
7369.9948747	7344.9830735	7344.9696387	-2.0000667	-2.0000667	0.0571915	0.2583489	0.1806548	0.0000000	0.0000000
7369.9948747	7339.9876760	7339.8102246	-2.0000667	-2.0000667	0.0634659	0.2587114	0.1817560	0.0000000	0.0000000
7369.9948747	7334.9876819	7334.6508105	-2.0000667	-2.0000667	0.0736416	0.2586783	0.1829811	0.0000000	0.0000000
7369.9948747	7329.9862695	7329.9213477	-2.0000667	-2.0000667	0.0709126	0.2579359	0.1843247	0.0000000	0.0000000
7369.9948747	7324.9908040	7324.7619336	-2.0000667	-2.0000667	0.0697795	0.2574923	0.1850907	0.0000000	0.0000000
7369.9948747	7319.9871533	7319.6025195	-2.0000667	-2.0000667	0.0747269	0.2576563	0.1895872	0.0000000	0.0000000
7369.9948747	7314.9856062	7314.8730566	-2.0000667	-2.0000667	0.0739963	0.2581362	0.1857538	0.0000000	0.0000000
7369.9948747	7309.9896132	7309.7136426	-2.0000667	-2.0000667	0.0726669	0.2579452	0.1841221	0.0000000	0.0000000
7369.9948747	7304.9907881	7304.6092822	-2.0000667	-2.0000667	0.0722833	0.2591792	0.1811683	0.0000000	0.0000000
7369.9948747	7299.9890361	7299.9348730	-2.0000667	-2.0000667	0.0730358	0.2607412	0.1818755	0.0000000	0.0000000
7369.9948747	7294.9829595	7294.8355176	-2.0000667	-2.0000667	0.0659750	0.2593685	0.1854246	0.0000000	0.0000000
7369.9948747	7289.9859351	7289.7361621	-2.0000667	-2.0000667	0.0714337	0.2573870	0.1867834	0.0000000	0.0000000
7369.9948747	7284.9854524	7284.6368066	-2.0000667	-2.0000667	0.0718738	0.2584102	0.1894229	0.0000000	0.0000000
7369.9948747	7279.9884279	7279.9623975	-2.0000667	-2.0000667	0.0726512	0.2583219	0.1945138	0.0000000	0.0000000
7369.9948747	7274.9872494	7274.8630420	-2.0000667	-2.0000667	0.0712994	0.2585403	0.1930087	0.0000000	0.0000000
7369.9948747	7269.9874598	7269.7636865	-2.0000667	-2.0000667	0.0696334	0.2595117	0.1929424	0.0000000	0.0000000
7369.9948747	7264.9876701	7264.6888672	-2.0000667	-2.0000667	0.0726691	0.2592096	0.1950864	0.0000000	0.0000000
7369.9948747	7259.9859215	7259.6483984	-2.0000667	-2.0000667	0.0732456	0.2589620	0.1954045	0.0000000	0.0000000
7369.9948747	7254.9818727	7254.6079297	-2.0000667	-2.0000667	0.0711538	0.2585066	0.1939985	0.0000000	0.0000000
7369.9948747	7249.9873132	7249.9875000	-2.0000667	-2.0000667	0.0708727	0.2575553	0.1951410	0.0000000	0.0000000
7369.9948747	7244.9832645	7244.9470313	-2.0000667	-2.0000667	0.0717174	0.2567877	0.1926656	0.0000000	0.0000000
7369.9948747	7239.9820982	7239.9065625	-2.0000667	-2.0000667	0.0684850	0.2587446	0.1957023	0.0000000	0.0000000
7369.9948747	7234.9891235	7234.8660938	-2.0000667	-2.0000667	0.0695405	0.2577172	0.1950837	0.0000000	0.0000000
7369.9948747	7229.9901764	7229.8256250	-2.0000667	-2.0000667	0.0668373	0.2564473	0.1943295	0.0000000	0.0000000
7369.9948747	7224.9908117	7224.7851563	-2.0000667	-2.0000667	0.0685365	0.2588989	0.1967793	0.0000000	0.0000000
7369.9948747	7219.9867826	7219.8026367	-2.0000667	-2.0000667	0.0677418	0.2578241	0.1971538	0.0000000	0.0000000
7369.9948747	7214.9856444	7214.8201172	-2.0000667	-2.0000667	0.0685099	0.2571088	0.1946160	0.0000000	0.0000000
7369.9948747	7209.9867265	7209.8375977	-2.0000667	-2.0000667	0.0642987	0.2601543	0.1981857	0.0000000	0.0000000
7369.9948747	7204.9823763	7204.8550781	-2.0000667	-2.0000667	0.0591326	0.2599592	0.1959009	0.0000000	0.0000000
7369.9948747	7199.9844833	7199.8725586	-2.0000667	-2.0000667	0.0636696	0.2602278	0.1946663	0.0000000	0.0000000
7369.9948747	7194.9864212	7194.8900391	-2.0000667	-2.0000667	0.0635105	0.2591367	0.1954497	0.0000000	0.0000000
7369.9948747	7189.9844123	7189.9075195	-2.0000667	-2.0000667	0.0636075	0.2585381	0.1978907	0.0000000	0.0000000
7369.9948747	7184.9857226	7184.9250000	-2.0000667	-2.0000667	0.0604890	0.2595151	0.1968934	0.0000000	0.0000000
7369.9948747	7179.9835760	7179.9804492	-2.0000667	-2.0000667	0.0587211	0.2596676	0.1932313	0.0000000	0.0000000
7369.9948747	7174.9840016	7174.6444189	-2.0000667	-2.0000667	0.0572693	0.2589596	0.1934763	0.0000000	0.0000000
7369.9948747	7169.9844272	7169.7188525	-2.0000667	-2.0000667	0.0562026	0.2587631	0.1945244	0.0000000	0.0000000
7369.9948747	7164.9848528	7164.7932861	-2.0000667	-2.0000667	0.0527380	0.2589181	0.1979603	0.0000000	0.0000000
7369.9948747	7159.9874285	7159.8677197	-2.0000667	-2.0000667	0.0543378	0.2588812	0.1960212	0.0000000	0.0000000
7369.9948747	7154.9859714	7154.9421533	-2.0000667	-2.0000667	0.0513496	0.2597371	0.1964153	0.0000000	0.0000000
7369.9948747	7149.9845143	7149.6061230	-2.0000667	-2.0000667	0.0467522	0.2591887	0.1958909	0.0000000	0.0000000
7369.9948747	7144.9847639	7144.6805566	-2.0000667	-2.0000667	0.0495165	0.2599894	0.1969734	0.0000000	0.0000000
7369.9948747	7139.9824934	7139.7829688	-2.0000667	-2.0000667	0.0465536	0.2578873	0.1976093	0.0000000	0.0000000
7369.9948747	7134.9864797	7134.9133594	-2.0000667	-2.0000667	0.0441362	0.2584650	0.1972585	0.0000000	0.0000000
7369.9948747	7129.9832069	7129.6379492	-2.0000667	-2.0000667	0.0440127	0.2590880	0.1952606	0.0000000	0.0000000
7369.9948747	7124.9850629	7124.7683398	-2.0000667	-2.0000667	0.0412961	0.2595480	0.1986681	0.0000000	0.0000000
7369.9948747	7119.9869188	7119.8987305	-2.0000667	-2.0000667	0.0396262	0.2576530	0.1987095	0.0000000	0.0000000
7369.9948747	7114.9856174	7114.6233203	-2.0000667	-2.0000667	0.0392363	0.2568510	0.1970861	0.0000000	0.0000000
7369.9948747	7109.9847957	7109.7537109	-2.0000667	-2.0000667	0.0356261	0.2575548	0.1988358	0.0000000	0.0000000
7369.9948747	7104.9825351	7104.8841016	-2.0000667	-2.0000667	0.0347281	0.2564402	0.1995620	0.0000000	0.0000000
7369.9948747	7099.9837702	7099.6316406	-2.0000667	-2.0000667	0.0319043	0.2572667	0.1989630	0.0000000	0.0000000
7369.9948747	7094.9817088	7094.8171094	-2.0000667	-2.0000667	0.0306947	0.2555038	0.1994001	0.0000000	0.0000000
7369.9948747	7089.9874198	7089.6013672	-2.0000667	-2.0000667	0.0284237	0.2551364	0.2016389	0.0000000	0.0000000
7369.9948747	7084.9818060	7084.7868359	-2.0000667	-2.0000667	0.0276307	0.2560962	0.1998994	0.0000000	0.0000000
7369.9948747	7079.9837421	7079.9723047	-2.0000667	-2.0000667	0.0262234	0.2583610	0.1991145	0.0000000	0.0000000
7369.9948747	7074.9886177	7074.7565625	-2.0000667	-2.0000667	0.0259282	0.2587339	0.1974724	0.0000000	0.0000000
7369.9948747	7069.9846289	7069.9420313	-2.0000667	-2.0000667	0.0231917	0.2592344	0.1977861	0.0000000	0.0000000
7369.9948747	7064.9842688	7064.7262891	-2.0000667	-2.0000667	0.0216615	0.2598807	0.1969496	0.0000000	0.0000000
7369.9948747	7059.9851958	7059.9297656	-2.0000667	-2.0000667	0.0210607	0.2605028	0.1974467	0.0000000	0.0000000
7369.9948747	7054.9845719	7054.7725488	-2.0000667	-2.0000667	0.0187415	0.2594543	0.1970665	0.0000000	0.0000000
7369.9948747	7049.9839480	7049.6153320	-2.0000667	-2.0000667	0.0182301	0.2555188	0.1960153	0.0000000	0.0000000
7369.9948747	7044.9806454	7044.8548242	-2.0000667	-2.0000667	0.0158567	0.2602603	0.1955337	0.0000000	0.0000000
7369.9948747	7039.9847173	7039.6976074	-2.0000667	-2.0000667	0.0145836	0.2603275	0.1973311	0.0000000	0.0000000
7369.9948747	7034.9854783	7034.9370996	-2.0000667	-2.0000667	0.0141322	0.2578110	0.1967584	0.0000000	0.0000000
7369.9948747	7029.9865333	7029.7798828	-2.0000667	-2.0000667	0.0132845	0.2543967	0.1944152	0.0000000	0.0000000
7369.9948747	7024.9842404	7024.6226660	-2.0000667	-2.0000667	0.0112894	0.2600463	0.1943198	0.0000000	0.0000000
7369.9948747	7019.9884567	7019.8843262	-2.0000667	-2.0000667	0.0108395	0.2576481	0.1957322	0.0000000	0.0000000
7369.9948747	7014.9828176	7014.7847461	-2.0000667	-2.0000667	0.0099393	0.2574453	0.1959371	0.0000000	0.0000000
7369.9948747	7009.9855214	7009.6851660	-2.0000667	-2.0000667	0.0083108	0.2578563	0.1978080	0.0000000	0.0000000
7369.9948747	7004.9816281	7004.9778613	-2.0000667	-2.0000667	0.0075536	0.2586412	0.1967080	0.0000000	0.0000000
7369.9948747	7000.0292969	6999.8782813	-2.0000667	-2.0000667	0.0067615	0.2588518	0.1960393	0.0000000	0.0000000
