7464.9999112	7499.9984178	7499.6820801	-2.0000667	-2.0000667	0.0145739	0.2707133	0.1601802	0.0000000	7465.0000000
7464.9999112	7494.9907557	7494.7226807	-2.0000667	-2.0000667	0.0137942	0.2698606	0.1574655	0.0000000	0.0000000
7464.9999112	7489.9851278	7489.7632813	-2.0000667	-2.0000667	0.0202675	0.2725548	0.1608929	0.0000000	0.0000000
7464.9999112	7484.9878658	7484.8038818	-2.0000667	-2.0000667	0.0227754	0.2716675	0.1650227	0.0000000	0.0000000
7464.9999112	7479.9905873	7479.8981445	-2.0000667	-2.0000667	0.0221173	0.2716886	0.1624634	0.0000000	0.0000000
7464.9999112	7474.9849184	7474.9977734	-2.0000667	-2.0000667	0.0229039	0.2695499	0.1597054	0.0000000	0.0000000
7464.9999112	7469.9919479	7469.6519141	-2.0000667	-2.0000667	0.0217703	0.2721644	0.1605034	0.0000000	0.0000000
7464.9999112	7464.9852369	7464.7515430	-2.0000667	-2.0000667	0.0269587	0.2717749	0.1615668	0.0000000	0.0000000
7464.9999112	7459.9830834	7459.8511719	-2.0000667	-2.0000667	0.0260720	0.2705454	0.1615944	0.0000000	0.0000000
7464.9999112	7454.9866531	7454.9508008	-2.0000667	-2.0000667	0.0248900	0.2708965	0.1613994	0.0000000	0.0000000
7464.9999112	7449.9879936	7449.6049414	-2.0000667	-2.0000667	0.0235320	0.2695376	0.1651146	0.0000000	0.0000000
7464.9999112	7444.9852800	7444.7045703	-2.0000667	-2.0000667	0.0248059	0.2704286	0.1613160	0.0000000	0.0000000
7464.9999112	7439.9825665	7439.8041992	-2.0000667	-2.0000667	0.0260605	0.2711584	0.1626046	0.0000000	0.0000000
7464.9999112	7434.9828522	7434.9618359	-2.0000667	-2.0000667	0.0221627	0.2701874	0.1591937	0.0000000	0.0000000
7464.9999112	7429.9877688	7429.6792578	-2.0000667	-2.0000667	0.0251292	0.2697627	0.1631171	0.0000000	0.0000000
7464.9999112	7424.9840682	7424.8368945	-2.0000667	-2.0000667	0.0261180	0.2712251	0.1629113	0.0000000	0.0000000
7464.9999112	7419.9889997	7419.9945313	-2.0000667	-2.0000667	0.0289026	0.2714377	0.1652979	0.0000000	0.0000000
7464.9999112	7414.9881765	7414.7119531	-2.0000667	-2.0000667	0.0268993	0.2706725	0.1644662	0.0000000	0.0000000
7464.9999112	7409.9893015	7409.8695898	-2.0000667	-2.0000667	0.0307986	0.2697988	0.1629341	0.0000000	0.0000000
7464.9999112	7404.9855505	7404.5870117	-2.0000667	-2.0000667	0.0629197	0.2687413	0.1640708	0.0000000	0.0000000
7464.9999112	7399.9868032	7399.7446484	-2.0000667	-2.0000667	0.0289941	0.2700186	0.1619050	0.0000000	0.0000000
7464.9999112	7394.9856052	7394.9126367	-2.0000667	-2.0000667	0.0400304	0.2701370	0.1678344	0.0000000	0.0000000
7464.9999112	7389.9873611	7389.6921680	-2.0000667	-2.0000667	0.0366824	0.2687883	0.1646294	0.0000000	0.0000000
7464.9999112	7384.9891170	7384.9067383	-2.0000667	-2.0000667	0.0303230	0.2702267	0.1648400	0.0000000	0.0000000
7464.9999112	7379.9860592	7379.6862695	-2.0000667	-2.0000667	0.0371931	0.2712897	0.1662965	0.0000000	0.0000000
7464.9999112	7374.9850104	7374.9008398	-2.0000667	-2.0000667	0.0326996	0.2706062	0.1671940	0.0000000	0.0000000
7464.9999112	7369.9870092	7369.6803711	-2.0000667	-2.0000667	0.0399063	0.2687067	0.1673120	0.0000000	0.0000000
7464.9999112	7364.9814683	7364.8949414	-2.0000667	-2.0000667	0.0365287	0.2691208	0.1670974	0.0000000	0.0000000
7464.9999112	7359.9861795	7359.6744727	-2.0000667	-2.0000667	0.0329457	0.2712579	0.1670872	0.0000000	0.0000000
7464.9999112	7354.9814419	7354.8890430	-2.0000667	-2.0000667	0.0409220	0.2709604	0.1675824	0.0000000	0.0000000
7464.9999112	7349.9814569	7349.6991016	-2.0000667	-2.0000667	0.0382732	0.2712823	0.1691223	0.0000000	0.0000000
7464.9999112	7344.9830735	7344.9696387	-2.0000667	-2.0000667	0.0402462	0.2694218	0.1710631	0.0000000	0.0000000
7464.9999112	7339.9876760	7339.8102246	-2.0000667	-2.0000667	0.0411909	0.2710927	0.1697247	0.0000000	0.0000000
7464.9999112	7334.9876819	7334.6508105	-2.0000667	-2.0000667	0.0410825	0.2712998	0.1733887	0.0000000	0.0000000
7464.9999112	7329.9862695	7329.9213477	-2.0000667	-2.0000667	0.0426995	0.2714197	0.1718898	0.0000000	0.0000000
7464.9999112	7324.9908040	7324.7619336	-2.0000667	-2.0000667	0.0419081	0.2708647	0.1695839	0.0000000	0.0000000
7464.9999112	7319.9843762	7319.6025195	-2.0000667	-2.0000667	0.0370259	0.2710112	0.1712747	0.0000000	0.0000000
7464.9999112	7314.9856062	7314.8730566	-2.0000667	-2.0000667	0.0415447	0.2721173	0.1728289	0.0000000	0.0000000
7464.9999112	7309.9868361	7309.7136426	-2.0000667	-2.0000667	0.0436194	0.2701665	0.1730795	0.0000000	0.0000000
7464.9999112	7304.9879085	7304.6092822	-2.0000667	-2.0000667	0.0433779	0.2683557	0.1710258	0.0000000	0.0000000
7464.9999112	7299.9890361	7299.9348730	-2.0000667	-2.0000667	0.0425792	0.2691969	0.1737776	0.0000000	0.0000000
7464.9999112	7294.9829595	7294.8355176	-2.0000667	-2.0000667	0.0477900	0.2708101	0.1728293	0.0000000	0.0000000
7464.9999112	7289.9859351	7289.7361621	-2.0000667	-2.0000667	0.0397318	0.2712980	0.1738561	0.0000000	0.0000000
7464.9999112	7284.9854524	7284.6368066	-2.0000667	-2.0000667	0.0430413	0.2692314	0.1753876	0.0000000	0.0000000
7464.9999112	7279.9884279	7279.9623975	-2.0000667	-2.0000667	0.0384050	0.2670156	0.1744900	0.0000000	0.0000000
7464.9999112	7274.9837989	7274.8630420	-2.0000667	-2.0000667	0.0370729	0.2698562	0.1732220	0.0000000	0.0000000
7464.9999112	7269.9840093	7269.7636865	-2.0000667	-2.0000667	0.0404017	0.2702152	0.1759539	0.0000000	0.0000000
7464.9999112	7264.9876701	7264.6888672	-2.0000667	-2.0000667	0.0404921	0.2718182	0.1743951	0.0000000	0.0000000
7464.9999112	7259.9859215	7259.6483984	-2.0000667	-2.0000667	0.0312422	0.2680773	0.1743937	0.0000000	0.0000000
7464.9999112	7254.9818727	7254.6079297	-2.0000667	-2.0000667	0.0357728	0.2715045	0.1732317	0.0000000	0.0000000
7464.9999112	7249.9841501	7249.9875000	-2.0000667	-2.0000667	0.0386641	0.2709703	0.1751093	0.0000000	0.0000000
7464.9999112	7244.9832645	7244.9470313	-2.0000667	-2.0000667	0.0368853	0.2704840	0.1781147	0.0000000	0.0000000
7464.9999112	7239.9820982	7239.9065625	-2.0000667	-2.0000667	0.0385531	0.2669106	0.1764324	0.0000000	0.0000000
7464.9999112	7234.9891235	7234.8660938	-2.0000667	-2.0000667	0.0333552	0.2699022	0.1712179	0.0000000	0.0000000
7464.9999112	7229.9871902	7229.8256250	-2.0000667	-2.0000667	0.0372003	0.2715951	0.1735004	0.0000000	0.0000000
7464.9999112	7224.9850300	7224.7851563	-2.0000667	-2.0000667	0.0370210	0.2706912	0.1785796	0.0000000	0.0000000
7464.9999112	7219.9867826	7219.8026367	-2.0000667	-2.0000667	0.0307489	0.2709164	0.1786117	0.0000000	0.0000000
7464.9999112	7214.9856444	7214.8201172	-2.0000667	-2.0000667	0.0350486	0.2707623	0.1743029	0.0000000	0.0000000
7464.9999112	7209.9867265	7209.8375977	-2.0000667	-2.0000667	0.0331168	0.2700529	0.1746597	0.0000000	0.0000000
7464.9999112	7204.9823763	7204.8550781	-2.0000667	-2.0000667	0.0323052	0.2713734	0.1775978	0.0000000	0.0000000
7464.9999112	7199.9844833	7199.8725586	-2.0000667	-2.0000667	0.0348423	0.2687145	0.1778965	0.0000000	0.0000000
7464.9999112	7194.9864212	7194.8900391	-2.0000667	-2.0000667	0.0279222	0.2645076	0.1772109	0.0000000	0.0000000
7464.9999112	7189.9844123	7189.9075195	-2.0000667	-2.0000667	0.0323154	0.2642157	0.1776018	0.0000000	0.0000000
7464.9999112	7184.9857226	7184.9250000	-2.0000667	-2.0000667	0.0443242	0.2673461	0.1766016	0.0000000	0.0000000
7464.9999112	7179.9871345	7179.9804492	-2.0000667	-2.0000667	0.0263843	0.2684323	0.1754348	0.0000000	0.0000000
7464.9999112	7174.9840016	7174.6444189	-2.0000667	-2.0000667	0.0288708	0.2676912	0.1761974	0.0000000	0.0000000
7464.9999112	7169.9844272	7169.7188525	-2.0000667	-2.0000667	0.0281411	0.2702728	0.1773229	0.0000000	0.0000000
7464.9999112	7164.9884112	7164.7932861	-2.0000667	-2.0000667	0.0245830	0.2714219	0.1769681	0.0000000	0.0000000
7464.9999112	7159.9842183	7159.8677197	-2.0000667	-2.0000667	0.0249280	0.2702399	0.1780131	0.0000000	0.0000000
7464.9999112	7154.9859714	7154.9421533	-2.0000667	-2.0000667	0.0262795	0.2699851	0.1788048	0.0000000	0.0000000
7464.9999112	7149.9845143	7149.6061230	-2.0000667	-2.0000667	0.0259856	0.2706986	0.1747488	0.0000000	0.0000000
7464.9999112	7144.9847639	7144.6805566	-2.0000667	-2.0000667	0.0222626	0.2707950	0.1798207	0.0000000	0.0000000
7464.9999112	7139.9824934	7139.7829688	-2.0000667	-2.0000667	0.0236400	0.2697445	0.1792023	0.0000000	0.0000000
7464.9999112	7134.9864797	7134.9133594	-2.0000667	-2.0000667	0.0195101	0.2681721	0.1806411	0.0000000	0.0000000
7464.9999112	7129.9832069	7129.6379492	-2.0000667	-2.0000667	0.0156633	0.2680194	0.1788392	0.0000000	0.0000000
7464.9999112	7124.9850629	7124.7683398	-2.0000667	-2.0000667	0.0206613	0.2678224	0.1769945	0.0000000	0.0000000
7464.9999112	7119.9869188	7119.8987305	-2.0000667	-2.0000667	0.0175591	0.2708562	0.1746245	0.0000000	0.0000000
7464.9999112	7114.9856174	7114.6233203	-2.0000667	-2.0000667	0.0175255	0.2705547	0.1759731	0.0000000	0.0000000
7464.9999112	7109.9882914	7109.7537109	-2.0000667	-2.0000667	0.0169569	0.2693007	0.1791774	0.0000000	0.0000000
7464.9999112	7104.9825351	7104.8841016	-2.0000667	-2.0000667	0.0145270	0.2682604	0.1751309	0.0000000	0.0000000
7464.9999112	7099.9872658	7099.6316406	-2.0000667	-2.0000667	0.0153926	0.2683513	0.1782681	0.0000000	0.0000000
7464.9999112	7094.9817088	7094.8171094	-2.0000667	-2.0000667	0.0141765	0.2695599	0.1805186	0.0000000	0.0000000
7464.9999112	7089.9874198	7089.6013672	-2.0000667	-2.0000667	0.0153356	0.2669531	0.1812064	0.0000000	0.0000000
7464.9999112	7084.9893560	7084.7868359	-2.0000667	-2.0000667	0.0107570	0.2646439	0.1756483	0.0000000	0.0000000
7464.9999112	7079.9837421	7079.9723047	-2.0000667	-2.0000667	0.0122756	0.2669800	0.1744310	0.0000000	0.0000000
7464.9999112	7074.9849890	7074.7565625	-2.0000667	-2.0000667	0.0114998	0.2696254	0.1793590	0.0000000	0.0000000
7464.9999112	7069.9846289	7069.9420313	-2.0000667	-2.0000667	0.0098823	0.2695732	0.1785266	0.0000000	0.0000000
7464.9999112	7064.9842688	7064.7262891	-2.0000667	-2.0000667	0.0085825	0.2698712	0.1763619	0.0000000	0.0000000
7464.9999112	7059.9851958	7059.9297656	-2.0000667	-2.0000667	0.0074531	0.2708658	0.1791652	0.0000000	0.0000000
7464.9999112	7054.9845719	7054.7725488	-2.0000667	-2.0000667	0.0074357	0.2712428	0.1764884	0.0000000	0.0000000
7464.9999112	7049.9839480	7049.6153320	-2.0000667	-2.0000667	0.0064159	0.2692970	0.1764885	0.0000000	0.0000000
7464.9999112	7044.9839562	7044.8548242	-2.0000667	-2.0000667	0.0067816	0.2679331	0.1767776	0.0000000	0.0000000
7464.9999112	7039.9847173	7039.6976074	-2.0000667	-2.0000667	0.0062944	0.2686003	0.1742090	0.0000000	0.0000000
7464.9999112	7034.9854783	7034.9370996	-2.0000667	-2.0000667	0.0062401	0.2699454	0.1786764	0.0000000	0.0000000
7464.9999112	7029.9865333	7029.7798828	-2.0000667	-2.0000667	0.0050858	0.2681886	0.1792521	0.0000000	0.0000000
7464.9999112	7024.9842404	7024.6226660	-2.0000667	-2.0000667	0.0057854	0.2666764	0.1747667	0.0000000	0.0000000
7464.9999112	7019.9852022	7019.8843262	-2.0000667	-2.0000667	0.0040859	0.2685720	0.1768269	0.0000000	0.0000000
7464.9999112	7014.9894147	7014.7847461	-2.0000667	-2.0000667	0.0039174	0.2709476	0.1774414	0.0000000	0.0000000
7464.9999112	7009.9855214	7009.6851660	-2.0000667	-2.0000667	0.0037610	0.2704344	0.1794912	0.0000000	0.0000000
7464.9999112	7004.9816281	7004.9778613	-2.0000667	-2.0000667	0.0028793	0.2689838	0.1797722	0.0000000	0.0000000
7464.9999112	7000.0292969	6999.8782813	-2.0000667	-2.0000667	0.0031516	0.2663765	0.1748577	0.0000000	0.0000000
