7000.6209600	7000.0338101	6999.8782813	3.0001001	-5.9998666	0.0000193	0.3226616	0.1439706	0.0000000	-6.0000000
7000.6209600	7000.0338101	6999.8782813	2.7999600	-6.0000000	0.0000118	0.3219000	0.1381130	0.0000000	0.0000000
7000.6209600	7000.0338101	6999.8782813	2.6001534	-6.0000000	0.0000100	0.3193832	0.1388267	0.0000000	0.0000000
7000.6209600	7000.0338101	6999.8782813	2.4000133	-6.0000000	0.0000105	0.3215516	0.1452762	0.0000000	0.0000000
7000.6209600	7000.0338101	6999.8782813	2.1998732	-6.0000000	0.0000160	0.3224705	0.1418799	0.0000000	0.0000000
7000.6209600	7000.0338101	6999.8782813	2.0000667	-6.0000000	0.0000227	0.3221154	0.1370167	0.0000000	0.0000000
7000.6209600	7000.0338101	6999.8782813	1.7999266	-6.0000000	0.0000132	0.3205438	0.1334126	0.0000000	0.0000000
7000.6209600	7000.0338101	6999.8782813	1.6001201	-6.0000000	0.0000103	0.3246005	0.1390696	0.0000000	0.0000000
7000.6209600	7000.0338101	6999.8782813	1.3999800	-6.0000000	0.0000165	0.3239500	0.1307527	0.0000000	0.0000000
7000.6209600	7000.0338101	6999.8782813	1.1998399	-6.0000000	0.0000131	0.3234518	0.1355873	0.0000000	0.0000000
7000.6209600	7000.0338101	6999.8782813	1.0000334	-6.0000000	0.0000104	0.3211559	0.1430128	0.0000000	0.0000000
7000.6209600	7000.0338101	6999.8782813	0.7998933	-6.0000000	0.0000144	0.3104707	0.1380948	0.0000000	0.0000000
7000.6209600	7000.0338101	6999.8782813	0.6000867	-6.0000000	0.0000215	0.3200726	0.1440061	0.0000000	0.0000000
7000.6209600	7000.0338101	6999.8782813	0.3999466	-6.0000000	0.0000105	0.3223962	0.1305945	0.0000000	0.0000000
7000.6209600	7000.0338101	6999.8782813	0.2001401	-6.0000000	0.0000132	0.3195256	0.1307621	0.0000000	0.0000000
7000.6209600	7000.0338101	6999.8782813	0.0000000	-6.0000000	0.0000176	0.3194475	0.1320603	0.0000000	0.0000000
7000.6209600	7000.0338101	6999.8782813	-0.2001401	-6.0000000	0.0000107	0.3190739	0.1301235	0.0000000	0.0000000
7000.6209600	7000.0338101	6999.8782813	-0.3999466	-6.0000000	0.0000116	0.3218787	0.1380594	0.0000000	0.0000000
7000.6209600	7000.0338101	6999.8782813	-0.6000867	-6.0000000	0.0000085	0.3197908	0.1455795	0.0000000	0.0000000
7000.6209600	7000.0338101	6999.8782813	-0.7998933	-6.0000000	0.0000120	0.3209398	0.1472654	0.0000000	0.0000000
7000.6209600	7000.0338101	6999.8782813	-1.0000334	-6.0000000	0.0000160	0.3214989	0.1379279	0.0000000	0.0000000
7000.6209600	7000.0338101	6999.8782813	-1.1998399	-6.0000000	0.0000082	0.3199834	0.1413087	0.0000000	0.0000000
7000.6209600	7000.0338101	6999.8782813	-1.3999800	-6.0000000	0.0000110	0.3209816	0.1412957	0.0000000	0.0000000
7000.6209600	7000.0338101	6999.8782813	-1.6001201	-6.0000000	0.0000182	0.3209221	0.1399001	0.0000000	0.0000000
7000.6209600	7000.0338101	6999.8782813	-1.7999266	-6.0000000	0.0000112	0.3179696	0.1486196	0.0000000	0.0000000
7000.6209600	7000.0338101	6999.8782813	-2.0000667	-6.0000000	0.0000123	0.3211780	0.1447596	0.0000000	0.0000000
7000.6209600	7000.0338101	6999.8782813	-2.1998732	-6.0000000	0.0000116	0.3190695	0.1464958	0.0000000	0.0000000
7000.6209600	7000.0338101	6999.8782813	-2.4000133	-6.0000000	0.0000876	0.3242389	0.1409844	0.0000000	0.0000000
7000.6209600	7000.0338101	6999.8782813	-2.6001534	-6.0000000	0.0000056	0.3219945	0.1354618	0.0000000	0.0000000
7000.6209600	7000.0338101	6999.8782813	-2.7999600	-6.0000000	0.0000110	0.3214932	0.1406074	0.0000000	0.0000000
7000.6209600	7000.0338101	6999.8782813	-3.0001001	-6.0000000	0.0000083	0.3190400	0.1452670	0.0000000	0.0000000
7000.6209600	7000.0338101	6999.8782813	-3.1999066	-6.0000000	0.0000142	0.3168867	0.1467639	0.0000000	0.0000000
7000.6209600	7000.0338101	6999.8782813	-3.4000467	-6.0000000	0.0000260	0.3208138	0.1481659	0.0000000	0.0000000
7000.6209600	7000.0338101	6999.8782813	-3.5998532	-6.0000000	0.0000123	0.3204304	0.1454333	0.0000000	0.0000000
7000.6209600	7000.0338101	6999.8782813	-3.7999933	-6.0000000	0.0000071	0.3226906	0.1455881	0.0000000	0.0000000
7000.6209600	7000.0338101	6999.8782813	-4.0001334	-6.0000000	0.0000087	0.3219412	0.1436229	0.0000000	0.0000000
7000.6209600	7000.0338101	6999.8782813	-4.1999400	-6.0000000	0.0000120	0.3194084	0.1468546	0.0000000	0.0000000
7000.6209600	7000.0338101	6999.8782813	-4.4000801	-6.0000000	0.0003722	0.3190400	0.1438762	0.0000000	0.0000000
7000.6209600	7000.0338101	6999.8782813	-4.5998866	-6.0000000	0.0015812	0.3172316	0.1419775	0.0000000	0.0000000
7000.6209600	7000.0338101	6999.8782813	-4.8000267	-6.0000000	0.0114661	0.3166814	0.1421605	0.0000000	0.0000000
7000.6209600	7000.0338101	6999.8782813	-4.9998332	-6.0000000	0.0428662	0.3195586	0.1469294	0.0000000	0.0000000
7000.6209600	7000.0338101	6999.8782813	-5.1999733	-6.0000000	0.0693604	0.3135293	0.1356937	0.0000000	0.0000000
7000.6209600	7000.0338101	6999.8782813	-5.4001134	-6.0000000	0.1279839	0.3188221	0.1463986	0.0000000	0.0000000
7000.6209600	7000.0338101	6999.8782813	-5.5999199	-6.0000000	0.1858403	0.3188544	0.1454049	0.0000000	0.0000000
7000.6209600	7000.0338101	6999.8782813	-5.8000600	-6.0000000	0.2187662	0.3214814	0.1434233	0.0000000	0.0000000
7000.6209600	7000.0338101	6999.8782813	-5.9998666	-6.0000000	0.2725573	0.3201533	0.1469952	0.0000000	0.0000000
7000.6209600	7000.0338101	6999.8782813	-6.2000067	-6.0000000	0.2536320	0.3178320	0.1432629	0.0000000	0.0000000
7000.6209600	7000.0338101	6999.8782813	-6.4001468	-6.0000000	0.2305922	0.3202866	0.1472742	0.0000000	0.0000000
7000.6209600	7000.0338101	6999.8782813	-6.5999533	-6.0000000	0.1552943	0.3173901	0.1426866	0.0000000	0.0000000
7000.6209600	7000.0338101	6999.8782813	-6.8000934	-6.0000000	0.0955922	0.3231489	0.1444467	0.0000000	0.0000000
7000.6209600	7000.0338101	6999.8782813	-6.9998999	-6.0000000	0.0558044	0.3241963	0.1381346	0.0000000	0.0000000
7000.6209600	7000.0338101	6999.8782813	-7.2000400	-6.0000000	0.0226539	0.3191371	0.1363638	0.0000000	0.0000000
7000.6209600	7000.0338101	6999.8782813	-7.3998466	-6.0000000	0.0047053	0.3178573	0.1312458	0.0000000	0.0000000
7000.6209600	7000.0338101	6999.8782813	-7.5999867	-6.0000000	0.0004429	0.3138491	0.1382448	0.0000000	0.0000000
7000.6209600	7000.0338101	6999.8782813	-7.8001268	-6.0000000	0.0000430	0.3179581	0.1464817	0.0000000	0.0000000
7000.6209600	7000.0338101	6999.8782813	-7.9999333	-6.0000000	0.0000150	0.3160964	0.1402097	0.0000000	0.0000000
7000.6209600	7000.0338101	6999.8782813	-8.2000734	-6.0000000	0.0000193	0.3202588	0.1384023	0.0000000	0.0000000
7000.6209600	7000.0338101	6999.8782813	-8.3998799	-6.0000000	0.0000117	0.3203999	0.1464740	0.0000000	0.0000000
7000.6209600	7000.0338101	6999.8782813	-8.6000200	-6.0000000	0.0000109	0.3172703	0.1466637	0.0000000	0.0000000
7000.6209600	7000.0338101	6999.8782813	-8.8001601	-6.0000000	0.0000142	0.3186873	0.1451060	0.0000000	0.0000000
7000.6209600	7000.0338101	6999.8782813	-8.9999666	-6.0000000	0.0000193	0.3160939	0.1431385	0.0000000	0.0000000
7000.6209600	7000.0338101	6999.8782813	-9.2001067	-6.0000000	0.0000142	0.3222672	0.1459227	0.0000000	0.0000000
7000.6209600	7000.0338101	6999.8782813	-9.3999133	-6.0000000	0.0000244	0.3207675	0.1439990	0.0000000	0.0000000
7000.6209600	7000.0338101	6999.8782813	-9.6000534	-6.0000000	0.0000155	0.3206191	0.1410586	0.0000000	0.0000000
7000.6209600	7000.0338101	6999.8782813	-9.7998599	-6.0000000	0.0000199	0.3198466	0.1437625	0.0000000	0.0000000
7000.6209600	7000.0338101	6999.8782813	-10.0000000	-6.0000000	0.0000479	0.3183617	0.1411942	0.0000000	0.0000000
