7000.6209600	7000.0338101	6999.8782813	3.0001001	-4.9998332	0.0000044	0.3173463	0.1350352	0.0000000	-5.0000000
7000.6209600	7000.0338101	6999.8782813	2.7999600	-5.0000000	0.0000094	0.3211667	0.1376285	0.0000000	0.0000000
7000.6209600	7000.0338101	6999.8782813	2.6001534	-5.0000000	0.0000128	0.3216863	0.1409884	0.0000000	0.0000000
7000.6209600	7000.0338101	6999.8782813	2.4000133	-5.0000000	0.0000115	0.3232590	0.1411544	0.0000000	0.0000000
7000.6209600	7000.0338101	6999.8782813	2.1998732	-5.0000000	0.0000100	0.3206537	0.1400844	0.0000000	0.0000000
7000.6209600	7000.0338101	6999.8782813	2.0000667	-5.0000000	0.0000134	0.3215698	0.1324390	0.0000000	0.0000000
7000.6209600	7000.0338101	6999.8782813	1.7999266	-5.0000000	0.0000096	0.3250728	0.1367795	0.0000000	0.0000000
7000.6209600	7000.0338101	6999.8782813	1.6001201	-5.0000000	0.0000154	0.3268483	0.1368134	0.0000000	0.0000000
7000.6209600	7000.0338101	6999.8782813	1.3999800	-5.0000000	0.0000088	0.3260995	0.1364504	0.0000000	0.0000000
7000.6209600	7000.0338101	6999.8782813	1.1998399	-5.0000000	0.0000120	0.3240055	0.1453546	0.0000000	0.0000000
7000.6209600	7000.0338101	6999.8782813	1.0000334	-5.0000000	0.0000128	0.3232711	0.1320184	0.0000000	0.0000000
7000.6209600	7000.0338101	6999.8782813	0.7998933	-5.0000000	0.0000073	0.3218734	0.1337356	0.0000000	0.0000000
7000.6209600	7000.0338101	6999.8782813	0.6000867	-5.0000000	0.0000132	0.3243114	0.1371791	0.0000000	0.0000000
7000.6209600	7000.0338101	6999.8782813	0.3999466	-5.0000000	0.0000088	0.3239098	0.1325205	0.0000000	0.0000000
7000.6209600	7000.0338101	6999.8782813	0.2001401	-5.0000000	0.0000105	0.3246422	0.1434102	0.0000000	0.0000000
7000.6209600	7000.0338101	6999.8782813	0.0000000	-5.0000000	0.0000107	0.3237723	0.1315771	0.0000000	0.0000000
7000.6209600	7000.0338101	6999.8782813	-0.2001401	-5.0000000	0.0000168	0.3253179	0.1417738	0.0000000	0.0000000
7000.6209600	7000.0338101	6999.8782813	-0.3999466	-5.0000000	0.0000109	0.3253297	0.1400566	0.0000000	0.0000000
7000.6209600	7000.0338101	6999.8782813	-0.6000867	-5.0000000	0.0000048	0.3238486	0.1378840	0.0000000	0.0000000
7000.6209600	7000.0338101	6999.8782813	-0.7998933	-5.0000000	0.0000093	0.3233918	0.1351274	0.0000000	0.0000000
7000.6209600	7000.0338101	6999.8782813	-1.0000334	-5.0000000	0.0000138	0.3218473	0.1420425	0.0000000	0.0000000
7000.6209600	7000.0338101	6999.8782813	-1.1998399	-5.0000000	0.0000157	0.3201750	0.1294214	0.0000000	0.0000000
7000.6209600	7000.0338101	6999.8782813	-1.3999800	-5.0000000	0.0000150	0.3246279	0.1359078	0.0000000	0.0000000
7000.6209600	7000.0338101	6999.8782813	-1.6001201	-5.0000000	0.0000104	0.3256588	0.1442942	0.0000000	0.0000000
7000.6209600	7000.0338101	6999.8782813	-1.7999266	-5.0000000	0.0000146	0.3211499	0.1378423	0.0000000	0.0000000
7000.6209600	7000.0338101	6999.8782813	-2.0000667	-5.0000000	0.0000082	0.3182098	0.1391459	0.0000000	0.0000000
7000.6209600	7000.0338101	6999.8782813	-2.1998732	-5.0000000	0.0000126	0.3200906	0.1392595	0.0000000	0.0000000
7000.6209600	7000.0338101	6999.8782813	-2.4000133	-5.0000000	0.0000137	0.3216820	0.1407096	0.0000000	0.0000000
7000.6209600	7000.0338101	6999.8782813	-2.6001534	-5.0000000	0.0000043	0.3198193	0.1276384	0.0000000	0.0000000
7000.6209600	7000.0338101	6999.8782813	-2.7999600	-5.0000000	0.0000039	0.3215050	0.1356481	0.0000000	0.0000000
7000.6209600	7000.0338101	6999.8782813	-3.0001001	-5.0000000	0.0000117	0.3229646	0.1424802	0.0000000	0.0000000
7000.6209600	7000.0338101	6999.8782813	-3.1999066	-5.0000000	0.0000222	0.3272642	0.1396490	0.0000000	0.0000000
7000.6209600	7000.0338101	6999.8782813	-3.4000467	-5.0000000	0.0001002	0.3244725	0.1345580	0.0000000	0.0000000
7000.6209600	7000.0338101	6999.8782813	-3.5998532	-5.0000000	0.0005907	0.3201068	0.1317776	0.0000000	0.0000000
7000.6209600	7000.0338101	6999.8782813	-3.7999933	-5.0000000	0.0155909	0.3249161	0.1429902	0.0000000	0.0000000
7000.6209600	7000.0338101	6999.8782813	-4.0001334	-5.0000000	0.0358643	0.3250837	0.1364227	0.0000000	0.0000000
7000.6209600	7000.0338101	6999.8782813	-4.1999400	-5.0000000	0.0612980	0.3251202	0.1298585	0.0000000	0.0000000
7000.6209600	7000.0338101	6999.8782813	-4.4000801	-5.0000000	0.1190668	0.3275826	0.1419637	0.0000000	0.0000000
7000.6209600	7000.0338101	6999.8782813	-4.5998866	-5.0000000	0.1743337	0.3177782	0.1350812	0.0000000	0.0000000
7000.6209600	7000.0338101	6999.8782813	-4.8000267	-5.0000000	0.2677284	0.3195115	0.1469767	0.0000000	0.0000000
7000.6209600	7000.0338101	6999.8782813	-4.9998332	-5.0000000	0.2693687	0.3200233	0.1331403	0.0000000	0.0000000
7000.6209600	7000.0338101	6999.8782813	-5.1999733	-5.0000000	0.2602430	0.3250325	0.1374685	0.0000000	0.0000000
7000.6209600	7000.0338101	6999.8782813	-5.4001134	-5.0000000	0.2158861	0.3231334	0.1329044	0.0000000	0.0000000
7000.6209600	7000.0338101	6999.8782813	-5.5999199	-5.0000000	0.1431176	0.3228494	0.1315001	0.0000000	0.0000000
7000.6209600	7000.0338101	6999.8782813	-5.8000600	-5.0000000	0.1102788	0.3238026	0.1459742	0.0000000	0.0000000
7000.6209600	7000.0338101	6999.8782813	-5.9998666	-5.0000000	0.0613070	0.3230149	0.1393533	0.0000000	0.0000000
7000.6209600	7000.0338101	6999.8782813	-6.2000067	-5.0000000	0.0301556	0.3262565	0.1364865	0.0000000	0.0000000
7000.6209600	7000.0338101	6999.8782813	-6.4001468	-5.0000000	0.0081226	0.3212336	0.1368419	0.0000000	0.0000000
7000.6209600	7000.0338101	6999.8782813	-6.5999533	-5.0000000	0.0006968	0.3247755	0.1374817	0.0000000	0.0000000
7000.6209600	7000.0338101	6999.8782813	-6.8000934	-5.0000000	0.0000313	0.3230826	0.1284913	0.0000000	0.0000000
7000.6209600	7000.0338101	6999.8782813	-6.9998999	-5.0000000	0.0000095	0.3205795	0.1311960	0.0000000	0.0000000
7000.6209600	7000.0338101	6999.8782813	-7.2000400	-5.0000000	0.0000087	0.3238693	0.1456814	0.0000000	0.0000000
7000.6209600	7000.0338101	6999.8782813	-7.3998466	-5.0000000	0.0000066	0.3224373	0.1393263	0.0000000	0.0000000
7000.6209600	7000.0338101	6999.8782813	-7.5999867	-5.0000000	0.0000079	0.3197590	0.1398634	0.0000000	0.0000000
7000.6209600	7000.0338101	6999.8782813	-7.8001268	-5.0000000	0.0000035	0.3234110	0.1432882	0.0000000	0.0000000
7000.6209600	7000.0338101	6999.8782813	-7.9999333	-5.0000000	0.0000087	0.3242157	0.1391710	0.0000000	0.0000000
7000.6209600	7000.0338101	6999.8782813	-8.2000734	-5.0000000	0.0000114	0.3242705	0.1395613	0.0000000	0.0000000
7000.6209600	7000.0338101	6999.8782813	-8.3998799	-5.0000000	0.0000122	0.3242563	0.1397695	0.0000000	0.0000000
7000.6209600	7000.0338101	6999.8782813	-8.6000200	-5.0000000	0.0000154	0.3257006	0.1417677	0.0000000	0.0000000
7000.6209600	7000.0338101	6999.8782813	-8.8001601	-5.0000000	0.0000103	0.3227866	0.1338098	0.0000000	0.0000000
7000.6209600	7000.0338101	6999.8782813	-8.9999666	-5.0000000	0.0000115	0.3234611	0.1308088	0.0000000	0.0000000
7000.6209600	7000.0338101	6999.8782813	-9.2001067	-5.0000000	0.0000074	0.3243210	0.1353007	0.0000000	0.0000000
7000.6209600	7000.0338101	6999.8782813	-9.3999133	-5.0000000	0.0000066	0.3227911	0.1393080	0.0000000	0.0000000
7000.6209600	7000.0338101	6999.8782813	-9.6000534	-5.0000000	0.0000131	0.3226692	0.1429821	0.0000000	0.0000000
7000.6209600	7000.0338101	6999.8782813	-9.7998599	-5.0000000	0.0000081	0.3241355	0.1379573	0.0000000	0.0000000
7000.6209600	7000.0338101	6999.8782813	-10.0000000	-5.0000000	0.0000070	0.3244534	0.1364287	0.0000000	0.0000000
