7000.6209600	7000.0338101	6999.8782813	3.0001001	-5.4001134	0.0000083	0.3199846	0.1285138	0.0000000	-5.4000000
7000.6209600	7000.0338101	6999.8782813	2.7999600	-5.4000000	0.0000087	0.3221616	0.1384163	0.0000000	0.0000000
7000.6209600	7000.0338101	6999.8782813	2.6001534	-5.4000000	0.0000085	0.3212002	0.1389547	0.0000000	0.0000000
7000.6209600	7000.0338101	6999.8782813	2.4000133	-5.4000000	0.0000085	0.3232781	0.1349783	0.0000000	0.0000000
7000.6209600	7000.0338101	6999.8782813	2.1998732	-5.4000000	0.0000122	0.3219844	0.1419652	0.0000000	0.0000000
7000.6209600	7000.0338101	6999.8782813	2.0000667	-5.4000000	0.0000101	0.3242761	0.1386552	0.0000000	0.0000000
7000.6209600	7000.0338101	6999.8782813	1.7999266	-5.4000000	0.0000137	0.3272107	0.1323020	0.0000000	0.0000000
7000.6209600	7000.0338101	6999.8782813	1.6001201	-5.4000000	0.0000129	0.3217101	0.1363962	0.0000000	0.0000000
7000.6209600	7000.0338101	6999.8782813	1.3999800	-5.4000000	0.0000068	0.3223900	0.1389962	0.0000000	0.0000000
7000.6209600	7000.0338101	6999.8782813	1.1998399	-5.4000000	0.0000179	0.3237762	0.1407987	0.0000000	0.0000000
7000.6209600	7000.0338101	6999.8782813	1.0000334	-5.4000000	0.0000204	0.3223630	0.1469875	0.0000000	0.0000000
7000.6209600	7000.0338101	6999.8782813	0.7998933	-5.4000000	0.0000143	0.3257877	0.1432834	0.0000000	0.0000000
7000.6209600	7000.0338101	6999.8782813	0.6000867	-5.4000000	0.0000072	0.3229666	0.1397678	0.0000000	0.0000000
7000.6209600	7000.0338101	6999.8782813	0.3999466	-5.4000000	0.0000120	0.3191401	0.1379124	0.0000000	0.0000000
7000.6209600	7000.0338101	6999.8782813	0.2001401	-5.4000000	0.0000105	0.3199397	0.1392510	0.0000000	0.0000000
7000.6209600	7000.0338101	6999.8782813	0.0000000	-5.4000000	0.0000132	0.3165024	0.1338158	0.0000000	0.0000000
7000.6209600	7000.0338101	6999.8782813	-0.2001401	-5.4000000	0.0000065	0.3209419	0.1350964	0.0000000	0.0000000
7000.6209600	7000.0338101	6999.8782813	-0.3999466	-5.4000000	0.0000112	0.3189257	0.1448857	0.0000000	0.0000000
7000.6209600	7000.0338101	6999.8782813	-0.6000867	-5.4000000	0.0000105	0.3177340	0.1281022	0.0000000	0.0000000
7000.6209600	7000.0338101	6999.8782813	-0.7998933	-5.4000000	0.0000062	0.3228783	0.1425264	0.0000000	0.0000000
7000.6209600	7000.0338101	6999.8782813	-1.0000334	-5.4000000	0.0000081	0.3211964	0.1429961	0.0000000	0.0000000
7000.6209600	7000.0338101	6999.8782813	-1.1998399	-5.4000000	0.0000144	0.3213427	0.1437070	0.0000000	0.0000000
7000.6209600	7000.0338101	6999.8782813	-1.3999800	-5.4000000	0.0000131	0.3224469	0.1416359	0.0000000	0.0000000
7000.6209600	7000.0338101	6999.8782813	-1.6001201	-5.4000000	0.0000070	0.3222010	0.1387166	0.0000000	0.0000000
7000.6209600	7000.0338101	6999.8782813	-1.7999266	-5.4000000	0.0000073	0.3208965	0.1358694	0.0000000	0.0000000
7000.6209600	7000.0338101	6999.8782813	-2.0000667	-5.4000000	0.0000138	0.3211497	0.1360533	0.0000000	0.0000000
7000.6209600	7000.0338101	6999.8782813	-2.1998732	-5.4000000	0.0000145	0.3223405	0.1386360	0.0000000	0.0000000
7000.6209600	7000.0338101	6999.8782813	-2.4000133	-5.4000000	0.0000098	0.3182858	0.1279452	0.0000000	0.0000000
7000.6209600	7000.0338101	6999.8782813	-2.6001534	-5.4000000	0.0000151	0.3211072	0.1363103	0.0000000	0.0000000
7000.6209600	7000.0338101	6999.8782813	-2.7999600	-5.4000000	0.0000076	0.3201329	0.1432421	0.0000000	0.0000000
7000.6209600	7000.0338101	6999.8782813	-3.0001001	-5.4000000	0.0000150	0.3211327	0.1328115	0.0000000	0.0000000
7000.6209600	7000.0338101	6999.8782813	-3.1999066	-5.4000000	0.0000110	0.3224884	0.1409878	0.0000000	0.0000000
7000.6209600	7000.0338101	6999.8782813	-3.4000467	-5.4000000	0.0000131	0.3231235	0.1397026	0.0000000	0.0000000
7000.6209600	7000.0338101	6999.8782813	-3.5998532	-5.4000000	0.0000179	0.3220702	0.1459854	0.0000000	0.0000000
7000.6209600	7000.0338101	6999.8782813	-3.7999933	-5.4000000	0.0000657	0.3207233	0.1381654	0.0000000	0.0000000
7000.6209600	7000.0338101	6999.8782813	-4.0001334	-5.4000000	0.0011362	0.3200331	0.1393547	0.0000000	0.0000000
7000.6209600	7000.0338101	6999.8782813	-4.1999400	-5.4000000	0.0117240	0.3182922	0.1386643	0.0000000	0.0000000
7000.6209600	7000.0338101	6999.8782813	-4.4000801	-5.4000000	0.0387722	0.3226892	0.1429995	0.0000000	0.0000000
7000.6209600	7000.0338101	6999.8782813	-4.5998866	-5.4000000	0.0888567	0.3215881	0.1466500	0.0000000	0.0000000
7000.6209600	7000.0338101	6999.8782813	-4.8000267	-5.4000000	0.1154557	0.3227649	0.1373964	0.0000000	0.0000000
7000.6209600	7000.0338101	6999.8782813	-4.9998332	-5.4000000	0.1520128	0.3178552	0.1317046	0.0000000	0.0000000
7000.6209600	7000.0338101	6999.8782813	-5.1999733	-5.4000000	0.1925300	0.3228948	0.1361198	0.0000000	0.0000000
7000.6209600	7000.0338101	6999.8782813	-5.4001134	-5.4000000	0.2323827	0.3225524	0.1424042	0.0000000	0.0000000
7000.6209600	7000.0338101	6999.8782813	-5.5999199	-5.4000000	0.1832458	0.3236317	0.1366440	0.0000000	0.0000000
7000.6209600	7000.0338101	6999.8782813	-5.8000600	-5.4000000	0.1521899	0.3213334	0.1326061	0.0000000	0.0000000
7000.6209600	7000.0338101	6999.8782813	-5.9998666	-5.4000000	0.1242388	0.3240110	0.1388993	0.0000000	0.0000000
7000.6209600	7000.0338101	6999.8782813	-6.2000067	-5.4000000	0.0848940	0.3200127	0.1341676	0.0000000	0.0000000
7000.6209600	7000.0338101	6999.8782813	-6.4001468	-5.4000000	0.0620703	0.3215740	0.1456527	0.0000000	0.0000000
7000.6209600	7000.0338101	6999.8782813	-6.5999533	-5.4000000	0.0288633	0.3216418	0.1423694	0.0000000	0.0000000
7000.6209600	7000.0338101	6999.8782813	-6.8000934	-5.4000000	0.0091373	0.3188220	0.1445465	0.0000000	0.0000000
7000.6209600	7000.0338101	6999.8782813	-6.9998999	-5.4000000	0.0003301	0.3179121	0.1481818	0.0000000	0.0000000
7000.6209600	7000.0338101	6999.8782813	-7.2000400	-5.4000000	0.0000278	0.3185215	0.1462191	0.0000000	0.0000000
7000.6209600	7000.0338101	6999.8782813	-7.3998466	-5.4000000	0.0000128	0.3169264	0.1433284	0.0000000	0.0000000
7000.6209600	7000.0338101	6999.8782813	-7.5999867	-5.4000000	0.0000127	0.3146139	0.1460986	0.0000000	0.0000000
7000.6209600	7000.0338101	6999.8782813	-7.8001268	-5.4000000	0.0000066	0.3183639	0.1414167	0.0000000	0.0000000
7000.6209600	7000.0338101	6999.8782813	-7.9999333	-5.4000000	0.0000193	0.3218234	0.1416908	0.0000000	0.0000000
7000.6209600	7000.0338101	6999.8782813	-8.2000734	-5.4000000	0.0000084	0.3170459	0.1416820	0.0000000	0.0000000
7000.6209600	7000.0338101	6999.8782813	-8.3998799	-5.4000000	0.0000063	0.3212391	0.1395352	0.0000000	0.0000000
7000.6209600	7000.0338101	6999.8782813	-8.6000200	-5.4000000	0.0000109	0.3173787	0.1452429	0.0000000	0.0000000
7000.6209600	7000.0338101	6999.8782813	-8.8001601	-5.4000000	0.0000114	0.3146506	0.1337743	0.0000000	0.0000000
7000.6209600	7000.0338101	6999.8782813	-8.9999666	-5.4000000	0.0000098	0.3182345	0.1417312	0.0000000	0.0000000
7000.6209600	7000.0338101	6999.8782813	-9.2001067	-5.4000000	0.0000081	0.3216915	0.1451383	0.0000000	0.0000000
7000.6209600	7000.0338101	6999.8782813	-9.3999133	-5.4000000	0.0000106	0.3227809	0.1400068	0.0000000	0.0000000
7000.6209600	7000.0338101	6999.8782813	-9.6000534	-5.4000000	0.0000060	0.3184249	0.1335201	0.0000000	0.0000000
7000.6209600	7000.0338101	6999.8782813	-9.7998599	-5.4000000	0.0000099	0.3183922	0.1337814	0.0000000	0.0000000
7000.6209600	7000.0338101	6999.8782813	-10.0000000	-5.4000000	0.0000101	0.3212227	0.1387513	0.0000000	0.0000000
