7000.6209600	7000.0338101	6999.8782813	3.0001001	-9.7998599	0.0000072	0.3082732	0.1448201	0.0000000	-9.8000000
7000.6209600	7000.0338101	6999.8782813	2.7999600	-9.8000000	0.0000092	0.3111014	0.1424615	0.0000000	0.0000000
7000.6209600	7000.0338101	6999.8782813	2.6001534	-9.8000000	0.0000044	0.3107170	0.1397152	0.0000000	0.0000000
7000.6209600	7000.0338101	6999.8782813	2.4000133	-9.8000000	0.0000034	0.3112234	0.1372489	0.0000000	0.0000000
7000.6209600	7000.0338101	6999.8782813	2.1998732	-9.8000000	0.0000059	0.3104821	0.1406603	0.0000000	0.0000000
7000.6209600	7000.0338101	6999.8782813	2.0000667	-9.8000000	0.0000067	0.3102205	0.1334053	0.0000000	0.0000000
7000.6209600	7000.0338101	6999.8782813	1.7999266	-9.8000000	0.0000042	0.3112611	0.1381991	0.0000000	0.0000000
7000.6209600	7000.0338101	6999.8782813	1.6001201	-9.8000000	0.0000111	0.3108892	0.1376144	0.0000000	0.0000000
7000.6209600	7000.0338101	6999.8782813	1.3999800	-9.8000000	0.0000044	0.3105547	0.1386283	0.0000000	0.0000000
7000.6209600	7000.0338101	6999.8782813	1.1998399	-9.8000000	0.0000040	0.3084384	0.1380219	0.0000000	0.0000000
7000.6209600	7000.0338101	6999.8782813	1.0000334	-9.8000000	0.0000054	0.3086521	0.1365089	0.0000000	0.0000000
7000.6209600	7000.0338101	6999.8782813	0.7998933	-9.8000000	0.0000059	0.3108606	0.1407057	0.0000000	0.0000000
7000.6209600	7000.0338101	6999.8782813	0.6000867	-9.8000000	0.0000111	0.3129111	0.1452045	0.0000000	0.0000000
7000.6209600	7000.0338101	6999.8782813	0.3999466	-9.8000000	0.0000051	0.3063571	0.1432035	0.0000000	0.0000000
7000.6209600	7000.0338101	6999.8782813	0.2001401	-9.8000000	0.0000045	0.3096909	0.1447855	0.0000000	0.0000000
7000.6209600	7000.0338101	6999.8782813	0.0000000	-9.8000000	0.0000050	0.3040135	0.1432402	0.0000000	0.0000000
7000.6209600	7000.0338101	6999.8782813	-0.2001401	-9.8000000	0.0000061	0.3123102	0.1344218	0.0000000	0.0000000
7000.6209600	7000.0338101	6999.8782813	-0.3999466	-9.8000000	0.0000063	0.3124487	0.1384352	0.0000000	0.0000000
7000.6209600	7000.0338101	6999.8782813	-0.6000867	-9.8000000	0.0000065	0.3128683	0.1372795	0.0000000	0.0000000
7000.6209600	7000.0338101	6999.8782813	-0.7998933	-9.8000000	0.0000045	0.3110725	0.1394009	0.0000000	0.0000000
7000.6209600	7000.0338101	6999.8782813	-1.0000334	-9.8000000	0.0000045	0.3157102	0.1294968	0.0000000	0.0000000
7000.6209600	7000.0338101	6999.8782813	-1.1998399	-9.8000000	0.0000007	0.3145754	0.1323499	0.0000000	0.0000000
7000.6209600	7000.0338101	6999.8782813	-1.3999800	-9.8000000	0.0000062	0.3130055	0.1377178	0.0000000	0.0000000
7000.6209600	7000.0338101	6999.8782813	-1.6001201	-9.8000000	0.0000045	0.3120702	0.1379796	0.0000000	0.0000000
7000.6209600	7000.0338101	6999.8782813	-1.7999266	-9.8000000	0.0000052	0.3119573	0.1408680	0.0000000	0.0000000
7000.6209600	7000.0338101	6999.8782813	-2.0000667	-9.8000000	0.0000081	0.3136503	0.1294620	0.0000000	0.0000000
7000.6209600	7000.0338101	6999.8782813	-2.1998732	-9.8000000	0.0000034	0.3142191	0.1364390	0.0000000	0.0000000
7000.6209600	7000.0338101	6999.8782813	-2.4000133	-9.8000000	0.0000035	0.3102711	0.1329548	0.0000000	0.0000000
7000.6209600	7000.0338101	6999.8782813	-2.6001534	-9.8000000	0.0000048	0.3135649	0.1402124	0.0000000	0.0000000
7000.6209600	7000.0338101	6999.8782813	-2.7999600	-9.8000000	0.0000061	0.3134036	0.1389614	0.0000000	0.0000000
7000.6209600	7000.0338101	6999.8782813	-3.0001001	-9.8000000	0.0000062	0.3130449	0.1413512	0.0000000	0.0000000
7000.6209600	7000.0338101	6999.8782813	-3.1999066	-9.8000000	0.0000082	0.3123578	0.1389935	0.0000000	0.0000000
7000.6209600	7000.0338101	6999.8782813	-3.4000467	-9.8000000	0.0000066	0.3132206	0.1360034	0.0000000	0.0000000
7000.6209600	7000.0338101	6999.8782813	-3.5998532	-9.8000000	0.0000081	0.3112484	0.1356770	0.0000000	0.0000000
7000.6209600	7000.0338101	6999.8782813	-3.7999933	-9.8000000	0.0000078	0.3122601	0.1371786	0.0000000	0.0000000
7000.6209600	7000.0338101	6999.8782813	-4.0001334	-9.8000000	0.0000071	0.3118180	0.1407438	0.0000000	0.0000000
7000.6209600	7000.0338101	6999.8782813	-4.1999400	-9.8000000	0.0000115	0.3135791	0.1314740	0.0000000	0.0000000
7000.6209600	7000.0338101	6999.8782813	-4.4000801	-9.8000000	0.0000057	0.3125078	0.1372297	0.0000000	0.0000000
7000.6209600	7000.0338101	6999.8782813	-4.5998866	-9.8000000	0.0000081	0.3100753	0.1389427	0.0000000	0.0000000
7000.6209600	7000.0338101	6999.8782813	-4.8000267	-9.8000000	0.0000052	0.3122029	0.1351543	0.0000000	0.0000000
7000.6209600	7000.0338101	6999.8782813	-4.9998332	-9.8000000	0.0000033	0.3136096	0.1393771	0.0000000	0.0000000
7000.6209600	7000.0338101	6999.8782813	-5.1999733	-9.8000000	0.0000068	0.3097307	0.1423794	0.0000000	0.0000000
7000.6209600	7000.0338101	6999.8782813	-5.4001134	-9.8000000	0.0000057	0.3124061	0.1368975	0.0000000	0.0000000
7000.6209600	7000.0338101	6999.8782813	-5.5999199	-9.8000000	0.0000027	0.3124026	0.1394761	0.0000000	0.0000000
7000.6209600	7000.0338101	6999.8782813	-5.8000600	-9.8000000	0.0000121	0.3130338	0.1407609	0.0000000	0.0000000
7000.6209600	7000.0338101	6999.8782813	-5.9998666	-9.8000000	0.0000060	0.3164365	0.1363982	0.0000000	0.0000000
7000.6209600	7000.0338101	6999.8782813	-6.2000067	-9.8000000	0.0000043	0.3146794	0.1349327	0.0000000	0.0000000
7000.6209600	7000.0338101	6999.8782813	-6.4001468	-9.8000000	0.0000020	0.3148705	0.1382386	0.0000000	0.0000000
7000.6209600	7000.0338101	6999.8782813	-6.5999533	-9.8000000	0.0000042	0.3135647	0.1353464	0.0000000	0.0000000
7000.6209600	7000.0338101	6999.8782813	-6.8000934	-9.8000000	0.0000046	0.3132548	0.1396732	0.0000000	0.0000000
7000.6209600	7000.0338101	6999.8782813	-6.9998999	-9.8000000	0.0000057	0.3093572	0.1401735	0.0000000	0.0000000
7000.6209600	7000.0338101	6999.8782813	-7.2000400	-9.8000000	0.0000054	0.3122781	0.1360177	0.0000000	0.0000000
7000.6209600	7000.0338101	6999.8782813	-7.3998466	-9.8000000	0.0000026	0.3127185	0.1380345	0.0000000	0.0000000
7000.6209600	7000.0338101	6999.8782813	-7.5999867	-9.8000000	0.0000010	0.3123776	0.1322959	0.0000000	0.0000000
7000.6209600	7000.0338101	6999.8782813	-7.8001268	-9.8000000	0.0000045	0.3113331	0.1288748	0.0000000	0.0000000
7000.6209600	7000.0338101	6999.8782813	-7.9999333	-9.8000000	0.0000020	0.3155822	0.1351721	0.0000000	0.0000000
7000.6209600	7000.0338101	6999.8782813	-8.2000734	-9.8000000	0.0000143	0.3142885	0.1339918	0.0000000	0.0000000
7000.6209600	7000.0338101	6999.8782813	-8.3998799	-9.8000000	0.0000703	0.3118516	0.1337072	0.0000000	0.0000000
7000.6209600	7000.0338101	6999.8782813	-8.6000200	-9.8000000	0.0041581	0.3154086	0.1377660	0.0000000	0.0000000
7000.6209600	7000.0338101	6999.8782813	-8.8001601	-9.8000000	0.0184121	0.3102015	0.1411422	0.0000000	0.0000000
7000.6209600	7000.0338101	6999.8782813	-8.9999666	-9.8000000	0.0363820	0.3125803	0.1357388	0.0000000	0.0000000
7000.6209600	7000.0338101	6999.8782813	-9.2001067	-9.8000000	0.0574718	0.3131575	0.1359028	0.0000000	0.0000000
7000.6209600	7000.0338101	6999.8782813	-9.3999133	-9.8000000	0.0787594	0.3142574	0.1323145	0.0000000	0.0000000
7000.6209600	7000.0338101	6999.8782813	-9.6000534	-9.8000000	0.1464033	0.3121475	0.1403417	0.0000000	0.0000000
7000.6209600	7000.0338101	6999.8782813	-9.7998599	-9.8000000	0.1565753	0.3138823	0.1402147	0.0000000	0.0000000
7000.6209600	7000.0338101	6999.8782813	-10.0000000	-9.8000000	0.1516210	0.3140054	0.1377749	0.0000000	0.0000000
