7000.6209600	7000.0338101	6999.8782813	3.0001001	-1.1998399	0.0002380	0.3284949	0.1243917	0.0000000	-1.2000000
7000.6209600	7000.0338101	6999.8782813	2.7999600	-1.2000000	0.0008014	0.3310966	0.1308691	0.0000000	0.0000000
7000.6209600	7000.0338101	6999.8782813	2.6001534	-1.2000000	0.0013199	0.3326779	0.1359690	0.0000000	0.0000000
7000.6209600	7000.0338101	6999.8782813	2.4000133	-1.2000000	0.0007062	0.3321780	0.1261550	0.0000000	0.0000000
7000.6209600	7000.0338101	6999.8782813	2.1998732	-1.2000000	0.0004102	0.3306956	0.1254133	0.0000000	0.0000000
7000.6209600	7000.0338101	6999.8782813	2.0000667	-1.2000000	0.0011768	0.3333868	0.1361405	0.0000000	0.0000000
7000.6209600	7000.0338101	6999.8782813	1.7999266	-1.2000000	0.0006390	0.3312524	0.1274930	0.0000000	0.0000000
7000.6209600	7000.0338101	6999.8782813	1.6001201	-1.2000000	0.0008468	0.3322026	0.1277794	0.0000000	0.0000000
7000.6209600	7000.0338101	6999.8782813	1.3999800	-1.2000000	0.0018915	0.3339282	0.1383745	0.0000000	0.0000000
7000.6209600	7000.0338101	6999.8782813	1.1998399	-1.2000000	0.0017006	0.3338092	0.1349264	0.0000000	0.0000000
7000.6209600	7000.0338101	6999.8782813	1.0000334	-1.2000000	0.0012816	0.3353549	0.1289073	0.0000000	0.0000000
7000.6209600	7000.0338101	6999.8782813	0.7998933	-1.2000000	0.0012842	0.3309634	0.1263757	0.0000000	0.0000000
7000.6209600	7000.0338101	6999.8782813	0.6000867	-1.2000000	0.0030498	0.3290248	0.1308820	0.0000000	0.0000000
7000.6209600	7000.0338101	6999.8782813	0.3999466	-1.2000000	0.0085856	0.3287640	0.1315441	0.0000000	0.0000000
7000.6209600	7000.0338101	6999.8782813	0.2001401	-1.2000000	0.0197009	0.3305015	0.1262570	0.0000000	0.0000000
7000.6209600	7000.0338101	6999.8782813	0.0000000	-1.2000000	0.0585094	0.3307227	0.1314613	0.0000000	0.0000000
7000.6209600	7000.0338101	6999.8782813	-0.2001401	-1.2000000	0.1026617	0.3311700	0.1316816	0.0000000	0.0000000
7000.6209600	7000.0338101	6999.8782813	-0.3999466	-1.2000000	0.1354161	0.3358057	0.1340065	0.0000000	0.0000000
7000.6209600	7000.0338101	6999.8782813	-0.6000867	-1.2000000	0.1839471	0.3296598	0.1266355	0.0000000	0.0000000
7000.6209600	7000.0338101	6999.8782813	-0.7998933	-1.2000000	0.2706560	0.3323201	0.1366509	0.0000000	0.0000000
7000.6209600	7000.0338101	6999.8782813	-1.0000334	-1.2000000	0.3104056	0.3316727	0.1315419	0.0000000	0.0000000
7000.6209600	7000.0338101	6999.8782813	-1.1998399	-1.2000000	0.3357915	0.3327588	0.1312228	0.0000000	0.0000000
7000.6209600	7000.0338101	6999.8782813	-1.3999800	-1.2000000	0.3761458	0.3298263	0.1290770	0.0000000	0.0000000
7000.6209600	7000.0338101	6999.8782813	-1.6001201	-1.2000000	0.2982832	0.3285253	0.1280544	0.0000000	0.0000000
7000.6209600	7000.0338101	6999.8782813	-1.7999266	-1.2000000	0.2122744	0.3320571	0.1281825	0.0000000	0.0000000
7000.6209600	7000.0338101	6999.8782813	-2.0000667	-1.2000000	0.1568524	0.3295632	0.1412448	0.0000000	0.0000000
7000.6209600	7000.0338101	6999.8782813	-2.1998732	-1.2000000	0.0845337	0.3301122	0.1284371	0.0000000	0.0000000
7000.6209600	7000.0338101	6999.8782813	-2.4000133	-1.2000000	0.0434794	0.3297112	0.1244989	0.0000000	0.0000000
7000.6209600	7000.0338101	6999.8782813	-2.6001534	-1.2000000	0.0171273	0.3307749	0.1276804	0.0000000	0.0000000
7000.6209600	7000.0338101	6999.8782813	-2.7999600	-1.2000000	0.0017188	0.3304442	0.1311754	0.0000000	0.0000000
7000.6209600	7000.0338101	6999.8782813	-3.0001001	-1.2000000	0.0000586	0.3281201	0.1281438	0.0000000	0.0000000
7000.6209600	7000.0338101	6999.8782813	-3.1999066	-1.2000000	0.0000195	0.3282701	0.1262450	0.0000000	0.0000000
7000.6209600	7000.0338101	6999.8782813	-3.4000467	-1.2000000	0.0000179	0.3295746	0.1313859	0.0000000	0.0000000
7000.6209600	7000.0338101	6999.8782813	-3.5998532	-1.2000000	0.0000138	0.3299431	0.1257173	0.0000000	0.0000000
7000.6209600	7000.0338101	6999.8782813	-3.7999933	-1.2000000	0.0000168	0.3279562	0.1283446	0.0000000	0.0000000
7000.6209600	7000.0338101	6999.8782813	-4.0001334	-1.2000000	0.0000179	0.3300260	0.1269194	0.0000000	0.0000000
7000.6209600	7000.0338101	6999.8782813	-4.1999400	-1.2000000	0.0000138	0.3302903	0.1304930	0.0000000	0.0000000
7000.6209600	7000.0338101	6999.8782813	-4.4000801	-1.2000000	0.0000145	0.3316675	0.1296417	0.0000000	0.0000000
7000.6209600	7000.0338101	6999.8782813	-4.5998866	-1.2000000	0.0000105	0.3272609	0.1299825	0.0000000	0.0000000
7000.6209600	7000.0338101	6999.8782813	-4.8000267	-1.2000000	0.0000098	0.3273690	0.1302307	0.0000000	0.0000000
7000.6209600	7000.0338101	6999.8782813	-4.9998332	-1.2000000	0.0000156	0.3312621	0.1331416	0.0000000	0.0000000
7000.6209600	7000.0338101	6999.8782813	-5.1999733	-1.2000000	0.0000115	0.3288964	0.1306589	0.0000000	0.0000000
7000.6209600	7000.0338101	6999.8782813	-5.4001134	-1.2000000	0.0000127	0.3318318	0.1327379	0.0000000	0.0000000
7000.6209600	7000.0338101	6999.8782813	-5.5999199	-1.2000000	0.0000123	0.3254525	0.1281818	0.0000000	0.0000000
7000.6209600	7000.0338101	6999.8782813	-5.8000600	-1.2000000	0.0000138	0.3301085	0.1311384	0.0000000	0.0000000
7000.6209600	7000.0338101	6999.8782813	-5.9998666	-1.2000000	0.0000178	0.3303322	0.1287742	0.0000000	0.0000000
7000.6209600	7000.0338101	6999.8782813	-6.2000067	-1.2000000	0.0000148	0.3278046	0.1332672	0.0000000	0.0000000
7000.6209600	7000.0338101	6999.8782813	-6.4001468	-1.2000000	0.0000156	0.3259526	0.1291115	0.0000000	0.0000000
7000.6209600	7000.0338101	6999.8782813	-6.5999533	-1.2000000	0.0000190	0.3281995	0.1442218	0.0000000	0.0000000
7000.6209600	7000.0338101	6999.8782813	-6.8000934	-1.2000000	0.0000183	0.3283344	0.1364572	0.0000000	0.0000000
7000.6209600	7000.0338101	6999.8782813	-6.9998999	-1.2000000	0.0000114	0.3284591	0.1305178	0.0000000	0.0000000
7000.6209600	7000.0338101	6999.8782813	-7.2000400	-1.2000000	0.0000094	0.3269928	0.1265833	0.0000000	0.0000000
7000.6209600	7000.0338101	6999.8782813	-7.3998466	-1.2000000	0.0000104	0.3295085	0.1340228	0.0000000	0.0000000
7000.6209600	7000.0338101	6999.8782813	-7.5999867	-1.2000000	0.0000164	0.3292867	0.1320746	0.0000000	0.0000000
7000.6209600	7000.0338101	6999.8782813	-7.8001268	-1.2000000	0.0000167	0.3275544	0.1263187	0.0000000	0.0000000
7000.6209600	7000.0338101	6999.8782813	-7.9999333	-1.2000000	0.0000148	0.3306449	0.1326382	0.0000000	0.0000000
7000.6209600	7000.0338101	6999.8782813	-8.2000734	-1.2000000	0.0000164	0.3282621	0.1300620	0.0000000	0.0000000
7000.6209600	7000.0338101	6999.8782813	-8.3998799	-1.2000000	0.0000149	0.3269308	0.1352096	0.0000000	0.0000000
7000.6209600	7000.0338101	6999.8782813	-8.6000200	-1.2000000	0.0000140	0.3298597	0.1260011	0.0000000	0.0000000
7000.6209600	7000.0338101	6999.8782813	-8.8001601	-1.2000000	0.0000076	0.3258851	0.1339043	0.0000000	0.0000000
7000.6209600	7000.0338101	6999.8782813	-8.9999666	-1.2000000	0.0000151	0.3277306	0.1306007	0.0000000	0.0000000
7000.6209600	7000.0338101	6999.8782813	-9.2001067	-1.2000000	0.0000142	0.3297783	0.1409935	0.0000000	0.0000000
7000.6209600	7000.0338101	6999.8782813	-9.3999133	-1.2000000	0.0000153	0.3283949	0.1303900	0.0000000	0.0000000
7000.6209600	7000.0338101	6999.8782813	-9.6000534	-1.2000000	0.0000126	0.3273591	0.1340491	0.0000000	0.0000000
7000.6209600	7000.0338101	6999.8782813	-9.7998599	-1.2000000	0.0000267	0.3283458	0.1293024	0.0000000	0.0000000
7000.6209600	7000.0338101	6999.8782813	-10.0000000	-1.2000000	0.0000164	0.3267848	0.1319812	0.0000000	0.0000000
