7000.6209600	7000.0338101	6999.8782813	3.0001001	-2.4000133	0.0000194	0.3287017	0.1321824	0.0000000	-2.4000000
7000.6209600	7000.0338101	6999.8782813	2.7999600	-2.4000000	0.0000094	0.3315808	0.1346973	0.0000000	0.0000000
7000.6209600	7000.0338101	6999.8782813	2.6001534	-2.4000000	0.0000133	0.3283208	0.1305144	0.0000000	0.0000000
7000.6209600	7000.0338101	6999.8782813	2.4000133	-2.4000000	0.0000146	0.3313217	0.1305702	0.0000000	0.0000000
7000.6209600	7000.0338101	6999.8782813	2.1998732	-2.4000000	0.0000151	0.3281300	0.1298136	0.0000000	0.0000000
7000.6209600	7000.0338101	6999.8782813	2.0000667	-2.4000000	0.0000127	0.3302579	0.1365715	0.0000000	0.0000000
7000.6209600	7000.0338101	6999.8782813	1.7999266	-2.4000000	0.0000195	0.3311562	0.1331685	0.0000000	0.0000000
7000.6209600	7000.0338101	6999.8782813	1.6001201	-2.4000000	0.0000187	0.3336943	0.1321483	0.0000000	0.0000000
7000.6209600	7000.0338101	6999.8782813	1.3999800	-2.4000000	0.0000216	0.3320686	0.1406180	0.0000000	0.0000000
7000.6209600	7000.0338101	6999.8782813	1.1998399	-2.4000000	0.0000159	0.3297468	0.1308871	0.0000000	0.0000000
7000.6209600	7000.0338101	6999.8782813	1.0000334	-2.4000000	0.0000170	0.3330145	0.1317117	0.0000000	0.0000000
7000.6209600	7000.0338101	6999.8782813	0.7998933	-2.4000000	0.0000081	0.3253376	0.1305928	0.0000000	0.0000000
7000.6209600	7000.0338101	6999.8782813	0.6000867	-2.4000000	0.0000128	0.3331930	0.1333578	0.0000000	0.0000000
7000.6209600	7000.0338101	6999.8782813	0.3999466	-2.4000000	0.0000188	0.3308717	0.1304370	0.0000000	0.0000000
7000.6209600	7000.0338101	6999.8782813	0.2001401	-2.4000000	0.0000143	0.3307241	0.1327393	0.0000000	0.0000000
7000.6209600	7000.0338101	6999.8782813	0.0000000	-2.4000000	0.0000221	0.3331273	0.1357202	0.0000000	0.0000000
7000.6209600	7000.0338101	6999.8782813	-0.2001401	-2.4000000	0.0000181	0.3328065	0.1340829	0.0000000	0.0000000
7000.6209600	7000.0338101	6999.8782813	-0.3999466	-2.4000000	0.0000123	0.3327883	0.1355065	0.0000000	0.0000000
7000.6209600	7000.0338101	6999.8782813	-0.6000867	-2.4000000	0.0000271	0.3296318	0.1287887	0.0000000	0.0000000
7000.6209600	7000.0338101	6999.8782813	-0.7998933	-2.4000000	0.0001216	0.3293226	0.1341595	0.0000000	0.0000000
7000.6209600	7000.0338101	6999.8782813	-1.0000334	-2.4000000	0.0045522	0.3329633	0.1364022	0.0000000	0.0000000
7000.6209600	7000.0338101	6999.8782813	-1.1998399	-2.4000000	0.0218639	0.3284680	0.1290452	0.0000000	0.0000000
7000.6209600	7000.0338101	6999.8782813	-1.3999800	-2.4000000	0.0610442	0.3257731	0.1302194	0.0000000	0.0000000
7000.6209600	7000.0338101	6999.8782813	-1.6001201	-2.4000000	0.1013217	0.3332262	0.1324254	0.0000000	0.0000000
7000.6209600	7000.0338101	6999.8782813	-1.7999266	-2.4000000	0.1588713	0.3293472	0.1339645	0.0000000	0.0000000
7000.6209600	7000.0338101	6999.8782813	-2.0000667	-2.4000000	0.2148038	0.3279441	0.1297686	0.0000000	0.0000000
7000.6209600	7000.0338101	6999.8782813	-2.1998732	-2.4000000	0.2621720	0.3305956	0.1336945	0.0000000	0.0000000
7000.6209600	7000.0338101	6999.8782813	-2.4000133	-2.4000000	0.3217404	0.3290184	0.1331644	0.0000000	0.0000000
7000.6209600	7000.0338101	6999.8782813	-2.6001534	-2.4000000	0.3435798	0.3318517	0.1298188	0.0000000	0.0000000
7000.6209600	7000.0338101	6999.8782813	-2.7999600	-2.4000000	0.2843707	0.3273036	0.1305040	0.0000000	0.0000000
7000.6209600	7000.0338101	6999.8782813	-3.0001001	-2.4000000	0.2260427	0.3308634	0.1454822	0.0000000	0.0000000
7000.6209600	7000.0338101	6999.8782813	-3.1999066	-2.4000000	0.1224034	0.3303003	0.1310201	0.0000000	0.0000000
7000.6209600	7000.0338101	6999.8782813	-3.4000467	-2.4000000	0.0914968	0.3288583	0.1354628	0.0000000	0.0000000
7000.6209600	7000.0338101	6999.8782813	-3.5998532	-2.4000000	0.0448016	0.3287759	0.1360359	0.0000000	0.0000000
7000.6209600	7000.0338101	6999.8782813	-3.7999933	-2.4000000	0.0125457	0.3316125	0.1392015	0.0000000	0.0000000
7000.6209600	7000.0338101	6999.8782813	-4.0001334	-2.4000000	0.0009438	0.3317782	0.1355746	0.0000000	0.0000000
7000.6209600	7000.0338101	6999.8782813	-4.1999400	-2.4000000	0.0000405	0.3292542	0.1321869	0.0000000	0.0000000
7000.6209600	7000.0338101	6999.8782813	-4.4000801	-2.4000000	0.0000139	0.3305729	0.1311631	0.0000000	0.0000000
7000.6209600	7000.0338101	6999.8782813	-4.5998866	-2.4000000	0.0000175	0.3263722	0.1337317	0.0000000	0.0000000
7000.6209600	7000.0338101	6999.8782813	-4.8000267	-2.4000000	0.0000148	0.3250515	0.1330219	0.0000000	0.0000000
7000.6209600	7000.0338101	6999.8782813	-4.9998332	-2.4000000	0.0000151	0.3288406	0.1327992	0.0000000	0.0000000
7000.6209600	7000.0338101	6999.8782813	-5.1999733	-2.4000000	0.0000172	0.3325564	0.1354987	0.0000000	0.0000000
7000.6209600	7000.0338101	6999.8782813	-5.4001134	-2.4000000	0.0000173	0.3308925	0.1333601	0.0000000	0.0000000
7000.6209600	7000.0338101	6999.8782813	-5.5999199	-2.4000000	0.0000199	0.3298326	0.1341414	0.0000000	0.0000000
7000.6209600	7000.0338101	6999.8782813	-5.8000600	-2.4000000	0.0000098	0.3300653	0.1301017	0.0000000	0.0000000
7000.6209600	7000.0338101	6999.8782813	-5.9998666	-2.4000000	0.0000140	0.3290280	0.1325457	0.0000000	0.0000000
7000.6209600	7000.0338101	6999.8782813	-6.2000067	-2.4000000	0.0000144	0.3321958	0.1436890	0.0000000	0.0000000
7000.6209600	7000.0338101	6999.8782813	-6.4001468	-2.4000000	0.0000123	0.3287596	0.1318661	0.0000000	0.0000000
7000.6209600	7000.0338101	6999.8782813	-6.5999533	-2.4000000	0.0000106	0.3330793	0.1358099	0.0000000	0.0000000
7000.6209600	7000.0338101	6999.8782813	-6.8000934	-2.4000000	0.0000126	0.3276318	0.1373495	0.0000000	0.0000000
7000.6209600	7000.0338101	6999.8782813	-6.9998999	-2.4000000	0.0000134	0.3263140	0.1385929	0.0000000	0.0000000
7000.6209600	7000.0338101	6999.8782813	-7.2000400	-2.4000000	0.0000220	0.3263589	0.1322446	0.0000000	0.0000000
7000.6209600	7000.0338101	6999.8782813	-7.3998466	-2.4000000	0.0000085	0.3276915	0.1314689	0.0000000	0.0000000
7000.6209600	7000.0338101	6999.8782813	-7.5999867	-2.4000000	0.0000154	0.3281857	0.1309484	0.0000000	0.0000000
7000.6209600	7000.0338101	6999.8782813	-7.8001268	-2.4000000	0.0000183	0.3293044	0.1282169	0.0000000	0.0000000
7000.6209600	7000.0338101	6999.8782813	-7.9999333	-2.4000000	0.0000103	0.3296594	0.1304674	0.0000000	0.0000000
7000.6209600	7000.0338101	6999.8782813	-8.2000734	-2.4000000	0.0000072	0.3296467	0.1398191	0.0000000	0.0000000
7000.6209600	7000.0338101	6999.8782813	-8.3998799	-2.4000000	0.0000132	0.3321133	0.1292506	0.0000000	0.0000000
7000.6209600	7000.0338101	6999.8782813	-8.6000200	-2.4000000	0.0000165	0.3273440	0.1318250	0.0000000	0.0000000
7000.6209600	7000.0338101	6999.8782813	-8.8001601	-2.4000000	0.0000140	0.3311603	0.1446276	0.0000000	0.0000000
7000.6209600	7000.0338101	6999.8782813	-8.9999666	-2.4000000	0.0000161	0.3300046	0.1334254	0.0000000	0.0000000
7000.6209600	7000.0338101	6999.8782813	-9.2001067	-2.4000000	0.0000182	0.3293623	0.1311527	0.0000000	0.0000000
7000.6209600	7000.0338101	6999.8782813	-9.3999133	-2.4000000	0.0000166	0.3282250	0.1316107	0.0000000	0.0000000
7000.6209600	7000.0338101	6999.8782813	-9.6000534	-2.4000000	0.0000179	0.3278259	0.1299845	0.0000000	0.0000000
7000.6209600	7000.0338101	6999.8782813	-9.7998599	-2.4000000	0.0000179	0.3301375	0.1404957	0.0000000	0.0000000
7000.6209600	7000.0338101	6999.8782813	-10.0000000	-2.4000000	0.0000129	0.3310641	0.1398965	0.0000000	0.0000000
