7000.6209600	7000.0338101	6999.8782813	3.0001001	-3.1999066	0.0000151	0.3315242	0.1295497	0.0000000	-3.2000000
7000.6209600	7000.0338101	6999.8782813	2.7999600	-3.2000000	0.0000070	0.3307902	0.1320509	0.0000000	0.0000000
7000.6209600	7000.0338101	6999.8782813	2.6001534	-3.2000000	0.0000162	0.3312529	0.1343920	0.0000000	0.0000000
7000.6209600	7000.0338101	6999.8782813	2.4000133	-3.2000000	0.0000156	0.3307428	0.1371195	0.0000000	0.0000000
7000.6209600	7000.0338101	6999.8782813	2.1998732	-3.2000000	0.0000155	0.3289291	0.1363220	0.0000000	0.0000000
7000.6209600	7000.0338101	6999.8782813	2.0000667	-3.2000000	0.0000175	0.3287457	0.1419445	0.0000000	0.0000000
7000.6209600	7000.0338101	6999.8782813	1.7999266	-3.2000000	0.0000192	0.3270829	0.1343405	0.0000000	0.0000000
7000.6209600	7000.0338101	6999.8782813	1.6001201	-3.2000000	0.0000168	0.3270275	0.1365530	0.0000000	0.0000000
7000.6209600	7000.0338101	6999.8782813	1.3999800	-3.2000000	0.0000112	0.3269510	0.1279315	0.0000000	0.0000000
7000.6209600	7000.0338101	6999.8782813	1.1998399	-3.2000000	0.0000188	0.3283447	0.1327629	0.0000000	0.0000000
7000.6209600	7000.0338101	6999.8782813	1.0000334	-3.2000000	0.0000243	0.3293298	0.1324351	0.0000000	0.0000000
7000.6209600	7000.0338101	6999.8782813	0.7998933	-3.2000000	0.0000226	0.3254050	0.1380450	0.0000000	0.0000000
7000.6209600	7000.0338101	6999.8782813	0.6000867	-3.2000000	0.0000105	0.3261449	0.1353669	0.0000000	0.0000000
7000.6209600	7000.0338101	6999.8782813	0.3999466	-3.2000000	0.0000160	0.3271404	0.1328419	0.0000000	0.0000000
7000.6209600	7000.0338101	6999.8782813	0.2001401	-3.2000000	0.0000223	0.3257908	0.1348665	0.0000000	0.0000000
7000.6209600	7000.0338101	6999.8782813	0.0000000	-3.2000000	0.0000204	0.3297000	0.1328455	0.0000000	0.0000000
7000.6209600	7000.0338101	6999.8782813	-0.2001401	-3.2000000	0.0000192	0.3261956	0.1336711	0.0000000	0.0000000
7000.6209600	7000.0338101	6999.8782813	-0.3999466	-3.2000000	0.0000134	0.3245559	0.1353296	0.0000000	0.0000000
7000.6209600	7000.0338101	6999.8782813	-0.6000867	-3.2000000	0.0000187	0.3268717	0.1323210	0.0000000	0.0000000
7000.6209600	7000.0338101	6999.8782813	-0.7998933	-3.2000000	0.0000172	0.3255791	0.1324453	0.0000000	0.0000000
7000.6209600	7000.0338101	6999.8782813	-1.0000334	-3.2000000	0.0000125	0.3286913	0.1320020	0.0000000	0.0000000
7000.6209600	7000.0338101	6999.8782813	-1.1998399	-3.2000000	0.0000151	0.3290952	0.1372146	0.0000000	0.0000000
7000.6209600	7000.0338101	6999.8782813	-1.3999800	-3.2000000	0.0000153	0.3299034	0.1301495	0.0000000	0.0000000
7000.6209600	7000.0338101	6999.8782813	-1.6001201	-3.2000000	0.0001497	0.3280605	0.1339858	0.0000000	0.0000000
7000.6209600	7000.0338101	6999.8782813	-1.7999266	-3.2000000	0.0023390	0.3262581	0.1339579	0.0000000	0.0000000
7000.6209600	7000.0338101	6999.8782813	-2.0000667	-3.2000000	0.0165039	0.3298163	0.1335123	0.0000000	0.0000000
7000.6209600	7000.0338101	6999.8782813	-2.1998732	-3.2000000	0.0440930	0.3258378	0.1361381	0.0000000	0.0000000
7000.6209600	7000.0338101	6999.8782813	-2.4000133	-3.2000000	0.0803195	0.3299116	0.1324246	0.0000000	0.0000000
7000.6209600	7000.0338101	6999.8782813	-2.6001534	-3.2000000	0.1326111	0.3275892	0.1350468	0.0000000	0.0000000
7000.6209600	7000.0338101	6999.8782813	-2.7999600	-3.2000000	0.1661318	0.3280656	0.1282789	0.0000000	0.0000000
7000.6209600	7000.0338101	6999.8782813	-3.0001001	-3.2000000	0.2094637	0.3307653	0.1372975	0.0000000	0.0000000
7000.6209600	7000.0338101	6999.8782813	-3.1999066	-3.2000000	0.2608159	0.3273978	0.1354442	0.0000000	0.0000000
7000.6209600	7000.0338101	6999.8782813	-3.4000467	-3.2000000	0.2647137	0.3288036	0.1328966	0.0000000	0.0000000
7000.6209600	7000.0338101	6999.8782813	-3.5998532	-3.2000000	0.2451265	0.3271028	0.1396234	0.0000000	0.0000000
7000.6209600	7000.0338101	6999.8782813	-3.7999933	-3.2000000	0.1673466	0.3266379	0.1311733	0.0000000	0.0000000
7000.6209600	7000.0338101	6999.8782813	-4.0001334	-3.2000000	0.1355928	0.3253033	0.1382566	0.0000000	0.0000000
7000.6209600	7000.0338101	6999.8782813	-4.1999400	-3.2000000	0.0810739	0.3277668	0.1374670	0.0000000	0.0000000
7000.6209600	7000.0338101	6999.8782813	-4.4000801	-3.2000000	0.0331289	0.3268964	0.1334510	0.0000000	0.0000000
7000.6209600	7000.0338101	6999.8782813	-4.5998866	-3.2000000	0.0115210	0.3281553	0.1377871	0.0000000	0.0000000
7000.6209600	7000.0338101	6999.8782813	-4.8000267	-3.2000000	0.0010413	0.3235448	0.1334342	0.0000000	0.0000000
7000.6209600	7000.0338101	6999.8782813	-4.9998332	-3.2000000	0.0000597	0.3251255	0.1396345	0.0000000	0.0000000
7000.6209600	7000.0338101	6999.8782813	-5.1999733	-3.2000000	0.0000167	0.3282627	0.1370667	0.0000000	0.0000000
7000.6209600	7000.0338101	6999.8782813	-5.4001134	-3.2000000	0.0000085	0.3261719	0.1388038	0.0000000	0.0000000
7000.6209600	7000.0338101	6999.8782813	-5.5999199	-3.2000000	0.0000100	0.3278853	0.1325334	0.0000000	0.0000000
7000.6209600	7000.0338101	6999.8782813	-5.8000600	-3.2000000	0.0000073	0.3229196	0.1357271	0.0000000	0.0000000
7000.6209600	7000.0338101	6999.8782813	-5.9998666	-3.2000000	0.0000104	0.3295765	0.1341116	0.0000000	0.0000000
7000.6209600	7000.0338101	6999.8782813	-6.2000067	-3.2000000	0.0000111	0.3254573	0.1307020	0.0000000	0.0000000
7000.6209600	7000.0338101	6999.8782813	-6.4001468	-3.2000000	0.0000126	0.3287936	0.1297881	0.0000000	0.0000000
7000.6209600	7000.0338101	6999.8782813	-6.5999533	-3.2000000	0.0000138	0.3277117	0.1377877	0.0000000	0.0000000
7000.6209600	7000.0338101	6999.8782813	-6.8000934	-3.2000000	0.0000121	0.3275294	0.1390593	0.0000000	0.0000000
7000.6209600	7000.0338101	6999.8782813	-6.9998999	-3.2000000	0.0000112	0.3286768	0.1314150	0.0000000	0.0000000
7000.6209600	7000.0338101	6999.8782813	-7.2000400	-3.2000000	0.0000203	0.3263340	0.1396305	0.0000000	0.0000000
7000.6209600	7000.0338101	6999.8782813	-7.3998466	-3.2000000	0.0000120	0.3275857	0.1363983	0.0000000	0.0000000
7000.6209600	7000.0338101	6999.8782813	-7.5999867	-3.2000000	0.0000140	0.3246912	0.1357155	0.0000000	0.0000000
7000.6209600	7000.0338101	6999.8782813	-7.8001268	-3.2000000	0.0000131	0.3277898	0.1326980	0.0000000	0.0000000
7000.6209600	7000.0338101	6999.8782813	-7.9999333	-3.2000000	0.0000128	0.3250969	0.1395665	0.0000000	0.0000000
7000.6209600	7000.0338101	6999.8782813	-8.2000734	-3.2000000	0.0000123	0.3276602	0.1345345	0.0000000	0.0000000
7000.6209600	7000.0338101	6999.8782813	-8.3998799	-3.2000000	0.0000118	0.3281995	0.1388729	0.0000000	0.0000000
7000.6209600	7000.0338101	6999.8782813	-8.6000200	-3.2000000	0.0000240	0.3285046	0.1310961	0.0000000	0.0000000
7000.6209600	7000.0338101	6999.8782813	-8.8001601	-3.2000000	0.0000195	0.3253995	0.1318073	0.0000000	0.0000000
7000.6209600	7000.0338101	6999.8782813	-8.9999666	-3.2000000	0.0000156	0.3257014	0.1372557	0.0000000	0.0000000
7000.6209600	7000.0338101	6999.8782813	-9.2001067	-3.2000000	0.0000099	0.3236891	0.1394072	0.0000000	0.0000000
7000.6209600	7000.0338101	6999.8782813	-9.3999133	-3.2000000	0.0000140	0.3236320	0.1302162	0.0000000	0.0000000
7000.6209600	7000.0338101	6999.8782813	-9.6000534	-3.2000000	0.0000077	0.3255228	0.1353295	0.0000000	0.0000000
7000.6209600	7000.0338101	6999.8782813	-9.7998599	-3.2000000	0.0000117	0.3263864	0.1346747	0.0000000	0.0000000
7000.6209600	7000.0338101	6999.8782813	-10.0000000	-3.2000000	0.0000133	0.3250281	0.1370316	0.0000000	0.0000000
