7000.6209600	7000.0338101	6999.8782813	3.0001001	-7.9999333	0.0000046	0.3107502	0.1451714	0.0000000	-8.0000000
7000.6209600	7000.0338101	6999.8782813	2.7999600	-8.0000000	0.0000049	0.3137377	0.1440469	0.0000000	0.0000000
7000.6209600	7000.0338101	6999.8782813	2.6001534	-8.0000000	0.0000044	0.3160457	0.1374847	0.0000000	0.0000000
7000.6209600	7000.0338101	6999.8782813	2.4000133	-8.0000000	0.0000045	0.3150801	0.1321184	0.0000000	0.0000000
7000.6209600	7000.0338101	6999.8782813	2.1998732	-8.0000000	0.0000076	0.3128174	0.1269070	0.0000000	0.0000000
7000.6209600	7000.0338101	6999.8782813	2.0000667	-8.0000000	0.0000049	0.3117886	0.1349602	0.0000000	0.0000000
7000.6209600	7000.0338101	6999.8782813	1.7999266	-8.0000000	0.0000056	0.3164801	0.1405625	0.0000000	0.0000000
7000.6209600	7000.0338101	6999.8782813	1.6001201	-8.0000000	0.0000018	0.3176145	0.1329365	0.0000000	0.0000000
7000.6209600	7000.0338101	6999.8782813	1.3999800	-8.0000000	0.0000059	0.3178452	0.1440859	0.0000000	0.0000000
7000.6209600	7000.0338101	6999.8782813	1.1998399	-8.0000000	0.0000065	0.3164562	0.1443458	0.0000000	0.0000000
7000.6209600	7000.0338101	6999.8782813	1.0000334	-8.0000000	0.0000082	0.3136906	0.1408486	0.0000000	0.0000000
7000.6209600	7000.0338101	6999.8782813	0.7998933	-8.0000000	0.0000040	0.3152241	0.1415933	0.0000000	0.0000000
7000.6209600	7000.0338101	6999.8782813	0.6000867	-8.0000000	0.0000122	0.3121764	0.1447939	0.0000000	0.0000000
7000.6209600	7000.0338101	6999.8782813	0.3999466	-8.0000000	0.0000054	0.3122899	0.1326512	0.0000000	0.0000000
7000.6209600	7000.0338101	6999.8782813	0.2001401	-8.0000000	0.0000089	0.3132814	0.1409802	0.0000000	0.0000000
7000.6209600	7000.0338101	6999.8782813	0.0000000	-8.0000000	0.0000049	0.3155355	0.1441663	0.0000000	0.0000000
7000.6209600	7000.0338101	6999.8782813	-0.2001401	-8.0000000	0.0000065	0.3148539	0.1438051	0.0000000	0.0000000
7000.6209600	7000.0338101	6999.8782813	-0.3999466	-8.0000000	0.0000118	0.3142617	0.1398469	0.0000000	0.0000000
7000.6209600	7000.0338101	6999.8782813	-0.6000867	-8.0000000	0.0000023	0.3147714	0.1427933	0.0000000	0.0000000
7000.6209600	7000.0338101	6999.8782813	-0.7998933	-8.0000000	0.0000105	0.3166981	0.1328884	0.0000000	0.0000000
7000.6209600	7000.0338101	6999.8782813	-1.0000334	-8.0000000	0.0000087	0.3145354	0.1429481	0.0000000	0.0000000
7000.6209600	7000.0338101	6999.8782813	-1.1998399	-8.0000000	0.0000098	0.3152584	0.1449490	0.0000000	0.0000000
7000.6209600	7000.0338101	6999.8782813	-1.3999800	-8.0000000	0.0000055	0.3154711	0.1399904	0.0000000	0.0000000
7000.6209600	7000.0338101	6999.8782813	-1.6001201	-8.0000000	0.0000021	0.3139965	0.1401725	0.0000000	0.0000000
7000.6209600	7000.0338101	6999.8782813	-1.7999266	-8.0000000	0.0000054	0.3153778	0.1430284	0.0000000	0.0000000
7000.6209600	7000.0338101	6999.8782813	-2.0000667	-8.0000000	0.0000061	0.3123137	0.1458365	0.0000000	0.0000000
7000.6209600	7000.0338101	6999.8782813	-2.1998732	-8.0000000	0.0000035	0.3129913	0.1407394	0.0000000	0.0000000
7000.6209600	7000.0338101	6999.8782813	-2.4000133	-8.0000000	0.0000049	0.3151343	0.1429130	0.0000000	0.0000000
7000.6209600	7000.0338101	6999.8782813	-2.6001534	-8.0000000	0.0000049	0.3143145	0.1430974	0.0000000	0.0000000
7000.6209600	7000.0338101	6999.8782813	-2.7999600	-8.0000000	0.0000022	0.3130345	0.1406814	0.0000000	0.0000000
7000.6209600	7000.0338101	6999.8782813	-3.0001001	-8.0000000	0.0000031	0.3136812	0.1416979	0.0000000	0.0000000
7000.6209600	7000.0338101	6999.8782813	-3.1999066	-8.0000000	0.0000079	0.3137832	0.1415479	0.0000000	0.0000000
7000.6209600	7000.0338101	6999.8782813	-3.4000467	-8.0000000	0.0000050	0.3112732	0.1466005	0.0000000	0.0000000
7000.6209600	7000.0338101	6999.8782813	-3.5998532	-8.0000000	0.0000085	0.3111899	0.1455300	0.0000000	0.0000000
7000.6209600	7000.0338101	6999.8782813	-3.7999933	-8.0000000	0.0000037	0.3148680	0.1459183	0.0000000	0.0000000
7000.6209600	7000.0338101	6999.8782813	-4.0001334	-8.0000000	0.0000105	0.3146162	0.1435591	0.0000000	0.0000000
7000.6209600	7000.0338101	6999.8782813	-4.1999400	-8.0000000	0.0000088	0.3155835	0.1387423	0.0000000	0.0000000
7000.6209600	7000.0338101	6999.8782813	-4.4000801	-8.0000000	0.0000035	0.3139374	0.1407653	0.0000000	0.0000000
7000.6209600	7000.0338101	6999.8782813	-4.5998866	-8.0000000	0.0000044	0.3135420	0.1411121	0.0000000	0.0000000
7000.6209600	7000.0338101	6999.8782813	-4.8000267	-8.0000000	0.0000037	0.3128386	0.1409076	0.0000000	0.0000000
7000.6209600	7000.0338101	6999.8782813	-4.9998332	-8.0000000	0.0000031	0.3127815	0.1415150	0.0000000	0.0000000
7000.6209600	7000.0338101	6999.8782813	-5.1999733	-8.0000000	0.0000062	0.3117703	0.1410240	0.0000000	0.0000000
7000.6209600	7000.0338101	6999.8782813	-5.4001134	-8.0000000	0.0000038	0.3104790	0.1414628	0.0000000	0.0000000
7000.6209600	7000.0338101	6999.8782813	-5.5999199	-8.0000000	0.0000081	0.3134628	0.1423594	0.0000000	0.0000000
7000.6209600	7000.0338101	6999.8782813	-5.8000600	-8.0000000	0.0000059	0.3145551	0.1399456	0.0000000	0.0000000
7000.6209600	7000.0338101	6999.8782813	-5.9998666	-8.0000000	0.0000031	0.3131938	0.1361902	0.0000000	0.0000000
7000.6209600	7000.0338101	6999.8782813	-6.2000067	-8.0000000	0.0000084	0.3154011	0.1373165	0.0000000	0.0000000
7000.6209600	7000.0338101	6999.8782813	-6.4001468	-8.0000000	0.0000529	0.3164086	0.1442737	0.0000000	0.0000000
7000.6209600	7000.0338101	6999.8782813	-6.5999533	-8.0000000	0.0017566	0.3150493	0.1453928	0.0000000	0.0000000
7000.6209600	7000.0338101	6999.8782813	-6.8000934	-8.0000000	0.0125066	0.3159349	0.1451323	0.0000000	0.0000000
7000.6209600	7000.0338101	6999.8782813	-6.9998999	-8.0000000	0.0246971	0.3149302	0.1398926	0.0000000	0.0000000
7000.6209600	7000.0338101	6999.8782813	-7.2000400	-8.0000000	0.0499542	0.3113397	0.1423282	0.0000000	0.0000000
7000.6209600	7000.0338101	6999.8782813	-7.3998466	-8.0000000	0.0884493	0.3114323	0.1402877	0.0000000	0.0000000
7000.6209600	7000.0338101	6999.8782813	-7.5999867	-8.0000000	0.1310424	0.3156588	0.1436995	0.0000000	0.0000000
7000.6209600	7000.0338101	6999.8782813	-7.8001268	-8.0000000	0.1781940	0.3137076	0.1424723	0.0000000	0.0000000
7000.6209600	7000.0338101	6999.8782813	-7.9999333	-8.0000000	0.1791014	0.3142258	0.1366748	0.0000000	0.0000000
7000.6209600	7000.0338101	6999.8782813	-8.2000734	-8.0000000	0.1546274	0.3152129	0.1366228	0.0000000	0.0000000
7000.6209600	7000.0338101	6999.8782813	-8.3998799	-8.0000000	0.1410193	0.3152883	0.1381528	0.0000000	0.0000000
7000.6209600	7000.0338101	6999.8782813	-8.6000200	-8.0000000	0.0791766	0.3152886	0.1291039	0.0000000	0.0000000
7000.6209600	7000.0338101	6999.8782813	-8.8001601	-8.0000000	0.0724408	0.3174165	0.1421534	0.0000000	0.0000000
7000.6209600	7000.0338101	6999.8782813	-8.9999666	-8.0000000	0.0342953	0.3177477	0.1394033	0.0000000	0.0000000
7000.6209600	7000.0338101	6999.8782813	-9.2001067	-8.0000000	0.0163119	0.3203115	0.1384718	0.0000000	0.0000000
7000.6209600	7000.0338101	6999.8782813	-9.3999133	-8.0000000	0.0024219	0.3197515	0.1359611	0.0000000	0.0000000
7000.6209600	7000.0338101	6999.8782813	-9.6000534	-8.0000000	0.0001060	0.3134843	0.1382344	0.0000000	0.0000000
7000.6209600	7000.0338101	6999.8782813	-9.7998599	-8.0000000	0.0000194	0.3124258	0.1276791	0.0000000	0.0000000
7000.6209600	7000.0338101	6999.8782813	-10.0000000	-8.0000000	0.0000040	0.3128481	0.1412924	0.0000000	0.0000000
