7000.6209600	7000.0338101	6999.8782813	3.0001001	-3.0001001	0.0000116	0.3286448	0.1327877	0.0000000	-3.0000000
7000.6209600	7000.0338101	6999.8782813	2.7999600	-3.0000000	0.0000146	0.3290496	0.1428254	0.0000000	0.0000000
7000.6209600	7000.0338101	6999.8782813	2.6001534	-3.0000000	0.0000189	0.3272614	0.1365294	0.0000000	0.0000000
7000.6209600	7000.0338101	6999.8782813	2.4000133	-3.0000000	0.0000179	0.3298549	0.1341754	0.0000000	0.0000000
7000.6209600	7000.0338101	6999.8782813	2.1998732	-3.0000000	0.0000106	0.3233572	0.1312074	0.0000000	0.0000000
7000.6209600	7000.0338101	6999.8782813	2.0000667	-3.0000000	0.0000186	0.3297819	0.1327429	0.0000000	0.0000000
7000.6209600	7000.0338101	6999.8782813	1.7999266	-3.0000000	0.0000179	0.3322546	0.1328741	0.0000000	0.0000000
7000.6209600	7000.0338101	6999.8782813	1.6001201	-3.0000000	0.0000099	0.3322520	0.1292012	0.0000000	0.0000000
7000.6209600	7000.0338101	6999.8782813	1.3999800	-3.0000000	0.0000150	0.3271285	0.1331072	0.0000000	0.0000000
7000.6209600	7000.0338101	6999.8782813	1.1998399	-3.0000000	0.0000123	0.3291741	0.1393496	0.0000000	0.0000000
7000.6209600	7000.0338101	6999.8782813	1.0000334	-3.0000000	0.0000154	0.3288003	0.1305132	0.0000000	0.0000000
7000.6209600	7000.0338101	6999.8782813	0.7998933	-3.0000000	0.0000138	0.3288170	0.1364741	0.0000000	0.0000000
7000.6209600	7000.0338101	6999.8782813	0.6000867	-3.0000000	0.0000140	0.3281888	0.1342140	0.0000000	0.0000000
7000.6209600	7000.0338101	6999.8782813	0.3999466	-3.0000000	0.0000153	0.3270105	0.1422920	0.0000000	0.0000000
7000.6209600	7000.0338101	6999.8782813	0.2001401	-3.0000000	0.0000242	0.3310204	0.1328304	0.0000000	0.0000000
7000.6209600	7000.0338101	6999.8782813	0.0000000	-3.0000000	0.0000203	0.3301555	0.1456431	0.0000000	0.0000000
7000.6209600	7000.0338101	6999.8782813	-0.2001401	-3.0000000	0.0000270	0.3315688	0.1432307	0.0000000	0.0000000
7000.6209600	7000.0338101	6999.8782813	-0.3999466	-3.0000000	0.0000116	0.3316327	0.1314543	0.0000000	0.0000000
7000.6209600	7000.0338101	6999.8782813	-0.6000867	-3.0000000	0.0000273	0.3312766	0.1373252	0.0000000	0.0000000
7000.6209600	7000.0338101	6999.8782813	-0.7998933	-3.0000000	0.0000153	0.3297832	0.1260753	0.0000000	0.0000000
7000.6209600	7000.0338101	6999.8782813	-1.0000334	-3.0000000	0.0000173	0.3263727	0.1263213	0.0000000	0.0000000
7000.6209600	7000.0338101	6999.8782813	-1.1998399	-3.0000000	0.0000212	0.3260415	0.1299089	0.0000000	0.0000000
7000.6209600	7000.0338101	6999.8782813	-1.3999800	-3.0000000	0.0002881	0.3316960	0.1317405	0.0000000	0.0000000
7000.6209600	7000.0338101	6999.8782813	-1.6001201	-3.0000000	0.0043971	0.3302556	0.1290729	0.0000000	0.0000000
7000.6209600	7000.0338101	6999.8782813	-1.7999266	-3.0000000	0.0236469	0.3305544	0.1328311	0.0000000	0.0000000
7000.6209600	7000.0338101	6999.8782813	-2.0000667	-3.0000000	0.0443995	0.3265366	0.1247316	0.0000000	0.0000000
7000.6209600	7000.0338101	6999.8782813	-2.1998732	-3.0000000	0.0798834	0.3278743	0.1275978	0.0000000	0.0000000
7000.6209600	7000.0338101	6999.8782813	-2.4000133	-3.0000000	0.1341053	0.3295096	0.1299891	0.0000000	0.0000000
7000.6209600	7000.0338101	6999.8782813	-2.6001534	-3.0000000	0.2120076	0.3268138	0.1345839	0.0000000	0.0000000
7000.6209600	7000.0338101	6999.8782813	-2.7999600	-3.0000000	0.2663833	0.3274160	0.1305635	0.0000000	0.0000000
7000.6209600	7000.0338101	6999.8782813	-3.0001001	-3.0000000	0.3041233	0.3312178	0.1329031	0.0000000	0.0000000
7000.6209600	7000.0338101	6999.8782813	-3.1999066	-3.0000000	0.3395803	0.3290070	0.1414562	0.0000000	0.0000000
7000.6209600	7000.0338101	6999.8782813	-3.4000467	-3.0000000	0.3152402	0.3284200	0.1492007	0.0000000	0.0000000
7000.6209600	7000.0338101	6999.8782813	-3.5998532	-3.0000000	0.1812979	0.3297733	0.1310287	0.0000000	0.0000000
7000.6209600	7000.0338101	6999.8782813	-3.7999933	-3.0000000	0.1124210	0.3314607	0.1342664	0.0000000	0.0000000
7000.6209600	7000.0338101	6999.8782813	-4.0001334	-3.0000000	0.0654641	0.3294915	0.1317224	0.0000000	0.0000000
7000.6209600	7000.0338101	6999.8782813	-4.1999400	-3.0000000	0.0375680	0.3300575	0.1340814	0.0000000	0.0000000
7000.6209600	7000.0338101	6999.8782813	-4.4000801	-3.0000000	0.0086792	0.3281608	0.1298760	0.0000000	0.0000000
7000.6209600	7000.0338101	6999.8782813	-4.5998866	-3.0000000	0.0010159	0.3275331	0.1328334	0.0000000	0.0000000
7000.6209600	7000.0338101	6999.8782813	-4.8000267	-3.0000000	0.0001029	0.3281527	0.1340635	0.0000000	0.0000000
7000.6209600	7000.0338101	6999.8782813	-4.9998332	-3.0000000	0.0000227	0.3280227	0.1278689	0.0000000	0.0000000
7000.6209600	7000.0338101	6999.8782813	-5.1999733	-3.0000000	0.0000181	0.3280625	0.1299362	0.0000000	0.0000000
7000.6209600	7000.0338101	6999.8782813	-5.4001134	-3.0000000	0.0000090	0.3268641	0.1315101	0.0000000	0.0000000
7000.6209600	7000.0338101	6999.8782813	-5.5999199	-3.0000000	0.0000127	0.3275079	0.1340103	0.0000000	0.0000000
7000.6209600	7000.0338101	6999.8782813	-5.8000600	-3.0000000	0.0000109	0.3248311	0.1275555	0.0000000	0.0000000
7000.6209600	7000.0338101	6999.8782813	-5.9998666	-3.0000000	0.0000117	0.3291798	0.1331783	0.0000000	0.0000000
7000.6209600	7000.0338101	6999.8782813	-6.2000067	-3.0000000	0.0000118	0.3280099	0.1336040	0.0000000	0.0000000
7000.6209600	7000.0338101	6999.8782813	-6.4001468	-3.0000000	0.0000159	0.3283938	0.1291835	0.0000000	0.0000000
7000.6209600	7000.0338101	6999.8782813	-6.5999533	-3.0000000	0.0000179	0.3282098	0.1369542	0.0000000	0.0000000
7000.6209600	7000.0338101	6999.8782813	-6.8000934	-3.0000000	0.0000126	0.3318563	0.1427305	0.0000000	0.0000000
7000.6209600	7000.0338101	6999.8782813	-6.9998999	-3.0000000	0.0000096	0.3309884	0.1326099	0.0000000	0.0000000
7000.6209600	7000.0338101	6999.8782813	-7.2000400	-3.0000000	0.0000132	0.3318721	0.1333279	0.0000000	0.0000000
7000.6209600	7000.0338101	6999.8782813	-7.3998466	-3.0000000	0.0000135	0.3326714	0.1436489	0.0000000	0.0000000
7000.6209600	7000.0338101	6999.8782813	-7.5999867	-3.0000000	0.0000173	0.3294015	0.1418160	0.0000000	0.0000000
7000.6209600	7000.0338101	6999.8782813	-7.8001268	-3.0000000	0.0000106	0.3303240	0.1342648	0.0000000	0.0000000
7000.6209600	7000.0338101	6999.8782813	-7.9999333	-3.0000000	0.0000129	0.3284764	0.1260453	0.0000000	0.0000000
7000.6209600	7000.0338101	6999.8782813	-8.2000734	-3.0000000	0.0000170	0.3290874	0.1338634	0.0000000	0.0000000
7000.6209600	7000.0338101	6999.8782813	-8.3998799	-3.0000000	0.0000173	0.3297706	0.1386827	0.0000000	0.0000000
7000.6209600	7000.0338101	6999.8782813	-8.6000200	-3.0000000	0.0000104	0.3279036	0.1284502	0.0000000	0.0000000
7000.6209600	7000.0338101	6999.8782813	-8.8001601	-3.0000000	0.0000087	0.3286403	0.1291359	0.0000000	0.0000000
7000.6209600	7000.0338101	6999.8782813	-8.9999666	-3.0000000	0.0000121	0.3303763	0.1343088	0.0000000	0.0000000
7000.6209600	7000.0338101	6999.8782813	-9.2001067	-3.0000000	0.0000217	0.3262229	0.1410289	0.0000000	0.0000000
7000.6209600	7000.0338101	6999.8782813	-9.3999133	-3.0000000	0.0000216	0.3248531	0.1381227	0.0000000	0.0000000
7000.6209600	7000.0338101	6999.8782813	-9.6000534	-3.0000000	0.0000116	0.3230232	0.1282740	0.0000000	0.0000000
7000.6209600	7000.0338101	6999.8782813	-9.7998599	-3.0000000	0.0000127	0.3289194	0.1370328	0.0000000	0.0000000
7000.6209600	7000.0338101	6999.8782813	-10.0000000	-3.0000000	0.0000135	0.3265526	0.1333301	0.0000000	0.0000000
