7000.6209600	7000.0338101	6999.8782813	3.0001001	-7.2000400	0.0000107	0.3115731	0.1460164	0.0000000	-7.2000000
7000.6209600	7000.0338101	6999.8782813	2.7999600	-7.2000000	0.0000059	0.3079921	0.1472122	0.0000000	0.0000000
7000.6209600	7000.0338101	6999.8782813	2.6001534	-7.2000000	0.0000050	0.3104897	0.1455052	0.0000000	0.0000000
7000.6209600	7000.0338101	6999.8782813	2.4000133	-7.2000000	0.0000117	0.3087297	0.1469453	0.0000000	0.0000000
7000.6209600	7000.0338101	6999.8782813	2.1998732	-7.2000000	0.0000049	0.3137979	0.1465637	0.0000000	0.0000000
7000.6209600	7000.0338101	6999.8782813	2.0000667	-7.2000000	0.0000026	0.3150588	0.1463091	0.0000000	0.0000000
7000.6209600	7000.0338101	6999.8782813	1.7999266	-7.2000000	0.0000093	0.3183483	0.1347787	0.0000000	0.0000000
7000.6209600	7000.0338101	6999.8782813	1.6001201	-7.2000000	0.0000061	0.3185966	0.1346179	0.0000000	0.0000000
7000.6209600	7000.0338101	6999.8782813	1.3999800	-7.2000000	0.0000106	0.3193941	0.1375951	0.0000000	0.0000000
7000.6209600	7000.0338101	6999.8782813	1.1998399	-7.2000000	0.0000074	0.3166569	0.1351412	0.0000000	0.0000000
7000.6209600	7000.0338101	6999.8782813	1.0000334	-7.2000000	0.0000076	0.3147732	0.1403757	0.0000000	0.0000000
7000.6209600	7000.0338101	6999.8782813	0.7998933	-7.2000000	0.0000057	0.3170138	0.1414698	0.0000000	0.0000000
7000.6209600	7000.0338101	6999.8782813	0.6000867	-7.2000000	0.0000098	0.3142531	0.1454420	0.0000000	0.0000000
7000.6209600	7000.0338101	6999.8782813	0.3999466	-7.2000000	0.0000104	0.3173947	0.1439459	0.0000000	0.0000000
7000.6209600	7000.0338101	6999.8782813	0.2001401	-7.2000000	0.0000105	0.3139955	0.1405599	0.0000000	0.0000000
7000.6209600	7000.0338101	6999.8782813	0.0000000	-7.2000000	0.0000044	0.3140737	0.1450492	0.0000000	0.0000000
7000.6209600	7000.0338101	6999.8782813	-0.2001401	-7.2000000	0.0000051	0.3171327	0.1382372	0.0000000	0.0000000
7000.6209600	7000.0338101	6999.8782813	-0.3999466	-7.2000000	0.0000068	0.3159866	0.1447753	0.0000000	0.0000000
7000.6209600	7000.0338101	6999.8782813	-0.6000867	-7.2000000	0.0000094	0.3146378	0.1474077	0.0000000	0.0000000
7000.6209600	7000.0338101	6999.8782813	-0.7998933	-7.2000000	0.0000071	0.3150096	0.1449369	0.0000000	0.0000000
7000.6209600	7000.0338101	6999.8782813	-1.0000334	-7.2000000	0.0000067	0.3126919	0.1465254	0.0000000	0.0000000
7000.6209600	7000.0338101	6999.8782813	-1.1998399	-7.2000000	0.0000107	0.3141958	0.1447057	0.0000000	0.0000000
7000.6209600	7000.0338101	6999.8782813	-1.3999800	-7.2000000	0.0000040	0.3134055	0.1451907	0.0000000	0.0000000
7000.6209600	7000.0338101	6999.8782813	-1.6001201	-7.2000000	0.0000081	0.3162073	0.1413684	0.0000000	0.0000000
7000.6209600	7000.0338101	6999.8782813	-1.7999266	-7.2000000	0.0000063	0.3158281	0.1449133	0.0000000	0.0000000
7000.6209600	7000.0338101	6999.8782813	-2.0000667	-7.2000000	0.0000034	0.3132817	0.1417600	0.0000000	0.0000000
7000.6209600	7000.0338101	6999.8782813	-2.1998732	-7.2000000	0.0000099	0.3161884	0.1399755	0.0000000	0.0000000
7000.6209600	7000.0338101	6999.8782813	-2.4000133	-7.2000000	0.0000055	0.3157815	0.1418677	0.0000000	0.0000000
7000.6209600	7000.0338101	6999.8782813	-2.6001534	-7.2000000	0.0000032	0.3173191	0.1422311	0.0000000	0.0000000
7000.6209600	7000.0338101	6999.8782813	-2.7999600	-7.2000000	0.0000092	0.3138997	0.1424945	0.0000000	0.0000000
7000.6209600	7000.0338101	6999.8782813	-3.0001001	-7.2000000	0.0000104	0.3134999	0.1409802	0.0000000	0.0000000
7000.6209600	7000.0338101	6999.8782813	-3.1999066	-7.2000000	0.0000045	0.3152578	0.1389354	0.0000000	0.0000000
7000.6209600	7000.0338101	6999.8782813	-3.4000467	-7.2000000	0.0000187	0.3148264	0.1391475	0.0000000	0.0000000
7000.6209600	7000.0338101	6999.8782813	-3.5998532	-7.2000000	0.0000076	0.3143385	0.1461010	0.0000000	0.0000000
7000.6209600	7000.0338101	6999.8782813	-3.7999933	-7.2000000	0.0000066	0.3147910	0.1411693	0.0000000	0.0000000
7000.6209600	7000.0338101	6999.8782813	-4.0001334	-7.2000000	0.0000084	0.3108842	0.1365205	0.0000000	0.0000000
7000.6209600	7000.0338101	6999.8782813	-4.1999400	-7.2000000	0.0000056	0.3109225	0.1466178	0.0000000	0.0000000
7000.6209600	7000.0338101	6999.8782813	-4.4000801	-7.2000000	0.0000067	0.3178721	0.1434747	0.0000000	0.0000000
7000.6209600	7000.0338101	6999.8782813	-4.5998866	-7.2000000	0.0000098	0.3149213	0.1416564	0.0000000	0.0000000
7000.6209600	7000.0338101	6999.8782813	-4.8000267	-7.2000000	0.0000057	0.3134740	0.1370829	0.0000000	0.0000000
7000.6209600	7000.0338101	6999.8782813	-4.9998332	-7.2000000	0.0000101	0.3196815	0.1440724	0.0000000	0.0000000
7000.6209600	7000.0338101	6999.8782813	-5.1999733	-7.2000000	0.0000040	0.3164644	0.1422251	0.0000000	0.0000000
7000.6209600	7000.0338101	6999.8782813	-5.4001134	-7.2000000	0.0000055	0.3141626	0.1409371	0.0000000	0.0000000
7000.6209600	7000.0338101	6999.8782813	-5.5999199	-7.2000000	0.0000199	0.3170222	0.1347545	0.0000000	0.0000000
7000.6209600	7000.0338101	6999.8782813	-5.8000600	-7.2000000	0.0007006	0.3152627	0.1393575	0.0000000	0.0000000
7000.6209600	7000.0338101	6999.8782813	-5.9998666	-7.2000000	0.0127419	0.3157231	0.1438662	0.0000000	0.0000000
7000.6209600	7000.0338101	6999.8782813	-6.2000067	-7.2000000	0.0453848	0.3157811	0.1481337	0.0000000	0.0000000
7000.6209600	7000.0338101	6999.8782813	-6.4001468	-7.2000000	0.0728729	0.3146038	0.1451813	0.0000000	0.0000000
7000.6209600	7000.0338101	6999.8782813	-6.5999533	-7.2000000	0.1033596	0.3114606	0.1435094	0.0000000	0.0000000
7000.6209600	7000.0338101	6999.8782813	-6.8000934	-7.2000000	0.1786542	0.3115170	0.1476459	0.0000000	0.0000000
7000.6209600	7000.0338101	6999.8782813	-6.9998999	-7.2000000	0.2161893	0.3126357	0.1455580	0.0000000	0.0000000
7000.6209600	7000.0338101	6999.8782813	-7.2000400	-7.2000000	0.2438134	0.3140640	0.1474406	0.0000000	0.0000000
7000.6209600	7000.0338101	6999.8782813	-6.8121018	-7.2000000	0.2318925	0.3130184	0.1453054	0.0000000	0.0000000
7000.6209600	7000.0338101	6999.8782813	-7.5999867	-7.2000000	0.1690166	0.3190282	0.1440253	0.0000000	0.0000000
7000.6209600	7000.0338101	6999.8782813	-7.8001268	-7.2000000	0.1286794	0.3160962	0.1448796	0.0000000	0.0000000
7000.6209600	7000.0338101	6999.8782813	-7.9999333	-7.2000000	0.0795526	0.3147712	0.1443762	0.0000000	0.0000000
7000.6209600	7000.0338101	6999.8782813	-8.2000734	-7.2000000	0.0454772	0.3162607	0.1387473	0.0000000	0.0000000
7000.6209600	7000.0338101	6999.8782813	-8.3998799	-7.2000000	0.0201182	0.3159253	0.1419159	0.0000000	0.0000000
7000.6209600	7000.0338101	6999.8782813	-8.6000200	-7.2000000	0.0037354	0.3182245	0.1400137	0.0000000	0.0000000
7000.6209600	7000.0338101	6999.8782813	-8.8001601	-7.2000000	0.0001624	0.3178540	0.1413567	0.0000000	0.0000000
7000.6209600	7000.0338101	6999.8782813	-8.9999666	-7.2000000	0.0000148	0.3158394	0.1445814	0.0000000	0.0000000
7000.6209600	7000.0338101	6999.8782813	-9.2001067	-7.2000000	0.0000028	0.3163549	0.1358499	0.0000000	0.0000000
7000.6209600	7000.0338101	6999.8782813	-9.3999133	-7.2000000	0.0000048	0.3146304	0.1355092	0.0000000	0.0000000
7000.6209600	7000.0338101	6999.8782813	-9.6000534	-7.2000000	0.0000066	0.3145500	0.1429469	0.0000000	0.0000000
7000.6209600	7000.0338101	6999.8782813	-9.7998599	-7.2000000	0.0000116	0.3145422	0.1443623	0.0000000	0.0000000
7000.6209600	7000.0338101	6999.8782813	-10.0000000	-7.2000000	0.0000048	0.3144697	0.1406025	0.0000000	0.0000000
