7000.6209600	7000.0338101	6999.8782813	3.0001001	-1.7999266	0.0000159	0.3275564	0.1275386	0.0000000	-1.8000000
7000.6209600	7000.0338101	6999.8782813	2.7999600	-1.8000000	0.0000184	0.3312068	0.1406821	0.0000000	0.0000000
7000.6209600	7000.0338101	6999.8782813	2.6001534	-1.8000000	0.0000183	0.3281455	0.1399962	0.0000000	0.0000000
7000.6209600	7000.0338101	6999.8782813	2.4000133	-1.8000000	0.0000109	0.3252246	0.1289603	0.0000000	0.0000000
7000.6209600	7000.0338101	6999.8782813	2.1998732	-1.8000000	0.0000179	0.3323583	0.1339873	0.0000000	0.0000000
7000.6209600	7000.0338101	6999.8782813	2.0000667	-1.8000000	0.0000206	0.3288213	0.1326146	0.0000000	0.0000000
7000.6209600	7000.0338101	6999.8782813	1.7999266	-1.8000000	0.0000140	0.3281031	0.1278085	0.0000000	0.0000000
7000.6209600	7000.0338101	6999.8782813	1.6001201	-1.8000000	0.0000237	0.3310765	0.1368608	0.0000000	0.0000000
7000.6209600	7000.0338101	6999.8782813	1.3999800	-1.8000000	0.0000262	0.3285349	0.1315171	0.0000000	0.0000000
7000.6209600	7000.0338101	6999.8782813	1.1998399	-1.8000000	0.0000145	0.3294242	0.1337463	0.0000000	0.0000000
7000.6209600	7000.0338101	6999.8782813	1.0000334	-1.8000000	0.0000187	0.3299768	0.1264495	0.0000000	0.0000000
7000.6209600	7000.0338101	6999.8782813	0.7998933	-1.8000000	0.0000198	0.3313925	0.1296929	0.0000000	0.0000000
7000.6209600	7000.0338101	6999.8782813	0.6000867	-1.8000000	0.0000276	0.3335977	0.1453850	0.0000000	0.0000000
7000.6209600	7000.0338101	6999.8782813	0.3999466	-1.8000000	0.0000182	0.3340176	0.1340433	0.0000000	0.0000000
7000.6209600	7000.0338101	6999.8782813	0.2001401	-1.8000000	0.0000280	0.3331003	0.1291875	0.0000000	0.0000000
7000.6209600	7000.0338101	6999.8782813	0.0000000	-1.8000000	0.0000758	0.3316055	0.1324653	0.0000000	0.0000000
7000.6209600	7000.0338101	6999.8782813	-0.2001401	-1.8000000	0.0005414	0.3307765	0.1347000	0.0000000	0.0000000
7000.6209600	7000.0338101	6999.8782813	-0.3999466	-1.8000000	0.0032618	0.3327786	0.1352601	0.0000000	0.0000000
7000.6209600	7000.0338101	6999.8782813	-0.6000867	-1.8000000	0.0241091	0.3330592	0.1323472	0.0000000	0.0000000
7000.6209600	7000.0338101	6999.8782813	-0.7998933	-1.8000000	0.0488691	0.3264041	0.1272645	0.0000000	0.0000000
7000.6209600	7000.0338101	6999.8782813	-1.0000334	-1.8000000	0.0897302	0.3255941	0.1302021	0.0000000	0.0000000
7000.6209600	7000.0338101	6999.8782813	-1.1998399	-1.8000000	0.1488064	0.3266357	0.1278876	0.0000000	0.0000000
7000.6209600	7000.0338101	6999.8782813	-1.3999800	-1.8000000	0.2119617	0.3260553	0.1286696	0.0000000	0.0000000
7000.6209600	7000.0338101	6999.8782813	-1.6001201	-1.8000000	0.3262365	0.3248074	0.1314650	0.0000000	0.0000000
7000.6209600	7000.0338101	6999.8782813	-1.7999266	-1.8000000	0.3737822	0.3222825	0.1323837	0.0000000	0.0000000
7000.6209600	7000.0338101	6999.8782813	-2.0000667	-1.8000000	0.3543453	0.3225551	0.1334626	0.0000000	0.0000000
7000.6209600	7000.0338101	6999.8782813	-2.1998732	-1.8000000	0.2535026	0.3296418	0.1420109	0.0000000	0.0000000
7000.6209600	7000.0338101	6999.8782813	-2.4000133	-1.8000000	0.2037968	0.3308848	0.1421022	0.0000000	0.0000000
7000.6209600	7000.0338101	6999.8782813	-2.6001534	-1.8000000	0.1342279	0.3279113	0.1343721	0.0000000	0.0000000
7000.6209600	7000.0338101	6999.8782813	-2.7999600	-1.8000000	0.0820850	0.3319624	0.1374020	0.0000000	0.0000000
7000.6209600	7000.0338101	6999.8782813	-3.0001001	-1.8000000	0.0403887	0.3296227	0.1324358	0.0000000	0.0000000
7000.6209600	7000.0338101	6999.8782813	-3.1999066	-1.8000000	0.0179501	0.3290385	0.1394773	0.0000000	0.0000000
7000.6209600	7000.0338101	6999.8782813	-3.4000467	-1.8000000	0.0021802	0.3298896	0.1397671	0.0000000	0.0000000
7000.6209600	7000.0338101	6999.8782813	-3.5998532	-1.8000000	0.0000614	0.3326259	0.1400223	0.0000000	0.0000000
7000.6209600	7000.0338101	6999.8782813	-3.7999933	-1.8000000	0.0000087	0.3290757	0.1338278	0.0000000	0.0000000
7000.6209600	7000.0338101	6999.8782813	-4.0001334	-1.8000000	0.0000126	0.3312573	0.1307983	0.0000000	0.0000000
7000.6209600	7000.0338101	6999.8782813	-4.1999400	-1.8000000	0.0000125	0.3243201	0.1267380	0.0000000	0.0000000
7000.6209600	7000.0338101	6999.8782813	-4.4000801	-1.8000000	0.0000170	0.3262479	0.1321268	0.0000000	0.0000000
7000.6209600	7000.0338101	6999.8782813	-4.5998866	-1.8000000	0.0000134	0.3272128	0.1377693	0.0000000	0.0000000
7000.6209600	7000.0338101	6999.8782813	-4.8000267	-1.8000000	0.0000175	0.3266826	0.1311171	0.0000000	0.0000000
7000.6209600	7000.0338101	6999.8782813	-4.9998332	-1.8000000	0.0000132	0.3271141	0.1388887	0.0000000	0.0000000
7000.6209600	7000.0338101	6999.8782813	-5.1999733	-1.8000000	0.0000127	0.3244237	0.1321292	0.0000000	0.0000000
7000.6209600	7000.0338101	6999.8782813	-5.4001134	-1.8000000	0.0000175	0.3211154	0.1400233	0.0000000	0.0000000
7000.6209600	7000.0338101	6999.8782813	-5.5999199	-1.8000000	0.0000093	0.3282000	0.1353978	0.0000000	0.0000000
7000.6209600	7000.0338101	6999.8782813	-5.8000600	-1.8000000	0.0000100	0.3307489	0.1391504	0.0000000	0.0000000
7000.6209600	7000.0338101	6999.8782813	-5.9998666	-1.8000000	0.0000179	0.3321084	0.1314657	0.0000000	0.0000000
7000.6209600	7000.0338101	6999.8782813	-6.2000067	-1.8000000	0.0000234	0.3299478	0.1326912	0.0000000	0.0000000
7000.6209600	7000.0338101	6999.8782813	-6.4001468	-1.8000000	0.0000128	0.3278987	0.1326724	0.0000000	0.0000000
7000.6209600	7000.0338101	6999.8782813	-6.5999533	-1.8000000	0.0000128	0.3293083	0.1332726	0.0000000	0.0000000
7000.6209600	7000.0338101	6999.8782813	-6.8000934	-1.8000000	0.0000120	0.3306251	0.1341755	0.0000000	0.0000000
7000.6209600	7000.0338101	6999.8782813	-6.9998999	-1.8000000	0.0000183	0.3278511	0.1358616	0.0000000	0.0000000
7000.6209600	7000.0338101	6999.8782813	-7.2000400	-1.8000000	0.0000107	0.3297076	0.1320916	0.0000000	0.0000000
7000.6209600	7000.0338101	6999.8782813	-7.3998466	-1.8000000	0.0000121	0.3293391	0.1352579	0.0000000	0.0000000
7000.6209600	7000.0338101	6999.8782813	-7.5999867	-1.8000000	0.0000190	0.3293253	0.1277672	0.0000000	0.0000000
7000.6209600	7000.0338101	6999.8782813	-7.8001268	-1.8000000	0.0000159	0.3285106	0.1333268	0.0000000	0.0000000
7000.6209600	7000.0338101	6999.8782813	-7.9999333	-1.8000000	0.0000200	0.3294691	0.1303577	0.0000000	0.0000000
7000.6209600	7000.0338101	6999.8782813	-8.2000734	-1.8000000	0.0000117	0.3277314	0.1267058	0.0000000	0.0000000
7000.6209600	7000.0338101	6999.8782813	-8.3998799	-1.8000000	0.0000192	0.3287546	0.1385790	0.0000000	0.0000000
7000.6209600	7000.0338101	6999.8782813	-8.6000200	-1.8000000	0.0000177	0.3291343	0.1364099	0.0000000	0.0000000
7000.6209600	7000.0338101	6999.8782813	-8.8001601	-1.8000000	0.0000126	0.3305000	0.1306495	0.0000000	0.0000000
7000.6209600	7000.0338101	6999.8782813	-8.9999666	-1.8000000	0.0000098	0.3268484	0.1303728	0.0000000	0.0000000
7000.6209600	7000.0338101	6999.8782813	-9.2001067	-1.8000000	0.0000179	0.3212111	0.1410885	0.0000000	0.0000000
7000.6209600	7000.0338101	6999.8782813	-9.3999133	-1.8000000	0.0000159	0.3269478	0.1317201	0.0000000	0.0000000
7000.6209600	7000.0338101	6999.8782813	-9.6000534	-1.8000000	0.0000172	0.3263380	0.1389868	0.0000000	0.0000000
7000.6209600	7000.0338101	6999.8782813	-9.7998599	-1.8000000	0.0000135	0.3283032	0.1368934	0.0000000	0.0000000
7000.6209600	7000.0338101	6999.8782813	-10.0000000	-1.8000000	0.0000110	0.3308374	0.1339525	0.0000000	0.0000000
