7000.6209600	7000.0338101	6999.8782813	3.0001001	-1.0000334	0.0123936	0.3340320	0.1369366	0.0000000	-1.0000000
7000.6209600	7000.0338101	6999.8782813	2.7999600	-1.0000000	0.0096541	0.3328544	0.1279519	0.0000000	0.0000000
7000.6209600	7000.0338101	6999.8782813	2.6001534	-1.0000000	0.0118865	0.3356265	0.1281450	0.0000000	0.0000000
7000.6209600	7000.0338101	6999.8782813	2.4000133	-1.0000000	0.0132604	0.3359600	0.1372086	0.0000000	0.0000000
7000.6209600	7000.0338101	6999.8782813	2.1998732	-1.0000000	0.0114391	0.3367035	0.1325651	0.0000000	0.0000000
7000.6209600	7000.0338101	6999.8782813	2.0000667	-1.0000000	0.0108171	0.3350750	0.1295564	0.0000000	0.0000000
7000.6209600	7000.0338101	6999.8782813	1.7999266	-1.0000000	0.0111229	0.3338658	0.1310377	0.0000000	0.0000000
7000.6209600	7000.0338101	6999.8782813	1.6001201	-1.0000000	0.0103745	0.3329424	0.1250753	0.0000000	0.0000000
7000.6209600	7000.0338101	6999.8782813	1.3999800	-1.0000000	0.0113234	0.3341478	0.1274686	0.0000000	0.0000000
7000.6209600	7000.0338101	6999.8782813	1.1998399	-1.0000000	0.0119403	0.3298884	0.1281478	0.0000000	0.0000000
7000.6209600	7000.0338101	6999.8782813	1.0000334	-1.0000000	0.0106676	0.3300175	0.1283475	0.0000000	0.0000000
7000.6209600	7000.0338101	6999.8782813	0.7998933	-1.0000000	0.0174961	0.3361039	0.1283459	0.0000000	0.0000000
7000.6209600	7000.0338101	6999.8782813	0.6000867	-1.0000000	0.0264265	0.3341775	0.1310231	0.0000000	0.0000000
7000.6209600	7000.0338101	6999.8782813	0.3999466	-1.0000000	0.0497773	0.3348743	0.1325786	0.0000000	0.0000000
7000.6209600	7000.0338101	6999.8782813	0.2001401	-1.0000000	0.0815278	0.3361681	0.1330221	0.0000000	0.0000000
7000.6209600	7000.0338101	6999.8782813	0.0000000	-1.0000000	0.1287194	0.3347966	0.1271322	0.0000000	0.0000000
7000.6209600	7000.0338101	6999.8782813	-0.2001401	-1.0000000	0.1511355	0.3363022	0.1298136	0.0000000	0.0000000
7000.6209600	7000.0338101	6999.8782813	-0.3999466	-1.0000000	0.2018074	0.3330389	0.1281205	0.0000000	0.0000000
7000.6209600	7000.0338101	6999.8782813	-0.6000867	-1.0000000	0.2834775	0.3328289	0.1287772	0.0000000	0.0000000
7000.6209600	7000.0338101	6999.8782813	-0.7998933	-1.0000000	0.3448258	0.3316919	0.1293098	0.0000000	0.0000000
7000.6209600	7000.0338101	6999.8782813	-1.0000334	-1.0000000	0.3481962	0.3331862	0.1271324	0.0000000	0.0000000
7000.6209600	7000.0338101	6999.8782813	-1.1998399	-1.0000000	0.3568264	0.3300820	0.1293417	0.0000000	0.0000000
7000.6209600	7000.0338101	6999.8782813	-1.3999800	-1.0000000	0.3090018	0.3338177	0.1238195	0.0000000	0.0000000
7000.6209600	7000.0338101	6999.8782813	-1.6001201	-1.0000000	0.2284496	0.3329919	0.1340590	0.0000000	0.0000000
7000.6209600	7000.0338101	6999.8782813	-1.7999266	-1.0000000	0.1390081	0.3367528	0.1368981	0.0000000	0.0000000
7000.6209600	7000.0338101	6999.8782813	-2.0000667	-1.0000000	0.0977300	0.3385881	0.1283132	0.0000000	0.0000000
7000.6209600	7000.0338101	6999.8782813	-2.1998732	-1.0000000	0.0476030	0.3387579	0.1348533	0.0000000	0.0000000
7000.6209600	7000.0338101	6999.8782813	-2.4000133	-1.0000000	0.0178810	0.3342098	0.1314448	0.0000000	0.0000000
7000.6209600	7000.0338101	6999.8782813	-2.6001534	-1.0000000	0.0018752	0.3330588	0.1250814	0.0000000	0.0000000
7000.6209600	7000.0338101	6999.8782813	-2.7999600	-1.0000000	0.0001088	0.3345989	0.1287365	0.0000000	0.0000000
7000.6209600	7000.0338101	6999.8782813	-3.0001001	-1.0000000	0.0000145	0.3345381	0.1374573	0.0000000	0.0000000
7000.6209600	7000.0338101	6999.8782813	-3.1999066	-1.0000000	0.0000175	0.3337115	0.1239424	0.0000000	0.0000000
7000.6209600	7000.0338101	6999.8782813	-3.4000467	-1.0000000	0.0000115	0.3333975	0.1287831	0.0000000	0.0000000
7000.6209600	7000.0338101	6999.8782813	-3.5998532	-1.0000000	0.0000134	0.3296691	0.1321815	0.0000000	0.0000000
7000.6209600	7000.0338101	6999.8782813	-3.7999933	-1.0000000	0.0000125	0.3296921	0.1264283	0.0000000	0.0000000
7000.6209600	7000.0338101	6999.8782813	-4.0001334	-1.0000000	0.0000165	0.3347469	0.1315867	0.0000000	0.0000000
7000.6209600	7000.0338101	6999.8782813	-4.1999400	-1.0000000	0.0000160	0.3367311	0.1383771	0.0000000	0.0000000
7000.6209600	7000.0338101	6999.8782813	-4.4000801	-1.0000000	0.0000195	0.3316417	0.1271785	0.0000000	0.0000000
7000.6209600	7000.0338101	6999.8782813	-4.5998866	-1.0000000	0.0000162	0.3355371	0.1305973	0.0000000	0.0000000
7000.6209600	7000.0338101	6999.8782813	-4.8000267	-1.0000000	0.0000067	0.3355398	0.1278539	0.0000000	0.0000000
7000.6209600	7000.0338101	6999.8782813	-4.9998332	-1.0000000	0.0000107	0.3353353	0.1273560	0.0000000	0.0000000
7000.6209600	7000.0338101	6999.8782813	-5.1999733	-1.0000000	0.0000087	0.3330701	0.1311440	0.0000000	0.0000000
7000.6209600	7000.0338101	6999.8782813	-5.4001134	-1.0000000	0.0000133	0.3319768	0.1260150	0.0000000	0.0000000
7000.6209600	7000.0338101	6999.8782813	-5.5999199	-1.0000000	0.0000154	0.3303866	0.1284838	0.0000000	0.0000000
7000.6209600	7000.0338101	6999.8782813	-5.8000600	-1.0000000	0.0000219	0.3344296	0.1316129	0.0000000	0.0000000
7000.6209600	7000.0338101	6999.8782813	-5.9998666	-1.0000000	0.0000254	0.3339825	0.1313994	0.0000000	0.0000000
7000.6209600	7000.0338101	6999.8782813	-6.2000067	-1.0000000	0.0000131	0.3353572	0.1321041	0.0000000	0.0000000
7000.6209600	7000.0338101	6999.8782813	-6.4001468	-1.0000000	0.0000190	0.3329878	0.1319004	0.0000000	0.0000000
7000.6209600	7000.0338101	6999.8782813	-6.5999533	-1.0000000	0.0000199	0.3322866	0.1321494	0.0000000	0.0000000
7000.6209600	7000.0338101	6999.8782813	-6.8000934	-1.0000000	0.0000121	0.3313713	0.1263436	0.0000000	0.0000000
7000.6209600	7000.0338101	6999.8782813	-6.9998999	-1.0000000	0.0000182	0.3326443	0.1333112	0.0000000	0.0000000
7000.6209600	7000.0338101	6999.8782813	-7.2000400	-1.0000000	0.0000162	0.3327212	0.1227521	0.0000000	0.0000000
7000.6209600	7000.0338101	6999.8782813	-7.3998466	-1.0000000	0.0000111	0.3319651	0.1296573	0.0000000	0.0000000
7000.6209600	7000.0338101	6999.8782813	-7.5999867	-1.0000000	0.0000149	0.3321255	0.1257545	0.0000000	0.0000000
7000.6209600	7000.0338101	6999.8782813	-7.8001268	-1.0000000	0.0000150	0.3353094	0.1353148	0.0000000	0.0000000
7000.6209600	7000.0338101	6999.8782813	-7.9999333	-1.0000000	0.0000229	0.3372837	0.1348260	0.0000000	0.0000000
7000.6209600	7000.0338101	6999.8782813	-8.2000734	-1.0000000	0.0000176	0.3353330	0.1294989	0.0000000	0.0000000
7000.6209600	7000.0338101	6999.8782813	-8.3998799	-1.0000000	0.0000159	0.3329821	0.1301984	0.0000000	0.0000000
7000.6209600	7000.0338101	6999.8782813	-8.6000200	-1.0000000	0.0000182	0.3330502	0.1322969	0.0000000	0.0000000
7000.6209600	7000.0338101	6999.8782813	-8.8001601	-1.0000000	0.0000151	0.3348655	0.1424408	0.0000000	0.0000000
7000.6209600	7000.0338101	6999.8782813	-8.9999666	-1.0000000	0.0000167	0.3335963	0.1316956	0.0000000	0.0000000
7000.6209600	7000.0338101	6999.8782813	-9.2001067	-1.0000000	0.0000260	0.3357650	0.1375472	0.0000000	0.0000000
7000.6209600	7000.0338101	6999.8782813	-9.3999133	-1.0000000	0.0000126	0.3348153	0.1339661	0.0000000	0.0000000
7000.6209600	7000.0338101	6999.8782813	-9.6000534	-1.0000000	0.0000095	0.3352189	0.1317532	0.0000000	0.0000000
7000.6209600	7000.0338101	6999.8782813	-9.7998599	-1.0000000	0.0000065	0.3325184	0.1302087	0.0000000	0.0000000
7000.6209600	7000.0338101	6999.8782813	-10.0000000	-1.0000000	0.0000192	0.3273387	0.1265391	0.0000000	0.0000000
