7000.6209600	7000.0338101	6999.8782813	3.0001001	-9.6000534	0.0000066	0.3075601	0.1368677	0.0000000	-9.6000000
7000.6209600	7000.0338101	6999.8782813	2.7999600	-9.6000000	0.0000042	0.3058741	0.1373860	0.0000000	0.0000000
7000.6209600	7000.0338101	6999.8782813	2.6001534	-9.6000000	0.0000077	0.3072169	0.1424264	0.0000000	0.0000000
7000.6209600	7000.0338101	6999.8782813	2.4000133	-9.6000000	0.0000061	0.3073497	0.1340211	0.0000000	0.0000000
7000.6209600	7000.0338101	6999.8782813	2.1998732	-9.6000000	0.0000057	0.3066646	0.1421387	0.0000000	0.0000000
7000.6209600	7000.0338101	6999.8782813	2.0000667	-9.6000000	0.0000078	0.3066971	0.1419578	0.0000000	0.0000000
7000.6209600	7000.0338101	6999.8782813	1.7999266	-9.6000000	0.0000028	0.3084429	0.1442650	0.0000000	0.0000000
7000.6209600	7000.0338101	6999.8782813	1.6001201	-9.6000000	0.0000127	0.3063474	0.1428534	0.0000000	0.0000000
7000.6209600	7000.0338101	6999.8782813	1.3999800	-9.6000000	0.0000031	0.3082826	0.1410645	0.0000000	0.0000000
7000.6209600	7000.0338101	6999.8782813	1.1998399	-9.6000000	0.0000051	0.3074431	0.1413612	0.0000000	0.0000000
7000.6209600	7000.0338101	6999.8782813	1.0000334	-9.6000000	0.0000063	0.3051541	0.1425587	0.0000000	0.0000000
7000.6209600	7000.0338101	6999.8782813	0.7998933	-9.6000000	0.0000083	0.3052325	0.1422285	0.0000000	0.0000000
7000.6209600	7000.0338101	6999.8782813	0.6000867	-9.6000000	0.0000033	0.3130294	0.1406068	0.0000000	0.0000000
7000.6209600	7000.0338101	6999.8782813	0.3999466	-9.6000000	0.0000034	0.3120319	0.1397007	0.0000000	0.0000000
7000.6209600	7000.0338101	6999.8782813	0.2001401	-9.6000000	0.0000045	0.3086509	0.1379769	0.0000000	0.0000000
7000.6209600	7000.0338101	6999.8782813	0.0000000	-9.6000000	0.0000038	0.3089254	0.1380217	0.0000000	0.0000000
7000.6209600	7000.0338101	6999.8782813	-0.2001401	-9.6000000	0.0000050	0.3097701	0.1387765	0.0000000	0.0000000
7000.6209600	7000.0338101	6999.8782813	-0.3999466	-9.6000000	0.0000099	0.3081798	0.1420948	0.0000000	0.0000000
7000.6209600	7000.0338101	6999.8782813	-0.6000867	-9.6000000	0.0000040	0.3085646	0.1424587	0.0000000	0.0000000
7000.6209600	7000.0338101	6999.8782813	-0.7998933	-9.6000000	0.0000071	0.3084633	0.1396836	0.0000000	0.0000000
7000.6209600	7000.0338101	6999.8782813	-1.0000334	-9.6000000	0.0000067	0.3101945	0.1326792	0.0000000	0.0000000
7000.6209600	7000.0338101	6999.8782813	-1.1998399	-9.6000000	0.0000024	0.3070354	0.1341458	0.0000000	0.0000000
7000.6209600	7000.0338101	6999.8782813	-1.3999800	-9.6000000	0.0000031	0.3100786	0.1381620	0.0000000	0.0000000
7000.6209600	7000.0338101	6999.8782813	-1.6001201	-9.6000000	0.0000052	0.3071620	0.1379266	0.0000000	0.0000000
7000.6209600	7000.0338101	6999.8782813	-1.7999266	-9.6000000	0.0000074	0.3086283	0.1416917	0.0000000	0.0000000
7000.6209600	7000.0338101	6999.8782813	-2.0000667	-9.6000000	0.0000089	0.3090291	0.1397701	0.0000000	0.0000000
7000.6209600	7000.0338101	6999.8782813	-2.1998732	-9.6000000	0.0000029	0.3080803	0.1353262	0.0000000	0.0000000
7000.6209600	7000.0338101	6999.8782813	-2.4000133	-9.6000000	0.0000050	0.3084690	0.1403198	0.0000000	0.0000000
7000.6209600	7000.0338101	6999.8782813	-2.6001534	-9.6000000	0.0000078	0.3082051	0.1437056	0.0000000	0.0000000
7000.6209600	7000.0338101	6999.8782813	-2.7999600	-9.6000000	0.0000056	0.3112811	0.1345775	0.0000000	0.0000000
7000.6209600	7000.0338101	6999.8782813	-3.0001001	-9.6000000	0.0000063	0.3078041	0.1409873	0.0000000	0.0000000
7000.6209600	7000.0338101	6999.8782813	-3.1999066	-9.6000000	0.0000073	0.3077361	0.1449357	0.0000000	0.0000000
7000.6209600	7000.0338101	6999.8782813	-3.4000467	-9.6000000	0.0000055	0.3066813	0.1439229	0.0000000	0.0000000
7000.6209600	7000.0338101	6999.8782813	-3.5998532	-9.6000000	0.0000034	0.3102017	0.1395906	0.0000000	0.0000000
7000.6209600	7000.0338101	6999.8782813	-3.7999933	-9.6000000	0.0000034	0.3076527	0.1324032	0.0000000	0.0000000
7000.6209600	7000.0338101	6999.8782813	-4.0001334	-9.6000000	0.0000073	0.3119246	0.1314240	0.0000000	0.0000000
7000.6209600	7000.0338101	6999.8782813	-4.1999400	-9.6000000	0.0000042	0.3109897	0.1257852	0.0000000	0.0000000
7000.6209600	7000.0338101	6999.8782813	-4.4000801	-9.6000000	0.0000027	0.3090876	0.1363602	0.0000000	0.0000000
7000.6209600	7000.0338101	6999.8782813	-4.5998866	-9.6000000	0.0000063	0.3081407	0.1382051	0.0000000	0.0000000
7000.6209600	7000.0338101	6999.8782813	-4.8000267	-9.6000000	0.0000052	0.3099501	0.1391700	0.0000000	0.0000000
7000.6209600	7000.0338101	6999.8782813	-4.9998332	-9.6000000	0.0000051	0.3088835	0.1307396	0.0000000	0.0000000
7000.6209600	7000.0338101	6999.8782813	-5.1999733	-9.6000000	0.0000039	0.3137623	0.1353414	0.0000000	0.0000000
7000.6209600	7000.0338101	6999.8782813	-5.4001134	-9.6000000	0.0000048	0.3105753	0.1384269	0.0000000	0.0000000
7000.6209600	7000.0338101	6999.8782813	-5.5999199	-9.6000000	0.0000060	0.3093342	0.1354723	0.0000000	0.0000000
7000.6209600	7000.0338101	6999.8782813	-5.8000600	-9.6000000	0.0000077	0.3118048	0.1421847	0.0000000	0.0000000
7000.6209600	7000.0338101	6999.8782813	-5.9998666	-9.6000000	0.0000061	0.3098993	0.1409530	0.0000000	0.0000000
7000.6209600	7000.0338101	6999.8782813	-6.2000067	-9.6000000	0.0000062	0.3107086	0.1437755	0.0000000	0.0000000
7000.6209600	7000.0338101	6999.8782813	-6.4001468	-9.6000000	0.0000076	0.3100681	0.1385916	0.0000000	0.0000000
7000.6209600	7000.0338101	6999.8782813	-6.5999533	-9.6000000	0.0000087	0.3081279	0.1439830	0.0000000	0.0000000
7000.6209600	7000.0338101	6999.8782813	-6.8000934	-9.6000000	0.0000050	0.3049731	0.1410892	0.0000000	0.0000000
7000.6209600	7000.0338101	6999.8782813	-6.9998999	-9.6000000	0.0000098	0.3064943	0.1457601	0.0000000	0.0000000
7000.6209600	7000.0338101	6999.8782813	-7.2000400	-9.6000000	0.0000046	0.3095212	0.1434409	0.0000000	0.0000000
7000.6209600	7000.0338101	6999.8782813	-7.3998466	-9.6000000	0.0000060	0.3103740	0.1434929	0.0000000	0.0000000
7000.6209600	7000.0338101	6999.8782813	-7.5999867	-9.6000000	0.0000072	0.3099361	0.1343040	0.0000000	0.0000000
7000.6209600	7000.0338101	6999.8782813	-7.8001268	-9.6000000	0.0000068	0.3090149	0.1394962	0.0000000	0.0000000
7000.6209600	7000.0338101	6999.8782813	-7.9999333	-9.6000000	0.0000139	0.3108087	0.1360956	0.0000000	0.0000000
7000.6209600	7000.0338101	6999.8782813	-8.2000734	-9.6000000	0.0003473	0.3087365	0.1292399	0.0000000	0.0000000
7000.6209600	7000.0338101	6999.8782813	-8.3998799	-9.6000000	0.0043334	0.3100807	0.1374065	0.0000000	0.0000000
7000.6209600	7000.0338101	6999.8782813	-8.6000200	-9.6000000	0.0248397	0.3091177	0.1403246	0.0000000	0.0000000
7000.6209600	7000.0338101	6999.8782813	-8.8001601	-9.6000000	0.0428846	0.3105267	0.1377729	0.0000000	0.0000000
7000.6209600	7000.0338101	6999.8782813	-8.9999666	-9.6000000	0.0734296	0.3086572	0.1371001	0.0000000	0.0000000
7000.6209600	7000.0338101	6999.8782813	-9.2001067	-9.6000000	0.1100016	0.3092504	0.1424961	0.0000000	0.0000000
7000.6209600	7000.0338101	6999.8782813	-9.3999133	-9.6000000	0.1528198	0.3076763	0.1392126	0.0000000	0.0000000
7000.6209600	7000.0338101	6999.8782813	-9.6000534	-9.6000000	0.1749772	0.3074507	0.1407930	0.0000000	0.0000000
7000.6209600	7000.0338101	6999.8782813	-9.7998599	-9.6000000	0.1837948	0.3066110	0.1434143	0.0000000	0.0000000
7000.6209600	7000.0338101	6999.8782813	-10.0000000	-9.6000000	0.1536868	0.3041910	0.1406173	0.0000000	0.0000000
