7000.6209600	7000.0338101	6999.8782813	3.0001001	-9.3999133	0.0000013	0.3110035	0.1319958	0.0000000	-9.4000000
7000.6209600	7000.0338101	6999.8782813	2.7999600	-9.4000000	0.0000057	0.3134929	0.1350535	0.0000000	0.0000000
7000.6209600	7000.0338101	6999.8782813	2.6001534	-9.4000000	0.0000018	0.3102860	0.1298602	0.0000000	0.0000000
7000.6209600	7000.0338101	6999.8782813	2.4000133	-9.4000000	0.0000042	0.3096991	0.1373234	0.0000000	0.0000000
7000.6209600	7000.0338101	6999.8782813	2.1998732	-9.4000000	0.0000045	0.3093962	0.1372382	0.0000000	0.0000000
7000.6209600	7000.0338101	6999.8782813	2.0000667	-9.4000000	0.0000060	0.3089349	0.1370394	0.0000000	0.0000000
7000.6209600	7000.0338101	6999.8782813	1.7999266	-9.4000000	0.0000067	0.3095286	0.1395637	0.0000000	0.0000000
7000.6209600	7000.0338101	6999.8782813	1.6001201	-9.4000000	0.0000055	0.3092559	0.1382201	0.0000000	0.0000000
7000.6209600	7000.0338101	6999.8782813	1.3999800	-9.4000000	0.0000093	0.3107332	0.1391487	0.0000000	0.0000000
7000.6209600	7000.0338101	6999.8782813	1.1998399	-9.4000000	0.0000071	0.3132876	0.1418042	0.0000000	0.0000000
7000.6209600	7000.0338101	6999.8782813	1.0000334	-9.4000000	0.0000084	0.3050912	0.1353413	0.0000000	0.0000000
7000.6209600	7000.0338101	6999.8782813	0.7998933	-9.4000000	0.0000045	0.3101785	0.1346023	0.0000000	0.0000000
7000.6209600	7000.0338101	6999.8782813	0.6000867	-9.4000000	0.0000063	0.3066295	0.1385134	0.0000000	0.0000000
7000.6209600	7000.0338101	6999.8782813	0.3999466	-9.4000000	0.0000078	0.3115814	0.1371542	0.0000000	0.0000000
7000.6209600	7000.0338101	6999.8782813	0.2001401	-9.4000000	0.0000046	0.3106660	0.1367281	0.0000000	0.0000000
7000.6209600	7000.0338101	6999.8782813	0.0000000	-9.4000000	0.0000078	0.3139979	0.1418467	0.0000000	0.0000000
7000.6209600	7000.0338101	6999.8782813	-0.2001401	-9.4000000	0.0000066	0.3110872	0.1412084	0.0000000	0.0000000
7000.6209600	7000.0338101	6999.8782813	-0.3999466	-9.4000000	0.0000066	0.3126617	0.1356256	0.0000000	0.0000000
7000.6209600	7000.0338101	6999.8782813	-0.6000867	-9.4000000	0.0000046	0.3093625	0.1324865	0.0000000	0.0000000
7000.6209600	7000.0338101	6999.8782813	-0.7998933	-9.4000000	0.0000073	0.3088070	0.1402073	0.0000000	0.0000000
7000.6209600	7000.0338101	6999.8782813	-1.0000334	-9.4000000	0.0000110	0.3101323	0.1341544	0.0000000	0.0000000
7000.6209600	7000.0338101	6999.8782813	-1.1998399	-9.4000000	0.0000066	0.3146510	0.1321885	0.0000000	0.0000000
7000.6209600	7000.0338101	6999.8782813	-1.3999800	-9.4000000	0.0000040	0.3131216	0.1383698	0.0000000	0.0000000
7000.6209600	7000.0338101	6999.8782813	-1.6001201	-9.4000000	0.0000044	0.3062843	0.1424159	0.0000000	0.0000000
7000.6209600	7000.0338101	6999.8782813	-1.7999266	-9.4000000	0.0000077	0.3075131	0.1272009	0.0000000	0.0000000
7000.6209600	7000.0338101	6999.8782813	-2.0000667	-9.4000000	0.0000046	0.3106841	0.1304514	0.0000000	0.0000000
7000.6209600	7000.0338101	6999.8782813	-2.1998732	-9.4000000	0.0000034	0.3093420	0.1426978	0.0000000	0.0000000
7000.6209600	7000.0338101	6999.8782813	-2.4000133	-9.4000000	0.0000028	0.3078055	0.1381724	0.0000000	0.0000000
7000.6209600	7000.0338101	6999.8782813	-2.6001534	-9.4000000	0.0000024	0.3085670	0.1369675	0.0000000	0.0000000
7000.6209600	7000.0338101	6999.8782813	-2.7999600	-9.4000000	0.0000043	0.3073838	0.1419762	0.0000000	0.0000000
7000.6209600	7000.0338101	6999.8782813	-3.0001001	-9.4000000	0.0000039	0.3130017	0.1369783	0.0000000	0.0000000
7000.6209600	7000.0338101	6999.8782813	-3.1999066	-9.4000000	0.0000083	0.3117498	0.1354000	0.0000000	0.0000000
7000.6209600	7000.0338101	6999.8782813	-3.4000467	-9.4000000	0.0000027	0.3114233	0.1390972	0.0000000	0.0000000
7000.6209600	7000.0338101	6999.8782813	-3.5998532	-9.4000000	0.0000031	0.3105568	0.1310210	0.0000000	0.0000000
7000.6209600	7000.0338101	6999.8782813	-3.7999933	-9.4000000	0.0000054	0.3100980	0.1321378	0.0000000	0.0000000
7000.6209600	7000.0338101	6999.8782813	-4.0001334	-9.4000000	0.0000081	0.3082455	0.1374154	0.0000000	0.0000000
7000.6209600	7000.0338101	6999.8782813	-4.1999400	-9.4000000	0.0000066	0.3074740	0.1409147	0.0000000	0.0000000
7000.6209600	7000.0338101	6999.8782813	-4.4000801	-9.4000000	0.0000056	0.3094481	0.1402120	0.0000000	0.0000000
7000.6209600	7000.0338101	6999.8782813	-4.5998866	-9.4000000	0.0000071	0.3084338	0.1443845	0.0000000	0.0000000
7000.6209600	7000.0338101	6999.8782813	-4.8000267	-9.4000000	0.0000045	0.3101082	0.1438395	0.0000000	0.0000000
7000.6209600	7000.0338101	6999.8782813	-4.9998332	-9.4000000	0.0000088	0.3105690	0.1404403	0.0000000	0.0000000
7000.6209600	7000.0338101	6999.8782813	-5.1999733	-9.4000000	0.0000057	0.3085007	0.1414886	0.0000000	0.0000000
7000.6209600	7000.0338101	6999.8782813	-5.4001134	-9.4000000	0.0000103	0.3105530	0.1380587	0.0000000	0.0000000
7000.6209600	7000.0338101	6999.8782813	-5.5999199	-9.4000000	0.0000040	0.3058075	0.1403656	0.0000000	0.0000000
7000.6209600	7000.0338101	6999.8782813	-5.8000600	-9.4000000	0.0000063	0.3064626	0.1392794	0.0000000	0.0000000
7000.6209600	7000.0338101	6999.8782813	-5.9998666	-9.4000000	0.0000042	0.3057979	0.1406144	0.0000000	0.0000000
7000.6209600	7000.0338101	6999.8782813	-6.2000067	-9.4000000	0.0000074	0.3098354	0.1377360	0.0000000	0.0000000
7000.6209600	7000.0338101	6999.8782813	-6.4001468	-9.4000000	0.0000049	0.3106801	0.1388049	0.0000000	0.0000000
7000.6209600	7000.0338101	6999.8782813	-6.5999533	-9.4000000	0.0000046	0.3100452	0.1415844	0.0000000	0.0000000
7000.6209600	7000.0338101	6999.8782813	-6.8000934	-9.4000000	0.0000022	0.3105994	0.1376818	0.0000000	0.0000000
7000.6209600	7000.0338101	6999.8782813	-6.9998999	-9.4000000	0.0000027	0.3094984	0.1418892	0.0000000	0.0000000
7000.6209600	7000.0338101	6999.8782813	-7.2000400	-9.4000000	0.0000098	0.3111786	0.1422666	0.0000000	0.0000000
7000.6209600	7000.0338101	6999.8782813	-7.3998466	-9.4000000	0.0000042	0.3086591	0.1411135	0.0000000	0.0000000
7000.6209600	7000.0338101	6999.8782813	-7.5999867	-9.4000000	0.0000070	0.3071788	0.1435034	0.0000000	0.0000000
7000.6209600	7000.0338101	6999.8782813	-7.8001268	-9.4000000	0.0000248	0.3038392	0.1436654	0.0000000	0.0000000
7000.6209600	7000.0338101	6999.8782813	-7.9999333	-9.4000000	0.0005283	0.3026338	0.1453826	0.0000000	0.0000000
7000.6209600	7000.0338101	6999.8782813	-8.2000734	-9.4000000	0.0053384	0.3078154	0.1367711	0.0000000	0.0000000
7000.6209600	7000.0338101	6999.8782813	-8.3998799	-9.4000000	0.0233156	0.3099951	0.1367209	0.0000000	0.0000000
7000.6209600	7000.0338101	6999.8782813	-8.6000200	-9.4000000	0.0547930	0.3075052	0.1429904	0.0000000	0.0000000
7000.6209600	7000.0338101	6999.8782813	-8.8001601	-9.4000000	0.0891179	0.3076822	0.1411698	0.0000000	0.0000000
7000.6209600	7000.0338101	6999.8782813	-8.9999666	-9.4000000	0.1160870	0.3055273	0.1393505	0.0000000	0.0000000
7000.6209600	7000.0338101	6999.8782813	-9.2001067	-9.4000000	0.1630962	0.3061567	0.1421711	0.0000000	0.0000000
7000.6209600	7000.0338101	6999.8782813	-9.3999133	-9.4000000	0.1660454	0.3087673	0.1352605	0.0000000	0.0000000
7000.6209600	7000.0338101	6999.8782813	-9.6000534	-9.4000000	0.1456550	0.3100524	0.1335388	0.0000000	0.0000000
7000.6209600	7000.0338101	6999.8782813	-9.7998599	-9.4000000	0.1245203	0.3095281	0.1356531	0.0000000	0.0000000
7000.6209600	7000.0338101	6999.8782813	-10.0000000	-9.4000000	0.0918798	0.3077889	0.1376968	0.0000000	0.0000000
