7000.6209600	7000.0338101	6999.8782813	3.0001001	-6.8000934	0.0000073	0.3181753	0.1363707	0.0000000	-6.8000000
7000.6209600	7000.0338101	6999.8782813	2.7999600	-6.8000000	0.0000063	0.3169343	0.1423232	0.0000000	0.0000000
7000.6209600	7000.0338101	6999.8782813	2.6001534	-6.8000000	0.0000079	0.3158982	0.1429274	0.0000000	0.0000000
7000.6209600	7000.0338101	6999.8782813	2.4000133	-6.8000000	0.0000103	0.3161271	0.1432318	0.0000000	0.0000000
7000.6209600	7000.0338101	6999.8782813	2.1998732	-6.8000000	0.0000070	0.3151150	0.1444663	0.0000000	0.0000000
7000.6209600	7000.0338101	6999.8782813	2.0000667	-6.8000000	0.0000088	0.3188997	0.1383807	0.0000000	0.0000000
7000.6209600	7000.0338101	6999.8782813	1.7999266	-6.8000000	0.0000076	0.3170403	0.1485698	0.0000000	0.0000000
7000.6209600	7000.0338101	6999.8782813	1.6001201	-6.8000000	0.0000112	0.3145168	0.1491571	0.0000000	0.0000000
7000.6209600	7000.0338101	6999.8782813	1.3999800	-6.8000000	0.0000142	0.3181980	0.1359969	0.0000000	0.0000000
7000.6209600	7000.0338101	6999.8782813	1.1998399	-6.8000000	0.0000134	0.3164493	0.1451320	0.0000000	0.0000000
7000.6209600	7000.0338101	6999.8782813	1.0000334	-6.8000000	0.0000129	0.3161871	0.1413873	0.0000000	0.0000000
7000.6209600	7000.0338101	6999.8782813	0.7998933	-6.8000000	0.0000042	0.3199926	0.1391650	0.0000000	0.0000000
7000.6209600	7000.0338101	6999.8782813	0.6000867	-6.8000000	0.0000060	0.3160785	0.1417611	0.0000000	0.0000000
7000.6209600	7000.0338101	6999.8782813	0.3999466	-6.8000000	0.0000104	0.3145972	0.1415773	0.0000000	0.0000000
7000.6209600	7000.0338101	6999.8782813	0.2001401	-6.8000000	0.0000079	0.3198298	0.1396368	0.0000000	0.0000000
7000.6209600	7000.0338101	6999.8782813	0.0000000	-6.8000000	0.0000094	0.3155494	0.1436348	0.0000000	0.0000000
7000.6209600	7000.0338101	6999.8782813	-0.2001401	-6.8000000	0.0000066	0.3171075	0.1367793	0.0000000	0.0000000
7000.6209600	7000.0338101	6999.8782813	-0.3999466	-6.8000000	0.0000095	0.3159478	0.1422555	0.0000000	0.0000000
7000.6209600	7000.0338101	6999.8782813	-0.6000867	-6.8000000	0.0000118	0.3153951	0.1444655	0.0000000	0.0000000
7000.6209600	7000.0338101	6999.8782813	-0.7998933	-6.8000000	0.0000137	0.3153941	0.1453622	0.0000000	0.0000000
7000.6209600	7000.0338101	6999.8782813	-1.0000334	-6.8000000	0.0000089	0.3203456	0.1424425	0.0000000	0.0000000
7000.6209600	7000.0338101	6999.8782813	-1.1998399	-6.8000000	0.0000078	0.3193403	0.1413844	0.0000000	0.0000000
7000.6209600	7000.0338101	6999.8782813	-1.3999800	-6.8000000	0.0000055	0.3221089	0.1401844	0.0000000	0.0000000
7000.6209600	7000.0338101	6999.8782813	-1.6001201	-6.8000000	0.0000105	0.3166462	0.1431919	0.0000000	0.0000000
7000.6209600	7000.0338101	6999.8782813	-1.7999266	-6.8000000	0.0000070	0.3149912	0.1434539	0.0000000	0.0000000
7000.6209600	7000.0338101	6999.8782813	-2.0000667	-6.8000000	0.0000084	0.3187513	0.1425869	0.0000000	0.0000000
7000.6209600	7000.0338101	6999.8782813	-2.1998732	-6.8000000	0.0000052	0.3177388	0.1366655	0.0000000	0.0000000
7000.6209600	7000.0338101	6999.8782813	-2.4000133	-6.8000000	0.0000109	0.3165432	0.1420626	0.0000000	0.0000000
7000.6209600	7000.0338101	6999.8782813	-2.6001534	-6.8000000	0.0000087	0.3146591	0.1403046	0.0000000	0.0000000
7000.6209600	7000.0338101	6999.8782813	-2.7999600	-6.8000000	0.0000105	0.3165345	0.1460479	0.0000000	0.0000000
7000.6209600	7000.0338101	6999.8782813	-3.0001001	-6.8000000	0.0000084	0.3164806	0.1416700	0.0000000	0.0000000
7000.6209600	7000.0338101	6999.8782813	-3.1999066	-6.8000000	0.0000104	0.3156990	0.1455413	0.0000000	0.0000000
7000.6209600	7000.0338101	6999.8782813	-3.4000467	-6.8000000	0.0000065	0.3145909	0.1498975	0.0000000	0.0000000
7000.6209600	7000.0338101	6999.8782813	-3.5998532	-6.8000000	0.0000092	0.3181570	0.1366761	0.0000000	0.0000000
7000.6209600	7000.0338101	6999.8782813	-3.7999933	-6.8000000	0.0000100	0.3176924	0.1354475	0.0000000	0.0000000
7000.6209600	7000.0338101	6999.8782813	-4.0001334	-6.8000000	0.0000049	0.3170405	0.1411392	0.0000000	0.0000000
7000.6209600	7000.0338101	6999.8782813	-4.1999400	-6.8000000	0.0000117	0.3130990	0.1428236	0.0000000	0.0000000
7000.6209600	7000.0338101	6999.8782813	-4.4000801	-6.8000000	0.0000132	0.3175862	0.1392404	0.0000000	0.0000000
7000.6209600	7000.0338101	6999.8782813	-4.5998866	-6.8000000	0.0000089	0.3184423	0.1388730	0.0000000	0.0000000
7000.6209600	7000.0338101	6999.8782813	-4.8000267	-6.8000000	0.0000045	0.3196547	0.1392777	0.0000000	0.0000000
7000.6209600	7000.0338101	6999.8782813	-4.9998332	-6.8000000	0.0000122	0.3142762	0.1398607	0.0000000	0.0000000
7000.6209600	7000.0338101	6999.8782813	-5.1999733	-6.8000000	0.0000343	0.3182181	0.1424124	0.0000000	0.0000000
7000.6209600	7000.0338101	6999.8782813	-5.4001134	-6.8000000	0.0007068	0.3170886	0.1389572	0.0000000	0.0000000
7000.6209600	7000.0338101	6999.8782813	-5.5999199	-6.8000000	0.0086941	0.3157119	0.1405452	0.0000000	0.0000000
7000.6209600	7000.0338101	6999.8782813	-5.8000600	-6.8000000	0.0309541	0.3146923	0.1398801	0.0000000	0.0000000
7000.6209600	7000.0338101	6999.8782813	-5.9998666	-6.8000000	0.0462842	0.3186107	0.1369332	0.0000000	0.0000000
7000.6209600	7000.0338101	6999.8782813	-6.2000067	-6.8000000	0.0895026	0.3162677	0.1408853	0.0000000	0.0000000
7000.6209600	7000.0338101	6999.8782813	-6.4001468	-6.8000000	0.1406855	0.3182603	0.1419077	0.0000000	0.0000000
7000.6209600	7000.0338101	6999.8782813	-6.5999533	-6.8000000	0.1795929	0.3147463	0.1423610	0.0000000	0.0000000
7000.6209600	7000.0338101	6999.8782813	-6.8000934	-6.8000000	0.2152520	0.3152689	0.1425088	0.0000000	0.0000000
7000.6209600	7000.0338101	6999.8782813	-6.9998999	-6.8000000	0.1730824	0.3184883	0.1400393	0.0000000	0.0000000
7000.6209600	7000.0338101	6999.8782813	-7.2000400	-6.8000000	0.1559187	0.3164476	0.1401840	0.0000000	0.0000000
7000.6209600	7000.0338101	6999.8782813	-7.3998466	-6.8000000	0.1071503	0.3179990	0.1361907	0.0000000	0.0000000
7000.6209600	7000.0338101	6999.8782813	-7.5999867	-6.8000000	0.0706031	0.3186962	0.1379386	0.0000000	0.0000000
7000.6209600	7000.0338101	6999.8782813	-7.8001268	-6.8000000	0.0433589	0.3153605	0.1448754	0.0000000	0.0000000
7000.6209600	7000.0338101	6999.8782813	-7.9999333	-6.8000000	0.0166873	0.3168214	0.1335729	0.0000000	0.0000000
7000.6209600	7000.0338101	6999.8782813	-8.2000734	-6.8000000	0.0043309	0.3173936	0.1421782	0.0000000	0.0000000
7000.6209600	7000.0338101	6999.8782813	-8.3998799	-6.8000000	0.0002472	0.3180002	0.1431515	0.0000000	0.0000000
7000.6209600	7000.0338101	6999.8782813	-8.6000200	-6.8000000	0.0000099	0.3186880	0.1331547	0.0000000	0.0000000
7000.6209600	7000.0338101	6999.8782813	-8.8001601	-6.8000000	0.0000162	0.3159982	0.1335286	0.0000000	0.0000000
7000.6209600	7000.0338101	6999.8782813	-8.9999666	-6.8000000	0.0000105	0.3171665	0.1353358	0.0000000	0.0000000
7000.6209600	7000.0338101	6999.8782813	-9.2001067	-6.8000000	0.0000052	0.3177249	0.1409440	0.0000000	0.0000000
7000.6209600	7000.0338101	6999.8782813	-9.3999133	-6.8000000	0.0000061	0.3153070	0.1463298	0.0000000	0.0000000
7000.6209600	7000.0338101	6999.8782813	-9.6000534	-6.8000000	0.0000050	0.3162242	0.1413724	0.0000000	0.0000000
7000.6209600	7000.0338101	6999.8782813	-9.7998599	-6.8000000	0.0000026	0.3185786	0.1379697	0.0000000	0.0000000
7000.6209600	7000.0338101	6999.8782813	-10.0000000	-6.8000000	0.0000098	0.3157413	0.1433535	0.0000000	0.0000000
