7000.6209600	7000.0338101	6999.8782813	3.0001001	-0.6000867	0.0895272	0.3353495	0.1267151	0.0000000	-0.6000000
7000.6209600	7000.0338101	6999.8782813	2.7999600	-0.6000000	0.0954800	0.3328822	0.1273901	0.0000000	0.0000000
7000.6209600	7000.0338101	6999.8782813	2.6001534	-0.6000000	0.0986190	0.3326473	0.1278389	0.0000000	0.0000000
7000.6209600	7000.0338101	6999.8782813	2.4000133	-0.6000000	0.1063082	0.3383236	0.1312756	0.0000000	0.0000000
7000.6209600	7000.0338101	6999.8782813	2.1998732	-0.6000000	0.1015411	0.3366989	0.1330536	0.0000000	0.0000000
7000.6209600	7000.0338101	6999.8782813	2.0000667	-0.6000000	0.0999353	0.3314156	0.1288806	0.0000000	0.0000000
7000.6209600	7000.0338101	6999.8782813	1.7999266	-0.6000000	0.1020885	0.3343395	0.1279569	0.0000000	0.0000000
7000.6209600	7000.0338101	6999.8782813	1.6001201	-0.6000000	0.1115607	0.3326121	0.1322203	0.0000000	0.0000000
7000.6209600	7000.0338101	6999.8782813	1.3999800	-0.6000000	0.1103875	0.3351763	0.1354423	0.0000000	0.0000000
7000.6209600	7000.0338101	6999.8782813	1.1998399	-0.6000000	0.0990771	0.3318837	0.1277343	0.0000000	0.0000000
7000.6209600	7000.0338101	6999.8782813	1.0000334	-0.6000000	0.1117806	0.3336132	0.1309918	0.0000000	0.0000000
7000.6209600	7000.0338101	6999.8782813	0.7998933	-0.6000000	0.1403094	0.3368856	0.1317452	0.0000000	0.0000000
7000.6209600	7000.0338101	6999.8782813	0.6000867	-0.6000000	0.1758562	0.3370864	0.1283645	0.0000000	0.0000000
7000.6209600	7000.0338101	6999.8782813	0.3999466	-0.6000000	0.2165219	0.3349292	0.1266973	0.0000000	0.0000000
7000.6209600	7000.0338101	6999.8782813	0.2001401	-0.6000000	0.2540620	0.3328918	0.1274006	0.0000000	0.0000000
7000.6209600	7000.0338101	6999.8782813	0.0000000	-0.6000000	0.3236425	0.3348290	0.1322179	0.0000000	0.0000000
7000.6209600	7000.0338101	6999.8782813	-0.2001401	-0.6000000	0.3567144	0.3342277	0.1285618	0.0000000	0.0000000
7000.6209600	7000.0338101	6999.8782813	-0.3999466	-0.6000000	0.3919675	0.3359443	0.1266880	0.0000000	0.0000000
7000.6209600	7000.0338101	6999.8782813	-0.6000867	-0.6000000	0.4157787	0.3339641	0.1285173	0.0000000	0.0000000
7000.6209600	7000.0338101	6999.8782813	-0.7998933	-0.6000000	0.3888466	0.3338925	0.1253861	0.0000000	0.0000000
7000.6209600	7000.0338101	6999.8782813	-1.0000334	-0.6000000	0.3262305	0.3339880	0.1267236	0.0000000	0.0000000
7000.6209600	7000.0338101	6999.8782813	-1.1998399	-0.6000000	0.2210686	0.3350830	0.1258365	0.0000000	0.0000000
7000.6209600	7000.0338101	6999.8782813	-1.3999800	-0.6000000	0.1509263	0.3368730	0.1325028	0.0000000	0.0000000
7000.6209600	7000.0338101	6999.8782813	-1.6001201	-0.6000000	0.0970168	0.3371885	0.1296381	0.0000000	0.0000000
7000.6209600	7000.0338101	6999.8782813	-1.7999266	-0.6000000	0.0535978	0.3329777	0.1268719	0.0000000	0.0000000
7000.6209600	7000.0338101	6999.8782813	-2.0000667	-0.6000000	0.0235167	0.3336185	0.1330505	0.0000000	0.0000000
7000.6209600	7000.0338101	6999.8782813	-2.1998732	-0.6000000	0.0029436	0.3348213	0.1306096	0.0000000	0.0000000
7000.6209600	7000.0338101	6999.8782813	-2.4000133	-0.6000000	0.0001000	0.3361958	0.1339529	0.0000000	0.0000000
7000.6209600	7000.0338101	6999.8782813	-2.6001534	-0.6000000	0.0000172	0.3381614	0.1312856	0.0000000	0.0000000
7000.6209600	7000.0338101	6999.8782813	-2.7999600	-0.6000000	0.0000123	0.3391099	0.1330897	0.0000000	0.0000000
7000.6209600	7000.0338101	6999.8782813	-3.0001001	-0.6000000	0.0000074	0.3342042	0.1294010	0.0000000	0.0000000
7000.6209600	7000.0338101	6999.8782813	-3.1999066	-0.6000000	0.0000084	0.3363552	0.1279703	0.0000000	0.0000000
7000.6209600	7000.0338101	6999.8782813	-3.4000467	-0.6000000	0.0000211	0.3390562	0.1415459	0.0000000	0.0000000
7000.6209600	7000.0338101	6999.8782813	-3.5998532	-0.6000000	0.0000126	0.3343687	0.1332804	0.0000000	0.0000000
7000.6209600	7000.0338101	6999.8782813	-3.7999933	-0.6000000	0.0000150	0.3380769	0.1276681	0.0000000	0.0000000
7000.6209600	7000.0338101	6999.8782813	-4.0001334	-0.6000000	0.0000135	0.3364218	0.1295367	0.0000000	0.0000000
7000.6209600	7000.0338101	6999.8782813	-4.1999400	-0.6000000	0.0000135	0.3356971	0.1345229	0.0000000	0.0000000
7000.6209600	7000.0338101	6999.8782813	-4.4000801	-0.6000000	0.0000237	0.3384687	0.1286886	0.0000000	0.0000000
7000.6209600	7000.0338101	6999.8782813	-4.5998866	-0.6000000	0.0000154	0.3327832	0.1278783	0.0000000	0.0000000
7000.6209600	7000.0338101	6999.8782813	-4.8000267	-0.6000000	0.0000089	0.3334871	0.1337534	0.0000000	0.0000000
7000.6209600	7000.0338101	6999.8782813	-4.9998332	-0.6000000	0.0000132	0.3337041	0.1347067	0.0000000	0.0000000
7000.6209600	7000.0338101	6999.8782813	-5.1999733	-0.6000000	0.0000132	0.3312396	0.1238875	0.0000000	0.0000000
7000.6209600	7000.0338101	6999.8782813	-5.4001134	-0.6000000	0.0000199	0.3352819	0.1278912	0.0000000	0.0000000
7000.6209600	7000.0338101	6999.8782813	-5.5999199	-0.6000000	0.0000100	0.3350292	0.1362727	0.0000000	0.0000000
7000.6209600	7000.0338101	6999.8782813	-5.8000600	-0.6000000	0.0000117	0.3337258	0.1293051	0.0000000	0.0000000
7000.6209600	7000.0338101	6999.8782813	-5.9998666	-0.6000000	0.0000164	0.3352577	0.1302745	0.0000000	0.0000000
7000.6209600	7000.0338101	6999.8782813	-6.2000067	-0.6000000	0.0000183	0.3349098	0.1408926	0.0000000	0.0000000
7000.6209600	7000.0338101	6999.8782813	-6.4001468	-0.6000000	0.0000121	0.3350210	0.1305807	0.0000000	0.0000000
7000.6209600	7000.0338101	6999.8782813	-6.5999533	-0.6000000	0.0000238	0.3351539	0.1379515	0.0000000	0.0000000
7000.6209600	7000.0338101	6999.8782813	-6.8000934	-0.6000000	0.0000156	0.3323291	0.1266685	0.0000000	0.0000000
7000.6209600	7000.0338101	6999.8782813	-6.9998999	-0.6000000	0.0000177	0.3343301	0.1258984	0.0000000	0.0000000
7000.6209600	7000.0338101	6999.8782813	-7.2000400	-0.6000000	0.0000168	0.3353287	0.1243710	0.0000000	0.0000000
7000.6209600	7000.0338101	6999.8782813	-7.3998466	-0.6000000	0.0000095	0.3354509	0.1319908	0.0000000	0.0000000
7000.6209600	7000.0338101	6999.8782813	-7.5999867	-0.6000000	0.0000149	0.3361898	0.1310834	0.0000000	0.0000000
7000.6209600	7000.0338101	6999.8782813	-7.8001268	-0.6000000	0.0000146	0.3338586	0.1268239	0.0000000	0.0000000
7000.6209600	7000.0338101	6999.8782813	-7.9999333	-0.6000000	0.0000126	0.3352646	0.1313230	0.0000000	0.0000000
7000.6209600	7000.0338101	6999.8782813	-8.2000734	-0.6000000	0.0000107	0.3354542	0.1331549	0.0000000	0.0000000
7000.6209600	7000.0338101	6999.8782813	-8.3998799	-0.6000000	0.0000070	0.3363833	0.1258367	0.0000000	0.0000000
7000.6209600	7000.0338101	6999.8782813	-8.6000200	-0.6000000	0.0000155	0.3362836	0.1293619	0.0000000	0.0000000
7000.6209600	7000.0338101	6999.8782813	-8.8001601	-0.6000000	0.0000143	0.3374316	0.1342612	0.0000000	0.0000000
7000.6209600	7000.0338101	6999.8782813	-8.9999666	-0.6000000	0.0000183	0.3381102	0.1359467	0.0000000	0.0000000
7000.6209600	7000.0338101	6999.8782813	-9.2001067	-0.6000000	0.0000159	0.3393727	0.1321100	0.0000000	0.0000000
7000.6209600	7000.0338101	6999.8782813	-9.3999133	-0.6000000	0.0000104	0.3330603	0.1281426	0.0000000	0.0000000
7000.6209600	7000.0338101	6999.8782813	-9.6000534	-0.6000000	0.0000168	0.3335154	0.1299753	0.0000000	0.0000000
7000.6209600	7000.0338101	6999.8782813	-9.7998599	-0.6000000	0.0000090	0.3377551	0.1321268	0.0000000	0.0000000
7000.6209600	7000.0338101	6999.8782813	-10.0000000	-0.6000000	0.0000135	0.3355322	0.1309479	0.0000000	0.0000000
