7000.6209600	7000.0338101	6999.8782813	3.0001001	-10.0000000	0.0000031	0.3140145	0.1308093	0.0000000	-10.0000000
7000.6209600	7000.0338101	6999.8782813	2.7999600	-10.0000000	0.0000013	0.3132316	0.1348793	0.0000000	0.0000000
7000.6209600	7000.0338101	6999.8782813	2.6001534	-10.0000000	0.0000050	0.3127803	0.1280599	0.0000000	0.0000000
7000.6209600	7000.0338101	6999.8782813	2.4000133	-10.0000000	0.0000043	0.3143604	0.1391116	0.0000000	0.0000000
7000.6209600	7000.0338101	6999.8782813	2.1998732	-10.0000000	0.0000050	0.3148944	0.1352821	0.0000000	0.0000000
7000.6209600	7000.0338101	6999.8782813	2.0000667	-10.0000000	0.0000038	0.3165925	0.1325732	0.0000000	0.0000000
7000.6209600	7000.0338101	6999.8782813	1.7999266	-10.0000000	0.0000054	0.3132112	0.1402552	0.0000000	0.0000000
7000.6209600	7000.0338101	6999.8782813	1.6001201	-10.0000000	0.0000050	0.3149543	0.1307240	0.0000000	0.0000000
7000.6209600	7000.0338101	6999.8782813	1.3999800	-10.0000000	0.0000048	0.3134319	0.1402137	0.0000000	0.0000000
7000.6209600	7000.0338101	6999.8782813	1.1998399	-10.0000000	0.0000040	0.3116248	0.1269114	0.0000000	0.0000000
7000.6209600	7000.0338101	6999.8782813	1.0000334	-10.0000000	0.0000044	0.3154232	0.1343998	0.0000000	0.0000000
7000.6209600	7000.0338101	6999.8782813	0.7998933	-10.0000000	0.0000023	0.3144871	0.1356277	0.0000000	0.0000000
7000.6209600	7000.0338101	6999.8782813	0.6000867	-10.0000000	0.0000028	0.3144482	0.1346313	0.0000000	0.0000000
7000.6209600	7000.0338101	6999.8782813	0.3999466	-10.0000000	0.0000066	0.3142872	0.1373057	0.0000000	0.0000000
7000.6209600	7000.0338101	6999.8782813	0.2001401	-10.0000000	0.0000065	0.3126920	0.1395356	0.0000000	0.0000000
7000.6209600	7000.0338101	6999.8782813	0.0000000	-10.0000000	0.0000088	0.3122601	0.1373571	0.0000000	0.0000000
7000.6209600	7000.0338101	6999.8782813	-0.2001401	-10.0000000	0.0000060	0.3119092	0.1360547	0.0000000	0.0000000
7000.6209600	7000.0338101	6999.8782813	-0.3999466	-10.0000000	0.0000016	0.3115590	0.1403926	0.0000000	0.0000000
7000.6209600	7000.0338101	6999.8782813	-0.6000867	-10.0000000	0.0000033	0.3107085	0.1347391	0.0000000	0.0000000
7000.6209600	7000.0338101	6999.8782813	-0.7998933	-10.0000000	0.0000031	0.3135090	0.1404877	0.0000000	0.0000000
7000.6209600	7000.0338101	6999.8782813	-1.0000334	-10.0000000	0.0000028	0.3101093	0.1361733	0.0000000	0.0000000
7000.6209600	7000.0338101	6999.8782813	-1.1998399	-10.0000000	0.0000023	0.3099810	0.1390690	0.0000000	0.0000000
7000.6209600	7000.0338101	6999.8782813	-1.3999800	-10.0000000	0.0000063	0.3120774	0.1404305	0.0000000	0.0000000
7000.6209600	7000.0338101	6999.8782813	-1.6001201	-10.0000000	0.0000054	0.3103262	0.1415159	0.0000000	0.0000000
7000.6209600	7000.0338101	6999.8782813	-1.7999266	-10.0000000	0.0000061	0.3103352	0.1371172	0.0000000	0.0000000
7000.6209600	7000.0338101	6999.8782813	-2.0000667	-10.0000000	0.0000055	0.3110557	0.1385210	0.0000000	0.0000000
7000.6209600	7000.0338101	6999.8782813	-2.1998732	-10.0000000	0.0000060	0.3122412	0.1414690	0.0000000	0.0000000
7000.6209600	7000.0338101	6999.8782813	-2.4000133	-10.0000000	0.0000063	0.3086031	0.1418304	0.0000000	0.0000000
7000.6209600	7000.0338101	6999.8782813	-2.6001534	-10.0000000	0.0000059	0.3128672	0.1413441	0.0000000	0.0000000
7000.6209600	7000.0338101	6999.8782813	-2.7999600	-10.0000000	0.0000046	0.3116362	0.1302385	0.0000000	0.0000000
7000.6209600	7000.0338101	6999.8782813	-3.0001001	-10.0000000	0.0000067	0.3137841	0.1278781	0.0000000	0.0000000
7000.6209600	7000.0338101	6999.8782813	-3.1999066	-10.0000000	0.0000057	0.3106813	0.1387423	0.0000000	0.0000000
7000.6209600	7000.0338101	6999.8782813	-3.4000467	-10.0000000	0.0000028	0.3123335	0.1355055	0.0000000	0.0000000
7000.6209600	7000.0338101	6999.8782813	-3.5998532	-10.0000000	0.0000067	0.3154579	0.1325236	0.0000000	0.0000000
7000.6209600	7000.0338101	6999.8782813	-3.7999933	-10.0000000	0.0000044	0.3138434	0.1338156	0.0000000	0.0000000
7000.6209600	7000.0338101	6999.8782813	-4.0001334	-10.0000000	0.0000062	0.3116400	0.1382736	0.0000000	0.0000000
7000.6209600	7000.0338101	6999.8782813	-4.1999400	-10.0000000	0.0000123	0.3114429	0.1397451	0.0000000	0.0000000
7000.6209600	7000.0338101	6999.8782813	-4.4000801	-10.0000000	0.0000040	0.3119772	0.1330419	0.0000000	0.0000000
7000.6209600	7000.0338101	6999.8782813	-4.5998866	-10.0000000	0.0000017	0.3112560	0.1422141	0.0000000	0.0000000
7000.6209600	7000.0338101	6999.8782813	-4.8000267	-10.0000000	0.0000088	0.3139955	0.1393143	0.0000000	0.0000000
7000.6209600	7000.0338101	6999.8782813	-4.9998332	-10.0000000	0.0000051	0.3103374	0.1377748	0.0000000	0.0000000
7000.6209600	7000.0338101	6999.8782813	-5.1999733	-10.0000000	0.0000062	0.3084813	0.1373301	0.0000000	0.0000000
7000.6209600	7000.0338101	6999.8782813	-5.4001134	-10.0000000	0.0000063	0.3122419	0.1408507	0.0000000	0.0000000
7000.6209600	7000.0338101	6999.8782813	-5.5999199	-10.0000000	0.0000056	0.3117606	0.1412799	0.0000000	0.0000000
7000.6209600	7000.0338101	6999.8782813	-5.8000600	-10.0000000	0.0000049	0.3047086	0.1425721	0.0000000	0.0000000
7000.6209600	7000.0338101	6999.8782813	-5.9998666	-10.0000000	0.0000070	0.3099631	0.1427816	0.0000000	0.0000000
7000.6209600	7000.0338101	6999.8782813	-6.2000067	-10.0000000	0.0000043	0.3091766	0.1415129	0.0000000	0.0000000
7000.6209600	7000.0338101	6999.8782813	-6.4001468	-10.0000000	0.0000065	0.3136917	0.1418933	0.0000000	0.0000000
7000.6209600	7000.0338101	6999.8782813	-6.5999533	-10.0000000	0.0000050	0.3116523	0.1395557	0.0000000	0.0000000
7000.6209600	7000.0338101	6999.8782813	-6.8000934	-10.0000000	0.0000027	0.3112412	0.1349993	0.0000000	0.0000000
7000.6209600	7000.0338101	6999.8782813	-6.9998999	-10.0000000	0.0000059	0.3094453	0.1416003	0.0000000	0.0000000
7000.6209600	7000.0338101	6999.8782813	-7.2000400	-10.0000000	0.0000048	0.3081953	0.1296930	0.0000000	0.0000000
7000.6209600	7000.0338101	6999.8782813	-7.3998466	-10.0000000	0.0000038	0.3128152	0.1392056	0.0000000	0.0000000
7000.6209600	7000.0338101	6999.8782813	-7.5999867	-10.0000000	0.0000034	0.3118602	0.1394188	0.0000000	0.0000000
7000.6209600	7000.0338101	6999.8782813	-7.8001268	-10.0000000	0.0000070	0.3126838	0.1392616	0.0000000	0.0000000
7000.6209600	7000.0338101	6999.8782813	-7.9999333	-10.0000000	0.0000028	0.3114885	0.1425383	0.0000000	0.0000000
7000.6209600	7000.0338101	6999.8782813	-8.2000734	-10.0000000	0.0000038	0.3091113	0.1380621	0.0000000	0.0000000
7000.6209600	7000.0338101	6999.8782813	-8.3998799	-10.0000000	0.0000142	0.3095671	0.1393485	0.0000000	0.0000000
7000.6209600	7000.0338101	6999.8782813	-8.6000200	-10.0000000	0.0001726	0.3107386	0.1407393	0.0000000	0.0000000
7000.6209600	7000.0338101	6999.8782813	-8.8001601	-10.0000000	0.0047987	0.3123569	0.1401271	0.0000000	0.0000000
7000.6209600	7000.0338101	6999.8782813	-8.9999666	-10.0000000	0.0215155	0.3106343	0.1442076	0.0000000	0.0000000
7000.6209600	7000.0338101	6999.8782813	-9.2001067	-10.0000000	0.0419901	0.3104357	0.1419976	0.0000000	0.0000000
7000.6209600	7000.0338101	6999.8782813	-9.3999133	-10.0000000	0.0685729	0.3105288	0.1402692	0.0000000	0.0000000
7000.6209600	7000.0338101	6999.8782813	-9.6000534	-10.0000000	0.0992134	0.3121791	0.1403007	0.0000000	0.0000000
7000.6209600	7000.0338101	6999.8782813	-9.7998599	-10.0000000	0.1596995	0.3117301	0.1451250	0.0000000	0.0000000
7000.6209600	7000.0338101	6999.8782813	-10.0000000	-10.0000000	0.1698301	0.3073052	0.1431427	0.0000000	0.0000000
