7000.6209600	7000.0338101	6999.8782813	3.0001001	-0.3999466	0.1749940	0.3373394	0.1345355	0.0000000	-0.4000000
7000.6209600	7000.0338101	6999.8782813	2.7999600	-0.4000000	0.1814237	0.3366422	0.1376588	0.0000000	0.0000000
7000.6209600	7000.0338101	6999.8782813	2.6001534	-0.4000000	0.1775852	0.3347507	0.1378577	0.0000000	0.0000000
7000.6209600	7000.0338101	6999.8782813	2.4000133	-0.4000000	0.1768362	0.3338206	0.1305690	0.0000000	0.0000000
7000.6209600	7000.0338101	6999.8782813	2.1998732	-0.4000000	0.1845520	0.3366506	0.1279250	0.0000000	0.0000000
7000.6209600	7000.0338101	6999.8782813	2.0000667	-0.4000000	0.1800182	0.3360686	0.1287979	0.0000000	0.0000000
7000.6209600	7000.0338101	6999.8782813	1.7999266	-0.4000000	0.1808275	0.3365751	0.1289020	0.0000000	0.0000000
7000.6209600	7000.0338101	6999.8782813	1.6001201	-0.4000000	0.1877601	0.3380916	0.1300984	0.0000000	0.0000000
7000.6209600	7000.0338101	6999.8782813	1.3999800	-0.4000000	0.1900991	0.3377338	0.1257285	0.0000000	0.0000000
7000.6209600	7000.0338101	6999.8782813	1.1998399	-0.4000000	0.1893878	0.3355895	0.1315096	0.0000000	0.0000000
7000.6209600	7000.0338101	6999.8782813	1.0000334	-0.4000000	0.2053960	0.3343171	0.1286305	0.0000000	0.0000000
7000.6209600	7000.0338101	6999.8782813	0.7998933	-0.4000000	0.2300323	0.3342433	0.1287089	0.0000000	0.0000000
7000.6209600	7000.0338101	6999.8782813	0.6000867	-0.4000000	0.2679637	0.3348992	0.1307209	0.0000000	0.0000000
7000.6209600	7000.0338101	6999.8782813	0.3999466	-0.4000000	0.2996975	0.3337220	0.1326049	0.0000000	0.0000000
7000.6209600	7000.0338101	6999.8782813	0.2001401	-0.4000000	0.3317119	0.3352308	0.1304597	0.0000000	0.0000000
7000.6209600	7000.0338101	6999.8782813	0.0000000	-0.4000000	0.3689097	0.3339395	0.1288840	0.0000000	0.0000000
7000.6209600	7000.0338101	6999.8782813	-0.2001401	-0.4000000	0.3868607	0.3341196	0.1276174	0.0000000	0.0000000
7000.6209600	7000.0338101	6999.8782813	-0.3999466	-0.4000000	0.4309167	0.3328781	0.1252625	0.0000000	0.0000000
7000.6209600	7000.0338101	6999.8782813	-0.6000867	-0.4000000	0.3917428	0.3340286	0.1302867	0.0000000	0.0000000
7000.6209600	7000.0338101	6999.8782813	-0.7998933	-0.4000000	0.3280687	0.3326998	0.1296793	0.0000000	0.0000000
7000.6209600	7000.0338101	6999.8782813	-1.0000334	-0.4000000	0.2297175	0.3330048	0.1271816	0.0000000	0.0000000
7000.6209600	7000.0338101	6999.8782813	-1.1998399	-0.4000000	0.1508440	0.3341221	0.1261169	0.0000000	0.0000000
7000.6209600	7000.0338101	6999.8782813	-1.3999800	-0.4000000	0.0977432	0.3359746	0.1298328	0.0000000	0.0000000
7000.6209600	7000.0338101	6999.8782813	-1.6001201	-0.4000000	0.0589940	0.3376062	0.1348794	0.0000000	0.0000000
7000.6209600	7000.0338101	6999.8782813	-1.7999266	-0.4000000	0.0216328	0.3381086	0.1342863	0.0000000	0.0000000
7000.6209600	7000.0338101	6999.8782813	-2.0000667	-0.4000000	0.0026890	0.3365457	0.1325680	0.0000000	0.0000000
7000.6209600	7000.0338101	6999.8782813	-2.1998732	-0.4000000	0.0001575	0.3370024	0.1322693	0.0000000	0.0000000
7000.6209600	7000.0338101	6999.8782813	-2.4000133	-0.4000000	0.0000092	0.3358894	0.1305344	0.0000000	0.0000000
7000.6209600	7000.0338101	6999.8782813	-2.6001534	-0.4000000	0.0000126	0.3348688	0.1272080	0.0000000	0.0000000
7000.6209600	7000.0338101	6999.8782813	-2.7999600	-0.4000000	0.0000153	0.3367448	0.1345182	0.0000000	0.0000000
7000.6209600	7000.0338101	6999.8782813	-3.0001001	-0.4000000	0.0000128	0.3349174	0.1354395	0.0000000	0.0000000
7000.6209600	7000.0338101	6999.8782813	-3.1999066	-0.4000000	0.0000132	0.3354879	0.1291771	0.0000000	0.0000000
7000.6209600	7000.0338101	6999.8782813	-3.4000467	-0.4000000	0.0000181	0.3374246	0.1282451	0.0000000	0.0000000
7000.6209600	7000.0338101	6999.8782813	-3.5998532	-0.4000000	0.0000195	0.3349314	0.1289991	0.0000000	0.0000000
7000.6209600	7000.0338101	6999.8782813	-3.7999933	-0.4000000	0.0000209	0.3350758	0.1312499	0.0000000	0.0000000
7000.6209600	7000.0338101	6999.8782813	-4.0001334	-0.4000000	0.0000156	0.3348347	0.1287423	0.0000000	0.0000000
7000.6209600	7000.0338101	6999.8782813	-4.1999400	-0.4000000	0.0000162	0.3362776	0.1298589	0.0000000	0.0000000
7000.6209600	7000.0338101	6999.8782813	-4.4000801	-0.4000000	0.0000208	0.3295979	0.1305472	0.0000000	0.0000000
7000.6209600	7000.0338101	6999.8782813	-4.5998866	-0.4000000	0.0000126	0.3323657	0.1265310	0.0000000	0.0000000
7000.6209600	7000.0338101	6999.8782813	-4.8000267	-0.4000000	0.0000114	0.3342373	0.1295414	0.0000000	0.0000000
7000.6209600	7000.0338101	6999.8782813	-4.9998332	-0.4000000	0.0000134	0.3320886	0.1319692	0.0000000	0.0000000
7000.6209600	7000.0338101	6999.8782813	-5.1999733	-0.4000000	0.0000146	0.3325905	0.1296843	0.0000000	0.0000000
7000.6209600	7000.0338101	6999.8782813	-5.4001134	-0.4000000	0.0000190	0.3344760	0.1300172	0.0000000	0.0000000
7000.6209600	7000.0338101	6999.8782813	-5.5999199	-0.4000000	0.0000116	0.3327701	0.1298734	0.0000000	0.0000000
7000.6209600	7000.0338101	6999.8782813	-5.8000600	-0.4000000	0.0000162	0.3351249	0.1277721	0.0000000	0.0000000
7000.6209600	7000.0338101	6999.8782813	-5.9998666	-0.4000000	0.0000188	0.3341001	0.1314323	0.0000000	0.0000000
7000.6209600	7000.0338101	6999.8782813	-6.2000067	-0.4000000	0.0000142	0.3356165	0.1302303	0.0000000	0.0000000
7000.6209600	7000.0338101	6999.8782813	-6.4001468	-0.4000000	0.0000194	0.3372058	0.1303257	0.0000000	0.0000000
7000.6209600	7000.0338101	6999.8782813	-6.5999533	-0.4000000	0.0000165	0.3327114	0.1302842	0.0000000	0.0000000
7000.6209600	7000.0338101	6999.8782813	-6.8000934	-0.4000000	0.0000188	0.3338981	0.1304733	0.0000000	0.0000000
7000.6209600	7000.0338101	6999.8782813	-6.9998999	-0.4000000	0.0000160	0.3330039	0.1321227	0.0000000	0.0000000
7000.6209600	7000.0338101	6999.8782813	-7.2000400	-0.4000000	0.0000120	0.3360023	0.1285137	0.0000000	0.0000000
7000.6209600	7000.0338101	6999.8782813	-7.3998466	-0.4000000	0.0000143	0.3364166	0.1262446	0.0000000	0.0000000
7000.6209600	7000.0338101	6999.8782813	-7.5999867	-0.4000000	0.0000114	0.3342650	0.1231783	0.0000000	0.0000000
7000.6209600	7000.0338101	6999.8782813	-7.8001268	-0.4000000	0.0000123	0.3332521	0.1270861	0.0000000	0.0000000
7000.6209600	7000.0338101	6999.8782813	-7.9999333	-0.4000000	0.0000170	0.3324933	0.1242347	0.0000000	0.0000000
7000.6209600	7000.0338101	6999.8782813	-8.2000734	-0.4000000	0.0000208	0.3336313	0.1323806	0.0000000	0.0000000
7000.6209600	7000.0338101	6999.8782813	-8.3998799	-0.4000000	0.0000173	0.3352134	0.1271982	0.0000000	0.0000000
7000.6209600	7000.0338101	6999.8782813	-8.6000200	-0.4000000	0.0000138	0.3350276	0.1271871	0.0000000	0.0000000
7000.6209600	7000.0338101	6999.8782813	-8.8001601	-0.4000000	0.0000166	0.3342953	0.1238892	0.0000000	0.0000000
7000.6209600	7000.0338101	6999.8782813	-8.9999666	-0.4000000	0.0000109	0.3344779	0.1250739	0.0000000	0.0000000
7000.6209600	7000.0338101	6999.8782813	-9.2001067	-0.4000000	0.0000159	0.3346798	0.1291460	0.0000000	0.0000000
7000.6209600	7000.0338101	6999.8782813	-9.3999133	-0.4000000	0.0000239	0.3345488	0.1313710	0.0000000	0.0000000
7000.6209600	7000.0338101	6999.8782813	-9.6000534	-0.4000000	0.0000146	0.3334479	0.1316124	0.0000000	0.0000000
7000.6209600	7000.0338101	6999.8782813	-9.7998599	-0.4000000	0.0000145	0.3306801	0.1291605	0.0000000	0.0000000
7000.6209600	7000.0338101	6999.8782813	-10.0000000	-0.4000000	0.0000166	0.3322416	0.1295997	0.0000000	0.0000000
