7000.6209600	7000.0338101	6999.8782813	3.0001001	-3.7999933	0.0000155	0.3248481	0.1328877	0.0000000	-3.8000000
7000.6209600	7000.0338101	6999.8782813	2.7999600	-3.8000000	0.0000128	0.3285330	0.1424000	0.0000000	0.0000000
7000.6209600	7000.0338101	6999.8782813	2.6001534	-3.8000000	0.0000160	0.3258959	0.1327552	0.0000000	0.0000000
7000.6209600	7000.0338101	6999.8782813	2.4000133	-3.8000000	0.0000135	0.3228092	0.1363804	0.0000000	0.0000000
7000.6209600	7000.0338101	6999.8782813	2.1998732	-3.8000000	0.0000188	0.3245999	0.1410623	0.0000000	0.0000000
7000.6209600	7000.0338101	6999.8782813	2.0000667	-3.8000000	0.0000193	0.3257910	0.1401821	0.0000000	0.0000000
7000.6209600	7000.0338101	6999.8782813	1.7999266	-3.8000000	0.0000210	0.3226318	0.1398179	0.0000000	0.0000000
7000.6209600	7000.0338101	6999.8782813	1.6001201	-3.8000000	0.0000145	0.3242339	0.1358267	0.0000000	0.0000000
7000.6209600	7000.0338101	6999.8782813	1.3999800	-3.8000000	0.0000145	0.3211101	0.1318202	0.0000000	0.0000000
7000.6209600	7000.0338101	6999.8782813	1.1998399	-3.8000000	0.0000171	0.3255074	0.1475157	0.0000000	0.0000000
7000.6209600	7000.0338101	6999.8782813	1.0000334	-3.8000000	0.0000079	0.3282031	0.1410327	0.0000000	0.0000000
7000.6209600	7000.0338101	6999.8782813	0.7998933	-3.8000000	0.0000120	0.3282860	0.1330730	0.0000000	0.0000000
7000.6209600	7000.0338101	6999.8782813	0.6000867	-3.8000000	0.0000190	0.3256807	0.1396497	0.0000000	0.0000000
7000.6209600	7000.0338101	6999.8782813	0.3999466	-3.8000000	0.0000122	0.3268546	0.1327249	0.0000000	0.0000000
7000.6209600	7000.0338101	6999.8782813	0.2001401	-3.8000000	0.0000159	0.3219707	0.1323306	0.0000000	0.0000000
7000.6209600	7000.0338101	6999.8782813	0.0000000	-3.8000000	0.0000132	0.3249004	0.1459998	0.0000000	0.0000000
7000.6209600	7000.0338101	6999.8782813	-0.2001401	-3.8000000	0.0000144	0.3264739	0.1329735	0.0000000	0.0000000
7000.6209600	7000.0338101	6999.8782813	-0.3999466	-3.8000000	0.0000204	0.3270247	0.1328976	0.0000000	0.0000000
7000.6209600	7000.0338101	6999.8782813	-0.6000867	-3.8000000	0.0000114	0.3257567	0.1443508	0.0000000	0.0000000
7000.6209600	7000.0338101	6999.8782813	-0.7998933	-3.8000000	0.0000104	0.3248090	0.1329163	0.0000000	0.0000000
7000.6209600	7000.0338101	6999.8782813	-1.0000334	-3.8000000	0.0000179	0.3293417	0.1394409	0.0000000	0.0000000
7000.6209600	7000.0338101	6999.8782813	-1.1998399	-3.8000000	0.0000072	0.3254559	0.1269689	0.0000000	0.0000000
7000.6209600	7000.0338101	6999.8782813	-1.3999800	-3.8000000	0.0000099	0.3251385	0.1309088	0.0000000	0.0000000
7000.6209600	7000.0338101	6999.8782813	-1.6001201	-3.8000000	0.0000197	0.3233219	0.1312683	0.0000000	0.0000000
7000.6209600	7000.0338101	6999.8782813	-1.7999266	-3.8000000	0.0000150	0.3272137	0.1378994	0.0000000	0.0000000
7000.6209600	7000.0338101	6999.8782813	-2.0000667	-3.8000000	0.0000150	0.3245687	0.1436030	0.0000000	0.0000000
7000.6209600	7000.0338101	6999.8782813	-2.1998732	-3.8000000	0.0000549	0.3232389	0.1340863	0.0000000	0.0000000
7000.6209600	7000.0338101	6999.8782813	-2.4000133	-3.8000000	0.0023875	0.3233389	0.1418690	0.0000000	0.0000000
7000.6209600	7000.0338101	6999.8782813	-2.6001534	-3.8000000	0.0166549	0.3249664	0.1394617	0.0000000	0.0000000
7000.6209600	7000.0338101	6999.8782813	-2.7999600	-3.8000000	0.0582312	0.3234067	0.1444530	0.0000000	0.0000000
7000.6209600	7000.0338101	6999.8782813	-3.0001001	-3.8000000	0.0839802	0.3278906	0.1386771	0.0000000	0.0000000
7000.6209600	7000.0338101	6999.8782813	-3.1999066	-3.8000000	0.1335172	0.3279771	0.1421691	0.0000000	0.0000000
7000.6209600	7000.0338101	6999.8782813	-3.4000467	-3.8000000	0.2256085	0.3246591	0.1484313	0.0000000	0.0000000
7000.6209600	7000.0338101	6999.8782813	-3.5998532	-3.8000000	0.2289794	0.3260360	0.1384362	0.0000000	0.0000000
7000.6209600	7000.0338101	6999.8782813	-3.7999933	-3.8000000	0.2701182	0.3247488	0.1379028	0.0000000	0.0000000
7000.6209600	7000.0338101	6999.8782813	-4.0001334	-3.8000000	0.2962692	0.3250281	0.1402706	0.0000000	0.0000000
7000.6209600	7000.0338101	6999.8782813	-4.1999400	-3.8000000	0.2531782	0.3213896	0.1329302	0.0000000	0.0000000
7000.6209600	7000.0338101	6999.8782813	-4.4000801	-3.8000000	0.1489044	0.3254008	0.1342633	0.0000000	0.0000000
7000.6209600	7000.0338101	6999.8782813	-4.5998866	-3.8000000	0.1056962	0.3279430	0.1307063	0.0000000	0.0000000
7000.6209600	7000.0338101	6999.8782813	-4.8000267	-3.8000000	0.0766010	0.3226456	0.1313531	0.0000000	0.0000000
7000.6209600	7000.0338101	6999.8782813	-4.9998332	-3.8000000	0.0432198	0.3238391	0.1446082	0.0000000	0.0000000
7000.6209600	7000.0338101	6999.8782813	-5.1999733	-3.8000000	0.0138958	0.3234360	0.1428437	0.0000000	0.0000000
7000.6209600	7000.0338101	6999.8782813	-5.4001134	-3.8000000	0.0008301	0.3244137	0.1400110	0.0000000	0.0000000
7000.6209600	7000.0338101	6999.8782813	-5.5999199	-3.8000000	0.0000424	0.3240118	0.1409740	0.0000000	0.0000000
7000.6209600	7000.0338101	6999.8782813	-5.8000600	-3.8000000	0.0000114	0.3248906	0.1366143	0.0000000	0.0000000
7000.6209600	7000.0338101	6999.8782813	-5.9998666	-3.8000000	0.0000157	0.3275372	0.1368190	0.0000000	0.0000000
7000.6209600	7000.0338101	6999.8782813	-6.2000067	-3.8000000	0.0000161	0.3247622	0.1444333	0.0000000	0.0000000
7000.6209600	7000.0338101	6999.8782813	-6.4001468	-3.8000000	0.0000140	0.3268625	0.1352305	0.0000000	0.0000000
7000.6209600	7000.0338101	6999.8782813	-6.5999533	-3.8000000	0.0000149	0.3233458	0.1323250	0.0000000	0.0000000
7000.6209600	7000.0338101	6999.8782813	-6.8000934	-3.8000000	0.0000189	0.3222039	0.1408052	0.0000000	0.0000000
7000.6209600	7000.0338101	6999.8782813	-6.9998999	-3.8000000	0.0000116	0.3242839	0.1488573	0.0000000	0.0000000
7000.6209600	7000.0338101	6999.8782813	-7.2000400	-3.8000000	0.0000172	0.3247581	0.1464188	0.0000000	0.0000000
7000.6209600	7000.0338101	6999.8782813	-7.3998466	-3.8000000	0.0000096	0.3222977	0.1358290	0.0000000	0.0000000
7000.6209600	7000.0338101	6999.8782813	-7.5999867	-3.8000000	0.0000115	0.3217477	0.1429905	0.0000000	0.0000000
7000.6209600	7000.0338101	6999.8782813	-7.8001268	-3.8000000	0.0000099	0.3252734	0.1440413	0.0000000	0.0000000
7000.6209600	7000.0338101	6999.8782813	-7.9999333	-3.8000000	0.0000121	0.3213456	0.1455959	0.0000000	0.0000000
7000.6209600	7000.0338101	6999.8782813	-8.2000734	-3.8000000	0.0000073	0.3204592	0.1447927	0.0000000	0.0000000
7000.6209600	7000.0338101	6999.8782813	-8.3998799	-3.8000000	0.0000083	0.3256788	0.1462435	0.0000000	0.0000000
7000.6209600	7000.0338101	6999.8782813	-8.6000200	-3.8000000	0.0000104	0.3224207	0.1406057	0.0000000	0.0000000
7000.6209600	7000.0338101	6999.8782813	-8.8001601	-3.8000000	0.0000116	0.3224314	0.1364586	0.0000000	0.0000000
7000.6209600	7000.0338101	6999.8782813	-8.9999666	-3.8000000	0.0000166	0.3234802	0.1448827	0.0000000	0.0000000
7000.6209600	7000.0338101	6999.8782813	-9.2001067	-3.8000000	0.0000173	0.3231851	0.1367235	0.0000000	0.0000000
7000.6209600	7000.0338101	6999.8782813	-9.3999133	-3.8000000	0.0000201	0.3242051	0.1347568	0.0000000	0.0000000
7000.6209600	7000.0338101	6999.8782813	-9.6000534	-3.8000000	0.0000137	0.3241481	0.1354868	0.0000000	0.0000000
7000.6209600	7000.0338101	6999.8782813	-9.7998599	-3.8000000	0.0000104	0.3224143	0.1449803	0.0000000	0.0000000
7000.6209600	7000.0338101	6999.8782813	-10.0000000	-3.8000000	0.0000107	0.3233513	0.1411384	0.0000000	0.0000000
