7000.6209600	7000.0338101	6999.8782813	3.0001001	-5.5999199	0.0000090	0.3227983	0.1417594	0.0000000	-5.6000000
7000.6209600	7000.0338101	6999.8782813	2.7999600	-5.6000000	0.0000076	0.3204010	0.1461777	0.0000000	0.0000000
7000.6209600	7000.0338101	6999.8782813	2.6001534	-5.6000000	0.0000114	0.3204889	0.1480344	0.0000000	0.0000000
7000.6209600	7000.0338101	6999.8782813	2.4000133	-5.6000000	0.0000101	0.3192865	0.1461761	0.0000000	0.0000000
7000.6209600	7000.0338101	6999.8782813	2.1998732	-5.6000000	0.0000198	0.3219257	0.1456216	0.0000000	0.0000000
7000.6209600	7000.0338101	6999.8782813	2.0000667	-5.6000000	0.0000099	0.3221476	0.1455729	0.0000000	0.0000000
7000.6209600	7000.0338101	6999.8782813	1.7999266	-5.6000000	0.0000168	0.3227393	0.1462784	0.0000000	0.0000000
7000.6209600	7000.0338101	6999.8782813	1.6001201	-5.6000000	0.0000157	0.3190144	0.1454800	0.0000000	0.0000000
7000.6209600	7000.0338101	6999.8782813	1.3999800	-5.6000000	0.0000128	0.3215240	0.1405457	0.0000000	0.0000000
7000.6209600	7000.0338101	6999.8782813	1.1998399	-5.6000000	0.0000112	0.3221141	0.1463108	0.0000000	0.0000000
7000.6209600	7000.0338101	6999.8782813	1.0000334	-5.6000000	0.0000186	0.3241205	0.1411392	0.0000000	0.0000000
7000.6209600	7000.0338101	6999.8782813	0.7998933	-5.6000000	0.0000128	0.3216006	0.1369572	0.0000000	0.0000000
7000.6209600	7000.0338101	6999.8782813	0.6000867	-5.6000000	0.0000081	0.3187637	0.1356791	0.0000000	0.0000000
7000.6209600	7000.0338101	6999.8782813	0.3999466	-5.6000000	0.0000148	0.3192582	0.1365573	0.0000000	0.0000000
7000.6209600	7000.0338101	6999.8782813	0.2001401	-5.6000000	0.0000176	0.3193896	0.1357523	0.0000000	0.0000000
7000.6209600	7000.0338101	6999.8782813	0.0000000	-5.6000000	0.0000095	0.3187528	0.1321766	0.0000000	0.0000000
7000.6209600	7000.0338101	6999.8782813	-0.2001401	-5.6000000	0.0000100	0.3227725	0.1365312	0.0000000	0.0000000
7000.6209600	7000.0338101	6999.8782813	-0.3999466	-5.6000000	0.0000145	0.3228794	0.1386866	0.0000000	0.0000000
7000.6209600	7000.0338101	6999.8782813	-0.6000867	-5.6000000	0.0000098	0.3200930	0.1381038	0.0000000	0.0000000
7000.6209600	7000.0338101	6999.8782813	-0.7998933	-5.6000000	0.0000173	0.3172185	0.1306528	0.0000000	0.0000000
7000.6209600	7000.0338101	6999.8782813	-1.0000334	-5.6000000	0.0000107	0.3198188	0.1373835	0.0000000	0.0000000
7000.6209600	7000.0338101	6999.8782813	-1.1998399	-5.6000000	0.0000143	0.3213303	0.1399128	0.0000000	0.0000000
7000.6209600	7000.0338101	6999.8782813	-1.3999800	-5.6000000	0.0000101	0.3225740	0.1300227	0.0000000	0.0000000
7000.6209600	7000.0338101	6999.8782813	-1.6001201	-5.6000000	0.0000096	0.3195736	0.1311438	0.0000000	0.0000000
7000.6209600	7000.0338101	6999.8782813	-1.7999266	-5.6000000	0.0000127	0.3173730	0.1365203	0.0000000	0.0000000
7000.6209600	7000.0338101	6999.8782813	-2.0000667	-5.6000000	0.0000125	0.3158459	0.1401091	0.0000000	0.0000000
7000.6209600	7000.0338101	6999.8782813	-2.1998732	-5.6000000	0.0000176	0.3188291	0.1440547	0.0000000	0.0000000
7000.6209600	7000.0338101	6999.8782813	-2.4000133	-5.6000000	0.0000144	0.3233437	0.1470223	0.0000000	0.0000000
7000.6209600	7000.0338101	6999.8782813	-2.6001534	-5.6000000	0.0000153	0.3196056	0.1503519	0.0000000	0.0000000
7000.6209600	7000.0338101	6999.8782813	-2.7999600	-5.6000000	0.0000204	0.3206167	0.1382389	0.0000000	0.0000000
7000.6209600	7000.0338101	6999.8782813	-3.0001001	-5.6000000	0.0000132	0.3199858	0.1436169	0.0000000	0.0000000
7000.6209600	7000.0338101	6999.8782813	-3.1999066	-5.6000000	0.0000114	0.3211117	0.1429805	0.0000000	0.0000000
7000.6209600	7000.0338101	6999.8782813	-3.4000467	-5.6000000	0.0000140	0.3223588	0.1461989	0.0000000	0.0000000
7000.6209600	7000.0338101	6999.8782813	-3.5998532	-5.6000000	0.0000073	0.3221149	0.1378381	0.0000000	0.0000000
7000.6209600	7000.0338101	6999.8782813	-3.7999933	-5.6000000	0.0000095	0.3199717	0.1411006	0.0000000	0.0000000
7000.6209600	7000.0338101	6999.8782813	-4.0001334	-5.6000000	0.0000511	0.3176927	0.1407781	0.0000000	0.0000000
7000.6209600	7000.0338101	6999.8782813	-4.1999400	-5.6000000	0.0006422	0.3183809	0.1395997	0.0000000	0.0000000
7000.6209600	7000.0338101	6999.8782813	-4.4000801	-5.6000000	0.0116697	0.3140154	0.1421659	0.0000000	0.0000000
7000.6209600	7000.0338101	6999.8782813	-4.5998866	-5.6000000	0.0395461	0.3169818	0.1423201	0.0000000	0.0000000
7000.6209600	7000.0338101	6999.8782813	-4.8000267	-5.6000000	0.0886198	0.3152855	0.1474740	0.0000000	0.0000000
7000.6209600	7000.0338101	6999.8782813	-4.9998332	-5.6000000	0.1276753	0.3140587	0.1439149	0.0000000	0.0000000
7000.6209600	7000.0338101	6999.8782813	-5.1999733	-5.6000000	0.1947096	0.3177150	0.1449161	0.0000000	0.0000000
7000.6209600	7000.0338101	6999.8782813	-5.4001134	-5.6000000	0.2216689	0.3187965	0.1398025	0.0000000	0.0000000
7000.6209600	7000.0338101	6999.8782813	-5.5999199	-5.6000000	0.2591123	0.3189677	0.1441344	0.0000000	0.0000000
7000.6209600	7000.0338101	6999.8782813	-5.8000600	-5.6000000	0.2644434	0.3197035	0.1421332	0.0000000	0.0000000
7000.6209600	7000.0338101	6999.8782813	-5.9998666	-5.6000000	0.2416982	0.3202274	0.1487490	0.0000000	0.0000000
7000.6209600	7000.0338101	6999.8782813	-6.2000067	-5.6000000	0.1722028	0.3224834	0.1421118	0.0000000	0.0000000
7000.6209600	7000.0338101	6999.8782813	-6.4001468	-5.6000000	0.0941324	0.3226310	0.1414291	0.0000000	0.0000000
7000.6209600	7000.0338101	6999.8782813	-6.5999533	-5.6000000	0.0563192	0.3144114	0.1392343	0.0000000	0.0000000
7000.6209600	7000.0338101	6999.8782813	-6.8000934	-5.6000000	0.0282969	0.3174025	0.1376089	0.0000000	0.0000000
7000.6209600	7000.0338101	6999.8782813	-6.9998999	-5.6000000	0.0087958	0.3212683	0.1456501	0.0000000	0.0000000
7000.6209600	7000.0338101	6999.8782813	-7.2000400	-5.6000000	0.0001915	0.3228379	0.1324874	0.0000000	0.0000000
7000.6209600	7000.0338101	6999.8782813	-7.3998466	-5.6000000	0.0000331	0.3200483	0.1378774	0.0000000	0.0000000
7000.6209600	7000.0338101	6999.8782813	-7.5999867	-5.6000000	0.0000126	0.3201528	0.1429811	0.0000000	0.0000000
7000.6209600	7000.0338101	6999.8782813	-7.8001268	-5.6000000	0.0000177	0.3198102	0.1426327	0.0000000	0.0000000
7000.6209600	7000.0338101	6999.8782813	-7.9999333	-5.6000000	0.0000109	0.3206663	0.1508032	0.0000000	0.0000000
7000.6209600	7000.0338101	6999.8782813	-8.2000734	-5.6000000	0.0000220	0.3213499	0.1442360	0.0000000	0.0000000
7000.6209600	7000.0338101	6999.8782813	-8.3998799	-5.6000000	0.0000066	0.3192189	0.1405167	0.0000000	0.0000000
7000.6209600	7000.0338101	6999.8782813	-8.6000200	-5.6000000	0.0000129	0.3190001	0.1368379	0.0000000	0.0000000
7000.6209600	7000.0338101	6999.8782813	-8.8001601	-5.6000000	0.0000089	0.3169385	0.1259125	0.0000000	0.0000000
7000.6209600	7000.0338101	6999.8782813	-8.9999666	-5.6000000	0.0000093	0.3181343	0.1458367	0.0000000	0.0000000
7000.6209600	7000.0338101	6999.8782813	-9.2001067	-5.6000000	0.0000111	0.3205858	0.1305935	0.0000000	0.0000000
7000.6209600	7000.0338101	6999.8782813	-9.3999133	-5.6000000	0.0000085	0.3219478	0.1307350	0.0000000	0.0000000
7000.6209600	7000.0338101	6999.8782813	-9.6000534	-5.6000000	0.0000087	0.3215015	0.1303801	0.0000000	0.0000000
7000.6209600	7000.0338101	6999.8782813	-9.7998599	-5.6000000	0.0000090	0.3227816	0.1356925	0.0000000	0.0000000
7000.6209600	7000.0338101	6999.8782813	-10.0000000	-5.6000000	0.0000115	0.3237179	0.1391071	0.0000000	0.0000000
