7000.6209600	7000.0338101	6999.8782813	3.0001001	-8.2000734	0.0000010	0.3126573	0.1418199	0.0000000	-8.2000000
7000.6209600	7000.0338101	6999.8782813	2.7999600	-8.2000000	0.0000045	0.3140074	0.1394277	0.0000000	0.0000000
7000.6209600	7000.0338101	6999.8782813	2.6001534	-8.2000000	0.0000055	0.3121272	0.1375989	0.0000000	0.0000000
7000.6209600	7000.0338101	6999.8782813	2.4000133	-8.2000000	0.0000089	0.3100631	0.1428632	0.0000000	0.0000000
7000.6209600	7000.0338101	6999.8782813	2.1998732	-8.2000000	0.0000049	0.3152634	0.1408364	0.0000000	0.0000000
7000.6209600	7000.0338101	6999.8782813	2.0000667	-8.2000000	0.0000081	0.3135746	0.1473779	0.0000000	0.0000000
7000.6209600	7000.0338101	6999.8782813	1.7999266	-8.2000000	0.0000074	0.3149489	0.1437733	0.0000000	0.0000000
7000.6209600	7000.0338101	6999.8782813	1.6001201	-8.2000000	0.0000062	0.3174608	0.1356628	0.0000000	0.0000000
7000.6209600	7000.0338101	6999.8782813	1.3999800	-8.2000000	0.0000032	0.3139508	0.1381927	0.0000000	0.0000000
7000.6209600	7000.0338101	6999.8782813	1.1998399	-8.2000000	0.0000038	0.3123868	0.1374788	0.0000000	0.0000000
7000.6209600	7000.0338101	6999.8782813	1.0000334	-8.2000000	0.0000038	0.3122501	0.1370211	0.0000000	0.0000000
7000.6209600	7000.0338101	6999.8782813	0.7998933	-8.2000000	0.0000044	0.3164359	0.1357526	0.0000000	0.0000000
7000.6209600	7000.0338101	6999.8782813	0.6000867	-8.2000000	0.0000077	0.3170944	0.1376465	0.0000000	0.0000000
7000.6209600	7000.0338101	6999.8782813	0.3999466	-8.2000000	0.0000077	0.3153348	0.1388860	0.0000000	0.0000000
7000.6209600	7000.0338101	6999.8782813	0.2001401	-8.2000000	0.0000076	0.3114954	0.1439336	0.0000000	0.0000000
7000.6209600	7000.0338101	6999.8782813	0.0000000	-8.2000000	0.0000032	0.3134133	0.1397119	0.0000000	0.0000000
7000.6209600	7000.0338101	6999.8782813	-0.2001401	-8.2000000	0.0000050	0.3138269	0.1342192	0.0000000	0.0000000
7000.6209600	7000.0338101	6999.8782813	-0.3999466	-8.2000000	0.0000083	0.3112821	0.1392321	0.0000000	0.0000000
7000.6209600	7000.0338101	6999.8782813	-0.6000867	-8.2000000	0.0000049	0.3126576	0.1406781	0.0000000	0.0000000
7000.6209600	7000.0338101	6999.8782813	-0.7998933	-8.2000000	0.0000032	0.3134717	0.1417987	0.0000000	0.0000000
7000.6209600	7000.0338101	6999.8782813	-1.0000334	-8.2000000	0.0000052	0.3112104	0.1410620	0.0000000	0.0000000
7000.6209600	7000.0338101	6999.8782813	-1.1998399	-8.2000000	0.0000105	0.3151580	0.1458143	0.0000000	0.0000000
7000.6209600	7000.0338101	6999.8782813	-1.3999800	-8.2000000	0.0000040	0.3103033	0.1446814	0.0000000	0.0000000
7000.6209600	7000.0338101	6999.8782813	-1.6001201	-8.2000000	0.0000074	0.3099753	0.1475254	0.0000000	0.0000000
7000.6209600	7000.0338101	6999.8782813	-1.7999266	-8.2000000	0.0000089	0.3107073	0.1429819	0.0000000	0.0000000
7000.6209600	7000.0338101	6999.8782813	-2.0000667	-8.2000000	0.0000057	0.3118660	0.1471892	0.0000000	0.0000000
7000.6209600	7000.0338101	6999.8782813	-2.1998732	-8.2000000	0.0000052	0.3166201	0.1434514	0.0000000	0.0000000
7000.6209600	7000.0338101	6999.8782813	-2.4000133	-8.2000000	0.0000103	0.3123270	0.1453512	0.0000000	0.0000000
7000.6209600	7000.0338101	6999.8782813	-2.6001534	-8.2000000	0.0000062	0.3121360	0.1427876	0.0000000	0.0000000
7000.6209600	7000.0338101	6999.8782813	-2.7999600	-8.2000000	0.0000037	0.3162404	0.1433866	0.0000000	0.0000000
7000.6209600	7000.0338101	6999.8782813	-3.0001001	-8.2000000	0.0000033	0.3140981	0.1402654	0.0000000	0.0000000
7000.6209600	7000.0338101	6999.8782813	-3.1999066	-8.2000000	0.0000046	0.3120989	0.1367233	0.0000000	0.0000000
7000.6209600	7000.0338101	6999.8782813	-3.4000467	-8.2000000	0.0000026	0.3150374	0.1373357	0.0000000	0.0000000
7000.6209600	7000.0338101	6999.8782813	-3.5998532	-8.2000000	0.0000046	0.3150620	0.1441855	0.0000000	0.0000000
7000.6209600	7000.0338101	6999.8782813	-3.7999933	-8.2000000	0.0000023	0.3122008	0.1337761	0.0000000	0.0000000
7000.6209600	7000.0338101	6999.8782813	-4.0001334	-8.2000000	0.0000063	0.3162977	0.1375092	0.0000000	0.0000000
7000.6209600	7000.0338101	6999.8782813	-4.1999400	-8.2000000	0.0000081	0.3112493	0.1407134	0.0000000	0.0000000
7000.6209600	7000.0338101	6999.8782813	-4.4000801	-8.2000000	0.0000056	0.3116769	0.1327001	0.0000000	0.0000000
7000.6209600	7000.0338101	6999.8782813	-4.5998866	-8.2000000	0.0000060	0.3157509	0.1431555	0.0000000	0.0000000
7000.6209600	7000.0338101	6999.8782813	-4.8000267	-8.2000000	0.0000043	0.3137698	0.1423400	0.0000000	0.0000000
7000.6209600	7000.0338101	6999.8782813	-4.9998332	-8.2000000	0.0000042	0.3173790	0.1391219	0.0000000	0.0000000
7000.6209600	7000.0338101	6999.8782813	-5.1999733	-8.2000000	0.0000073	0.3106338	0.1450295	0.0000000	0.0000000
7000.6209600	7000.0338101	6999.8782813	-5.4001134	-8.2000000	0.0000071	0.3050592	0.1458383	0.0000000	0.0000000
7000.6209600	7000.0338101	6999.8782813	-5.5999199	-8.2000000	0.0000052	0.3133790	0.1425168	0.0000000	0.0000000
7000.6209600	7000.0338101	6999.8782813	-5.8000600	-8.2000000	0.0000067	0.3134230	0.1445873	0.0000000	0.0000000
7000.6209600	7000.0338101	6999.8782813	-5.9998666	-8.2000000	0.0000061	0.3108032	0.1419907	0.0000000	0.0000000
7000.6209600	7000.0338101	6999.8782813	-6.2000067	-8.2000000	0.0000111	0.3113618	0.1435331	0.0000000	0.0000000
7000.6209600	7000.0338101	6999.8782813	-6.4001468	-8.2000000	0.0000043	0.3130925	0.1426681	0.0000000	0.0000000
7000.6209600	7000.0338101	6999.8782813	-6.5999533	-8.2000000	0.0000835	0.3210254	0.1459567	0.0000000	0.0000000
7000.6209600	7000.0338101	6999.8782813	-6.8000934	-8.2000000	0.0009058	0.3127399	0.1432607	0.0000000	0.0000000
7000.6209600	7000.0338101	6999.8782813	-6.9998999	-8.2000000	0.0069503	0.3143458	0.1402830	0.0000000	0.0000000
7000.6209600	7000.0338101	6999.8782813	-7.2000400	-8.2000000	0.0225396	0.3159299	0.1405853	0.0000000	0.0000000
7000.6209600	7000.0338101	6999.8782813	-7.3998466	-8.2000000	0.0493551	0.3115571	0.1408719	0.0000000	0.0000000
7000.6209600	7000.0338101	6999.8782813	-7.5999867	-8.2000000	0.0779609	0.3111128	0.1416924	0.0000000	0.0000000
7000.6209600	7000.0338101	6999.8782813	-7.8001268	-8.2000000	0.1080889	0.3153313	0.1367373	0.0000000	0.0000000
7000.6209600	7000.0338101	6999.8782813	-7.9999333	-8.2000000	0.1873101	0.3154087	0.1443555	0.0000000	0.0000000
7000.6209600	7000.0338101	6999.8782813	-8.2000734	-8.2000000	0.2168717	0.3139495	0.1432180	0.0000000	0.0000000
7000.6209600	7000.0338101	6999.8782813	-8.3998799	-8.2000000	0.2111964	0.3102979	0.1452296	0.0000000	0.0000000
7000.6209600	7000.0338101	6999.8782813	-8.6000200	-8.2000000	0.1835569	0.3108527	0.1465272	0.0000000	0.0000000
7000.6209600	7000.0338101	6999.8782813	-8.8001601	-8.2000000	0.1276486	0.3126469	0.1466165	0.0000000	0.0000000
7000.6209600	7000.0338101	6999.8782813	-8.9999666	-8.2000000	0.0745796	0.3108428	0.1449440	0.0000000	0.0000000
7000.6209600	7000.0338101	6999.8782813	-9.2001067	-8.2000000	0.0438472	0.3134731	0.1437245	0.0000000	0.0000000
7000.6209600	7000.0338101	6999.8782813	-9.3999133	-8.2000000	0.0206047	0.3148162	0.1450869	0.0000000	0.0000000
7000.6209600	7000.0338101	6999.8782813	-9.6000534	-8.2000000	0.0039296	0.3132366	0.1447649	0.0000000	0.0000000
7000.6209600	7000.0338101	6999.8782813	-9.7998599	-8.2000000	0.0003447	0.3119617	0.1482450	0.0000000	0.0000000
7000.6209600	7000.0338101	6999.8782813	-10.0000000	-8.2000000	0.0000133	0.3056090	0.1447076	0.0000000	0.0000000
