7000.6209600	7000.0338101	6999.8782813	3.0001001	-6.9998999	0.0000078	0.3151729	0.1442687	0.0000000	-7.0000000
7000.6209600	7000.0338101	6999.8782813	2.7999600	-7.0000000	0.0000138	0.3160284	0.1449154	0.0000000	0.0000000
7000.6209600	7000.0338101	6999.8782813	2.6001534	-7.0000000	0.0000114	0.3167216	0.1448254	0.0000000	0.0000000
7000.6209600	7000.0338101	6999.8782813	2.4000133	-7.0000000	0.0000081	0.3125449	0.1412058	0.0000000	0.0000000
7000.6209600	7000.0338101	6999.8782813	2.1998732	-7.0000000	0.0000107	0.3133040	0.1465677	0.0000000	0.0000000
7000.6209600	7000.0338101	6999.8782813	2.0000667	-7.0000000	0.0000056	0.3174980	0.1438628	0.0000000	0.0000000
7000.6209600	7000.0338101	6999.8782813	1.7999266	-7.0000000	0.0000051	0.3180024	0.1392186	0.0000000	0.0000000
7000.6209600	7000.0338101	6999.8782813	1.6001201	-7.0000000	0.0000065	0.3192957	0.1395358	0.0000000	0.0000000
7000.6209600	7000.0338101	6999.8782813	1.3999800	-7.0000000	0.0000081	0.3188218	0.1403994	0.0000000	0.0000000
7000.6209600	7000.0338101	6999.8782813	1.1998399	-7.0000000	0.0000133	0.3181257	0.1380874	0.0000000	0.0000000
7000.6209600	7000.0338101	6999.8782813	1.0000334	-7.0000000	0.0000074	0.3165511	0.1417003	0.0000000	0.0000000
7000.6209600	7000.0338101	6999.8782813	0.7998933	-7.0000000	0.0000131	0.3139235	0.1464720	0.0000000	0.0000000
7000.6209600	7000.0338101	6999.8782813	0.6000867	-7.0000000	0.0000072	0.3143933	0.1398933	0.0000000	0.0000000
7000.6209600	7000.0338101	6999.8782813	0.3999466	-7.0000000	0.0000138	0.3163213	0.1362876	0.0000000	0.0000000
7000.6209600	7000.0338101	6999.8782813	0.2001401	-7.0000000	0.0000114	0.3157360	0.1462155	0.0000000	0.0000000
7000.6209600	7000.0338101	6999.8782813	0.0000000	-7.0000000	0.0000116	0.3184901	0.1399158	0.0000000	0.0000000
7000.6209600	7000.0338101	6999.8782813	-0.2001401	-7.0000000	0.0000089	0.3166863	0.1411923	0.0000000	0.0000000
7000.6209600	7000.0338101	6999.8782813	-0.3999466	-7.0000000	0.0000050	0.3180146	0.1453800	0.0000000	0.0000000
7000.6209600	7000.0338101	6999.8782813	-0.6000867	-7.0000000	0.0000118	0.3184534	0.1445314	0.0000000	0.0000000
7000.6209600	7000.0338101	6999.8782813	-0.7998933	-7.0000000	0.0000099	0.3141730	0.1475099	0.0000000	0.0000000
7000.6209600	7000.0338101	6999.8782813	-1.0000334	-7.0000000	0.0000060	0.3170527	0.1421593	0.0000000	0.0000000
7000.6209600	7000.0338101	6999.8782813	-1.1998399	-7.0000000	0.0000070	0.3161810	0.1423940	0.0000000	0.0000000
7000.6209600	7000.0338101	6999.8782813	-1.3999800	-7.0000000	0.0000074	0.3166958	0.1399281	0.0000000	0.0000000
7000.6209600	7000.0338101	6999.8782813	-1.6001201	-7.0000000	0.0000031	0.3157086	0.1422853	0.0000000	0.0000000
7000.6209600	7000.0338101	6999.8782813	-1.7999266	-7.0000000	0.0000074	0.3184296	0.1357794	0.0000000	0.0000000
7000.6209600	7000.0338101	6999.8782813	-2.0000667	-7.0000000	0.0000044	0.3147030	0.1399183	0.0000000	0.0000000
7000.6209600	7000.0338101	6999.8782813	-2.1998732	-7.0000000	0.0000087	0.3134143	0.1479099	0.0000000	0.0000000
7000.6209600	7000.0338101	6999.8782813	-2.4000133	-7.0000000	0.0000126	0.3126847	0.1497449	0.0000000	0.0000000
7000.6209600	7000.0338101	6999.8782813	-2.6001534	-7.0000000	0.0000084	0.3120069	0.1502042	0.0000000	0.0000000
7000.6209600	7000.0338101	6999.8782813	-2.7999600	-7.0000000	0.0000070	0.3175804	0.1480837	0.0000000	0.0000000
7000.6209600	7000.0338101	6999.8782813	-3.0001001	-7.0000000	0.0000079	0.3176089	0.1450802	0.0000000	0.0000000
7000.6209600	7000.0338101	6999.8782813	-3.1999066	-7.0000000	0.0000135	0.3144634	0.1472577	0.0000000	0.0000000
7000.6209600	7000.0338101	6999.8782813	-3.4000467	-7.0000000	0.0000074	0.3170454	0.1383267	0.0000000	0.0000000
7000.6209600	7000.0338101	6999.8782813	-3.5998532	-7.0000000	0.0000107	0.3151572	0.1446805	0.0000000	0.0000000
7000.6209600	7000.0338101	6999.8782813	-3.7999933	-7.0000000	0.0000074	0.3183513	0.1402704	0.0000000	0.0000000
7000.6209600	7000.0338101	6999.8782813	-4.0001334	-7.0000000	0.0000057	0.3188187	0.1394636	0.0000000	0.0000000
7000.6209600	7000.0338101	6999.8782813	-4.1999400	-7.0000000	0.0000081	0.3209979	0.1442441	0.0000000	0.0000000
7000.6209600	7000.0338101	6999.8782813	-4.4000801	-7.0000000	0.0000034	0.3205045	0.1385492	0.0000000	0.0000000
7000.6209600	7000.0338101	6999.8782813	-4.5998866	-7.0000000	0.0000082	0.3173665	0.1416978	0.0000000	0.0000000
7000.6209600	7000.0338101	6999.8782813	-4.8000267	-7.0000000	0.0000092	0.3202144	0.1371866	0.0000000	0.0000000
7000.6209600	7000.0338101	6999.8782813	-4.9998332	-7.0000000	0.0000078	0.3145039	0.1343585	0.0000000	0.0000000
7000.6209600	7000.0338101	6999.8782813	-5.1999733	-7.0000000	0.0000132	0.3159403	0.1447094	0.0000000	0.0000000
7000.6209600	7000.0338101	6999.8782813	-5.4001134	-7.0000000	0.0000145	0.3134431	0.1344479	0.0000000	0.0000000
7000.6209600	7000.0338101	6999.8782813	-5.5999199	-7.0000000	0.0005646	0.3175332	0.1398197	0.0000000	0.0000000
7000.6209600	7000.0338101	6999.8782813	-5.8000600	-7.0000000	0.0106689	0.3159230	0.1441721	0.0000000	0.0000000
7000.6209600	7000.0338101	6999.8782813	-5.9998666	-7.0000000	0.0277260	0.3128191	0.1392692	0.0000000	0.0000000
7000.6209600	7000.0338101	6999.8782813	-6.2000067	-7.0000000	0.0768407	0.3155190	0.1468456	0.0000000	0.0000000
7000.6209600	7000.0338101	6999.8782813	-6.4001468	-7.0000000	0.1068680	0.3176554	0.1433099	0.0000000	0.0000000
7000.6209600	7000.0338101	6999.8782813	-6.5999533	-7.0000000	0.1513792	0.3164670	0.1451935	0.0000000	0.0000000
7000.6209600	7000.0338101	6999.8782813	-6.8000934	-7.0000000	0.1822007	0.3150115	0.1421973	0.0000000	0.0000000
7000.6209600	7000.0338101	6999.8782813	-6.9998999	-7.0000000	0.2081512	0.3197932	0.1408777	0.0000000	0.0000000
7000.6209600	7000.0338101	6999.8782813	-7.2000400	-7.0000000	0.1875387	0.3153804	0.1412373	0.0000000	0.0000000
7000.6209600	7000.0338101	6999.8782813	-7.3998466	-7.0000000	0.2249243	0.3098087	0.1498867	0.0000000	0.0000000
7000.6209600	7000.0338101	6999.8782813	-7.5999867	-7.0000000	0.1022937	0.3152771	0.1358345	0.0000000	0.0000000
7000.6209600	7000.0338101	6999.8782813	-7.8001268	-7.0000000	0.0763528	0.3166902	0.1403615	0.0000000	0.0000000
7000.6209600	7000.0338101	6999.8782813	-7.9999333	-7.0000000	0.0450911	0.3153879	0.1400035	0.0000000	0.0000000
7000.6209600	7000.0338101	6999.8782813	-8.2000734	-7.0000000	0.0206672	0.3172552	0.1405906	0.0000000	0.0000000
7000.6209600	7000.0338101	6999.8782813	-8.3998799	-7.0000000	0.0028744	0.3181136	0.1366213	0.0000000	0.0000000
7000.6209600	7000.0338101	6999.8782813	-8.6000200	-7.0000000	0.0001431	0.3182644	0.1319188	0.0000000	0.0000000
7000.6209600	7000.0338101	6999.8782813	-8.8001601	-7.0000000	0.0000186	0.3156686	0.1403480	0.0000000	0.0000000
7000.6209600	7000.0338101	6999.8782813	-8.9999666	-7.0000000	0.0000098	0.3179064	0.1410544	0.0000000	0.0000000
7000.6209600	7000.0338101	6999.8782813	-9.2001067	-7.0000000	0.0000081	0.3173051	0.1358660	0.0000000	0.0000000
7000.6209600	7000.0338101	6999.8782813	-9.3999133	-7.0000000	0.0000105	0.3153411	0.1381088	0.0000000	0.0000000
7000.6209600	7000.0338101	6999.8782813	-9.6000534	-7.0000000	0.0000090	0.3116176	0.1407223	0.0000000	0.0000000
7000.6209600	7000.0338101	6999.8782813	-9.7998599	-7.0000000	0.0000033	0.3146941	0.1414209	0.0000000	0.0000000
7000.6209600	7000.0338101	6999.8782813	-10.0000000	-7.0000000	0.0000090	0.3156450	0.1436910	0.0000000	0.0000000
