7000.6209600	7000.0338101	6999.8782813	3.0001001	-2.0000667	0.0000148	0.3262424	0.1313325	0.0000000	-2.0000000
7000.6209600	7000.0338101	6999.8782813	2.7999600	-2.0000000	0.0000188	0.3283182	0.1301205	0.0000000	0.0000000
7000.6209600	7000.0338101	6999.8782813	2.6001534	-2.0000000	0.0000151	0.3330708	0.1432192	0.0000000	0.0000000
7000.6209600	7000.0338101	6999.8782813	2.4000133	-2.0000000	0.0000065	0.3301246	0.1377333	0.0000000	0.0000000
7000.6209600	7000.0338101	6999.8782813	2.1998732	-2.0000000	0.0000171	0.3310667	0.1340341	0.0000000	0.0000000
7000.6209600	7000.0338101	6999.8782813	2.0000667	-2.0000000	0.0000112	0.3288660	0.1288202	0.0000000	0.0000000
7000.6209600	7000.0338101	6999.8782813	1.7999266	-2.0000000	0.0000273	0.3311824	0.1364486	0.0000000	0.0000000
7000.6209600	7000.0338101	6999.8782813	1.6001201	-2.0000000	0.0000198	0.3279867	0.1331199	0.0000000	0.0000000
7000.6209600	7000.0338101	6999.8782813	1.3999800	-2.0000000	0.0000206	0.3290608	0.1310118	0.0000000	0.0000000
7000.6209600	7000.0338101	6999.8782813	1.1998399	-2.0000000	0.0000247	0.3312295	0.1350403	0.0000000	0.0000000
7000.6209600	7000.0338101	6999.8782813	1.0000334	-2.0000000	0.0000201	0.3294502	0.1307911	0.0000000	0.0000000
7000.6209600	7000.0338101	6999.8782813	0.7998933	-2.0000000	0.0000164	0.3268097	0.1331488	0.0000000	0.0000000
7000.6209600	7000.0338101	6999.8782813	0.6000867	-2.0000000	0.0000283	0.3290109	0.1282943	0.0000000	0.0000000
7000.6209600	7000.0338101	6999.8782813	0.3999466	-2.0000000	0.0000186	0.3289471	0.1333298	0.0000000	0.0000000
7000.6209600	7000.0338101	6999.8782813	0.2001401	-2.0000000	0.0000211	0.3261171	0.1318965	0.0000000	0.0000000
7000.6209600	7000.0338101	6999.8782813	0.0000000	-2.0000000	0.0000317	0.3287871	0.1388351	0.0000000	0.0000000
7000.6209600	7000.0338101	6999.8782813	-0.2001401	-2.0000000	0.0000353	0.3249319	0.1317502	0.0000000	0.0000000
7000.6209600	7000.0338101	6999.8782813	-0.3999466	-2.0000000	0.0001603	0.3265764	0.1293542	0.0000000	0.0000000
7000.6209600	7000.0338101	6999.8782813	-0.6000867	-2.0000000	0.0053835	0.3240219	0.1356534	0.0000000	0.0000000
7000.6209600	7000.0338101	6999.8782813	-0.7998933	-2.0000000	0.0253429	0.3251786	0.1314810	0.0000000	0.0000000
7000.6209600	7000.0338101	6999.8782813	-1.0000334	-2.0000000	0.0553442	0.3274692	0.1318721	0.0000000	0.0000000
7000.6209600	7000.0338101	6999.8782813	-1.1998399	-2.0000000	0.0961799	0.3280884	0.1330518	0.0000000	0.0000000
7000.6209600	7000.0338101	6999.8782813	-1.3999800	-2.0000000	0.1550374	0.3263237	0.1320311	0.0000000	0.0000000
7000.6209600	7000.0338101	6999.8782813	-1.6001201	-2.0000000	0.2281210	0.3279541	0.1312877	0.0000000	0.0000000
7000.6209600	7000.0338101	6999.8782813	-1.7999266	-2.0000000	0.2813267	0.3295425	0.1306895	0.0000000	0.0000000
7000.6209600	7000.0338101	6999.8782813	-2.0000667	-2.0000000	0.3221385	0.3306223	0.1283245	0.0000000	0.0000000
7000.6209600	7000.0338101	6999.8782813	-2.1998732	-2.0000000	0.3083494	0.3287600	0.1325605	0.0000000	0.0000000
7000.6209600	7000.0338101	6999.8782813	-2.4000133	-2.0000000	0.2608579	0.3274117	0.1294497	0.0000000	0.0000000
7000.6209600	7000.0338101	6999.8782813	-2.6001534	-2.0000000	0.1849174	0.3300713	0.1321462	0.0000000	0.0000000
7000.6209600	7000.0338101	6999.8782813	-2.7999600	-2.0000000	0.1164005	0.3337814	0.1345740	0.0000000	0.0000000
7000.6209600	7000.0338101	6999.8782813	-3.0001001	-2.0000000	0.0765382	0.3291064	0.1302839	0.0000000	0.0000000
7000.6209600	7000.0338101	6999.8782813	-3.1999066	-2.0000000	0.0412985	0.3305532	0.1351165	0.0000000	0.0000000
7000.6209600	7000.0338101	6999.8782813	-3.4000467	-2.0000000	0.0116422	0.3311639	0.1305640	0.0000000	0.0000000
7000.6209600	7000.0338101	6999.8782813	-3.5998532	-2.0000000	0.0009216	0.3326359	0.1328933	0.0000000	0.0000000
7000.6209600	7000.0338101	6999.8782813	-3.7999933	-2.0000000	0.0000671	0.3357617	0.1336649	0.0000000	0.0000000
7000.6209600	7000.0338101	6999.8782813	-4.0001334	-2.0000000	0.0000138	0.3338816	0.1288191	0.0000000	0.0000000
7000.6209600	7000.0338101	6999.8782813	-4.1999400	-2.0000000	0.0000210	0.3325292	0.1256351	0.0000000	0.0000000
7000.6209600	7000.0338101	6999.8782813	-4.4000801	-2.0000000	0.0000156	0.3271416	0.1334636	0.0000000	0.0000000
7000.6209600	7000.0338101	6999.8782813	-4.5998866	-2.0000000	0.0000126	0.3294240	0.1407235	0.0000000	0.0000000
7000.6209600	7000.0338101	6999.8782813	-4.8000267	-2.0000000	0.0000232	0.3272262	0.1435299	0.0000000	0.0000000
7000.6209600	7000.0338101	6999.8782813	-4.9998332	-2.0000000	0.0000153	0.3264271	0.1398496	0.0000000	0.0000000
7000.6209600	7000.0338101	6999.8782813	-5.1999733	-2.0000000	0.0000135	0.3267996	0.1386465	0.0000000	0.0000000
7000.6209600	7000.0338101	6999.8782813	-5.4001134	-2.0000000	0.0000089	0.3235232	0.1402330	0.0000000	0.0000000
7000.6209600	7000.0338101	6999.8782813	-5.5999199	-2.0000000	0.0000077	0.3235554	0.1330292	0.0000000	0.0000000
7000.6209600	7000.0338101	6999.8782813	-5.8000600	-2.0000000	0.0000142	0.3255897	0.1365573	0.0000000	0.0000000
7000.6209600	7000.0338101	6999.8782813	-5.9998666	-2.0000000	0.0000172	0.3246554	0.1455741	0.0000000	0.0000000
7000.6209600	7000.0338101	6999.8782813	-6.2000067	-2.0000000	0.0000187	0.3256748	0.1370516	0.0000000	0.0000000
7000.6209600	7000.0338101	6999.8782813	-6.4001468	-2.0000000	0.0000154	0.3264283	0.1295479	0.0000000	0.0000000
7000.6209600	7000.0338101	6999.8782813	-6.5999533	-2.0000000	0.0000173	0.3277068	0.1311157	0.0000000	0.0000000
7000.6209600	7000.0338101	6999.8782813	-6.8000934	-2.0000000	0.0000123	0.3285582	0.1421631	0.0000000	0.0000000
7000.6209600	7000.0338101	6999.8782813	-6.9998999	-2.0000000	0.0000139	0.3264464	0.1353365	0.0000000	0.0000000
7000.6209600	7000.0338101	6999.8782813	-7.2000400	-2.0000000	0.0000178	0.3227251	0.1436979	0.0000000	0.0000000
7000.6209600	7000.0338101	6999.8782813	-7.3998466	-2.0000000	0.0000129	0.3281166	0.1364988	0.0000000	0.0000000
7000.6209600	7000.0338101	6999.8782813	-7.5999867	-2.0000000	0.0000087	0.3277030	0.1344426	0.0000000	0.0000000
7000.6209600	7000.0338101	6999.8782813	-7.8001268	-2.0000000	0.0000135	0.3234675	0.1362488	0.0000000	0.0000000
7000.6209600	7000.0338101	6999.8782813	-7.9999333	-2.0000000	0.0000126	0.3283813	0.1410454	0.0000000	0.0000000
7000.6209600	7000.0338101	6999.8782813	-8.2000734	-2.0000000	0.0000176	0.3265088	0.1451765	0.0000000	0.0000000
7000.6209600	7000.0338101	6999.8782813	-8.3998799	-2.0000000	0.0000262	0.3273484	0.1392313	0.0000000	0.0000000
7000.6209600	7000.0338101	6999.8782813	-8.6000200	-2.0000000	0.0000166	0.3263639	0.1409757	0.0000000	0.0000000
7000.6209600	7000.0338101	6999.8782813	-8.8001601	-2.0000000	0.0000120	0.3264553	0.1342649	0.0000000	0.0000000
7000.6209600	7000.0338101	6999.8782813	-8.9999666	-2.0000000	0.0000193	0.3271975	0.1334099	0.0000000	0.0000000
7000.6209600	7000.0338101	6999.8782813	-9.2001067	-2.0000000	0.0000095	0.3270209	0.1350768	0.0000000	0.0000000
7000.6209600	7000.0338101	6999.8782813	-9.3999133	-2.0000000	0.0000127	0.3286990	0.1359229	0.0000000	0.0000000
7000.6209600	7000.0338101	6999.8782813	-9.6000534	-2.0000000	0.0000132	0.3264221	0.1348818	0.0000000	0.0000000
7000.6209600	7000.0338101	6999.8782813	-9.7998599	-2.0000000	0.0000183	0.3265258	0.1386013	0.0000000	0.0000000
7000.6209600	7000.0338101	6999.8782813	-10.0000000	-2.0000000	0.0000120	0.3242114	0.1308479	0.0000000	0.0000000
