7000.6209600	7000.0338101	6999.8782813	3.0001001	-2.6001534	0.0000101	0.3311300	0.1263436	0.0000000	-2.6000000
7000.6209600	7000.0338101	6999.8782813	2.7999600	-2.6000000	0.0000160	0.3306016	0.1440546	0.0000000	0.0000000
7000.6209600	7000.0338101	6999.8782813	2.6001534	-2.6000000	0.0000142	0.3323877	0.1280620	0.0000000	0.0000000
7000.6209600	7000.0338101	6999.8782813	2.4000133	-2.6000000	0.0000111	0.3326709	0.1326290	0.0000000	0.0000000
7000.6209600	7000.0338101	6999.8782813	2.1998732	-2.6000000	0.0000099	0.3328630	0.1330819	0.0000000	0.0000000
7000.6209600	7000.0338101	6999.8782813	2.0000667	-2.6000000	0.0000155	0.3347577	0.1336226	0.0000000	0.0000000
7000.6209600	7000.0338101	6999.8782813	1.7999266	-2.6000000	0.0000127	0.3310276	0.1278713	0.0000000	0.0000000
7000.6209600	7000.0338101	6999.8782813	1.6001201	-2.6000000	0.0000195	0.3332444	0.1283654	0.0000000	0.0000000
7000.6209600	7000.0338101	6999.8782813	1.3999800	-2.6000000	0.0000150	0.3315829	0.1269203	0.0000000	0.0000000
7000.6209600	7000.0338101	6999.8782813	1.1998399	-2.6000000	0.0000146	0.3314807	0.1259496	0.0000000	0.0000000
7000.6209600	7000.0338101	6999.8782813	1.0000334	-2.6000000	0.0000096	0.3289813	0.1283129	0.0000000	0.0000000
7000.6209600	7000.0338101	6999.8782813	0.7998933	-2.6000000	0.0000120	0.3328878	0.1249657	0.0000000	0.0000000
7000.6209600	7000.0338101	6999.8782813	0.6000867	-2.6000000	0.0000231	0.3320588	0.1262228	0.0000000	0.0000000
7000.6209600	7000.0338101	6999.8782813	0.3999466	-2.6000000	0.0000166	0.3313217	0.1326560	0.0000000	0.0000000
7000.6209600	7000.0338101	6999.8782813	0.2001401	-2.6000000	0.0000288	0.3321572	0.1300128	0.0000000	0.0000000
7000.6209600	7000.0338101	6999.8782813	0.0000000	-2.6000000	0.0000166	0.3295370	0.1298586	0.0000000	0.0000000
7000.6209600	7000.0338101	6999.8782813	-0.2001401	-2.6000000	0.0000225	0.3299459	0.1290259	0.0000000	0.0000000
7000.6209600	7000.0338101	6999.8782813	-0.3999466	-2.6000000	0.0000175	0.3296747	0.1279493	0.0000000	0.0000000
7000.6209600	7000.0338101	6999.8782813	-0.6000867	-2.6000000	0.0000148	0.3296833	0.1312755	0.0000000	0.0000000
7000.6209600	7000.0338101	6999.8782813	-0.7998933	-2.6000000	0.0000173	0.3305282	0.1302157	0.0000000	0.0000000
7000.6209600	7000.0338101	6999.8782813	-1.0000334	-2.6000000	0.0003268	0.3320675	0.1426199	0.0000000	0.0000000
7000.6209600	7000.0338101	6999.8782813	-1.1998399	-2.6000000	0.0046953	0.3312590	0.1334902	0.0000000	0.0000000
7000.6209600	7000.0338101	6999.8782813	-1.3999800	-2.6000000	0.0232604	0.3300684	0.1301829	0.0000000	0.0000000
7000.6209600	7000.0338101	6999.8782813	-1.6001201	-2.6000000	0.0611748	0.3315665	0.1328523	0.0000000	0.0000000
7000.6209600	7000.0338101	6999.8782813	-1.7999266	-2.6000000	0.1050751	0.3319186	0.1350063	0.0000000	0.0000000
7000.6209600	7000.0338101	6999.8782813	-2.0000667	-2.6000000	0.1804441	0.3271072	0.1394608	0.0000000	0.0000000
7000.6209600	7000.0338101	6999.8782813	-2.1998732	-2.6000000	0.1959247	0.3289421	0.1339347	0.0000000	0.0000000
7000.6209600	7000.0338101	6999.8782813	-2.4000133	-2.6000000	0.3027172	0.3267747	0.1353260	0.0000000	0.0000000
7000.6209600	7000.0338101	6999.8782813	-2.6001534	-2.6000000	0.3219259	0.3295898	0.1273966	0.0000000	0.0000000
7000.6209600	7000.0338101	6999.8782813	-2.7999600	-2.6000000	0.3552001	0.3285347	0.1293801	0.0000000	0.0000000
7000.6209600	7000.0338101	6999.8782813	-3.0001001	-2.6000000	0.2867290	0.3305587	0.1463561	0.0000000	0.0000000
7000.6209600	7000.0338101	6999.8782813	-3.1999066	-2.6000000	0.1801095	0.3351213	0.1370240	0.0000000	0.0000000
7000.6209600	7000.0338101	6999.8782813	-3.4000467	-2.6000000	0.1224951	0.3329897	0.1334647	0.0000000	0.0000000
7000.6209600	7000.0338101	6999.8782813	-3.5998532	-2.6000000	0.0767462	0.3315803	0.1309130	0.0000000	0.0000000
7000.6209600	7000.0338101	6999.8782813	-3.7999933	-2.6000000	0.0366404	0.3323994	0.1296139	0.0000000	0.0000000
7000.6209600	7000.0338101	6999.8782813	-4.0001334	-2.6000000	0.0083557	0.3305773	0.1299375	0.0000000	0.0000000
7000.6209600	7000.0338101	6999.8782813	-4.1999400	-2.6000000	0.0006254	0.3311434	0.1325027	0.0000000	0.0000000
7000.6209600	7000.0338101	6999.8782813	-4.4000801	-2.6000000	0.0000699	0.3309861	0.1274121	0.0000000	0.0000000
7000.6209600	7000.0338101	6999.8782813	-4.5998866	-2.6000000	0.0000227	0.3300720	0.1278571	0.0000000	0.0000000
7000.6209600	7000.0338101	6999.8782813	-4.8000267	-2.6000000	0.0000100	0.3296903	0.1299113	0.0000000	0.0000000
7000.6209600	7000.0338101	6999.8782813	-4.9998332	-2.6000000	0.0000170	0.3266199	0.1295551	0.0000000	0.0000000
7000.6209600	7000.0338101	6999.8782813	-5.1999733	-2.6000000	0.0000203	0.3295479	0.1304452	0.0000000	0.0000000
7000.6209600	7000.0338101	6999.8782813	-5.4001134	-2.6000000	0.0000242	0.3296238	0.1344385	0.0000000	0.0000000
7000.6209600	7000.0338101	6999.8782813	-5.5999199	-2.6000000	0.0000162	0.3290607	0.1366178	0.0000000	0.0000000
7000.6209600	7000.0338101	6999.8782813	-5.8000600	-2.6000000	0.0000154	0.3305820	0.1360981	0.0000000	0.0000000
7000.6209600	7000.0338101	6999.8782813	-5.9998666	-2.6000000	0.0000125	0.3285898	0.1321029	0.0000000	0.0000000
7000.6209600	7000.0338101	6999.8782813	-6.2000067	-2.6000000	0.0000104	0.3303622	0.1299576	0.0000000	0.0000000
7000.6209600	7000.0338101	6999.8782813	-6.4001468	-2.6000000	0.0000149	0.3313344	0.1327720	0.0000000	0.0000000
7000.6209600	7000.0338101	6999.8782813	-6.5999533	-2.6000000	0.0000126	0.3304806	0.1424149	0.0000000	0.0000000
7000.6209600	7000.0338101	6999.8782813	-6.8000934	-2.6000000	0.0000155	0.3270908	0.1398228	0.0000000	0.0000000
7000.6209600	7000.0338101	6999.8782813	-6.9998999	-2.6000000	0.0000101	0.3263827	0.1260142	0.0000000	0.0000000
7000.6209600	7000.0338101	6999.8782813	-7.2000400	-2.6000000	0.0000145	0.3261144	0.1335410	0.0000000	0.0000000
7000.6209600	7000.0338101	6999.8782813	-7.3998466	-2.6000000	0.0000116	0.3296190	0.1334648	0.0000000	0.0000000
7000.6209600	7000.0338101	6999.8782813	-7.5999867	-2.6000000	0.0000135	0.3280507	0.1282227	0.0000000	0.0000000
7000.6209600	7000.0338101	6999.8782813	-7.8001268	-2.6000000	0.0000122	0.3317916	0.1299122	0.0000000	0.0000000
7000.6209600	7000.0338101	6999.8782813	-7.9999333	-2.6000000	0.0000161	0.3317961	0.1313580	0.0000000	0.0000000
7000.6209600	7000.0338101	6999.8782813	-8.2000734	-2.6000000	0.0000101	0.3286123	0.1303230	0.0000000	0.0000000
7000.6209600	7000.0338101	6999.8782813	-8.3998799	-2.6000000	0.0000078	0.3307560	0.1306895	0.0000000	0.0000000
7000.6209600	7000.0338101	6999.8782813	-8.6000200	-2.6000000	0.0000160	0.3318103	0.1337885	0.0000000	0.0000000
7000.6209600	7000.0338101	6999.8782813	-8.8001601	-2.6000000	0.0000159	0.3308571	0.1335626	0.0000000	0.0000000
7000.6209600	7000.0338101	6999.8782813	-8.9999666	-2.6000000	0.0000173	0.3298943	0.1329922	0.0000000	0.0000000
7000.6209600	7000.0338101	6999.8782813	-9.2001067	-2.6000000	0.0000199	0.3310488	0.1421417	0.0000000	0.0000000
7000.6209600	7000.0338101	6999.8782813	-9.3999133	-2.6000000	0.0000179	0.3305227	0.1406549	0.0000000	0.0000000
7000.6209600	7000.0338101	6999.8782813	-9.6000534	-2.6000000	0.0000114	0.3310284	0.1310730	0.0000000	0.0000000
7000.6209600	7000.0338101	6999.8782813	-9.7998599	-2.6000000	0.0000106	0.3261016	0.1248993	0.0000000	0.0000000
7000.6209600	7000.0338101	6999.8782813	-10.0000000	-2.6000000	0.0000143	0.3306355	0.1311467	0.0000000	0.0000000
