7000.6209600	7000.0338101	6999.8782813	3.0001001	-3.5998532	0.0000200	0.3300500	0.1402140	0.0000000	-3.6000000
7000.6209600	7000.0338101	6999.8782813	2.7999600	-3.6000000	0.0000164	0.3263806	0.1383463	0.0000000	0.0000000
7000.6209600	7000.0338101	6999.8782813	2.6001534	-3.6000000	0.0000187	0.3257380	0.1425911	0.0000000	0.0000000
7000.6209600	7000.0338101	6999.8782813	2.4000133	-3.6000000	0.0000161	0.3258025	0.1306440	0.0000000	0.0000000
7000.6209600	7000.0338101	6999.8782813	2.1998732	-3.6000000	0.0000149	0.3225978	0.1337633	0.0000000	0.0000000
7000.6209600	7000.0338101	6999.8782813	2.0000667	-3.6000000	0.0000175	0.3246564	0.1365785	0.0000000	0.0000000
7000.6209600	7000.0338101	6999.8782813	1.7999266	-3.6000000	0.0000134	0.3277166	0.1291512	0.0000000	0.0000000
7000.6209600	7000.0338101	6999.8782813	1.6001201	-3.6000000	0.0000165	0.3227332	0.1261632	0.0000000	0.0000000
7000.6209600	7000.0338101	6999.8782813	1.3999800	-3.6000000	0.0000133	0.3284852	0.1408740	0.0000000	0.0000000
7000.6209600	7000.0338101	6999.8782813	1.1998399	-3.6000000	0.0000182	0.3266201	0.1400524	0.0000000	0.0000000
7000.6209600	7000.0338101	6999.8782813	1.0000334	-3.6000000	0.0000170	0.3267451	0.1366567	0.0000000	0.0000000
7000.6209600	7000.0338101	6999.8782813	0.7998933	-3.6000000	0.0000162	0.3252513	0.1415267	0.0000000	0.0000000
7000.6209600	7000.0338101	6999.8782813	0.6000867	-3.6000000	0.0000193	0.3208602	0.1417339	0.0000000	0.0000000
7000.6209600	7000.0338101	6999.8782813	0.3999466	-3.6000000	0.0000245	0.3299896	0.1452653	0.0000000	0.0000000
7000.6209600	7000.0338101	6999.8782813	0.2001401	-3.6000000	0.0000150	0.3265092	0.1316606	0.0000000	0.0000000
7000.6209600	7000.0338101	6999.8782813	0.0000000	-3.6000000	0.0000085	0.3266620	0.1355032	0.0000000	0.0000000
7000.6209600	7000.0338101	6999.8782813	-0.2001401	-3.6000000	0.0000171	0.3270359	0.1426553	0.0000000	0.0000000
7000.6209600	7000.0338101	6999.8782813	-0.3999466	-3.6000000	0.0000167	0.3283661	0.1350253	0.0000000	0.0000000
7000.6209600	7000.0338101	6999.8782813	-0.6000867	-3.6000000	0.0000176	0.3292433	0.1363661	0.0000000	0.0000000
7000.6209600	7000.0338101	6999.8782813	-0.7998933	-3.6000000	0.0000187	0.3278580	0.1442372	0.0000000	0.0000000
7000.6209600	7000.0338101	6999.8782813	-1.0000334	-3.6000000	0.0000144	0.3284452	0.1283380	0.0000000	0.0000000
7000.6209600	7000.0338101	6999.8782813	-1.1998399	-3.6000000	0.0000195	0.3263534	0.1382150	0.0000000	0.0000000
7000.6209600	7000.0338101	6999.8782813	-1.3999800	-3.6000000	0.0000183	0.3231206	0.1332880	0.0000000	0.0000000
7000.6209600	7000.0338101	6999.8782813	-1.6001201	-3.6000000	0.0000112	0.3243669	0.1440393	0.0000000	0.0000000
7000.6209600	7000.0338101	6999.8782813	-1.7999266	-3.6000000	0.0000198	0.3274781	0.1315428	0.0000000	0.0000000
7000.6209600	7000.0338101	6999.8782813	-2.0000667	-3.6000000	0.0001017	0.3246676	0.1320437	0.0000000	0.0000000
7000.6209600	7000.0338101	6999.8782813	-2.1998732	-3.6000000	0.0015989	0.3279540	0.1313306	0.0000000	0.0000000
7000.6209600	7000.0338101	6999.8782813	-2.4000133	-3.6000000	0.0116184	0.3211887	0.1317318	0.0000000	0.0000000
7000.6209600	7000.0338101	6999.8782813	-2.6001534	-3.6000000	0.0429502	0.3233898	0.1337095	0.0000000	0.0000000
7000.6209600	7000.0338101	6999.8782813	-2.7999600	-3.6000000	0.0957987	0.3229221	0.1455906	0.0000000	0.0000000
7000.6209600	7000.0338101	6999.8782813	-3.0001001	-3.6000000	0.1625793	0.3259148	0.1485717	0.0000000	0.0000000
7000.6209600	7000.0338101	6999.8782813	-3.1999066	-3.6000000	0.1876654	0.3270310	0.1362301	0.0000000	0.0000000
7000.6209600	7000.0338101	6999.8782813	-3.4000467	-3.6000000	0.2746067	0.3281639	0.1405087	0.0000000	0.0000000
7000.6209600	7000.0338101	6999.8782813	-3.5998532	-3.6000000	0.2708555	0.3258624	0.1411338	0.0000000	0.0000000
7000.6209600	7000.0338101	6999.8782813	-3.7999933	-3.6000000	0.2593612	0.3237236	0.1349651	0.0000000	0.0000000
7000.6209600	7000.0338101	6999.8782813	-4.0001334	-3.6000000	0.2316793	0.3255083	0.1370214	0.0000000	0.0000000
7000.6209600	7000.0338101	6999.8782813	-4.1999400	-3.6000000	0.1661893	0.3203904	0.1328738	0.0000000	0.0000000
7000.6209600	7000.0338101	6999.8782813	-4.4000801	-3.6000000	0.1041886	0.3230964	0.1371616	0.0000000	0.0000000
7000.6209600	7000.0338101	6999.8782813	-4.5998866	-3.6000000	0.0680076	0.3236753	0.1365420	0.0000000	0.0000000
7000.6209600	7000.0338101	6999.8782813	-4.8000267	-3.6000000	0.0327147	0.3238788	0.1330474	0.0000000	0.0000000
7000.6209600	7000.0338101	6999.8782813	-4.9998332	-3.6000000	0.0101799	0.3220046	0.1351576	0.0000000	0.0000000
7000.6209600	7000.0338101	6999.8782813	-5.1999733	-3.6000000	0.0012535	0.3249458	0.1366976	0.0000000	0.0000000
7000.6209600	7000.0338101	6999.8782813	-5.4001134	-3.6000000	0.0000398	0.3250375	0.1358003	0.0000000	0.0000000
7000.6209600	7000.0338101	6999.8782813	-5.5999199	-3.6000000	0.0000100	0.3255513	0.1307729	0.0000000	0.0000000
7000.6209600	7000.0338101	6999.8782813	-5.8000600	-3.6000000	0.0000078	0.3254336	0.1327448	0.0000000	0.0000000
7000.6209600	7000.0338101	6999.8782813	-5.9998666	-3.6000000	0.0000111	0.3221350	0.1368672	0.0000000	0.0000000
7000.6209600	7000.0338101	6999.8782813	-6.2000067	-3.6000000	0.0000188	0.3256945	0.1325522	0.0000000	0.0000000
7000.6209600	7000.0338101	6999.8782813	-6.4001468	-3.6000000	0.0000103	0.3243069	0.1357869	0.0000000	0.0000000
7000.6209600	7000.0338101	6999.8782813	-6.5999533	-3.6000000	0.0000109	0.3246348	0.1331295	0.0000000	0.0000000
7000.6209600	7000.0338101	6999.8782813	-6.8000934	-3.6000000	0.0000140	0.3266827	0.1426194	0.0000000	0.0000000
7000.6209600	7000.0338101	6999.8782813	-6.9998999	-3.6000000	0.0000126	0.3229087	0.1330790	0.0000000	0.0000000
7000.6209600	7000.0338101	6999.8782813	-7.2000400	-3.6000000	0.0000105	0.3243549	0.1382894	0.0000000	0.0000000
7000.6209600	7000.0338101	6999.8782813	-7.3998466	-3.6000000	0.0000161	0.3261354	0.1404224	0.0000000	0.0000000
7000.6209600	7000.0338101	6999.8782813	-7.5999867	-3.6000000	0.0000135	0.3276848	0.1415679	0.0000000	0.0000000
7000.6209600	7000.0338101	6999.8782813	-7.8001268	-3.6000000	0.0000066	0.3240840	0.1382062	0.0000000	0.0000000
7000.6209600	7000.0338101	6999.8782813	-7.9999333	-3.6000000	0.0000161	0.3258918	0.1350800	0.0000000	0.0000000
7000.6209600	7000.0338101	6999.8782813	-8.2000734	-3.6000000	0.0000146	0.3232015	0.1362446	0.0000000	0.0000000
7000.6209600	7000.0338101	6999.8782813	-8.3998799	-3.6000000	0.0000074	0.3245712	0.1376637	0.0000000	0.0000000
7000.6209600	7000.0338101	6999.8782813	-8.6000200	-3.6000000	0.0000144	0.3247616	0.1368684	0.0000000	0.0000000
7000.6209600	7000.0338101	6999.8782813	-8.8001601	-3.6000000	0.0000212	0.3243328	0.1344697	0.0000000	0.0000000
7000.6209600	7000.0338101	6999.8782813	-8.9999666	-3.6000000	0.0000090	0.3231660	0.1444708	0.0000000	0.0000000
7000.6209600	7000.0338101	6999.8782813	-9.2001067	-3.6000000	0.0000168	0.3248708	0.1368529	0.0000000	0.0000000
7000.6209600	7000.0338101	6999.8782813	-9.3999133	-3.6000000	0.0000168	0.3236581	0.1482507	0.0000000	0.0000000
7000.6209600	7000.0338101	6999.8782813	-9.6000534	-3.6000000	0.0000131	0.3219688	0.1306436	0.0000000	0.0000000
7000.6209600	7000.0338101	6999.8782813	-9.7998599	-3.6000000	0.0000148	0.3259189	0.1423202	0.0000000	0.0000000
7000.6209600	7000.0338101	6999.8782813	-10.0000000	-3.6000000	0.0000170	0.3260850	0.1460295	0.0000000	0.0000000
