7000.6209600	7000.0338101	6999.8782813	3.0001001	-0.2001401	0.2530931	0.3372803	0.1310968	0.0000000	-0.2000000
7000.6209600	7000.0338101	6999.8782813	2.7999600	-0.2000000	0.2474315	0.3365482	0.1246805	0.0000000	0.0000000
7000.6209600	7000.0338101	6999.8782813	2.6001534	-0.2000000	0.2499832	0.3375846	0.1281375	0.0000000	0.0000000
7000.6209600	7000.0338101	6999.8782813	2.4000133	-0.2000000	0.2543240	0.3391379	0.1355312	0.0000000	0.0000000
7000.6209600	7000.0338101	6999.8782813	2.1998732	-0.2000000	0.2591829	0.3372532	0.1319636	0.0000000	0.0000000
7000.6209600	7000.0338101	6999.8782813	2.0000667	-0.2000000	0.2671664	0.3370707	0.1237388	0.0000000	0.0000000
7000.6209600	7000.0338101	6999.8782813	1.7999266	-0.2000000	0.2601859	0.3348217	0.1212113	0.0000000	0.0000000
7000.6209600	7000.0338101	6999.8782813	1.6001201	-0.2000000	0.2691165	0.3385447	0.1272512	0.0000000	0.0000000
7000.6209600	7000.0338101	6999.8782813	1.3999800	-0.2000000	0.2574594	0.3328922	0.1235223	0.0000000	0.0000000
7000.6209600	7000.0338101	6999.8782813	1.1998399	-0.2000000	0.2728652	0.3349949	0.1261019	0.0000000	0.0000000
7000.6209600	7000.0338101	6999.8782813	1.0000334	-0.2000000	0.2915493	0.3354408	0.1211597	0.0000000	0.0000000
7000.6209600	7000.0338101	6999.8782813	0.7998933	-0.2000000	0.3008007	0.3350859	0.1237681	0.0000000	0.0000000
7000.6209600	7000.0338101	6999.8782813	0.6000867	-0.2000000	0.3308757	0.3370817	0.1299491	0.0000000	0.0000000
7000.6209600	7000.0338101	6999.8782813	0.3999466	-0.2000000	0.3486893	0.3360890	0.1262174	0.0000000	0.0000000
7000.6209600	7000.0338101	6999.8782813	0.2001401	-0.2000000	0.3895691	0.3366895	0.1276708	0.0000000	0.0000000
7000.6209600	7000.0338101	6999.8782813	0.0000000	-0.2000000	0.4019340	0.3358406	0.1273992	0.0000000	0.0000000
7000.6209600	7000.0338101	6999.8782813	-0.2001401	-0.2000000	0.4145748	0.3362990	0.1278510	0.0000000	0.0000000
7000.6209600	7000.0338101	6999.8782813	-0.3999466	-0.2000000	0.3900835	0.3376677	0.1389130	0.0000000	0.0000000
7000.6209600	7000.0338101	6999.8782813	-0.6000867	-0.2000000	0.3197917	0.3351182	0.1328158	0.0000000	0.0000000
7000.6209600	7000.0338101	6999.8782813	-0.7998933	-0.2000000	0.2417333	0.3384388	0.1281365	0.0000000	0.0000000
7000.6209600	7000.0338101	6999.8782813	-1.0000334	-0.2000000	0.1674698	0.3359547	0.1250765	0.0000000	0.0000000
7000.6209600	7000.0338101	6999.8782813	-1.1998399	-0.2000000	0.1038903	0.3371775	0.1357220	0.0000000	0.0000000
7000.6209600	7000.0338101	6999.8782813	-1.3999800	-0.2000000	0.0526665	0.3367600	0.1321378	0.0000000	0.0000000
7000.6209600	7000.0338101	6999.8782813	-1.6001201	-0.2000000	0.0172229	0.3374623	0.1244938	0.0000000	0.0000000
7000.6209600	7000.0338101	6999.8782813	-1.7999266	-0.2000000	0.0031948	0.3359316	0.1318726	0.0000000	0.0000000
7000.6209600	7000.0338101	6999.8782813	-2.0000667	-0.2000000	0.0001984	0.3365168	0.1350206	0.0000000	0.0000000
7000.6209600	7000.0338101	6999.8782813	-2.1998732	-0.2000000	0.0000229	0.3334038	0.1273966	0.0000000	0.0000000
7000.6209600	7000.0338101	6999.8782813	-2.4000133	-0.2000000	0.0000171	0.3357306	0.1272092	0.0000000	0.0000000
7000.6209600	7000.0338101	6999.8782813	-2.6001534	-0.2000000	0.0000179	0.3355385	0.1311263	0.0000000	0.0000000
7000.6209600	7000.0338101	6999.8782813	-2.7999600	-0.2000000	0.0000149	0.3345116	0.1297499	0.0000000	0.0000000
7000.6209600	7000.0338101	6999.8782813	-3.0001001	-0.2000000	0.0000098	0.3335121	0.1254907	0.0000000	0.0000000
7000.6209600	7000.0338101	6999.8782813	-3.1999066	-0.2000000	0.0000232	0.3370928	0.1309774	0.0000000	0.0000000
7000.6209600	7000.0338101	6999.8782813	-3.4000467	-0.2000000	0.0000081	0.3355533	0.1256235	0.0000000	0.0000000
7000.6209600	7000.0338101	6999.8782813	-3.5998532	-0.2000000	0.0000193	0.3366095	0.1273568	0.0000000	0.0000000
7000.6209600	7000.0338101	6999.8782813	-3.7999933	-0.2000000	0.0000178	0.3372379	0.1281823	0.0000000	0.0000000
7000.6209600	7000.0338101	6999.8782813	-4.0001334	-0.2000000	0.0000121	0.3393497	0.1270111	0.0000000	0.0000000
7000.6209600	7000.0338101	6999.8782813	-4.1999400	-0.2000000	0.0000101	0.3367954	0.1291356	0.0000000	0.0000000
7000.6209600	7000.0338101	6999.8782813	-4.4000801	-0.2000000	0.0000160	0.3363031	0.1246440	0.0000000	0.0000000
7000.6209600	7000.0338101	6999.8782813	-4.5998866	-0.2000000	0.0000120	0.3360870	0.1252871	0.0000000	0.0000000
7000.6209600	7000.0338101	6999.8782813	-4.8000267	-0.2000000	0.0000131	0.3321140	0.1264115	0.0000000	0.0000000
7000.6209600	7000.0338101	6999.8782813	-4.9998332	-0.2000000	0.0000176	0.3343605	0.1222983	0.0000000	0.0000000
7000.6209600	7000.0338101	6999.8782813	-5.1999733	-0.2000000	0.0000221	0.3358905	0.1271154	0.0000000	0.0000000
7000.6209600	7000.0338101	6999.8782813	-5.4001134	-0.2000000	0.0000106	0.3320012	0.1292084	0.0000000	0.0000000
7000.6209600	7000.0338101	6999.8782813	-5.5999199	-0.2000000	0.0000126	0.3336188	0.1254379	0.0000000	0.0000000
7000.6209600	7000.0338101	6999.8782813	-5.8000600	-0.2000000	0.0000110	0.3387550	0.1330762	0.0000000	0.0000000
7000.6209600	7000.0338101	6999.8782813	-5.9998666	-0.2000000	0.0000216	0.3374755	0.1313403	0.0000000	0.0000000
7000.6209600	7000.0338101	6999.8782813	-6.2000067	-0.2000000	0.0000128	0.3371654	0.1254215	0.0000000	0.0000000
7000.6209600	7000.0338101	6999.8782813	-6.4001468	-0.2000000	0.0000166	0.3374731	0.1271987	0.0000000	0.0000000
7000.6209600	7000.0338101	6999.8782813	-6.5999533	-0.2000000	0.0000179	0.3359990	0.1242495	0.0000000	0.0000000
7000.6209600	7000.0338101	6999.8782813	-6.8000934	-0.2000000	0.0000094	0.3370566	0.1313778	0.0000000	0.0000000
7000.6209600	7000.0338101	6999.8782813	-6.9998999	-0.2000000	0.0000151	0.3362725	0.1277478	0.0000000	0.0000000
7000.6209600	7000.0338101	6999.8782813	-7.2000400	-0.2000000	0.0000173	0.3365684	0.1272107	0.0000000	0.0000000
7000.6209600	7000.0338101	6999.8782813	-7.3998466	-0.2000000	0.0000156	0.3372899	0.1293398	0.0000000	0.0000000
7000.6209600	7000.0338101	6999.8782813	-7.5999867	-0.2000000	0.0000253	0.3365330	0.1293353	0.0000000	0.0000000
7000.6209600	7000.0338101	6999.8782813	-7.8001268	-0.2000000	0.0000126	0.3346296	0.1258345	0.0000000	0.0000000
7000.6209600	7000.0338101	6999.8782813	-7.9999333	-0.2000000	0.0000125	0.3360070	0.1326128	0.0000000	0.0000000
7000.6209600	7000.0338101	6999.8782813	-8.2000734	-0.2000000	0.0000183	0.3353883	0.1270248	0.0000000	0.0000000
7000.6209600	7000.0338101	6999.8782813	-8.3998799	-0.2000000	0.0000190	0.3357233	0.1310917	0.0000000	0.0000000
7000.6209600	7000.0338101	6999.8782813	-8.6000200	-0.2000000	0.0000172	0.3337852	0.1290621	0.0000000	0.0000000
7000.6209600	7000.0338101	6999.8782813	-8.8001601	-0.2000000	0.0000197	0.3361654	0.1227114	0.0000000	0.0000000
7000.6209600	7000.0338101	6999.8782813	-8.9999666	-0.2000000	0.0000177	0.3336669	0.1265820	0.0000000	0.0000000
7000.6209600	7000.0338101	6999.8782813	-9.2001067	-0.2000000	0.0000120	0.3316558	0.1252432	0.0000000	0.0000000
7000.6209600	7000.0338101	6999.8782813	-9.3999133	-0.2000000	0.0000245	0.3356702	0.1290417	0.0000000	0.0000000
7000.6209600	7000.0338101	6999.8782813	-9.6000534	-0.2000000	0.0000129	0.3378143	0.1274291	0.0000000	0.0000000
7000.6209600	7000.0338101	6999.8782813	-9.7998599	-0.2000000	0.0000123	0.3391427	0.1247867	0.0000000	0.0000000
7000.6209600	7000.0338101	6999.8782813	-10.0000000	-0.2000000	0.0000111	0.3372902	0.1317053	0.0000000	0.0000000
