7000.6209600	7000.0338101	6999.8782813	3.0001001	-4.4000801	0.0000118	0.3263885	0.1417314	0.0000000	-4.4000000
7000.6209600	7000.0338101	6999.8782813	2.7999600	-4.4000000	0.0000148	0.3256715	0.1412734	0.0000000	0.0000000
7000.6209600	7000.0338101	6999.8782813	2.6001534	-4.4000000	0.0000189	0.3255863	0.1432494	0.0000000	0.0000000
7000.6209600	7000.0338101	6999.8782813	2.4000133	-4.4000000	0.0000155	0.3261677	0.1390590	0.0000000	0.0000000
7000.6209600	7000.0338101	6999.8782813	2.1998732	-4.4000000	0.0000120	0.3257983	0.1370341	0.0000000	0.0000000
7000.6209600	7000.0338101	6999.8782813	2.0000667	-4.4000000	0.0000100	0.3217303	0.1284628	0.0000000	0.0000000
7000.6209600	7000.0338101	6999.8782813	1.7999266	-4.4000000	0.0000184	0.3246954	0.1373812	0.0000000	0.0000000
7000.6209600	7000.0338101	6999.8782813	1.6001201	-4.4000000	0.0000195	0.3227175	0.1374701	0.0000000	0.0000000
7000.6209600	7000.0338101	6999.8782813	1.3999800	-4.4000000	0.0000200	0.3273091	0.1438962	0.0000000	0.0000000
7000.6209600	7000.0338101	6999.8782813	1.1998399	-4.4000000	0.0000122	0.3214440	0.1363182	0.0000000	0.0000000
7000.6209600	7000.0338101	6999.8782813	1.0000334	-4.4000000	0.0000131	0.3238510	0.1317118	0.0000000	0.0000000
7000.6209600	7000.0338101	6999.8782813	0.7998933	-4.4000000	0.0000232	0.3238668	0.1416793	0.0000000	0.0000000
7000.6209600	7000.0338101	6999.8782813	0.6000867	-4.4000000	0.0000195	0.3230676	0.1380139	0.0000000	0.0000000
7000.6209600	7000.0338101	6999.8782813	0.3999466	-4.4000000	0.0000143	0.3212899	0.1479292	0.0000000	0.0000000
7000.6209600	7000.0338101	6999.8782813	0.2001401	-4.4000000	0.0000160	0.3259919	0.1415862	0.0000000	0.0000000
7000.6209600	7000.0338101	6999.8782813	0.0000000	-4.4000000	0.0000132	0.3226819	0.1326996	0.0000000	0.0000000
7000.6209600	7000.0338101	6999.8782813	-0.2001401	-4.4000000	0.0000195	0.3237050	0.1423544	0.0000000	0.0000000
7000.6209600	7000.0338101	6999.8782813	-0.3999466	-4.4000000	0.0000123	0.3268872	0.1387397	0.0000000	0.0000000
7000.6209600	7000.0338101	6999.8782813	-0.6000867	-4.4000000	0.0000125	0.3247994	0.1362822	0.0000000	0.0000000
7000.6209600	7000.0338101	6999.8782813	-0.7998933	-4.4000000	0.0000089	0.3263053	0.1362572	0.0000000	0.0000000
7000.6209600	7000.0338101	6999.8782813	-1.0000334	-4.4000000	0.0000154	0.3253958	0.1403583	0.0000000	0.0000000
7000.6209600	7000.0338101	6999.8782813	-1.1998399	-4.4000000	0.0000105	0.3259454	0.1322306	0.0000000	0.0000000
7000.6209600	7000.0338101	6999.8782813	-1.3999800	-4.4000000	0.0000110	0.3250242	0.1334307	0.0000000	0.0000000
7000.6209600	7000.0338101	6999.8782813	-1.6001201	-4.4000000	0.0000194	0.3280691	0.1392467	0.0000000	0.0000000
7000.6209600	7000.0338101	6999.8782813	-1.7999266	-4.4000000	0.0000098	0.3260439	0.1310012	0.0000000	0.0000000
7000.6209600	7000.0338101	6999.8782813	-2.0000667	-4.4000000	0.0000148	0.3257974	0.1397197	0.0000000	0.0000000
7000.6209600	7000.0338101	6999.8782813	-2.1998732	-4.4000000	0.0000083	0.3253512	0.1387151	0.0000000	0.0000000
7000.6209600	7000.0338101	6999.8782813	-2.4000133	-4.4000000	0.0000098	0.3251617	0.1409291	0.0000000	0.0000000
7000.6209600	7000.0338101	6999.8782813	-2.6001534	-4.4000000	0.0000126	0.3224500	0.1269420	0.0000000	0.0000000
7000.6209600	7000.0338101	6999.8782813	-2.7999600	-4.4000000	0.0001123	0.3217944	0.1414851	0.0000000	0.0000000
7000.6209600	7000.0338101	6999.8782813	-3.0001001	-4.4000000	0.0011931	0.3226814	0.1272048	0.0000000	0.0000000
7000.6209600	7000.0338101	6999.8782813	-3.1999066	-4.4000000	0.0160294	0.3218580	0.1375139	0.0000000	0.0000000
7000.6209600	7000.0338101	6999.8782813	-3.4000467	-4.4000000	0.0461711	0.3239633	0.1339517	0.0000000	0.0000000
7000.6209600	7000.0338101	6999.8782813	-3.5998532	-4.4000000	0.0735659	0.3273870	0.1362762	0.0000000	0.0000000
7000.6209600	7000.0338101	6999.8782813	-3.7999933	-4.4000000	0.1137338	0.3256068	0.1385630	0.0000000	0.0000000
7000.6209600	7000.0338101	6999.8782813	-4.0001334	-4.4000000	0.1820493	0.3243000	0.1394648	0.0000000	0.0000000
7000.6209600	7000.0338101	6999.8782813	-4.1999400	-4.4000000	0.2066881	0.3196868	0.1269678	0.0000000	0.0000000
7000.6209600	7000.0338101	6999.8782813	-4.4000801	-4.4000000	0.2698635	0.3168379	0.1336991	0.0000000	0.0000000
7000.6209600	7000.0338101	6999.8782813	-4.5998866	-4.4000000	0.2716021	0.3233075	0.1414589	0.0000000	0.0000000
7000.6209600	7000.0338101	6999.8782813	-4.8000267	-4.4000000	0.2222432	0.3246716	0.1386455	0.0000000	0.0000000
7000.6209600	7000.0338101	6999.8782813	-4.9998332	-4.4000000	0.1627592	0.3289258	0.1427219	0.0000000	0.0000000
7000.6209600	7000.0338101	6999.8782813	-5.1999733	-4.4000000	0.1047578	0.3307076	0.1422864	0.0000000	0.0000000
7000.6209600	7000.0338101	6999.8782813	-5.4001134	-4.4000000	0.0607677	0.3223315	0.1366664	0.0000000	0.0000000
7000.6209600	7000.0338101	6999.8782813	-5.5999199	-4.4000000	0.0205903	0.3242726	0.1311855	0.0000000	0.0000000
7000.6209600	7000.0338101	6999.8782813	-5.8000600	-4.4000000	0.0079017	0.3242227	0.1412500	0.0000000	0.0000000
7000.6209600	7000.0338101	6999.8782813	-5.9998666	-4.4000000	0.0007898	0.3232012	0.1428464	0.0000000	0.0000000
7000.6209600	7000.0338101	6999.8782813	-6.2000067	-4.4000000	0.0000286	0.3203517	0.1340356	0.0000000	0.0000000
7000.6209600	7000.0338101	6999.8782813	-6.4001468	-4.4000000	0.0000234	0.3241230	0.1426034	0.0000000	0.0000000
7000.6209600	7000.0338101	6999.8782813	-6.5999533	-4.4000000	0.0000114	0.3169579	0.1267230	0.0000000	0.0000000
7000.6209600	7000.0338101	6999.8782813	-6.8000934	-4.4000000	0.0000114	0.3226417	0.1364058	0.0000000	0.0000000
7000.6209600	7000.0338101	6999.8782813	-6.9998999	-4.4000000	0.0000068	0.3235680	0.1349757	0.0000000	0.0000000
7000.6209600	7000.0338101	6999.8782813	-7.2000400	-4.4000000	0.0000140	0.3221135	0.1380668	0.0000000	0.0000000
7000.6209600	7000.0338101	6999.8782813	-7.3998466	-4.4000000	0.0000143	0.3224374	0.1280946	0.0000000	0.0000000
7000.6209600	7000.0338101	6999.8782813	-7.5999867	-4.4000000	0.0000118	0.3229941	0.1375298	0.0000000	0.0000000
7000.6209600	7000.0338101	6999.8782813	-7.8001268	-4.4000000	0.0000101	0.3249452	0.1423551	0.0000000	0.0000000
7000.6209600	7000.0338101	6999.8782813	-7.9999333	-4.4000000	0.0000099	0.3232444	0.1456616	0.0000000	0.0000000
7000.6209600	7000.0338101	6999.8782813	-8.2000734	-4.4000000	0.0000137	0.3239321	0.1454214	0.0000000	0.0000000
7000.6209600	7000.0338101	6999.8782813	-8.3998799	-4.4000000	0.0000071	0.3248429	0.1446011	0.0000000	0.0000000
7000.6209600	7000.0338101	6999.8782813	-8.6000200	-4.4000000	0.0000129	0.3206644	0.1462434	0.0000000	0.0000000
7000.6209600	7000.0338101	6999.8782813	-8.8001601	-4.4000000	0.0000156	0.3258230	0.1395444	0.0000000	0.0000000
7000.6209600	7000.0338101	6999.8782813	-8.9999666	-4.4000000	0.0000085	0.3242249	0.1347805	0.0000000	0.0000000
7000.6209600	7000.0338101	6999.8782813	-9.2001067	-4.4000000	0.0000077	0.3199919	0.1324222	0.0000000	0.0000000
7000.6209600	7000.0338101	6999.8782813	-9.3999133	-4.4000000	0.0000145	0.3197524	0.1302087	0.0000000	0.0000000
7000.6209600	7000.0338101	6999.8782813	-9.6000534	-4.4000000	0.0000089	0.3204209	0.1305624	0.0000000	0.0000000
7000.6209600	7000.0338101	6999.8782813	-9.7998599	-4.4000000	0.0000173	0.3180253	0.1440564	0.0000000	0.0000000
7000.6209600	7000.0338101	6999.8782813	-10.0000000	-4.4000000	0.0000167	0.3230327	0.1305416	0.0000000	0.0000000
