7000.6209600	7000.0338101	6999.8782813	3.0001001	-4.0001334	0.0000125	0.3231666	0.1312415	0.0000000	-4.0000000
7000.6209600	7000.0338101	6999.8782813	2.7999600	-4.0000000	0.0000204	0.3217362	0.1372578	0.0000000	0.0000000
7000.6209600	7000.0338101	6999.8782813	2.6001534	-4.0000000	0.0000210	0.3243170	0.1443226	0.0000000	0.0000000
7000.6209600	7000.0338101	6999.8782813	2.4000133	-4.0000000	0.0000175	0.3232292	0.1484943	0.0000000	0.0000000
7000.6209600	7000.0338101	6999.8782813	2.1998732	-4.0000000	0.0000178	0.3230380	0.1444174	0.0000000	0.0000000
7000.6209600	7000.0338101	6999.8782813	2.0000667	-4.0000000	0.0000153	0.3273929	0.1445952	0.0000000	0.0000000
7000.6209600	7000.0338101	6999.8782813	1.7999266	-4.0000000	0.0000225	0.3224951	0.1343544	0.0000000	0.0000000
7000.6209600	7000.0338101	6999.8782813	1.6001201	-4.0000000	0.0000151	0.3226907	0.1362190	0.0000000	0.0000000
7000.6209600	7000.0338101	6999.8782813	1.3999800	-4.0000000	0.0000176	0.3245924	0.1459945	0.0000000	0.0000000
7000.6209600	7000.0338101	6999.8782813	1.1998399	-4.0000000	0.0000206	0.3231322	0.1409894	0.0000000	0.0000000
7000.6209600	7000.0338101	6999.8782813	1.0000334	-4.0000000	0.0000079	0.3267561	0.1368452	0.0000000	0.0000000
7000.6209600	7000.0338101	6999.8782813	0.7998933	-4.0000000	0.0000167	0.3253597	0.1356448	0.0000000	0.0000000
7000.6209600	7000.0338101	6999.8782813	0.6000867	-4.0000000	0.0000133	0.3230876	0.1387145	0.0000000	0.0000000
7000.6209600	7000.0338101	6999.8782813	0.3999466	-4.0000000	0.0000121	0.3244270	0.1281154	0.0000000	0.0000000
7000.6209600	7000.0338101	6999.8782813	0.2001401	-4.0000000	0.0000150	0.3215016	0.1401353	0.0000000	0.0000000
7000.6209600	7000.0338101	6999.8782813	0.0000000	-4.0000000	0.0000123	0.3244224	0.1388516	0.0000000	0.0000000
7000.6209600	7000.0338101	6999.8782813	-0.2001401	-4.0000000	0.0000193	0.3256591	0.1398585	0.0000000	0.0000000
7000.6209600	7000.0338101	6999.8782813	-0.3999466	-4.0000000	0.0000188	0.3261228	0.1340083	0.0000000	0.0000000
7000.6209600	7000.0338101	6999.8782813	-0.6000867	-4.0000000	0.0000062	0.3261895	0.1303872	0.0000000	0.0000000
7000.6209600	7000.0338101	6999.8782813	-0.7998933	-4.0000000	0.0000137	0.3223569	0.1343218	0.0000000	0.0000000
7000.6209600	7000.0338101	6999.8782813	-1.0000334	-4.0000000	0.0000120	0.3248740	0.1420002	0.0000000	0.0000000
7000.6209600	7000.0338101	6999.8782813	-1.1998399	-4.0000000	0.0000100	0.3264098	0.1369547	0.0000000	0.0000000
7000.6209600	7000.0338101	6999.8782813	-1.3999800	-4.0000000	0.0000203	0.3285150	0.1332950	0.0000000	0.0000000
7000.6209600	7000.0338101	6999.8782813	-1.6001201	-4.0000000	0.0000211	0.3249647	0.1312701	0.0000000	0.0000000
7000.6209600	7000.0338101	6999.8782813	-1.7999266	-4.0000000	0.0000082	0.3221619	0.1310465	0.0000000	0.0000000
7000.6209600	7000.0338101	6999.8782813	-2.0000667	-4.0000000	0.0000173	0.3204149	0.1365153	0.0000000	0.0000000
7000.6209600	7000.0338101	6999.8782813	-2.1998732	-4.0000000	0.0000159	0.3230248	0.1345635	0.0000000	0.0000000
7000.6209600	7000.0338101	6999.8782813	-2.4000133	-4.0000000	0.0000780	0.3244576	0.1449836	0.0000000	0.0000000
7000.6209600	7000.0338101	6999.8782813	-2.6001534	-4.0000000	0.0026877	0.3245649	0.1413334	0.0000000	0.0000000
7000.6209600	7000.0338101	6999.8782813	-2.7999600	-4.0000000	0.0138831	0.3231305	0.1346438	0.0000000	0.0000000
7000.6209600	7000.0338101	6999.8782813	-3.0001001	-4.0000000	0.0409778	0.3221198	0.1350830	0.0000000	0.0000000
7000.6209600	7000.0338101	6999.8782813	-3.1999066	-4.0000000	0.0835260	0.3229037	0.1377681	0.0000000	0.0000000
7000.6209600	7000.0338101	6999.8782813	-3.4000467	-4.0000000	0.1441321	0.3235813	0.1419208	0.0000000	0.0000000
7000.6209600	7000.0338101	6999.8782813	-3.5998532	-4.0000000	0.1656260	0.3252426	0.1353689	0.0000000	0.0000000
7000.6209600	7000.0338101	6999.8782813	-3.7999933	-4.0000000	0.1978212	0.3244232	0.1316626	0.0000000	0.0000000
7000.6209600	7000.0338101	6999.8782813	-4.0001334	-4.0000000	0.2373938	0.3241757	0.1330073	0.0000000	0.0000000
7000.6209600	7000.0338101	6999.8782813	-4.1999400	-4.0000000	0.2503237	0.3275156	0.1362812	0.0000000	0.0000000
7000.6209600	7000.0338101	6999.8782813	-4.4000801	-4.0000000	0.2192546	0.3244585	0.1413929	0.0000000	0.0000000
7000.6209600	7000.0338101	6999.8782813	-4.5998866	-4.0000000	0.1466666	0.3218257	0.1286943	0.0000000	0.0000000
7000.6209600	7000.0338101	6999.8782813	-4.8000267	-4.0000000	0.1268097	0.3227655	0.1451572	0.0000000	0.0000000
7000.6209600	7000.0338101	6999.8782813	-4.9998332	-4.0000000	0.0693051	0.3262799	0.1406854	0.0000000	0.0000000
7000.6209600	7000.0338101	6999.8782813	-5.1999733	-4.0000000	0.0298502	0.3243856	0.1364834	0.0000000	0.0000000
7000.6209600	7000.0338101	6999.8782813	-5.4001134	-4.0000000	0.0067383	0.3224910	0.1336366	0.0000000	0.0000000
7000.6209600	7000.0338101	6999.8782813	-5.5999199	-4.0000000	0.0002739	0.3220015	0.1305519	0.0000000	0.0000000
7000.6209600	7000.0338101	6999.8782813	-5.8000600	-4.0000000	0.0000387	0.3220524	0.1471428	0.0000000	0.0000000
7000.6209600	7000.0338101	6999.8782813	-5.9998666	-4.0000000	0.0000150	0.3233058	0.1378073	0.0000000	0.0000000
7000.6209600	7000.0338101	6999.8782813	-6.2000067	-4.0000000	0.0000110	0.3233214	0.1383724	0.0000000	0.0000000
7000.6209600	7000.0338101	6999.8782813	-6.4001468	-4.0000000	0.0000120	0.3218906	0.1397466	0.0000000	0.0000000
7000.6209600	7000.0338101	6999.8782813	-6.5999533	-4.0000000	0.0000126	0.3247047	0.1383413	0.0000000	0.0000000
7000.6209600	7000.0338101	6999.8782813	-6.8000934	-4.0000000	0.0000151	0.3223087	0.1422407	0.0000000	0.0000000
7000.6209600	7000.0338101	6999.8782813	-6.9998999	-4.0000000	0.0000107	0.3219778	0.1411405	0.0000000	0.0000000
7000.6209600	7000.0338101	6999.8782813	-7.2000400	-4.0000000	0.0000138	0.3242365	0.1437809	0.0000000	0.0000000
7000.6209600	7000.0338101	6999.8782813	-7.3998466	-4.0000000	0.0000205	0.3201772	0.1397433	0.0000000	0.0000000
7000.6209600	7000.0338101	6999.8782813	-7.5999867	-4.0000000	0.0000105	0.3180138	0.1427220	0.0000000	0.0000000
7000.6209600	7000.0338101	6999.8782813	-7.8001268	-4.0000000	0.0000160	0.3154109	0.1351869	0.0000000	0.0000000
7000.6209600	7000.0338101	6999.8782813	-7.9999333	-4.0000000	0.0000120	0.3197657	0.1383694	0.0000000	0.0000000
7000.6209600	7000.0338101	6999.8782813	-8.2000734	-4.0000000	0.0000192	0.3186183	0.1303030	0.0000000	0.0000000
7000.6209600	7000.0338101	6999.8782813	-8.3998799	-4.0000000	0.0000100	0.3187069	0.1402120	0.0000000	0.0000000
7000.6209600	7000.0338101	6999.8782813	-8.6000200	-4.0000000	0.0000122	0.3192146	0.1426384	0.0000000	0.0000000
7000.6209600	7000.0338101	6999.8782813	-8.8001601	-4.0000000	0.0000144	0.3175681	0.1390963	0.0000000	0.0000000
7000.6209600	7000.0338101	6999.8782813	-8.9999666	-4.0000000	0.0000164	0.3206412	0.1509353	0.0000000	0.0000000
7000.6209600	7000.0338101	6999.8782813	-9.2001067	-4.0000000	0.0000184	0.3206798	0.1374723	0.0000000	0.0000000
7000.6209600	7000.0338101	6999.8782813	-9.3999133	-4.0000000	0.0000231	0.3228446	0.1387200	0.0000000	0.0000000
7000.6209600	7000.0338101	6999.8782813	-9.6000534	-4.0000000	0.0000161	0.3224740	0.1441937	0.0000000	0.0000000
7000.6209600	7000.0338101	6999.8782813	-9.7998599	-4.0000000	0.0000222	0.3225566	0.1428331	0.0000000	0.0000000
7000.6209600	7000.0338101	6999.8782813	-10.0000000	-4.0000000	0.0000112	0.3224442	0.1315713	0.0000000	0.0000000
