7000.6209600	7000.0338101	6999.8782813	3.0001001	-2.7999600	0.0000156	0.3300184	0.1306761	0.0000000	-2.8000000
7000.6209600	7000.0338101	6999.8782813	2.7999600	-2.8000000	0.0000154	0.3302441	0.1366549	0.0000000	0.0000000
7000.6209600	7000.0338101	6999.8782813	2.6001534	-2.8000000	0.0000117	0.3264318	0.1399119	0.0000000	0.0000000
7000.6209600	7000.0338101	6999.8782813	2.4000133	-2.8000000	0.0000197	0.3275594	0.1417354	0.0000000	0.0000000
7000.6209600	7000.0338101	6999.8782813	2.1998732	-2.8000000	0.0000225	0.3254193	0.1273956	0.0000000	0.0000000
7000.6209600	7000.0338101	6999.8782813	2.0000667	-2.8000000	0.0000238	0.3306619	0.1286166	0.0000000	0.0000000
7000.6209600	7000.0338101	6999.8782813	1.7999266	-2.8000000	0.0000203	0.3280586	0.1326010	0.0000000	0.0000000
7000.6209600	7000.0338101	6999.8782813	1.6001201	-2.8000000	0.0000183	0.3294332	0.1260183	0.0000000	0.0000000
7000.6209600	7000.0338101	6999.8782813	1.3999800	-2.8000000	0.0000110	0.3256770	0.1286130	0.0000000	0.0000000
7000.6209600	7000.0338101	6999.8782813	1.1998399	-2.8000000	0.0000154	0.3284397	0.1354209	0.0000000	0.0000000
7000.6209600	7000.0338101	6999.8782813	1.0000334	-2.8000000	0.0000144	0.3293452	0.1419073	0.0000000	0.0000000
7000.6209600	7000.0338101	6999.8782813	0.7998933	-2.8000000	0.0000165	0.3302428	0.1418773	0.0000000	0.0000000
7000.6209600	7000.0338101	6999.8782813	0.6000867	-2.8000000	0.0000242	0.3293130	0.1393549	0.0000000	0.0000000
7000.6209600	7000.0338101	6999.8782813	0.3999466	-2.8000000	0.0000234	0.3313441	0.1306395	0.0000000	0.0000000
7000.6209600	7000.0338101	6999.8782813	0.2001401	-2.8000000	0.0000294	0.3272357	0.1310482	0.0000000	0.0000000
7000.6209600	7000.0338101	6999.8782813	0.0000000	-2.8000000	0.0000140	0.3262375	0.1320326	0.0000000	0.0000000
7000.6209600	7000.0338101	6999.8782813	-0.2001401	-2.8000000	0.0000187	0.3290734	0.1410764	0.0000000	0.0000000
7000.6209600	7000.0338101	6999.8782813	-0.3999466	-2.8000000	0.0000114	0.3271617	0.1335450	0.0000000	0.0000000
7000.6209600	7000.0338101	6999.8782813	-0.6000867	-2.8000000	0.0000171	0.3273130	0.1315979	0.0000000	0.0000000
7000.6209600	7000.0338101	6999.8782813	-0.7998933	-2.8000000	0.0000177	0.3269052	0.1325856	0.0000000	0.0000000
7000.6209600	7000.0338101	6999.8782813	-1.0000334	-2.8000000	0.0000203	0.3286504	0.1372684	0.0000000	0.0000000
7000.6209600	7000.0338101	6999.8782813	-1.1998399	-2.8000000	0.0006528	0.3289548	0.1424321	0.0000000	0.0000000
7000.6209600	7000.0338101	6999.8782813	-1.3999800	-2.8000000	0.0051190	0.3304353	0.1365898	0.0000000	0.0000000
7000.6209600	7000.0338101	6999.8782813	-1.6001201	-2.8000000	0.0258639	0.3321685	0.1313931	0.0000000	0.0000000
7000.6209600	7000.0338101	6999.8782813	-1.7999266	-2.8000000	0.0555847	0.3286384	0.1286019	0.0000000	0.0000000
7000.6209600	7000.0338101	6999.8782813	-2.0000667	-2.8000000	0.1110488	0.3267003	0.1398440	0.0000000	0.0000000
7000.6209600	7000.0338101	6999.8782813	-2.1998732	-2.8000000	0.1650605	0.3272883	0.1433270	0.0000000	0.0000000
7000.6209600	7000.0338101	6999.8782813	-2.4000133	-2.8000000	0.2047312	0.3270216	0.1378333	0.0000000	0.0000000
7000.6209600	7000.0338101	6999.8782813	-2.6001534	-2.8000000	0.2613757	0.3305348	0.1355161	0.0000000	0.0000000
7000.6209600	7000.0338101	6999.8782813	-2.7999600	-2.8000000	0.3089524	0.3249523	0.1282170	0.0000000	0.0000000
7000.6209600	7000.0338101	6999.8782813	-3.0001001	-2.8000000	0.3372540	0.3273788	0.1383854	0.0000000	0.0000000
7000.6209600	7000.0338101	6999.8782813	-3.1999066	-2.8000000	0.3383934	0.3233175	0.1469137	0.0000000	0.0000000
7000.6209600	7000.0338101	6999.8782813	-3.4000467	-2.8000000	0.2093303	0.3258260	0.1395514	0.0000000	0.0000000
7000.6209600	7000.0338101	6999.8782813	-3.5998532	-2.8000000	0.1284535	0.3249706	0.1289933	0.0000000	0.0000000
7000.6209600	7000.0338101	6999.8782813	-3.7999933	-2.8000000	0.0664218	0.3244498	0.1252729	0.0000000	0.0000000
7000.6209600	7000.0338101	6999.8782813	-4.0001334	-2.8000000	0.0362682	0.3268208	0.1331970	0.0000000	0.0000000
7000.6209600	7000.0338101	6999.8782813	-4.1999400	-2.8000000	0.0101609	0.3284406	0.1316726	0.0000000	0.0000000
7000.6209600	7000.0338101	6999.8782813	-4.4000801	-2.8000000	0.0012999	0.3246577	0.1309935	0.0000000	0.0000000
7000.6209600	7000.0338101	6999.8782813	-4.5998866	-2.8000000	0.0001420	0.3287213	0.1385629	0.0000000	0.0000000
7000.6209600	7000.0338101	6999.8782813	-4.8000267	-2.8000000	0.0000255	0.3275825	0.1373175	0.0000000	0.0000000
7000.6209600	7000.0338101	6999.8782813	-4.9998332	-2.8000000	0.0000220	0.3283988	0.1366899	0.0000000	0.0000000
7000.6209600	7000.0338101	6999.8782813	-5.1999733	-2.8000000	0.0000175	0.3281771	0.1324614	0.0000000	0.0000000
7000.6209600	7000.0338101	6999.8782813	-5.4001134	-2.8000000	0.0000139	0.3273561	0.1338972	0.0000000	0.0000000
7000.6209600	7000.0338101	6999.8782813	-5.5999199	-2.8000000	0.0000120	0.3274226	0.1435986	0.0000000	0.0000000
7000.6209600	7000.0338101	6999.8782813	-5.8000600	-2.8000000	0.0000129	0.3292814	0.1253108	0.0000000	0.0000000
7000.6209600	7000.0338101	6999.8782813	-5.9998666	-2.8000000	0.0000148	0.3303926	0.1285443	0.0000000	0.0000000
7000.6209600	7000.0338101	6999.8782813	-6.2000067	-2.8000000	0.0000055	0.3266470	0.1309569	0.0000000	0.0000000
7000.6209600	7000.0338101	6999.8782813	-6.4001468	-2.8000000	0.0000192	0.3265072	0.1415398	0.0000000	0.0000000
7000.6209600	7000.0338101	6999.8782813	-6.5999533	-2.8000000	0.0000111	0.3266099	0.1292267	0.0000000	0.0000000
7000.6209600	7000.0338101	6999.8782813	-6.8000934	-2.8000000	0.0000171	0.3229722	0.1386499	0.0000000	0.0000000
7000.6209600	7000.0338101	6999.8782813	-6.9998999	-2.8000000	0.0000076	0.3237944	0.1341251	0.0000000	0.0000000
7000.6209600	7000.0338101	6999.8782813	-7.2000400	-2.8000000	0.0000096	0.3226052	0.1374277	0.0000000	0.0000000
7000.6209600	7000.0338101	6999.8782813	-7.3998466	-2.8000000	0.0000150	0.3252445	0.1458538	0.0000000	0.0000000
7000.6209600	7000.0338101	6999.8782813	-7.5999867	-2.8000000	0.0000123	0.3262571	0.1363575	0.0000000	0.0000000
7000.6209600	7000.0338101	6999.8782813	-7.8001268	-2.8000000	0.0000110	0.3296111	0.1420718	0.0000000	0.0000000
7000.6209600	7000.0338101	6999.8782813	-7.9999333	-2.8000000	0.0000148	0.3286464	0.1372573	0.0000000	0.0000000
7000.6209600	7000.0338101	6999.8782813	-8.2000734	-2.8000000	0.0000065	0.3264404	0.1338914	0.0000000	0.0000000
7000.6209600	7000.0338101	6999.8782813	-8.3998799	-2.8000000	0.0000105	0.3272745	0.1415833	0.0000000	0.0000000
7000.6209600	7000.0338101	6999.8782813	-8.6000200	-2.8000000	0.0000134	0.3254747	0.1295303	0.0000000	0.0000000
7000.6209600	7000.0338101	6999.8782813	-8.8001601	-2.8000000	0.0000183	0.3303418	0.1394041	0.0000000	0.0000000
7000.6209600	7000.0338101	6999.8782813	-8.9999666	-2.8000000	0.0000133	0.3268835	0.1378594	0.0000000	0.0000000
7000.6209600	7000.0338101	6999.8782813	-9.2001067	-2.8000000	0.0000111	0.3290452	0.1309464	0.0000000	0.0000000
7000.6209600	7000.0338101	6999.8782813	-9.3999133	-2.8000000	0.0000142	0.3283635	0.1303396	0.0000000	0.0000000
7000.6209600	7000.0338101	6999.8782813	-9.6000534	-2.8000000	0.0000157	0.3287850	0.1368904	0.0000000	0.0000000
7000.6209600	7000.0338101	6999.8782813	-9.7998599	-2.8000000	0.0000154	0.3210759	0.1329001	0.0000000	0.0000000
7000.6209600	7000.0338101	6999.8782813	-10.0000000	-2.8000000	0.0000090	0.3274531	0.1289001	0.0000000	0.0000000
