7000.6209600	7000.0338101	6999.8782813	3.0001001	-0.7998933	0.0380411	0.3310295	0.1294248	0.0000000	-0.8000000
7000.6209600	7000.0338101	6999.8782813	2.7999600	-0.8000000	0.0399033	0.3316968	0.1282296	0.0000000	0.0000000
7000.6209600	7000.0338101	6999.8782813	2.6001534	-0.8000000	0.0414642	0.3355664	0.1294967	0.0000000	0.0000000
7000.6209600	7000.0338101	6999.8782813	2.4000133	-0.8000000	0.0438357	0.3341311	0.1298074	0.0000000	0.0000000
7000.6209600	7000.0338101	6999.8782813	2.1998732	-0.8000000	0.0442686	0.3355802	0.1321538	0.0000000	0.0000000
7000.6209600	7000.0338101	6999.8782813	2.0000667	-0.8000000	0.0416361	0.3333971	0.1301683	0.0000000	0.0000000
7000.6209600	7000.0338101	6999.8782813	1.7999266	-0.8000000	0.0464039	0.3353176	0.1379946	0.0000000	0.0000000
7000.6209600	7000.0338101	6999.8782813	1.6001201	-0.8000000	0.0416177	0.3369785	0.1221086	0.0000000	0.0000000
7000.6209600	7000.0338101	6999.8782813	1.3999800	-0.8000000	0.0480778	0.3360990	0.1314067	0.0000000	0.0000000
7000.6209600	7000.0338101	6999.8782813	1.1998399	-0.8000000	0.0473411	0.3345651	0.1283304	0.0000000	0.0000000
7000.6209600	7000.0338101	6999.8782813	1.0000334	-0.8000000	0.0510693	0.3350270	0.1281759	0.0000000	0.0000000
7000.6209600	7000.0338101	6999.8782813	0.7998933	-0.8000000	0.0692839	0.3339241	0.1292164	0.0000000	0.0000000
7000.6209600	7000.0338101	6999.8782813	0.6000867	-0.8000000	0.0896177	0.3360254	0.1266731	0.0000000	0.0000000
7000.6209600	7000.0338101	6999.8782813	0.3999466	-0.8000000	0.1358845	0.3335505	0.1304198	0.0000000	0.0000000
7000.6209600	7000.0338101	6999.8782813	0.2001401	-0.8000000	0.1864001	0.3341108	0.1286340	0.0000000	0.0000000
7000.6209600	7000.0338101	6999.8782813	0.0000000	-0.8000000	0.2177720	0.3360806	0.1265658	0.0000000	0.0000000
7000.6209600	7000.0338101	6999.8782813	-0.2001401	-0.8000000	0.2795889	0.3394115	0.1306970	0.0000000	0.0000000
7000.6209600	7000.0338101	6999.8782813	-0.3999466	-0.8000000	0.2899739	0.3356299	0.1253854	0.0000000	0.0000000
7000.6209600	7000.0338101	6999.8782813	-0.6000867	-0.8000000	0.3902159	0.3335059	0.1308494	0.0000000	0.0000000
7000.6209600	7000.0338101	6999.8782813	-0.7998933	-0.8000000	0.4019568	0.3331833	0.1254337	0.0000000	0.0000000
7000.6209600	7000.0338101	6999.8782813	-1.0000334	-0.8000000	0.3813260	0.3336974	0.1286904	0.0000000	0.0000000
7000.6209600	7000.0338101	6999.8782813	-1.1998399	-0.8000000	0.2854666	0.3348606	0.1284280	0.0000000	0.0000000
7000.6209600	7000.0338101	6999.8782813	-1.3999800	-0.8000000	0.2368438	0.3370674	0.1338729	0.0000000	0.0000000
7000.6209600	7000.0338101	6999.8782813	-1.6001201	-0.8000000	0.1618864	0.3379120	0.1388862	0.0000000	0.0000000
7000.6209600	7000.0338101	6999.8782813	-1.7999266	-0.8000000	0.0940120	0.3356226	0.1335551	0.0000000	0.0000000
7000.6209600	7000.0338101	6999.8782813	-2.0000667	-0.8000000	0.0498341	0.3346227	0.1302767	0.0000000	0.0000000
7000.6209600	7000.0338101	6999.8782813	-2.1998732	-0.8000000	0.0178187	0.3350683	0.1328015	0.0000000	0.0000000
7000.6209600	7000.0338101	6999.8782813	-2.4000133	-0.8000000	0.0021329	0.3370770	0.1330919	0.0000000	0.0000000
7000.6209600	7000.0338101	6999.8782813	-2.6001534	-0.8000000	0.0001581	0.3360725	0.1322260	0.0000000	0.0000000
7000.6209600	7000.0338101	6999.8782813	-2.7999600	-0.8000000	0.0000289	0.3347734	0.1263191	0.0000000	0.0000000
7000.6209600	7000.0338101	6999.8782813	-3.0001001	-0.8000000	0.0000240	0.3362773	0.1236111	0.0000000	0.0000000
7000.6209600	7000.0338101	6999.8782813	-3.1999066	-0.8000000	0.0000125	0.3328777	0.1260640	0.0000000	0.0000000
7000.6209600	7000.0338101	6999.8782813	-3.4000467	-0.8000000	0.0000189	0.3369698	0.1317654	0.0000000	0.0000000
7000.6209600	7000.0338101	6999.8782813	-3.5998532	-0.8000000	0.0000134	0.3370728	0.1333999	0.0000000	0.0000000
7000.6209600	7000.0338101	6999.8782813	-3.7999933	-0.8000000	0.0000166	0.3356588	0.1321691	0.0000000	0.0000000
7000.6209600	7000.0338101	6999.8782813	-4.0001334	-0.8000000	0.0000143	0.3338857	0.1314436	0.0000000	0.0000000
7000.6209600	7000.0338101	6999.8782813	-4.1999400	-0.8000000	0.0000142	0.3346085	0.1261750	0.0000000	0.0000000
7000.6209600	7000.0338101	6999.8782813	-4.4000801	-0.8000000	0.0000123	0.3378126	0.1292225	0.0000000	0.0000000
7000.6209600	7000.0338101	6999.8782813	-4.5998866	-0.8000000	0.0000146	0.3323810	0.1302323	0.0000000	0.0000000
7000.6209600	7000.0338101	6999.8782813	-4.8000267	-0.8000000	0.0000212	0.3338821	0.1302405	0.0000000	0.0000000
7000.6209600	7000.0338101	6999.8782813	-4.9998332	-0.8000000	0.0000118	0.3343475	0.1309327	0.0000000	0.0000000
7000.6209600	7000.0338101	6999.8782813	-5.1999733	-0.8000000	0.0000120	0.3350306	0.1322542	0.0000000	0.0000000
7000.6209600	7000.0338101	6999.8782813	-5.4001134	-0.8000000	0.0000150	0.3361821	0.1318226	0.0000000	0.0000000
7000.6209600	7000.0338101	6999.8782813	-5.5999199	-0.8000000	0.0000173	0.3339921	0.1268569	0.0000000	0.0000000
7000.6209600	7000.0338101	6999.8782813	-5.8000600	-0.8000000	0.0000133	0.3348318	0.1309043	0.0000000	0.0000000
7000.6209600	7000.0338101	6999.8782813	-5.9998666	-0.8000000	0.0000203	0.3346707	0.1303912	0.0000000	0.0000000
7000.6209600	7000.0338101	6999.8782813	-6.2000067	-0.8000000	0.0000189	0.3337803	0.1281544	0.0000000	0.0000000
7000.6209600	7000.0338101	6999.8782813	-6.4001468	-0.8000000	0.0000085	0.3337955	0.1280686	0.0000000	0.0000000
7000.6209600	7000.0338101	6999.8782813	-6.5999533	-0.8000000	0.0000146	0.3320795	0.1255662	0.0000000	0.0000000
7000.6209600	7000.0338101	6999.8782813	-6.8000934	-0.8000000	0.0000160	0.3340153	0.1296553	0.0000000	0.0000000
7000.6209600	7000.0338101	6999.8782813	-6.9998999	-0.8000000	0.0000103	0.3343215	0.1326815	0.0000000	0.0000000
7000.6209600	7000.0338101	6999.8782813	-7.2000400	-0.8000000	0.0000099	0.3328019	0.1299075	0.0000000	0.0000000
7000.6209600	7000.0338101	6999.8782813	-7.3998466	-0.8000000	0.0000186	0.3361459	0.1328130	0.0000000	0.0000000
7000.6209600	7000.0338101	6999.8782813	-7.5999867	-0.8000000	0.0000118	0.3334196	0.1282085	0.0000000	0.0000000
7000.6209600	7000.0338101	6999.8782813	-7.8001268	-0.8000000	0.0000165	0.3342137	0.1303207	0.0000000	0.0000000
7000.6209600	7000.0338101	6999.8782813	-7.9999333	-0.8000000	0.0000233	0.3350692	0.1310680	0.0000000	0.0000000
7000.6209600	7000.0338101	6999.8782813	-8.2000734	-0.8000000	0.0000118	0.3314126	0.1330894	0.0000000	0.0000000
7000.6209600	7000.0338101	6999.8782813	-8.3998799	-0.8000000	0.0000244	0.3335990	0.1385759	0.0000000	0.0000000
7000.6209600	7000.0338101	6999.8782813	-8.6000200	-0.8000000	0.0000178	0.3351365	0.1274382	0.0000000	0.0000000
7000.6209600	7000.0338101	6999.8782813	-8.8001601	-0.8000000	0.0000210	0.3350311	0.1351743	0.0000000	0.0000000
7000.6209600	7000.0338101	6999.8782813	-8.9999666	-0.8000000	0.0000095	0.3342997	0.1320421	0.0000000	0.0000000
7000.6209600	7000.0338101	6999.8782813	-9.2001067	-0.8000000	0.0000156	0.3372988	0.1308175	0.0000000	0.0000000
7000.6209600	7000.0338101	6999.8782813	-9.3999133	-0.8000000	0.0000126	0.3371509	0.1262754	0.0000000	0.0000000
7000.6209600	7000.0338101	6999.8782813	-9.6000534	-0.8000000	0.0000187	0.3356652	0.1295178	0.0000000	0.0000000
7000.6209600	7000.0338101	6999.8782813	-9.7998599	-0.8000000	0.0000129	0.3360676	0.1305085	0.0000000	0.0000000
7000.6209600	7000.0338101	6999.8782813	-10.0000000	-0.8000000	0.0000114	0.3360347	0.1331841	0.0000000	0.0000000
