7000.6209600	7000.0338101	6999.8782813	3.0001001	-7.3998466	0.0000065	0.3123038	0.1334355	0.0000000	-7.4000000
7000.6209600	7000.0338101	6999.8782813	2.7999600	-7.4000000	0.0000140	0.3122472	0.1489452	0.0000000	0.0000000
7000.6209600	7000.0338101	6999.8782813	2.6001534	-7.4000000	0.0000078	0.3153811	0.1440182	0.0000000	0.0000000
7000.6209600	7000.0338101	6999.8782813	2.4000133	-7.4000000	0.0000133	0.3116893	0.1470011	0.0000000	0.0000000
7000.6209600	7000.0338101	6999.8782813	2.1998732	-7.4000000	0.0000057	0.3156494	0.1439518	0.0000000	0.0000000
7000.6209600	7000.0338101	6999.8782813	2.0000667	-7.4000000	0.0000072	0.3165007	0.1456093	0.0000000	0.0000000
7000.6209600	7000.0338101	6999.8782813	1.7999266	-7.4000000	0.0000077	0.3183256	0.1390166	0.0000000	0.0000000
7000.6209600	7000.0338101	6999.8782813	1.6001201	-7.4000000	0.0000079	0.3153907	0.1411615	0.0000000	0.0000000
7000.6209600	7000.0338101	6999.8782813	1.3999800	-7.4000000	0.0000070	0.3173811	0.1398716	0.0000000	0.0000000
7000.6209600	7000.0338101	6999.8782813	1.1998399	-7.4000000	0.0000083	0.3142433	0.1463715	0.0000000	0.0000000
7000.6209600	7000.0338101	6999.8782813	1.0000334	-7.4000000	0.0000103	0.3140338	0.1394712	0.0000000	0.0000000
7000.6209600	7000.0338101	6999.8782813	0.7998933	-7.4000000	0.0000116	0.3176110	0.1309768	0.0000000	0.0000000
7000.6209600	7000.0338101	6999.8782813	0.6000867	-7.4000000	0.0000107	0.3162152	0.1415071	0.0000000	0.0000000
7000.6209600	7000.0338101	6999.8782813	0.3999466	-7.4000000	0.0000056	0.3166027	0.1370480	0.0000000	0.0000000
7000.6209600	7000.0338101	6999.8782813	0.2001401	-7.4000000	0.0000105	0.3150608	0.1414580	0.0000000	0.0000000
7000.6209600	7000.0338101	6999.8782813	0.0000000	-7.4000000	0.0000146	0.3118159	0.1464911	0.0000000	0.0000000
7000.6209600	7000.0338101	6999.8782813	-0.2001401	-7.4000000	0.0000082	0.3140591	0.1465555	0.0000000	0.0000000
7000.6209600	7000.0338101	6999.8782813	-0.3999466	-7.4000000	0.0000101	0.3138219	0.1441378	0.0000000	0.0000000
7000.6209600	7000.0338101	6999.8782813	-0.6000867	-7.4000000	0.0000101	0.3126327	0.1460476	0.0000000	0.0000000
7000.6209600	7000.0338101	6999.8782813	-0.7998933	-7.4000000	0.0000039	0.3166704	0.1312089	0.0000000	0.0000000
7000.6209600	7000.0338101	6999.8782813	-1.0000334	-7.4000000	0.0000050	0.3124882	0.1402830	0.0000000	0.0000000
7000.6209600	7000.0338101	6999.8782813	-1.1998399	-7.4000000	0.0000131	0.3126208	0.1466357	0.0000000	0.0000000
7000.6209600	7000.0338101	6999.8782813	-1.3999800	-7.4000000	0.0000089	0.3109390	0.1448854	0.0000000	0.0000000
7000.6209600	7000.0338101	6999.8782813	-1.6001201	-7.4000000	0.0000029	0.3158613	0.1393661	0.0000000	0.0000000
7000.6209600	7000.0338101	6999.8782813	-1.7999266	-7.4000000	0.0000045	0.3171305	0.1447201	0.0000000	0.0000000
7000.6209600	7000.0338101	6999.8782813	-2.0000667	-7.4000000	0.0000072	0.3150985	0.1419668	0.0000000	0.0000000
7000.6209600	7000.0338101	6999.8782813	-2.1998732	-7.4000000	0.0000087	0.3176069	0.1455164	0.0000000	0.0000000
7000.6209600	7000.0338101	6999.8782813	-2.4000133	-7.4000000	0.0000038	0.3161458	0.1416442	0.0000000	0.0000000
7000.6209600	7000.0338101	6999.8782813	-2.6001534	-7.4000000	0.0000079	0.3167969	0.1408424	0.0000000	0.0000000
7000.6209600	7000.0338101	6999.8782813	-2.7999600	-7.4000000	0.0000078	0.3174066	0.1420425	0.0000000	0.0000000
7000.6209600	7000.0338101	6999.8782813	-3.0001001	-7.4000000	0.0000015	0.3171855	0.1457765	0.0000000	0.0000000
7000.6209600	7000.0338101	6999.8782813	-3.1999066	-7.4000000	0.0000049	0.3185879	0.1429648	0.0000000	0.0000000
7000.6209600	7000.0338101	6999.8782813	-3.4000467	-7.4000000	0.0000076	0.3153986	0.1464192	0.0000000	0.0000000
7000.6209600	7000.0338101	6999.8782813	-3.5998532	-7.4000000	0.0000161	0.3145139	0.1474187	0.0000000	0.0000000
7000.6209600	7000.0338101	6999.8782813	-3.7999933	-7.4000000	0.0000045	0.3150229	0.1449960	0.0000000	0.0000000
7000.6209600	7000.0338101	6999.8782813	-4.0001334	-7.4000000	0.0000029	0.3170881	0.1400156	0.0000000	0.0000000
7000.6209600	7000.0338101	6999.8782813	-4.1999400	-7.4000000	0.0000033	0.3210710	0.1390431	0.0000000	0.0000000
7000.6209600	7000.0338101	6999.8782813	-4.4000801	-7.4000000	0.0000100	0.3197166	0.1382108	0.0000000	0.0000000
7000.6209600	7000.0338101	6999.8782813	-4.5998866	-7.4000000	0.0000070	0.3177977	0.1355983	0.0000000	0.0000000
7000.6209600	7000.0338101	6999.8782813	-4.8000267	-7.4000000	0.0000077	0.3156719	0.1337592	0.0000000	0.0000000
7000.6209600	7000.0338101	6999.8782813	-4.9998332	-7.4000000	0.0000094	0.3177942	0.1428463	0.0000000	0.0000000
7000.6209600	7000.0338101	6999.8782813	-5.1999733	-7.4000000	0.0000066	0.3188149	0.1378901	0.0000000	0.0000000
7000.6209600	7000.0338101	6999.8782813	-5.4001134	-7.4000000	0.0000072	0.3194084	0.1404460	0.0000000	0.0000000
7000.6209600	7000.0338101	6999.8782813	-5.5999199	-7.4000000	0.0000143	0.3164139	0.1429929	0.0000000	0.0000000
7000.6209600	7000.0338101	6999.8782813	-5.8000600	-7.4000000	0.0000281	0.3148336	0.1427443	0.0000000	0.0000000
7000.6209600	7000.0338101	6999.8782813	-5.9998666	-7.4000000	0.0007002	0.3174836	0.1388427	0.0000000	0.0000000
7000.6209600	7000.0338101	6999.8782813	-6.2000067	-7.4000000	0.0109054	0.3178079	0.1403538	0.0000000	0.0000000
7000.6209600	7000.0338101	6999.8782813	-6.4001468	-7.4000000	0.0328792	0.3163219	0.1417183	0.0000000	0.0000000
7000.6209600	7000.0338101	6999.8782813	-6.5999533	-7.4000000	0.0641488	0.3156187	0.1408969	0.0000000	0.0000000
7000.6209600	7000.0338101	6999.8782813	-6.8000934	-7.4000000	0.1095190	0.3157666	0.1420436	0.0000000	0.0000000
7000.6209600	7000.0338101	6999.8782813	-6.9998999	-7.4000000	0.1512474	0.3099308	0.1409716	0.0000000	0.0000000
7000.6209600	7000.0338101	6999.8782813	-7.2000400	-7.4000000	0.1975392	0.3147047	0.1451888	0.0000000	0.0000000
7000.6209600	7000.0338101	6999.8782813	-7.3998466	-7.4000000	0.2107410	0.3174243	0.1443291	0.0000000	0.0000000
7000.6209600	7000.0338101	6999.8782813	-7.5999867	-7.4000000	0.2686643	0.3123906	0.1503719	0.0000000	0.0000000
7000.6209600	7000.0338101	6999.8782813	-7.8001268	-7.4000000	0.1947677	0.3178501	0.1471494	0.0000000	0.0000000
7000.6209600	7000.0338101	6999.8782813	-7.9999333	-7.4000000	0.1499762	0.3163099	0.1451499	0.0000000	0.0000000
7000.6209600	7000.0338101	6999.8782813	-8.2000734	-7.4000000	0.0752583	0.3197592	0.1366373	0.0000000	0.0000000
7000.6209600	7000.0338101	6999.8782813	-8.3998799	-7.4000000	0.0437338	0.3174670	0.1376720	0.0000000	0.0000000
7000.6209600	7000.0338101	6999.8782813	-8.6000200	-7.4000000	0.0189349	0.3162626	0.1379221	0.0000000	0.0000000
7000.6209600	7000.0338101	6999.8782813	-8.8001601	-7.4000000	0.0053605	0.3193690	0.1437729	0.0000000	0.0000000
7000.6209600	7000.0338101	6999.8782813	-8.9999666	-7.4000000	0.0001816	0.3186737	0.1404065	0.0000000	0.0000000
7000.6209600	7000.0338101	6999.8782813	-9.2001067	-7.4000000	0.0000261	0.3196425	0.1450137	0.0000000	0.0000000
7000.6209600	7000.0338101	6999.8782813	-9.3999133	-7.4000000	0.0000120	0.3162117	0.1453483	0.0000000	0.0000000
7000.6209600	7000.0338101	6999.8782813	-9.6000534	-7.4000000	0.0000101	0.3142295	0.1446294	0.0000000	0.0000000
7000.6209600	7000.0338101	6999.8782813	-9.7998599	-7.4000000	0.0000066	0.3158265	0.1392358	0.0000000	0.0000000
7000.6209600	7000.0338101	6999.8782813	-10.0000000	-7.4000000	0.0000114	0.3160266	0.1471089	0.0000000	0.0000000
