7000.6209600	7000.0338101	6999.8782813	3.0001001	-7.5999867	0.0000084	0.3217122	0.1399677	0.0000000	-7.6000000
7000.6209600	7000.0338101	6999.8782813	2.7999600	-7.6000000	0.0000039	0.3201000	0.1371180	0.0000000	0.0000000
7000.6209600	7000.0338101	6999.8782813	2.6001534	-7.6000000	0.0000046	0.3205250	0.1311843	0.0000000	0.0000000
7000.6209600	7000.0338101	6999.8782813	2.4000133	-7.6000000	0.0000083	0.3203060	0.1344801	0.0000000	0.0000000
7000.6209600	7000.0338101	6999.8782813	2.1998732	-7.6000000	0.0000103	0.3175310	0.1435735	0.0000000	0.0000000
7000.6209600	7000.0338101	6999.8782813	2.0000667	-7.6000000	0.0000063	0.3156250	0.1435681	0.0000000	0.0000000
7000.6209600	7000.0338101	6999.8782813	1.7999266	-7.6000000	0.0000026	0.3174767	0.1369629	0.0000000	0.0000000
7000.6209600	7000.0338101	6999.8782813	1.6001201	-7.6000000	0.0000055	0.3202153	0.1339226	0.0000000	0.0000000
7000.6209600	7000.0338101	6999.8782813	1.3999800	-7.6000000	0.0000055	0.3166414	0.1375823	0.0000000	0.0000000
7000.6209600	7000.0338101	6999.8782813	1.1998399	-7.6000000	0.0000133	0.3158455	0.1423805	0.0000000	0.0000000
7000.6209600	7000.0338101	6999.8782813	1.0000334	-7.6000000	0.0000094	0.3152483	0.1455359	0.0000000	0.0000000
7000.6209600	7000.0338101	6999.8782813	0.7998933	-7.6000000	0.0000044	0.3146343	0.1435784	0.0000000	0.0000000
7000.6209600	7000.0338101	6999.8782813	0.6000867	-7.6000000	0.0000118	0.3104097	0.1400979	0.0000000	0.0000000
7000.6209600	7000.0338101	6999.8782813	0.3999466	-7.6000000	0.0000122	0.3198634	0.1344132	0.0000000	0.0000000
7000.6209600	7000.0338101	6999.8782813	0.2001401	-7.6000000	0.0000131	0.3223854	0.1388381	0.0000000	0.0000000
7000.6209600	7000.0338101	6999.8782813	0.0000000	-7.6000000	0.0000099	0.3177970	0.1399639	0.0000000	0.0000000
7000.6209600	7000.0338101	6999.8782813	-0.2001401	-7.6000000	0.0000081	0.3223796	0.1343242	0.0000000	0.0000000
7000.6209600	7000.0338101	6999.8782813	-0.3999466	-7.6000000	0.0000087	0.3185555	0.1334226	0.0000000	0.0000000
7000.6209600	7000.0338101	6999.8782813	-0.6000867	-7.6000000	0.0000021	0.3196403	0.1403975	0.0000000	0.0000000
7000.6209600	7000.0338101	6999.8782813	-0.7998933	-7.6000000	0.0000059	0.3165656	0.1396769	0.0000000	0.0000000
7000.6209600	7000.0338101	6999.8782813	-1.0000334	-7.6000000	0.0000044	0.3179602	0.1394915	0.0000000	0.0000000
7000.6209600	7000.0338101	6999.8782813	-1.1998399	-7.6000000	0.0000066	0.3200920	0.1436577	0.0000000	0.0000000
7000.6209600	7000.0338101	6999.8782813	-1.3999800	-7.6000000	0.0000073	0.3169608	0.1403087	0.0000000	0.0000000
7000.6209600	7000.0338101	6999.8782813	-1.6001201	-7.6000000	0.0000061	0.3158578	0.1410420	0.0000000	0.0000000
7000.6209600	7000.0338101	6999.8782813	-1.7999266	-7.6000000	0.0000050	0.3163580	0.1436332	0.0000000	0.0000000
7000.6209600	7000.0338101	6999.8782813	-2.0000667	-7.6000000	0.0000062	0.3172588	0.1409612	0.0000000	0.0000000
7000.6209600	7000.0338101	6999.8782813	-2.1998732	-7.6000000	0.0000093	0.3175061	0.1447094	0.0000000	0.0000000
7000.6209600	7000.0338101	6999.8782813	-2.4000133	-7.6000000	0.0000079	0.3191841	0.1482891	0.0000000	0.0000000
7000.6209600	7000.0338101	6999.8782813	-2.6001534	-7.6000000	0.0000052	0.3194493	0.1414581	0.0000000	0.0000000
7000.6209600	7000.0338101	6999.8782813	-2.7999600	-7.6000000	0.0000105	0.3158645	0.1418237	0.0000000	0.0000000
7000.6209600	7000.0338101	6999.8782813	-3.0001001	-7.6000000	0.0000089	0.3145537	0.1475992	0.0000000	0.0000000
7000.6209600	7000.0338101	6999.8782813	-3.1999066	-7.6000000	0.0000045	0.3141494	0.1465031	0.0000000	0.0000000
7000.6209600	7000.0338101	6999.8782813	-3.4000467	-7.6000000	0.0000063	0.3163641	0.1424923	0.0000000	0.0000000
7000.6209600	7000.0338101	6999.8782813	-3.5998532	-7.6000000	0.0000063	0.3171432	0.1447727	0.0000000	0.0000000
7000.6209600	7000.0338101	6999.8782813	-3.7999933	-7.6000000	0.0000083	0.3173882	0.1451648	0.0000000	0.0000000
7000.6209600	7000.0338101	6999.8782813	-4.0001334	-7.6000000	0.0000046	0.3166947	0.1351195	0.0000000	0.0000000
7000.6209600	7000.0338101	6999.8782813	-4.1999400	-7.6000000	0.0000038	0.3169020	0.1417686	0.0000000	0.0000000
7000.6209600	7000.0338101	6999.8782813	-4.4000801	-7.6000000	0.0000087	0.3163712	0.1411823	0.0000000	0.0000000
7000.6209600	7000.0338101	6999.8782813	-4.5998866	-7.6000000	0.0000068	0.3164363	0.1372976	0.0000000	0.0000000
7000.6209600	7000.0338101	6999.8782813	-4.8000267	-7.6000000	0.0000046	0.3203854	0.1411249	0.0000000	0.0000000
7000.6209600	7000.0338101	6999.8782813	-4.9998332	-7.6000000	0.0000050	0.3153904	0.1433586	0.0000000	0.0000000
7000.6209600	7000.0338101	6999.8782813	-5.1999733	-7.6000000	0.0000125	0.3164231	0.1447849	0.0000000	0.0000000
7000.6209600	7000.0338101	6999.8782813	-5.4001134	-7.6000000	0.0000079	0.3130575	0.1453988	0.0000000	0.0000000
7000.6209600	7000.0338101	6999.8782813	-5.5999199	-7.6000000	0.0000046	0.3154296	0.1440459	0.0000000	0.0000000
7000.6209600	7000.0338101	6999.8782813	-5.8000600	-7.6000000	0.0000057	0.3176649	0.1416013	0.0000000	0.0000000
7000.6209600	7000.0338101	6999.8782813	-5.9998666	-7.6000000	0.0000282	0.3157150	0.1431948	0.0000000	0.0000000
7000.6209600	7000.0338101	6999.8782813	-6.2000067	-7.6000000	0.0010619	0.3175752	0.1343408	0.0000000	0.0000000
7000.6209600	7000.0338101	6999.8782813	-6.4001468	-7.6000000	0.0119575	0.3181713	0.1422196	0.0000000	0.0000000
7000.6209600	7000.0338101	6999.8782813	-6.5999533	-7.6000000	0.0362026	0.3170439	0.1436985	0.0000000	0.0000000
7000.6209600	7000.0338101	6999.8782813	-6.8000934	-7.6000000	0.0673036	0.3161505	0.1430223	0.0000000	0.0000000
7000.6209600	7000.0338101	6999.8782813	-6.9998999	-7.6000000	0.1031266	0.3159365	0.1456743	0.0000000	0.0000000
7000.6209600	7000.0338101	6999.8782813	-7.2000400	-7.6000000	0.1021345	0.3128842	0.1320507	0.0000000	0.0000000
7000.6209600	7000.0338101	6999.8782813	-7.3998466	-7.6000000	0.1418422	0.3172357	0.1318234	0.0000000	0.0000000
7000.6209600	7000.0338101	6999.8782813	-7.5999867	-7.6000000	0.1831312	0.3119940	0.1362134	0.0000000	0.0000000
7000.6209600	7000.0338101	6999.8782813	-7.8001268	-7.6000000	0.2033156	0.3126093	0.1439183	0.0000000	0.0000000
7000.6209600	7000.0338101	6999.8782813	-7.9999333	-7.6000000	0.1670580	0.3154388	0.1385880	0.0000000	0.0000000
7000.6209600	7000.0338101	6999.8782813	-8.2000734	-7.6000000	0.1234193	0.3150677	0.1394849	0.0000000	0.0000000
7000.6209600	7000.0338101	6999.8782813	-8.3998799	-7.6000000	0.0668289	0.3152438	0.1355085	0.0000000	0.0000000
7000.6209600	7000.0338101	6999.8782813	-8.6000200	-7.6000000	0.0362908	0.3188099	0.1349443	0.0000000	0.0000000
7000.6209600	7000.0338101	6999.8782813	-8.8001601	-7.6000000	0.0173008	0.3132703	0.1417659	0.0000000	0.0000000
7000.6209600	7000.0338101	6999.8782813	-8.9999666	-7.6000000	0.0040537	0.3149717	0.1426910	0.0000000	0.0000000
7000.6209600	7000.0338101	6999.8782813	-9.2001067	-7.6000000	0.0002054	0.3181785	0.1388804	0.0000000	0.0000000
7000.6209600	7000.0338101	6999.8782813	-9.3999133	-7.6000000	0.0000103	0.3188835	0.1370577	0.0000000	0.0000000
7000.6209600	7000.0338101	6999.8782813	-9.6000534	-7.6000000	0.0000048	0.3180544	0.1363195	0.0000000	0.0000000
7000.6209600	7000.0338101	6999.8782813	-9.7998599	-7.6000000	0.0000060	0.3179545	0.1422426	0.0000000	0.0000000
7000.6209600	7000.0338101	6999.8782813	-10.0000000	-7.6000000	0.0000061	0.3141852	0.1428601	0.0000000	0.0000000
