7000.6209600	7000.0338101	6999.8782813	3.0001001	-6.4001468	0.0000079	0.3193782	0.1356239	0.0000000	-6.4000000
7000.6209600	7000.0338101	6999.8782813	2.7999600	-6.4000000	0.0000095	0.3173086	0.1359336	0.0000000	0.0000000
7000.6209600	7000.0338101	6999.8782813	2.6001534	-6.4000000	0.0000094	0.3206550	0.1428590	0.0000000	0.0000000
7000.6209600	7000.0338101	6999.8782813	2.4000133	-6.4000000	0.0000095	0.3181698	0.1406486	0.0000000	0.0000000
7000.6209600	7000.0338101	6999.8782813	2.1998732	-6.4000000	0.0000110	0.3214036	0.1407269	0.0000000	0.0000000
7000.6209600	7000.0338101	6999.8782813	2.0000667	-6.4000000	0.0000117	0.3212545	0.1384064	0.0000000	0.0000000
7000.6209600	7000.0338101	6999.8782813	1.7999266	-6.4000000	0.0000122	0.3167859	0.1413982	0.0000000	0.0000000
7000.6209600	7000.0338101	6999.8782813	1.6001201	-6.4000000	0.0000098	0.3195961	0.1414205	0.0000000	0.0000000
7000.6209600	7000.0338101	6999.8782813	1.3999800	-6.4000000	0.0000186	0.3189291	0.1418413	0.0000000	0.0000000
7000.6209600	7000.0338101	6999.8782813	1.1998399	-6.4000000	0.0000089	0.3177291	0.1479835	0.0000000	0.0000000
7000.6209600	7000.0338101	6999.8782813	1.0000334	-6.4000000	0.0000221	0.3135728	0.1477360	0.0000000	0.0000000
7000.6209600	7000.0338101	6999.8782813	0.7998933	-6.4000000	0.0000104	0.3141539	0.1476066	0.0000000	0.0000000
7000.6209600	7000.0338101	6999.8782813	0.6000867	-6.4000000	0.0000178	0.3167896	0.1458348	0.0000000	0.0000000
7000.6209600	7000.0338101	6999.8782813	0.3999466	-6.4000000	0.0000112	0.3147621	0.1475000	0.0000000	0.0000000
7000.6209600	7000.0338101	6999.8782813	0.2001401	-6.4000000	0.0000105	0.3146622	0.1451492	0.0000000	0.0000000
7000.6209600	7000.0338101	6999.8782813	0.0000000	-6.4000000	0.0000082	0.3181177	0.1473169	0.0000000	0.0000000
7000.6209600	7000.0338101	6999.8782813	-0.2001401	-6.4000000	0.0000109	0.3140449	0.1487002	0.0000000	0.0000000
7000.6209600	7000.0338101	6999.8782813	-0.3999466	-6.4000000	0.0000134	0.3147885	0.1474253	0.0000000	0.0000000
7000.6209600	7000.0338101	6999.8782813	-0.6000867	-6.4000000	0.0000114	0.3153507	0.1444042	0.0000000	0.0000000
7000.6209600	7000.0338101	6999.8782813	-0.7998933	-6.4000000	0.0000132	0.3142788	0.1466877	0.0000000	0.0000000
7000.6209600	7000.0338101	6999.8782813	-1.0000334	-6.4000000	0.0000165	0.3165198	0.1457061	0.0000000	0.0000000
7000.6209600	7000.0338101	6999.8782813	-1.1998399	-6.4000000	0.0000093	0.3162784	0.1422800	0.0000000	0.0000000
7000.6209600	7000.0338101	6999.8782813	-1.3999800	-6.4000000	0.0000070	0.3186876	0.1388137	0.0000000	0.0000000
7000.6209600	7000.0338101	6999.8782813	-1.6001201	-6.4000000	0.0000056	0.3176974	0.1364998	0.0000000	0.0000000
7000.6209600	7000.0338101	6999.8782813	-1.7999266	-6.4000000	0.0000126	0.3159540	0.1245465	0.0000000	0.0000000
7000.6209600	7000.0338101	6999.8782813	-2.0000667	-6.4000000	0.0000106	0.3165879	0.1386852	0.0000000	0.0000000
7000.6209600	7000.0338101	6999.8782813	-2.1998732	-6.4000000	0.0000125	0.3195962	0.1401539	0.0000000	0.0000000
7000.6209600	7000.0338101	6999.8782813	-2.4000133	-6.4000000	0.0000089	0.3167196	0.1394469	0.0000000	0.0000000
7000.6209600	7000.0338101	6999.8782813	-2.6001534	-6.4000000	0.0000103	0.3203181	0.1342115	0.0000000	0.0000000
7000.6209600	7000.0338101	6999.8782813	-2.7999600	-6.4000000	0.0000155	0.3170322	0.1401306	0.0000000	0.0000000
7000.6209600	7000.0338101	6999.8782813	-3.0001001	-6.4000000	0.0000109	0.3184962	0.1338239	0.0000000	0.0000000
7000.6209600	7000.0338101	6999.8782813	-3.1999066	-6.4000000	0.0000153	0.3125137	0.1218253	0.0000000	0.0000000
7000.6209600	7000.0338101	6999.8782813	-3.4000467	-6.4000000	0.0000090	0.3189761	0.1333112	0.0000000	0.0000000
7000.6209600	7000.0338101	6999.8782813	-3.5998532	-6.4000000	0.0000093	0.3207465	0.1378287	0.0000000	0.0000000
7000.6209600	7000.0338101	6999.8782813	-3.7999933	-6.4000000	0.0000120	0.3197531	0.1393636	0.0000000	0.0000000
7000.6209600	7000.0338101	6999.8782813	-4.0001334	-6.4000000	0.0000144	0.3187528	0.1448387	0.0000000	0.0000000
7000.6209600	7000.0338101	6999.8782813	-4.1999400	-6.4000000	0.0000101	0.3207670	0.1440233	0.0000000	0.0000000
7000.6209600	7000.0338101	6999.8782813	-4.4000801	-6.4000000	0.0000104	0.3144510	0.1463206	0.0000000	0.0000000
7000.6209600	7000.0338101	6999.8782813	-4.5998866	-6.4000000	0.0000173	0.3180967	0.1402534	0.0000000	0.0000000
7000.6209600	7000.0338101	6999.8782813	-4.8000267	-6.4000000	0.0000372	0.3151598	0.1315300	0.0000000	0.0000000
7000.6209600	7000.0338101	6999.8782813	-4.9998332	-6.4000000	0.0020038	0.3214767	0.1383402	0.0000000	0.0000000
7000.6209600	7000.0338101	6999.8782813	-5.1999733	-6.4000000	0.0114924	0.3163380	0.1420090	0.0000000	0.0000000
7000.6209600	7000.0338101	6999.8782813	-5.4001134	-6.4000000	0.0366891	0.3150197	0.1457291	0.0000000	0.0000000
7000.6209600	7000.0338101	6999.8782813	-5.5999199	-6.4000000	0.0631049	0.3171594	0.1446259	0.0000000	0.0000000
7000.6209600	7000.0338101	6999.8782813	-5.8000600	-6.4000000	0.0953796	0.3163741	0.1400583	0.0000000	0.0000000
7000.6209600	7000.0338101	6999.8782813	-5.9998666	-6.4000000	0.1568210	0.3185430	0.1457570	0.0000000	0.0000000
7000.6209600	7000.0338101	6999.8782813	-6.2000067	-6.4000000	0.2323582	0.3172795	0.1451062	0.0000000	0.0000000
7000.6209600	7000.0338101	6999.8782813	-6.4001468	-6.4000000	0.2403523	0.3163347	0.1449250	0.0000000	0.0000000
7000.6209600	7000.0338101	6999.8782813	-6.5999533	-6.4000000	0.2589510	0.3152782	0.1466669	0.0000000	0.0000000
7000.6209600	7000.0338101	6999.8782813	-6.8000934	-6.4000000	0.2053552	0.3195541	0.1443409	0.0000000	0.0000000
7000.6209600	7000.0338101	6999.8782813	-6.9998999	-6.4000000	0.1032588	0.3213199	0.1400431	0.0000000	0.0000000
7000.6209600	7000.0338101	6999.8782813	-7.2000400	-6.4000000	0.0779136	0.3212230	0.1400021	0.0000000	0.0000000
7000.6209600	7000.0338101	6999.8782813	-7.3998466	-6.4000000	0.0551200	0.3185941	0.1434785	0.0000000	0.0000000
7000.6209600	7000.0338101	6999.8782813	-7.5999867	-6.4000000	0.0233193	0.3183760	0.1411956	0.0000000	0.0000000
7000.6209600	7000.0338101	6999.8782813	-7.8001268	-6.4000000	0.0056520	0.3191162	0.1464855	0.0000000	0.0000000
7000.6209600	7000.0338101	6999.8782813	-7.9999333	-6.4000000	0.0004042	0.3179092	0.1425128	0.0000000	0.0000000
7000.6209600	7000.0338101	6999.8782813	-8.2000734	-6.4000000	0.0000665	0.3277832	0.1417775	0.0000000	0.0000000
7000.6209600	7000.0338101	6999.8782813	-8.3998799	-6.4000000	0.0000109	0.3267671	0.1333076	0.0000000	0.0000000
7000.6209600	7000.0338101	6999.8782813	-8.6000200	-6.4000000	0.0000122	0.3264441	0.1343431	0.0000000	0.0000000
7000.6209600	7000.0338101	6999.8782813	-8.8001601	-6.4000000	0.0000151	0.3264575	0.1413033	0.0000000	0.0000000
7000.6209600	7000.0338101	6999.8782813	-8.9999666	-6.4000000	0.0000093	0.3275658	0.1392528	0.0000000	0.0000000
7000.6209600	7000.0338101	6999.8782813	-9.2001067	-6.4000000	0.0000120	0.3256930	0.1390244	0.0000000	0.0000000
7000.6209600	7000.0338101	6999.8782813	-9.3999133	-6.4000000	0.0000105	0.3178324	0.1417656	0.0000000	0.0000000
7000.6209600	7000.0338101	6999.8782813	-9.6000534	-6.4000000	0.0000083	0.3186028	0.1455166	0.0000000	0.0000000
7000.6209600	7000.0338101	6999.8782813	-9.7998599	-6.4000000	0.0000100	0.3192438	0.1465544	0.0000000	0.0000000
7000.6209600	7000.0338101	6999.8782813	-10.0000000	-6.4000000	0.0000106	0.3188802	0.1415204	0.0000000	0.0000000
