7000.6209600	7000.0338101	6999.8782813	3.0001001	-8.8001601	0.0000074	0.3173456	0.1398042	0.0000000	-8.8000000
7000.6209600	7000.0338101	6999.8782813	2.7999600	-8.8000000	0.0000032	0.3155632	0.1407393	0.0000000	0.0000000
7000.6209600	7000.0338101	6999.8782813	2.6001534	-8.8000000	0.0000034	0.3190289	0.1379482	0.0000000	0.0000000
7000.6209600	7000.0338101	6999.8782813	2.4000133	-8.8000000	0.0000067	0.3123289	0.1337385	0.0000000	0.0000000
7000.6209600	7000.0338101	6999.8782813	2.1998732	-8.8000000	0.0000045	0.3175764	0.1396295	0.0000000	0.0000000
7000.6209600	7000.0338101	6999.8782813	2.0000667	-8.8000000	0.0000056	0.3149678	0.1374850	0.0000000	0.0000000
7000.6209600	7000.0338101	6999.8782813	1.7999266	-8.8000000	0.0000039	0.3146335	0.1428051	0.0000000	0.0000000
7000.6209600	7000.0338101	6999.8782813	1.6001201	-8.8000000	0.0000121	0.3165410	0.1435049	0.0000000	0.0000000
7000.6209600	7000.0338101	6999.8782813	1.3999800	-8.8000000	0.0000065	0.3155302	0.1419592	0.0000000	0.0000000
7000.6209600	7000.0338101	6999.8782813	1.1998399	-8.8000000	0.0000039	0.3177924	0.1416473	0.0000000	0.0000000
7000.6209600	7000.0338101	6999.8782813	1.0000334	-8.8000000	0.0000054	0.3170522	0.1368273	0.0000000	0.0000000
7000.6209600	7000.0338101	6999.8782813	0.7998933	-8.8000000	0.0000020	0.3123208	0.1377454	0.0000000	0.0000000
7000.6209600	7000.0338101	6999.8782813	0.6000867	-8.8000000	0.0000066	0.3137115	0.1420774	0.0000000	0.0000000
7000.6209600	7000.0338101	6999.8782813	0.3999466	-8.8000000	0.0000038	0.3128885	0.1415503	0.0000000	0.0000000
7000.6209600	7000.0338101	6999.8782813	0.2001401	-8.8000000	0.0000049	0.3165371	0.1351644	0.0000000	0.0000000
7000.6209600	7000.0338101	6999.8782813	0.0000000	-8.8000000	0.0000021	0.3165548	0.1411274	0.0000000	0.0000000
7000.6209600	7000.0338101	6999.8782813	-0.2001401	-8.8000000	0.0000026	0.3158202	0.1409492	0.0000000	0.0000000
7000.6209600	7000.0338101	6999.8782813	-0.3999466	-8.8000000	0.0000103	0.3163459	0.1415786	0.0000000	0.0000000
7000.6209600	7000.0338101	6999.8782813	-0.6000867	-8.8000000	0.0000095	0.3150464	0.1426556	0.0000000	0.0000000
7000.6209600	7000.0338101	6999.8782813	-0.7998933	-8.8000000	0.0000082	0.3163921	0.1428944	0.0000000	0.0000000
7000.6209600	7000.0338101	6999.8782813	-1.0000334	-8.8000000	0.0000031	0.3145601	0.1414333	0.0000000	0.0000000
7000.6209600	7000.0338101	6999.8782813	-1.1998399	-8.8000000	0.0000061	0.3177690	0.1354335	0.0000000	0.0000000
7000.6209600	7000.0338101	6999.8782813	-1.3999800	-8.8000000	0.0000027	0.3162949	0.1393488	0.0000000	0.0000000
7000.6209600	7000.0338101	6999.8782813	-1.6001201	-8.8000000	0.0000038	0.3134863	0.1386342	0.0000000	0.0000000
7000.6209600	7000.0338101	6999.8782813	-1.7999266	-8.8000000	0.0000035	0.3157107	0.1424618	0.0000000	0.0000000
7000.6209600	7000.0338101	6999.8782813	-2.0000667	-8.8000000	0.0000070	0.3144862	0.1426462	0.0000000	0.0000000
7000.6209600	7000.0338101	6999.8782813	-2.1998732	-8.8000000	0.0000065	0.3157418	0.1437817	0.0000000	0.0000000
7000.6209600	7000.0338101	6999.8782813	-2.4000133	-8.8000000	0.0000070	0.3176921	0.1433290	0.0000000	0.0000000
7000.6209600	7000.0338101	6999.8782813	-2.6001534	-8.8000000	0.0000051	0.3150493	0.1424240	0.0000000	0.0000000
7000.6209600	7000.0338101	6999.8782813	-2.7999600	-8.8000000	0.0000043	0.3151829	0.1413667	0.0000000	0.0000000
7000.6209600	7000.0338101	6999.8782813	-3.0001001	-8.8000000	0.0000031	0.3144529	0.1315187	0.0000000	0.0000000
7000.6209600	7000.0338101	6999.8782813	-3.1999066	-8.8000000	0.0000054	0.3143311	0.1369868	0.0000000	0.0000000
7000.6209600	7000.0338101	6999.8782813	-3.4000467	-8.8000000	0.0000052	0.3189991	0.1324054	0.0000000	0.0000000
7000.6209600	7000.0338101	6999.8782813	-3.5998532	-8.8000000	0.0000024	0.3170806	0.1339603	0.0000000	0.0000000
7000.6209600	7000.0338101	6999.8782813	-3.7999933	-8.8000000	0.0000052	0.3133212	0.1402861	0.0000000	0.0000000
7000.6209600	7000.0338101	6999.8782813	-4.0001334	-8.8000000	0.0000078	0.3132909	0.1435889	0.0000000	0.0000000
7000.6209600	7000.0338101	6999.8782813	-4.1999400	-8.8000000	0.0000024	0.3141410	0.1417340	0.0000000	0.0000000
7000.6209600	7000.0338101	6999.8782813	-4.4000801	-8.8000000	0.0000042	0.3157683	0.1409258	0.0000000	0.0000000
7000.6209600	7000.0338101	6999.8782813	-4.5998866	-8.8000000	0.0000060	0.3148217	0.1418691	0.0000000	0.0000000
7000.6209600	7000.0338101	6999.8782813	-4.8000267	-8.8000000	0.0000079	0.3185795	0.1392891	0.0000000	0.0000000
7000.6209600	7000.0338101	6999.8782813	-4.9998332	-8.8000000	0.0000052	0.3126843	0.1385879	0.0000000	0.0000000
7000.6209600	7000.0338101	6999.8782813	-5.1999733	-8.8000000	0.0000093	0.3166412	0.1373966	0.0000000	0.0000000
7000.6209600	7000.0338101	6999.8782813	-5.4001134	-8.8000000	0.0000067	0.3134440	0.1311404	0.0000000	0.0000000
7000.6209600	7000.0338101	6999.8782813	-5.5999199	-8.8000000	0.0000083	0.3146747	0.1340564	0.0000000	0.0000000
7000.6209600	7000.0338101	6999.8782813	-5.8000600	-8.8000000	0.0000090	0.3145146	0.1355623	0.0000000	0.0000000
7000.6209600	7000.0338101	6999.8782813	-5.9998666	-8.8000000	0.0000032	0.3143701	0.1394252	0.0000000	0.0000000
7000.6209600	7000.0338101	6999.8782813	-6.2000067	-8.8000000	0.0000026	0.3159646	0.1354121	0.0000000	0.0000000
7000.6209600	7000.0338101	6999.8782813	-6.4001468	-8.8000000	0.0000011	0.3128545	0.1391230	0.0000000	0.0000000
7000.6209600	7000.0338101	6999.8782813	-6.5999533	-8.8000000	0.0000033	0.3165348	0.1381113	0.0000000	0.0000000
7000.6209600	7000.0338101	6999.8782813	-6.8000934	-8.8000000	0.0000090	0.3133092	0.1387389	0.0000000	0.0000000
7000.6209600	7000.0338101	6999.8782813	-6.9998999	-8.8000000	0.0000040	0.3142122	0.1309453	0.0000000	0.0000000
7000.6209600	7000.0338101	6999.8782813	-7.2000400	-8.8000000	0.0000188	0.3177798	0.1308508	0.0000000	0.0000000
7000.6209600	7000.0338101	6999.8782813	-7.3998466	-8.8000000	0.0002651	0.3172913	0.1353583	0.0000000	0.0000000
7000.6209600	7000.0338101	6999.8782813	-7.5999867	-8.8000000	0.0052367	0.3172079	0.1337772	0.0000000	0.0000000
7000.6209600	7000.0338101	6999.8782813	-7.8001268	-8.8000000	0.0249684	0.3132207	0.1392922	0.0000000	0.0000000
7000.6209600	7000.0338101	6999.8782813	-7.9999333	-8.8000000	0.0431190	0.3124645	0.1307720	0.0000000	0.0000000
7000.6209600	7000.0338101	6999.8782813	-8.2000734	-8.8000000	0.0951946	0.3126390	0.1435543	0.0000000	0.0000000
7000.6209600	7000.0338101	6999.8782813	-8.3998799	-8.8000000	0.1353210	0.3127931	0.1442316	0.0000000	0.0000000
7000.6209600	7000.0338101	6999.8782813	-8.6000200	-8.8000000	0.1520764	0.3132458	0.1385703	0.0000000	0.0000000
7000.6209600	7000.0338101	6999.8782813	-8.8001601	-8.8000000	0.1420520	0.3160677	0.1316066	0.0000000	0.0000000
7000.6209600	7000.0338101	6999.8782813	-8.9999666	-8.8000000	0.1265693	0.3155286	0.1347396	0.0000000	0.0000000
7000.6209600	7000.0338101	6999.8782813	-9.2001067	-8.8000000	0.1132415	0.3162982	0.1341882	0.0000000	0.0000000
7000.6209600	7000.0338101	6999.8782813	-9.3999133	-8.8000000	0.0851534	0.3165122	0.1384778	0.0000000	0.0000000
7000.6209600	7000.0338101	6999.8782813	-9.6000534	-8.8000000	0.0680472	0.3151166	0.1420217	0.0000000	0.0000000
7000.6209600	7000.0338101	6999.8782813	-9.7998599	-8.8000000	0.0277578	0.3100043	0.1319526	0.0000000	0.0000000
7000.6209600	7000.0338101	6999.8782813	-10.0000000	-8.8000000	0.0146025	0.3148187	0.1407894	0.0000000	0.0000000
