7000.6209600	7000.0338101	6999.8782813	3.0001001	-2.1998732	0.0000178	0.3274745	0.1316896	0.0000000	-2.2000000
7000.6209600	7000.0338101	6999.8782813	2.7999600	-2.2000000	0.0000171	0.3307738	0.1351350	0.0000000	0.0000000
7000.6209600	7000.0338101	6999.8782813	2.6001534	-2.2000000	0.0000193	0.3313396	0.1316593	0.0000000	0.0000000
7000.6209600	7000.0338101	6999.8782813	2.4000133	-2.2000000	0.0000231	0.3313901	0.1337560	0.0000000	0.0000000
7000.6209600	7000.0338101	6999.8782813	2.1998732	-2.2000000	0.0000128	0.3300219	0.1328005	0.0000000	0.0000000
7000.6209600	7000.0338101	6999.8782813	2.0000667	-2.2000000	0.0000164	0.3278817	0.1302013	0.0000000	0.0000000
7000.6209600	7000.0338101	6999.8782813	1.7999266	-2.2000000	0.0000179	0.3277855	0.1318698	0.0000000	0.0000000
7000.6209600	7000.0338101	6999.8782813	1.6001201	-2.2000000	0.0000179	0.3306595	0.1349305	0.0000000	0.0000000
7000.6209600	7000.0338101	6999.8782813	1.3999800	-2.2000000	0.0000156	0.3303655	0.1372595	0.0000000	0.0000000
7000.6209600	7000.0338101	6999.8782813	1.1998399	-2.2000000	0.0000254	0.3297511	0.1412024	0.0000000	0.0000000
7000.6209600	7000.0338101	6999.8782813	1.0000334	-2.2000000	0.0000243	0.3256394	0.1334120	0.0000000	0.0000000
7000.6209600	7000.0338101	6999.8782813	0.7998933	-2.2000000	0.0000195	0.3297788	0.1335228	0.0000000	0.0000000
7000.6209600	7000.0338101	6999.8782813	0.6000867	-2.2000000	0.0000187	0.3313954	0.1359569	0.0000000	0.0000000
7000.6209600	7000.0338101	6999.8782813	0.3999466	-2.2000000	0.0000140	0.3315125	0.1404098	0.0000000	0.0000000
7000.6209600	7000.0338101	6999.8782813	0.2001401	-2.2000000	0.0000162	0.3291433	0.1321632	0.0000000	0.0000000
7000.6209600	7000.0338101	6999.8782813	0.0000000	-2.2000000	0.0000143	0.3319053	0.1355503	0.0000000	0.0000000
7000.6209600	7000.0338101	6999.8782813	-0.2001401	-2.2000000	0.0000156	0.3281254	0.1276869	0.0000000	0.0000000
7000.6209600	7000.0338101	6999.8782813	-0.3999466	-2.2000000	0.0000247	0.3305052	0.1284000	0.0000000	0.0000000
7000.6209600	7000.0338101	6999.8782813	-0.6000867	-2.2000000	0.0001533	0.3273763	0.1285677	0.0000000	0.0000000
7000.6209600	7000.0338101	6999.8782813	-0.7998933	-2.2000000	0.0061873	0.3312334	0.1376248	0.0000000	0.0000000
7000.6209600	7000.0338101	6999.8782813	-1.0000334	-2.2000000	0.0227430	0.3276832	0.1340292	0.0000000	0.0000000
7000.6209600	7000.0338101	6999.8782813	-1.1998399	-2.2000000	0.0543303	0.3263894	0.1299687	0.0000000	0.0000000
7000.6209600	7000.0338101	6999.8782813	-1.3999800	-2.2000000	0.1073577	0.3284633	0.1311865	0.0000000	0.0000000
7000.6209600	7000.0338101	6999.8782813	-1.6001201	-2.2000000	0.1589602	0.3282476	0.1283167	0.0000000	0.0000000
7000.6209600	7000.0338101	6999.8782813	-1.7999266	-2.2000000	0.2262417	0.3271761	0.1326476	0.0000000	0.0000000
7000.6209600	7000.0338101	6999.8782813	-2.0000667	-2.2000000	0.2984465	0.3265006	0.1329775	0.0000000	0.0000000
7000.6209600	7000.0338101	6999.8782813	-2.1998732	-2.2000000	0.3076066	0.3275801	0.1285038	0.0000000	0.0000000
7000.6209600	7000.0338101	6999.8782813	-2.4000133	-2.2000000	0.2926649	0.3313353	0.1284319	0.0000000	0.0000000
7000.6209600	7000.0338101	6999.8782813	-2.6001534	-2.2000000	0.2752032	0.3311122	0.1333055	0.0000000	0.0000000
7000.6209600	7000.0338101	6999.8782813	-2.7999600	-2.2000000	0.2023364	0.3272273	0.1348606	0.0000000	0.0000000
7000.6209600	7000.0338101	6999.8782813	-3.0001001	-2.2000000	0.1307920	0.3282712	0.1382532	0.0000000	0.0000000
7000.6209600	7000.0338101	6999.8782813	-3.1999066	-2.2000000	0.0775707	0.3304329	0.1370496	0.0000000	0.0000000
7000.6209600	7000.0338101	6999.8782813	-3.4000467	-2.2000000	0.0399938	0.3298550	0.1319512	0.0000000	0.0000000
7000.6209600	7000.0338101	6999.8782813	-3.5998532	-2.2000000	0.0099330	0.3291989	0.1295549	0.0000000	0.0000000
7000.6209600	7000.0338101	6999.8782813	-3.7999933	-2.2000000	0.0010685	0.3313828	0.1419585	0.0000000	0.0000000
7000.6209600	7000.0338101	6999.8782813	-4.0001334	-2.2000000	0.0000638	0.3282747	0.1382247	0.0000000	0.0000000
7000.6209600	7000.0338101	6999.8782813	-4.1435672	-2.2000000	0.0000122	0.3303623	0.1296135	0.0000000	0.0000000
7000.6209600	7000.0338101	6999.8782813	-4.4000801	-2.2000000	0.0000164	0.3344567	0.1272412	0.0000000	0.0000000
7000.6209600	7000.0338101	6999.8782813	-4.5998866	-2.2000000	0.0000115	0.3331194	0.1283201	0.0000000	0.0000000
7000.6209600	7000.0338101	6999.8782813	-4.8000267	-2.2000000	0.0000170	0.3328437	0.1319270	0.0000000	0.0000000
7000.6209600	7000.0338101	6999.8782813	-4.9998332	-2.2000000	0.0000137	0.3273998	0.1308218	0.0000000	0.0000000
7000.6209600	7000.0338101	6999.8782813	-5.1999733	-2.2000000	0.0000156	0.3301090	0.1361179	0.0000000	0.0000000
7000.6209600	7000.0338101	6999.8782813	-5.4001134	-2.2000000	0.0000149	0.3315564	0.1351583	0.0000000	0.0000000
7000.6209600	7000.0338101	6999.8782813	-5.5999199	-2.2000000	0.0000151	0.3274884	0.1345120	0.0000000	0.0000000
7000.6209600	7000.0338101	6999.8782813	-5.8000600	-2.2000000	0.0000154	0.3319666	0.1385922	0.0000000	0.0000000
7000.6209600	7000.0338101	6999.8782813	-5.9998666	-2.2000000	0.0000095	0.3256772	0.1297546	0.0000000	0.0000000
7000.6209600	7000.0338101	6999.8782813	-6.2000067	-2.2000000	0.0000094	0.3278813	0.1308635	0.0000000	0.0000000
7000.6209600	7000.0338101	6999.8782813	-6.4001468	-2.2000000	0.0000074	0.3275581	0.1316823	0.0000000	0.0000000
7000.6209600	7000.0338101	6999.8782813	-6.5999533	-2.2000000	0.0000121	0.3253789	0.1323625	0.0000000	0.0000000
7000.6209600	7000.0338101	6999.8782813	-6.8000934	-2.2000000	0.0000082	0.3240817	0.1377976	0.0000000	0.0000000
7000.6209600	7000.0338101	6999.8782813	-6.9998999	-2.2000000	0.0000129	0.3214562	0.1345929	0.0000000	0.0000000
7000.6209600	7000.0338101	6999.8782813	-7.2000400	-2.2000000	0.0000154	0.3312523	0.1325613	0.0000000	0.0000000
7000.6209600	7000.0338101	6999.8782813	-7.3998466	-2.2000000	0.0000077	0.3269222	0.1338716	0.0000000	0.0000000
7000.6209600	7000.0338101	6999.8782813	-7.5999867	-2.2000000	0.0000165	0.3259904	0.1324547	0.0000000	0.0000000
7000.6209600	7000.0338101	6999.8782813	-7.8001268	-2.2000000	0.0000095	0.3280875	0.1312321	0.0000000	0.0000000
7000.6209600	7000.0338101	6999.8782813	-7.9999333	-2.2000000	0.0000129	0.3307327	0.1306896	0.0000000	0.0000000
7000.6209600	7000.0338101	6999.8782813	-8.2000734	-2.2000000	0.0000177	0.3327814	0.1349279	0.0000000	0.0000000
7000.6209600	7000.0338101	6999.8782813	-8.3998799	-2.2000000	0.0000128	0.3288213	0.1364236	0.0000000	0.0000000
7000.6209600	7000.0338101	6999.8782813	-8.6000200	-2.2000000	0.0000089	0.3291094	0.1332341	0.0000000	0.0000000
7000.6209600	7000.0338101	6999.8782813	-8.8001601	-2.2000000	0.0000096	0.3320068	0.1333708	0.0000000	0.0000000
7000.6209600	7000.0338101	6999.8782813	-8.9999666	-2.2000000	0.0000222	0.3317015	0.1397694	0.0000000	0.0000000
7000.6209600	7000.0338101	6999.8782813	-9.2001067	-2.2000000	0.0000122	0.3306951	0.1324843	0.0000000	0.0000000
7000.6209600	7000.0338101	6999.8782813	-9.3999133	-2.2000000	0.0000111	0.3310399	0.1283933	0.0000000	0.0000000
7000.6209600	7000.0338101	6999.8782813	-9.6000534	-2.2000000	0.0000184	0.3279850	0.1389904	0.0000000	0.0000000
7000.6209600	7000.0338101	6999.8782813	-9.7998599	-2.2000000	0.0000121	0.3291476	0.1336979	0.0000000	0.0000000
7000.6209600	7000.0338101	6999.8782813	-10.0000000	-2.2000000	0.0000148	0.3264962	0.1299869	0.0000000	0.0000000
