7000.6209600	7000.0338101	6999.8782813	3.0001001	-9.2001067	0.0000054	0.3107301	0.1437473	0.0000000	-9.2000000
7000.6209600	7000.0338101	6999.8782813	2.7999600	-9.2000000	0.0000083	0.3113811	0.1432947	0.0000000	0.0000000
7000.6209600	7000.0338101	6999.8782813	2.6001534	-9.2000000	0.0000067	0.3099882	0.1421899	0.0000000	0.0000000
7000.6209600	7000.0338101	6999.8782813	2.4000133	-9.2000000	0.0000098	0.3119613	0.1381306	0.0000000	0.0000000
7000.6209600	7000.0338101	6999.8782813	2.1998732	-9.2000000	0.0000065	0.3089155	0.1411101	0.0000000	0.0000000
7000.6209600	7000.0338101	6999.8782813	2.0000667	-9.2000000	0.0000048	0.3102666	0.1367025	0.0000000	0.0000000
7000.6209600	7000.0338101	6999.8782813	1.7999266	-9.2000000	0.0000010	0.3115690	0.1312506	0.0000000	0.0000000
7000.6209600	7000.0338101	6999.8782813	1.6001201	-9.2000000	0.0000084	0.3123469	0.1408961	0.0000000	0.0000000
7000.6209600	7000.0338101	6999.8782813	1.3999800	-9.2000000	0.0000116	0.3092787	0.1414850	0.0000000	0.0000000
7000.6209600	7000.0338101	6999.8782813	1.1998399	-9.2000000	0.0000101	0.3104088	0.1389333	0.0000000	0.0000000
7000.6209600	7000.0338101	6999.8782813	1.0000334	-9.2000000	0.0000059	0.3096460	0.1412139	0.0000000	0.0000000
7000.6209600	7000.0338101	6999.8782813	0.7998933	-9.2000000	0.0000067	0.3118187	0.1339662	0.0000000	0.0000000
7000.6209600	7000.0338101	6999.8782813	0.6000867	-9.2000000	0.0000035	0.3085073	0.1411501	0.0000000	0.0000000
7000.6209600	7000.0338101	6999.8782813	0.3999466	-9.2000000	0.0000028	0.3126825	0.1305599	0.0000000	0.0000000
7000.6209600	7000.0338101	6999.8782813	0.2001401	-9.2000000	0.0000061	0.3136321	0.1392032	0.0000000	0.0000000
7000.6209600	7000.0338101	6999.8782813	0.0000000	-9.2000000	0.0000040	0.3119833	0.1290934	0.0000000	0.0000000
7000.6209600	7000.0338101	6999.8782813	-0.2001401	-9.2000000	0.0000065	0.3123788	0.1388553	0.0000000	0.0000000
7000.6209600	7000.0338101	6999.8782813	-0.3999466	-9.2000000	0.0000072	0.3142823	0.1320045	0.0000000	0.0000000
7000.6209600	7000.0338101	6999.8782813	-0.6000867	-9.2000000	0.0000098	0.3160123	0.1303876	0.0000000	0.0000000
7000.6209600	7000.0338101	6999.8782813	-0.7998933	-9.2000000	0.0000037	0.3146222	0.1339281	0.0000000	0.0000000
7000.6209600	7000.0338101	6999.8782813	-1.0000334	-9.2000000	0.0000106	0.3120480	0.1361001	0.0000000	0.0000000
7000.6209600	7000.0338101	6999.8782813	-1.1998399	-9.2000000	0.0000101	0.3165402	0.1325243	0.0000000	0.0000000
7000.6209600	7000.0338101	6999.8782813	-1.3999800	-9.2000000	0.0000039	0.3121641	0.1398386	0.0000000	0.0000000
7000.6209600	7000.0338101	6999.8782813	-1.6001201	-9.2000000	0.0000073	0.3117365	0.1387540	0.0000000	0.0000000
7000.6209600	7000.0338101	6999.8782813	-1.7999266	-9.2000000	0.0000065	0.3125786	0.1316123	0.0000000	0.0000000
7000.6209600	7000.0338101	6999.8782813	-2.0000667	-9.2000000	0.0000084	0.3123654	0.1389631	0.0000000	0.0000000
7000.6209600	7000.0338101	6999.8782813	-2.1998732	-9.2000000	0.0000028	0.3142345	0.1377295	0.0000000	0.0000000
7000.6209600	7000.0338101	6999.8782813	-2.4000133	-9.2000000	0.0000077	0.3116433	0.1430957	0.0000000	0.0000000
7000.6209600	7000.0338101	6999.8782813	-2.6001534	-9.2000000	0.0000056	0.3132395	0.1432137	0.0000000	0.0000000
7000.6209600	7000.0338101	6999.8782813	-2.7999600	-9.2000000	0.0000045	0.3144333	0.1393411	0.0000000	0.0000000
7000.6209600	7000.0338101	6999.8782813	-3.0001001	-9.2000000	0.0000072	0.3111485	0.1397201	0.0000000	0.0000000
7000.6209600	7000.0338101	6999.8782813	-3.1999066	-9.2000000	0.0000087	0.3120944	0.1437228	0.0000000	0.0000000
7000.6209600	7000.0338101	6999.8782813	-3.4000467	-9.2000000	0.0000054	0.3099403	0.1334958	0.0000000	0.0000000
7000.6209600	7000.0338101	6999.8782813	-3.5998532	-9.2000000	0.0000063	0.3104830	0.1384060	0.0000000	0.0000000
7000.6209600	7000.0338101	6999.8782813	-3.7999933	-9.2000000	0.0000039	0.3119369	0.1363503	0.0000000	0.0000000
7000.6209600	7000.0338101	6999.8782813	-4.0001334	-9.2000000	0.0000050	0.3105194	0.1343644	0.0000000	0.0000000
7000.6209600	7000.0338101	6999.8782813	-4.1999400	-9.2000000	0.0000084	0.3136989	0.1395908	0.0000000	0.0000000
7000.6209600	7000.0338101	6999.8782813	-4.4000801	-9.2000000	0.0000031	0.3100623	0.1382838	0.0000000	0.0000000
7000.6209600	7000.0338101	6999.8782813	-4.5998866	-9.2000000	0.0000042	0.3142747	0.1355182	0.0000000	0.0000000
7000.6209600	7000.0338101	6999.8782813	-4.8000267	-9.2000000	0.0000083	0.3134034	0.1384054	0.0000000	0.0000000
7000.6209600	7000.0338101	6999.8782813	-4.9998332	-9.2000000	0.0000056	0.3102373	0.1403439	0.0000000	0.0000000
7000.6209600	7000.0338101	6999.8782813	-5.1999733	-9.2000000	0.0000046	0.3138264	0.1384375	0.0000000	0.0000000
7000.6209600	7000.0338101	6999.8782813	-5.4001134	-9.2000000	0.0000094	0.3113739	0.1418101	0.0000000	0.0000000
7000.6209600	7000.0338101	6999.8782813	-5.5999199	-9.2000000	0.0000087	0.3097983	0.1428047	0.0000000	0.0000000
7000.6209600	7000.0338101	6999.8782813	-5.8000600	-9.2000000	0.0000070	0.3143605	0.1360554	0.0000000	0.0000000
7000.6209600	7000.0338101	6999.8782813	-5.9998666	-9.2000000	0.0000052	0.3143481	0.1278352	0.0000000	0.0000000
7000.6209600	7000.0338101	6999.8782813	-6.2000067	-9.2000000	0.0000074	0.3138445	0.1340703	0.0000000	0.0000000
7000.6209600	7000.0338101	6999.8782813	-6.4001468	-9.2000000	0.0000051	0.3113516	0.1331954	0.0000000	0.0000000
7000.6209600	7000.0338101	6999.8782813	-6.5999533	-9.2000000	0.0000028	0.3106560	0.1308357	0.0000000	0.0000000
7000.6209600	7000.0338101	6999.8782813	-6.8000934	-9.2000000	0.0000032	0.3107563	0.1377256	0.0000000	0.0000000
7000.6209600	7000.0338101	6999.8782813	-6.9998999	-9.2000000	0.0000035	0.3130875	0.1330653	0.0000000	0.0000000
7000.6209600	7000.0338101	6999.8782813	-7.2000400	-9.2000000	0.0000046	0.3151075	0.1347986	0.0000000	0.0000000
7000.6209600	7000.0338101	6999.8782813	-7.3998466	-9.2000000	0.0000062	0.3124547	0.1301088	0.0000000	0.0000000
7000.6209600	7000.0338101	6999.8782813	-7.5999867	-9.2000000	0.0000150	0.3101790	0.1395959	0.0000000	0.0000000
7000.6209600	7000.0338101	6999.8782813	-7.8001268	-9.2000000	0.0002083	0.3096425	0.1360674	0.0000000	0.0000000
7000.6209600	7000.0338101	6999.8782813	-7.9999333	-9.2000000	0.0062496	0.3096659	0.1415023	0.0000000	0.0000000
7000.6209600	7000.0338101	6999.8782813	-8.2000734	-9.2000000	0.0233759	0.3099878	0.1398496	0.0000000	0.0000000
7000.6209600	7000.0338101	6999.8782813	-8.3998799	-9.2000000	0.0405828	0.3119707	0.1295918	0.0000000	0.0000000
7000.6209600	7000.0338101	6999.8782813	-8.6000200	-9.2000000	0.0811294	0.3115829	0.1402428	0.0000000	0.0000000
7000.6209600	7000.0338101	6999.8782813	-8.8001601	-9.2000000	0.0864799	0.3132631	0.1314818	0.0000000	0.0000000
7000.6209600	7000.0338101	6999.8782813	-8.9999666	-9.2000000	0.1152529	0.3134800	0.1332953	0.0000000	0.0000000
7000.6209600	7000.0338101	6999.8782813	-9.2001067	-9.2000000	0.1357289	0.3103582	0.1350516	0.0000000	0.0000000
7000.6209600	7000.0338101	6999.8782813	-9.3999133	-9.2000000	0.1477633	0.3068400	0.1355261	0.0000000	0.0000000
7000.6209600	7000.0338101	6999.8782813	-9.6000534	-9.2000000	0.1228386	0.3120365	0.1357509	0.0000000	0.0000000
7000.6209600	7000.0338101	6999.8782813	-9.7998599	-9.2000000	0.0870408	0.3112173	0.1341664	0.0000000	0.0000000
7000.6209600	7000.0338101	6999.8782813	-10.0000000	-9.2000000	0.0573698	0.3126794	0.1367318	0.0000000	0.0000000
