7000.6209600	7000.0338101	6999.8782813	3.0001001	-6.2000067	0.0000172	0.3203578	0.1458931	0.0000000	-6.2000000
7000.6209600	7000.0338101	6999.8782813	2.7999600	-6.2000000	0.0000155	0.3167871	0.1473582	0.0000000	0.0000000
7000.6209600	7000.0338101	6999.8782813	2.6001534	-6.2000000	0.0000150	0.3193658	0.1473018	0.0000000	0.0000000
7000.6209600	7000.0338101	6999.8782813	2.4000133	-6.2000000	0.0000109	0.3202828	0.1423658	0.0000000	0.0000000
7000.6209600	7000.0338101	6999.8782813	2.1998732	-6.2000000	0.0000104	0.3205913	0.1377207	0.0000000	0.0000000
7000.6209600	7000.0338101	6999.8782813	2.0000667	-6.2000000	0.0000103	0.3168618	0.1423934	0.0000000	0.0000000
7000.6209600	7000.0338101	6999.8782813	1.7999266	-6.2000000	0.0000192	0.3223169	0.1438485	0.0000000	0.0000000
7000.6209600	7000.0338101	6999.8782813	1.6001201	-6.2000000	0.0000085	0.3221304	0.1482573	0.0000000	0.0000000
7000.6209600	7000.0338101	6999.8782813	1.3999800	-6.2000000	0.0000109	0.3176611	0.1444573	0.0000000	0.0000000
7000.6209600	7000.0338101	6999.8782813	1.1998399	-6.2000000	0.0000138	0.3209247	0.1456685	0.0000000	0.0000000
7000.6209600	7000.0338101	6999.8782813	1.0000334	-6.2000000	0.0000143	0.3203734	0.1374633	0.0000000	0.0000000
7000.6209600	7000.0338101	6999.8782813	0.7998933	-6.2000000	0.0000083	0.3221777	0.1398887	0.0000000	0.0000000
7000.6209600	7000.0338101	6999.8782813	0.6000867	-6.2000000	0.0000211	0.3244069	0.1388201	0.0000000	0.0000000
7000.6209600	7000.0338101	6999.8782813	0.3999466	-6.2000000	0.0000134	0.3219579	0.1265085	0.0000000	0.0000000
7000.6209600	7000.0338101	6999.8782813	0.2001401	-6.2000000	0.0000060	0.3198363	0.1249740	0.0000000	0.0000000
7000.6209600	7000.0338101	6999.8782813	0.0000000	-6.2000000	0.0000145	0.3220308	0.1389147	0.0000000	0.0000000
7000.6209600	7000.0338101	6999.8782813	-0.2001401	-6.2000000	0.0000072	0.3200535	0.1242877	0.0000000	0.0000000
7000.6209600	7000.0338101	6999.8782813	-0.3999466	-6.2000000	0.0000078	0.3213357	0.1347529	0.0000000	0.0000000
7000.6209600	7000.0338101	6999.8782813	-0.6000867	-6.2000000	0.0000128	0.3214648	0.1332699	0.0000000	0.0000000
7000.6209600	7000.0338101	6999.8782813	-0.7998933	-6.2000000	0.0000114	0.3213140	0.1348979	0.0000000	0.0000000
7000.6209600	7000.0338101	6999.8782813	-1.0000334	-6.2000000	0.0000144	0.3216980	0.1412207	0.0000000	0.0000000
7000.6209600	7000.0338101	6999.8782813	-1.1998399	-6.2000000	0.0000145	0.3201360	0.1435817	0.0000000	0.0000000
7000.6209600	7000.0338101	6999.8782813	-1.3999800	-6.2000000	0.0000131	0.3198644	0.1434904	0.0000000	0.0000000
7000.6209600	7000.0338101	6999.8782813	-1.6001201	-6.2000000	0.0000087	0.3200294	0.1397926	0.0000000	0.0000000
7000.6209600	7000.0338101	6999.8782813	-1.7999266	-6.2000000	0.0000114	0.3202886	0.1455287	0.0000000	0.0000000
7000.6209600	7000.0338101	6999.8782813	-2.0000667	-6.2000000	0.0000084	0.3164592	0.1387449	0.0000000	0.0000000
7000.6209600	7000.0338101	6999.8782813	-2.1998732	-6.2000000	0.0000140	0.3160261	0.1487819	0.0000000	0.0000000
7000.6209600	7000.0338101	6999.8782813	-2.4000133	-6.2000000	0.0000117	0.3170685	0.1461263	0.0000000	0.0000000
7000.6209600	7000.0338101	6999.8782813	-2.6001534	-6.2000000	0.0000165	0.3190143	0.1477972	0.0000000	0.0000000
7000.6209600	7000.0338101	6999.8782813	-2.7999600	-6.2000000	0.0000078	0.3200828	0.1488644	0.0000000	0.0000000
7000.6209600	7000.0338101	6999.8782813	-3.0001001	-6.2000000	0.0000084	0.3178970	0.1441892	0.0000000	0.0000000
7000.6209600	7000.0338101	6999.8782813	-3.1999066	-6.2000000	0.0000079	0.3178207	0.1389589	0.0000000	0.0000000
7000.6209600	7000.0338101	6999.8782813	-3.4000467	-6.2000000	0.0000121	0.3203956	0.1348508	0.0000000	0.0000000
7000.6209600	7000.0338101	6999.8782813	-3.5998532	-6.2000000	0.0000045	0.3151464	0.1336650	0.0000000	0.0000000
7000.6209600	7000.0338101	6999.8782813	-3.7999933	-6.2000000	0.0000121	0.3216553	0.1432511	0.0000000	0.0000000
7000.6209600	7000.0338101	6999.8782813	-4.0001334	-6.2000000	0.0000132	0.3213889	0.1405348	0.0000000	0.0000000
7000.6209600	7000.0338101	6999.8782813	-4.1999400	-6.2000000	0.0000073	0.3201302	0.1357059	0.0000000	0.0000000
7000.6209600	7000.0338101	6999.8782813	-4.4000801	-6.2000000	0.0000126	0.3203052	0.1351511	0.0000000	0.0000000
7000.6209600	7000.0338101	6999.8782813	-4.5998866	-6.2000000	0.0000857	0.3191306	0.1393563	0.0000000	0.0000000
7000.6209600	7000.0338101	6999.8782813	-4.8000267	-6.2000000	0.0016416	0.3190753	0.1401982	0.0000000	0.0000000
7000.6209600	7000.0338101	6999.8782813	-4.9998332	-6.2000000	0.0128491	0.3156816	0.1418759	0.0000000	0.0000000
7000.6209600	7000.0338101	6999.8782813	-5.1999733	-6.2000000	0.0449874	0.3179122	0.1433904	0.0000000	0.0000000
7000.6209600	7000.0338101	6999.8782813	-5.4001134	-6.2000000	0.0773971	0.3187689	0.1435012	0.0000000	0.0000000
7000.6209600	7000.0338101	6999.8782813	-5.5999199	-6.2000000	0.1034277	0.3180939	0.1416423	0.0000000	0.0000000
7000.6209600	7000.0338101	6999.8782813	-5.8000600	-6.2000000	0.1485852	0.3187335	0.1424080	0.0000000	0.0000000
7000.6209600	7000.0338101	6999.8782813	-5.9998666	-6.2000000	0.2269768	0.3146565	0.1444788	0.0000000	0.0000000
7000.6209600	7000.0338101	6999.8782813	-6.2000067	-6.2000000	0.2727620	0.3172426	0.1467534	0.0000000	0.0000000
7000.6209600	7000.0338101	6999.8782813	-6.4001468	-6.2000000	0.2493013	0.3170079	0.1443617	0.0000000	0.0000000
7000.6209600	7000.0338101	6999.8782813	-6.5999533	-6.2000000	0.1754723	0.3207196	0.1367030	0.0000000	0.0000000
7000.6209600	7000.0338101	6999.8782813	-6.8000934	-6.2000000	0.1518059	0.3185565	0.1425734	0.0000000	0.0000000
7000.6209600	7000.0338101	6999.8782813	-6.9998999	-6.2000000	0.1065330	0.3185693	0.1475493	0.0000000	0.0000000
7000.6209600	7000.0338101	6999.8782813	-7.2000400	-6.2000000	0.0433668	0.3204938	0.1413064	0.0000000	0.0000000
7000.6209600	7000.0338101	6999.8782813	-7.3998466	-6.2000000	0.0181631	0.3193076	0.1400476	0.0000000	0.0000000
7000.6209600	7000.0338101	6999.8782813	-7.5999867	-6.2000000	0.0052040	0.3164365	0.1471157	0.0000000	0.0000000
7000.6209600	7000.0338101	6999.8782813	-7.8001268	-6.2000000	0.0003479	0.3143079	0.1346741	0.0000000	0.0000000
7000.6209600	7000.0338101	6999.8782813	-7.9999333	-6.2000000	0.0000380	0.3194695	0.1409889	0.0000000	0.0000000
7000.6209600	7000.0338101	6999.8782813	-8.2000734	-6.2000000	0.0000139	0.3178646	0.1433524	0.0000000	0.0000000
7000.6209600	7000.0338101	6999.8782813	-8.3998799	-6.2000000	0.0000148	0.3178671	0.1407042	0.0000000	0.0000000
7000.6209600	7000.0338101	6999.8782813	-8.6000200	-6.2000000	0.0000101	0.3195753	0.1429508	0.0000000	0.0000000
7000.6209600	7000.0338101	6999.8782813	-8.8001601	-6.2000000	0.0000045	0.3150684	0.1418391	0.0000000	0.0000000
7000.6209600	7000.0338101	6999.8782813	-8.9999666	-6.2000000	0.0000071	0.3177228	0.1419515	0.0000000	0.0000000
7000.6209600	7000.0338101	6999.8782813	-9.2001067	-6.2000000	0.0000087	0.3124790	0.1300762	0.0000000	0.0000000
7000.6209600	7000.0338101	6999.8782813	-9.3999133	-6.2000000	0.0000159	0.3178210	0.1401965	0.0000000	0.0000000
7000.6209600	7000.0338101	6999.8782813	-9.6000534	-6.2000000	0.0000121	0.3174998	0.1436957	0.0000000	0.0000000
7000.6209600	7000.0338101	6999.8782813	-9.7998599	-6.2000000	0.0000083	0.3171646	0.1424850	0.0000000	0.0000000
7000.6209600	7000.0338101	6999.8782813	-10.0000000	-6.2000000	0.0000155	0.3185000	0.1357257	0.0000000	0.0000000
