7000.6209600	7000.0338101	6999.8782813	3.0001001	-4.8000267	0.0000212	0.3233285	0.1431805	0.0000000	-4.8000000
7000.6209600	7000.0338101	6999.8782813	2.7999600	-4.8000000	0.0000184	0.3249832	0.1432971	0.0000000	0.0000000
7000.6209600	7000.0338101	6999.8782813	2.6001534	-4.8000000	0.0000121	0.3256885	0.1452144	0.0000000	0.0000000
7000.6209600	7000.0338101	6999.8782813	2.4000133	-4.8000000	0.0000170	0.3217366	0.1465354	0.0000000	0.0000000
7000.6209600	7000.0338101	6999.8782813	2.1998732	-4.8000000	0.0000171	0.3223018	0.1474050	0.0000000	0.0000000
7000.6209600	7000.0338101	6999.8782813	2.0000667	-4.8000000	0.0000103	0.3240018	0.1414644	0.0000000	0.0000000
7000.6209600	7000.0338101	6999.8782813	1.7999266	-4.8000000	0.0000161	0.3258973	0.1397255	0.0000000	0.0000000
7000.6209600	7000.0338101	6999.8782813	1.6001201	-4.8000000	0.0000125	0.3247306	0.1336495	0.0000000	0.0000000
7000.6209600	7000.0338101	6999.8782813	1.3999800	-4.8000000	0.0000111	0.3255852	0.1301459	0.0000000	0.0000000
7000.6209600	7000.0338101	6999.8782813	1.1998399	-4.8000000	0.0000128	0.3240508	0.1315388	0.0000000	0.0000000
7000.6209600	7000.0338101	6999.8782813	1.0000334	-4.8000000	0.0000144	0.3197769	0.1382864	0.0000000	0.0000000
7000.6209600	7000.0338101	6999.8782813	0.7998933	-4.8000000	0.0000122	0.3233965	0.1405316	0.0000000	0.0000000
7000.6209600	7000.0338101	6999.8782813	0.6000867	-4.8000000	0.0000131	0.3216898	0.1424564	0.0000000	0.0000000
7000.6209600	7000.0338101	6999.8782813	0.3999466	-4.8000000	0.0000156	0.3183418	0.1365149	0.0000000	0.0000000
7000.6209600	7000.0338101	6999.8782813	0.2001401	-4.8000000	0.0000118	0.3213107	0.1424814	0.0000000	0.0000000
7000.6209600	7000.0338101	6999.8782813	0.0000000	-4.8000000	0.0000170	0.3225742	0.1436532	0.0000000	0.0000000
7000.6209600	7000.0338101	6999.8782813	-0.2001401	-4.8000000	0.0000133	0.3209176	0.1407075	0.0000000	0.0000000
7000.6209600	7000.0338101	6999.8782813	-0.3999466	-4.8000000	0.0000189	0.3216641	0.1427729	0.0000000	0.0000000
7000.6209600	7000.0338101	6999.8782813	-0.6000867	-4.8000000	0.0000118	0.3230482	0.1461058	0.0000000	0.0000000
7000.6209600	7000.0338101	6999.8782813	-0.7998933	-4.8000000	0.0000105	0.3231755	0.1372476	0.0000000	0.0000000
7000.6209600	7000.0338101	6999.8782813	-1.0000334	-4.8000000	0.0000071	0.3232325	0.1299916	0.0000000	0.0000000
7000.6209600	7000.0338101	6999.8782813	-1.1998399	-4.8000000	0.0000100	0.3217212	0.1277684	0.0000000	0.0000000
7000.6209600	7000.0338101	6999.8782813	-1.3999800	-4.8000000	0.0000137	0.3218933	0.1287271	0.0000000	0.0000000
7000.6209600	7000.0338101	6999.8782813	-1.6001201	-4.8000000	0.0000121	0.3217710	0.1418418	0.0000000	0.0000000
7000.6209600	7000.0338101	6999.8782813	-1.7999266	-4.8000000	0.0000121	0.3185311	0.1496001	0.0000000	0.0000000
7000.6209600	7000.0338101	6999.8782813	-2.0000667	-4.8000000	0.0000162	0.3232985	0.1479012	0.0000000	0.0000000
7000.6209600	7000.0338101	6999.8782813	-2.1998732	-4.8000000	0.0000159	0.3214933	0.1442854	0.0000000	0.0000000
7000.6209600	7000.0338101	6999.8782813	-2.4000133	-4.8000000	0.0000139	0.3245055	0.1449315	0.0000000	0.0000000
7000.6209600	7000.0338101	6999.8782813	-2.6001534	-4.8000000	0.0000148	0.3226011	0.1447478	0.0000000	0.0000000
7000.6209600	7000.0338101	6999.8782813	-2.7999600	-4.8000000	0.0000076	0.3208512	0.1403895	0.0000000	0.0000000
7000.6209600	7000.0338101	6999.8782813	-3.0001001	-4.8000000	0.0000089	0.3210558	0.1311383	0.0000000	0.0000000
7000.6209600	7000.0338101	6999.8782813	-3.1999066	-4.8000000	0.0001360	0.3222084	0.1448752	0.0000000	0.0000000
7000.6209600	7000.0338101	6999.8782813	-3.4000467	-4.8000000	0.0037520	0.3201294	0.1463486	0.0000000	0.0000000
7000.6209600	7000.0338101	6999.8782813	-3.5998532	-4.8000000	0.0181864	0.3216694	0.1466567	0.0000000	0.0000000
7000.6209600	7000.0338101	6999.8782813	-3.7999933	-4.8000000	0.0428870	0.3220375	0.1423379	0.0000000	0.0000000
7000.6209600	7000.0338101	6999.8782813	-4.0001334	-4.8000000	0.0855063	0.3220784	0.1465306	0.0000000	0.0000000
7000.6209600	7000.0338101	6999.8782813	-4.1999400	-4.8000000	0.1194271	0.3215770	0.1379674	0.0000000	0.0000000
7000.6209600	7000.0338101	6999.8782813	-4.4000801	-4.8000000	0.1723623	0.3202291	0.1463645	0.0000000	0.0000000
7000.6209600	7000.0338101	6999.8782813	-4.5998866	-4.8000000	0.2604142	0.3181719	0.1453534	0.0000000	0.0000000
7000.6209600	7000.0338101	6999.8782813	-4.8000267	-4.8000000	0.2832231	0.3179036	0.1364662	0.0000000	0.0000000
7000.6209600	7000.0338101	6999.8782813	-4.9998332	-4.8000000	0.2880546	0.3186196	0.1419741	0.0000000	0.0000000
7000.6209600	7000.0338101	6999.8782813	-5.1999733	-4.8000000	0.2258604	0.3232566	0.1405503	0.0000000	0.0000000
7000.6209600	7000.0338101	6999.8782813	-5.4001134	-4.8000000	0.1755592	0.3213851	0.1476277	0.0000000	0.0000000
7000.6209600	7000.0338101	6999.8782813	-5.5999199	-4.8000000	0.1080370	0.3219518	0.1466840	0.0000000	0.0000000
7000.6209600	7000.0338101	6999.8782813	-5.8000600	-4.8000000	0.0555413	0.3192424	0.1384889	0.0000000	0.0000000
7000.6209600	7000.0338101	6999.8782813	-5.9998666	-4.8000000	0.0266665	0.3207325	0.1401632	0.0000000	0.0000000
7000.6209600	7000.0338101	6999.8782813	-6.2000067	-4.8000000	0.0079922	0.3240089	0.1382518	0.0000000	0.0000000
7000.6209600	7000.0338101	6999.8782813	-6.4001468	-4.8000000	0.0006307	0.3184447	0.1360947	0.0000000	0.0000000
7000.6209600	7000.0338101	6999.8782813	-6.5999533	-4.8000000	0.0000520	0.3200986	0.1370525	0.0000000	0.0000000
7000.6209600	7000.0338101	6999.8782813	-6.8000934	-4.8000000	0.0000104	0.3197621	0.1333479	0.0000000	0.0000000
7000.6209600	7000.0338101	6999.8782813	-6.9998999	-4.8000000	0.0000074	0.3203279	0.1323275	0.0000000	0.0000000
7000.6209600	7000.0338101	6999.8782813	-7.2000400	-4.8000000	0.0000065	0.3243573	0.1313116	0.0000000	0.0000000
7000.6209600	7000.0338101	6999.8782813	-7.3998466	-4.8000000	0.0000106	0.3167998	0.1423226	0.0000000	0.0000000
7000.6209600	7000.0338101	6999.8782813	-7.5999867	-4.8000000	0.0000106	0.3182823	0.1403923	0.0000000	0.0000000
7000.6209600	7000.0338101	6999.8782813	-7.8001268	-4.8000000	0.0000079	0.3207372	0.1464237	0.0000000	0.0000000
7000.6209600	7000.0338101	6999.8782813	-7.9999333	-4.8000000	0.0000132	0.3223323	0.1308309	0.0000000	0.0000000
7000.6209600	7000.0338101	6999.8782813	-8.2000734	-4.8000000	0.0000115	0.3214604	0.1443840	0.0000000	0.0000000
7000.6209600	7000.0338101	6999.8782813	-8.3998799	-4.8000000	0.0000037	0.3215786	0.1410668	0.0000000	0.0000000
7000.6209600	7000.0338101	6999.8782813	-8.6000200	-4.8000000	0.0000094	0.3244093	0.1396389	0.0000000	0.0000000
7000.6209600	7000.0338101	6999.8782813	-8.8001601	-4.8000000	0.0000068	0.3199402	0.1329250	0.0000000	0.0000000
7000.6209600	7000.0338101	6999.8782813	-8.9999666	-4.8000000	0.0000089	0.3242557	0.1353585	0.0000000	0.0000000
7000.6209600	7000.0338101	6999.8782813	-9.2001067	-4.8000000	0.0000093	0.3234852	0.1321080	0.0000000	0.0000000
7000.6209600	7000.0338101	6999.8782813	-9.3999133	-4.8000000	0.0000063	0.3245668	0.1416919	0.0000000	0.0000000
7000.6209600	7000.0338101	6999.8782813	-9.6000534	-4.8000000	0.0000062	0.3222706	0.1284437	0.0000000	0.0000000
7000.6209600	7000.0338101	6999.8782813	-9.7998599	-4.8000000	0.0000138	0.3235056	0.1396578	0.0000000	0.0000000
7000.6209600	7000.0338101	6999.8782813	-10.0000000	-4.8000000	0.0000138	0.3213575	0.1400338	0.0000000	0.0000000
