7000.6209600	7000.0338101	6999.8782813	3.0001001	-8.9999666	0.0000052	0.3136046	0.1389595	0.0000000	-9.0000000
7000.6209600	7000.0338101	6999.8782813	2.7999600	-9.0000000	0.0000096	0.3166372	0.1368783	0.0000000	0.0000000
7000.6209600	7000.0338101	6999.8782813	2.6001534	-9.0000000	0.0000073	0.3131605	0.1381223	0.0000000	0.0000000
7000.6209600	7000.0338101	6999.8782813	2.4000133	-9.0000000	0.0000038	0.3134796	0.1422618	0.0000000	0.0000000
7000.6209600	7000.0338101	6999.8782813	2.1998732	-9.0000000	0.0000067	0.3091125	0.1442333	0.0000000	0.0000000
7000.6209600	7000.0338101	6999.8782813	2.0000667	-9.0000000	0.0000039	0.3089342	0.1460421	0.0000000	0.0000000
7000.6209600	7000.0338101	6999.8782813	1.7999266	-9.0000000	0.0000070	0.3111045	0.1375784	0.0000000	0.0000000
7000.6209600	7000.0338101	6999.8782813	1.6001201	-9.0000000	0.0000061	0.3145808	0.1441757	0.0000000	0.0000000
7000.6209600	7000.0338101	6999.8782813	1.3999800	-9.0000000	0.0000068	0.3139902	0.1446057	0.0000000	0.0000000
7000.6209600	7000.0338101	6999.8782813	1.1998399	-9.0000000	0.0000074	0.3131589	0.1439688	0.0000000	0.0000000
7000.6209600	7000.0338101	6999.8782813	1.0000334	-9.0000000	0.0000060	0.3132200	0.1451732	0.0000000	0.0000000
7000.6209600	7000.0338101	6999.8782813	0.7998933	-9.0000000	0.0000027	0.3087614	0.1420853	0.0000000	0.0000000
7000.6209600	7000.0338101	6999.8782813	0.6000867	-9.0000000	0.0000068	0.3150635	0.1418973	0.0000000	0.0000000
7000.6209600	7000.0338101	6999.8782813	0.3999466	-9.0000000	0.0000081	0.3132798	0.1414445	0.0000000	0.0000000
7000.6209600	7000.0338101	6999.8782813	0.2001401	-9.0000000	0.0000057	0.3144089	0.1383123	0.0000000	0.0000000
7000.6209600	7000.0338101	6999.8782813	0.0000000	-9.0000000	0.0000023	0.3128887	0.1404690	0.0000000	0.0000000
7000.6209600	7000.0338101	6999.8782813	-0.2001401	-9.0000000	0.0000089	0.3134132	0.1409606	0.0000000	0.0000000
7000.6209600	7000.0338101	6999.8782813	-0.3999466	-9.0000000	0.0000140	0.3129089	0.1358141	0.0000000	0.0000000
7000.6209600	7000.0338101	6999.8782813	-0.6000867	-9.0000000	0.0000060	0.3124937	0.1377380	0.0000000	0.0000000
7000.6209600	7000.0338101	6999.8782813	-0.7998933	-9.0000000	0.0000072	0.3133130	0.1405953	0.0000000	0.0000000
7000.6209600	7000.0338101	6999.8782813	-1.0000334	-9.0000000	0.0000059	0.3152380	0.1372020	0.0000000	0.0000000
7000.6209600	7000.0338101	6999.8782813	-1.1998399	-9.0000000	0.0000043	0.3140017	0.1363087	0.0000000	0.0000000
7000.6209600	7000.0338101	6999.8782813	-1.3999800	-9.0000000	0.0000051	0.3147048	0.1386763	0.0000000	0.0000000
7000.6209600	7000.0338101	6999.8782813	-1.6001201	-9.0000000	0.0000073	0.3136237	0.1423798	0.0000000	0.0000000
7000.6209600	7000.0338101	6999.8782813	-1.7999266	-9.0000000	0.0000055	0.3168420	0.1327754	0.0000000	0.0000000
7000.6209600	7000.0338101	6999.8782813	-2.0000667	-9.0000000	0.0000017	0.3124496	0.1370814	0.0000000	0.0000000
7000.6209600	7000.0338101	6999.8782813	-2.1998732	-9.0000000	0.0000094	0.3109210	0.1425941	0.0000000	0.0000000
7000.6209600	7000.0338101	6999.8782813	-2.4000133	-9.0000000	0.0000033	0.3115950	0.1382004	0.0000000	0.0000000
7000.6209600	7000.0338101	6999.8782813	-2.6001534	-9.0000000	0.0000055	0.3109569	0.1431760	0.0000000	0.0000000
7000.6209600	7000.0338101	6999.8782813	-2.7999600	-9.0000000	0.0000078	0.3119978	0.1408877	0.0000000	0.0000000
7000.6209600	7000.0338101	6999.8782813	-3.0001001	-9.0000000	0.0000048	0.3116597	0.1321042	0.0000000	0.0000000
7000.6209600	7000.0338101	6999.8782813	-3.1999066	-9.0000000	0.0000052	0.3128228	0.1331241	0.0000000	0.0000000
7000.6209600	7000.0338101	6999.8782813	-3.4000467	-9.0000000	0.0000074	0.3143683	0.1418885	0.0000000	0.0000000
7000.6209600	7000.0338101	6999.8782813	-3.5998532	-9.0000000	0.0000050	0.3112339	0.1412305	0.0000000	0.0000000
7000.6209600	7000.0338101	6999.8782813	-3.7999933	-9.0000000	0.0000046	0.3100448	0.1413882	0.0000000	0.0000000
7000.6209600	7000.0338101	6999.8782813	-4.0001334	-9.0000000	0.0000071	0.3072439	0.1474569	0.0000000	0.0000000
7000.6209600	7000.0338101	6999.8782813	-4.1999400	-9.0000000	0.0000066	0.3110922	0.1409891	0.0000000	0.0000000
7000.6209600	7000.0338101	6999.8782813	-4.4000801	-9.0000000	0.0000023	0.3145265	0.1420354	0.0000000	0.0000000
7000.6209600	7000.0338101	6999.8782813	-4.5998866	-9.0000000	0.0000067	0.3134286	0.1453469	0.0000000	0.0000000
7000.6209600	7000.0338101	6999.8782813	-4.8000267	-9.0000000	0.0000054	0.3127166	0.1467324	0.0000000	0.0000000
7000.6209600	7000.0338101	6999.8782813	-4.9998332	-9.0000000	0.0000033	0.3133607	0.1454652	0.0000000	0.0000000
7000.6209600	7000.0338101	6999.8782813	-5.1999733	-9.0000000	0.0000044	0.3108838	0.1314771	0.0000000	0.0000000
7000.6209600	7000.0338101	6999.8782813	-5.4001134	-9.0000000	0.0000085	0.3116649	0.1403132	0.0000000	0.0000000
7000.6209600	7000.0338101	6999.8782813	-5.5999199	-9.0000000	0.0000037	0.3130898	0.1415900	0.0000000	0.0000000
7000.6209600	7000.0338101	6999.8782813	-5.8000600	-9.0000000	0.0000070	0.3093077	0.1389413	0.0000000	0.0000000
7000.6209600	7000.0338101	6999.8782813	-5.9998666	-9.0000000	0.0000082	0.3144008	0.1372030	0.0000000	0.0000000
7000.6209600	7000.0338101	6999.8782813	-6.2000067	-9.0000000	0.0000060	0.3131635	0.1280223	0.0000000	0.0000000
7000.6209600	7000.0338101	6999.8782813	-6.4001468	-9.0000000	0.0000054	0.3129270	0.1413221	0.0000000	0.0000000
7000.6209600	7000.0338101	6999.8782813	-6.5999533	-9.0000000	0.0000035	0.3132557	0.1430365	0.0000000	0.0000000
7000.6209600	7000.0338101	6999.8782813	-6.8000934	-9.0000000	0.0000021	0.3155079	0.1323724	0.0000000	0.0000000
7000.6209600	7000.0338101	6999.8782813	-6.9998999	-9.0000000	0.0000038	0.3138485	0.1397096	0.0000000	0.0000000
7000.6209600	7000.0338101	6999.8782813	-7.2000400	-9.0000000	0.0000037	0.3157408	0.1396101	0.0000000	0.0000000
7000.6209600	7000.0338101	6999.8782813	-7.3998466	-9.0000000	0.0000131	0.3162471	0.1378621	0.0000000	0.0000000
7000.6209600	7000.0338101	6999.8782813	-7.5999867	-9.0000000	0.0001979	0.3145807	0.1395752	0.0000000	0.0000000
7000.6209600	7000.0338101	6999.8782813	-7.8001268	-9.0000000	0.0070818	0.3113340	0.1418987	0.0000000	0.0000000
7000.6209600	7000.0338101	6999.8782813	-7.9999333	-9.0000000	0.0349750	0.3141073	0.1428116	0.0000000	0.0000000
7000.6209600	7000.0338101	6999.8782813	-8.2000734	-9.0000000	0.0653104	0.3095068	0.1461881	0.0000000	0.0000000
7000.6209600	7000.0338101	6999.8782813	-8.3998799	-9.0000000	0.0918057	0.3156731	0.1436415	0.0000000	0.0000000
7000.6209600	7000.0338101	6999.8782813	-8.6000200	-9.0000000	0.1279512	0.3106749	0.1429399	0.0000000	0.0000000
7000.6209600	7000.0338101	6999.8782813	-8.8001601	-9.0000000	0.1732161	0.3102509	0.1426903	0.0000000	0.0000000
7000.6209600	7000.0338101	6999.8782813	-8.9999666	-9.0000000	0.1904766	0.3119662	0.1442560	0.0000000	0.0000000
7000.6209600	7000.0338101	6999.8782813	-9.2001067	-9.0000000	0.1581205	0.3120013	0.1353737	0.0000000	0.0000000
7000.6209600	7000.0338101	6999.8782813	-9.3999133	-9.0000000	0.1321193	0.3149330	0.1378341	0.0000000	0.0000000
7000.6209600	7000.0338101	6999.8782813	-9.6000534	-9.0000000	0.0955112	0.3142947	0.1377172	0.0000000	0.0000000
7000.6209600	7000.0338101	6999.8782813	-9.7998599	-9.0000000	0.0629523	0.3141265	0.1366666	0.0000000	0.0000000
7000.6209600	7000.0338101	6999.8782813	-10.0000000	-9.0000000	0.0318782	0.3135356	0.1344730	0.0000000	0.0000000
