7000.6209600	7000.0338101	6999.8782813	3.0001001	-5.1999733	0.0000087	0.3241847	0.1346254	0.0000000	-5.2000000
7000.6209600	7000.0338101	6999.8782813	2.7999600	-5.2000000	0.0000120	0.3197101	0.1400881	0.0000000	0.0000000
7000.6209600	7000.0338101	6999.8782813	2.6001534	-5.2000000	0.0000155	0.3205535	0.1418773	0.0000000	0.0000000
7000.6209600	7000.0338101	6999.8782813	2.4000133	-5.2000000	0.0000090	0.3220471	0.1473181	0.0000000	0.0000000
7000.6209600	7000.0338101	6999.8782813	2.1998732	-5.2000000	0.0000093	0.3245852	0.1458628	0.0000000	0.0000000
7000.6209600	7000.0338101	6999.8782813	2.0000667	-5.2000000	0.0000115	0.3227924	0.1351859	0.0000000	0.0000000
7000.6209600	7000.0338101	6999.8782813	1.7999266	-5.2000000	0.0000115	0.3244207	0.1328403	0.0000000	0.0000000
7000.6209600	7000.0338101	6999.8782813	1.6001201	-5.2000000	0.0000093	0.3248812	0.1411639	0.0000000	0.0000000
7000.6209600	7000.0338101	6999.8782813	1.3999800	-5.2000000	0.0000138	0.3191390	0.1418242	0.0000000	0.0000000
7000.6209600	7000.0338101	6999.8782813	1.1998399	-5.2000000	0.0000092	0.3194690	0.1418699	0.0000000	0.0000000
7000.6209600	7000.0338101	6999.8782813	1.0000334	-5.2000000	0.0000101	0.3246902	0.1414387	0.0000000	0.0000000
7000.6209600	7000.0338101	6999.8782813	0.7998933	-5.2000000	0.0000176	0.3183353	0.1470491	0.0000000	0.0000000
7000.6209600	7000.0338101	6999.8782813	0.6000867	-5.2000000	0.0000111	0.3200358	0.1381549	0.0000000	0.0000000
7000.6209600	7000.0338101	6999.8782813	0.3999466	-5.2000000	0.0000094	0.3242633	0.1460950	0.0000000	0.0000000
7000.6209600	7000.0338101	6999.8782813	0.2001401	-5.2000000	0.0000134	0.3213977	0.1427975	0.0000000	0.0000000
7000.6209600	7000.0338101	6999.8782813	0.0000000	-5.2000000	0.0000132	0.3218463	0.1435798	0.0000000	0.0000000
7000.6209600	7000.0338101	6999.8782813	-0.2001401	-5.2000000	0.0000120	0.3223917	0.1427247	0.0000000	0.0000000
7000.6209600	7000.0338101	6999.8782813	-0.3999466	-5.2000000	0.0000094	0.3193505	0.1400641	0.0000000	0.0000000
7000.6209600	7000.0338101	6999.8782813	-0.6000867	-5.2000000	0.0000098	0.3232280	0.1416886	0.0000000	0.0000000
7000.6209600	7000.0338101	6999.8782813	-0.7998933	-5.2000000	0.0000060	0.3183578	0.1317521	0.0000000	0.0000000
7000.6209600	7000.0338101	6999.8782813	-1.0000334	-5.2000000	0.0000127	0.3237061	0.1352920	0.0000000	0.0000000
7000.6209600	7000.0338101	6999.8782813	-1.1998399	-5.2000000	0.0000145	0.3189934	0.1396788	0.0000000	0.0000000
7000.6209600	7000.0338101	6999.8782813	-1.3999800	-5.2000000	0.0000081	0.3199937	0.1400345	0.0000000	0.0000000
7000.6209600	7000.0338101	6999.8782813	-1.6001201	-5.2000000	0.0000063	0.3198060	0.1421980	0.0000000	0.0000000
7000.6209600	7000.0338101	6999.8782813	-1.7999266	-5.2000000	0.0000106	0.3198291	0.1339252	0.0000000	0.0000000
7000.6209600	7000.0338101	6999.8782813	-2.0000667	-5.2000000	0.0000090	0.3197002	0.1261212	0.0000000	0.0000000
7000.6209600	7000.0338101	6999.8782813	-2.1998732	-5.2000000	0.0000117	0.3201829	0.1443088	0.0000000	0.0000000
7000.6209600	7000.0338101	6999.8782813	-2.4000133	-5.2000000	0.0000145	0.3198567	0.1436274	0.0000000	0.0000000
7000.6209600	7000.0338101	6999.8782813	-2.6001534	-5.2000000	0.0000079	0.3195315	0.1470333	0.0000000	0.0000000
7000.6209600	7000.0338101	6999.8782813	-2.7999600	-5.2000000	0.0000072	0.3187218	0.1373368	0.0000000	0.0000000
7000.6209600	7000.0338101	6999.8782813	-3.0001001	-5.2000000	0.0000131	0.3216178	0.1369634	0.0000000	0.0000000
7000.6209600	7000.0338101	6999.8782813	-3.1999066	-5.2000000	0.0000111	0.3195122	0.1467175	0.0000000	0.0000000
7000.6209600	7000.0338101	6999.8782813	-3.4000467	-5.2000000	0.0000099	0.3200753	0.1423593	0.0000000	0.0000000
7000.6209600	7000.0338101	6999.8782813	-3.5998532	-5.2000000	0.0000358	0.3219670	0.1434779	0.0000000	0.0000000
7000.6209600	7000.0338101	6999.8782813	-3.7999933	-5.2000000	0.0024822	0.3232067	0.1431980	0.0000000	0.0000000
7000.6209600	7000.0338101	6999.8782813	-4.0001334	-5.2000000	0.0201565	0.3215964	0.1441123	0.0000000	0.0000000
7000.6209600	7000.0338101	6999.8782813	-4.1999400	-5.2000000	0.0336954	0.3186904	0.1307227	0.0000000	0.0000000
7000.6209600	7000.0338101	6999.8782813	-4.4000801	-5.2000000	0.0628208	0.3195858	0.1323058	0.0000000	0.0000000
7000.6209600	7000.0338101	6999.8782813	-4.5998866	-5.2000000	0.1199016	0.3165300	0.1368380	0.0000000	0.0000000
7000.6209600	7000.0338101	6999.8782813	-4.8000267	-5.2000000	0.1985387	0.3194979	0.1454026	0.0000000	0.0000000
7000.6209600	7000.0338101	6999.8782813	-4.9998332	-5.2000000	0.2445599	0.3232543	0.1454460	0.0000000	0.0000000
7000.6209600	7000.0338101	6999.8782813	-5.1999733	-5.2000000	0.2473304	0.3217706	0.1413381	0.0000000	0.0000000
7000.6209600	7000.0338101	6999.8782813	-5.4001134	-5.2000000	0.2109644	0.3243202	0.1288583	0.0000000	0.0000000
7000.6209600	7000.0338101	6999.8782813	-5.5999199	-5.2000000	0.1717598	0.3201908	0.1371475	0.0000000	0.0000000
7000.6209600	7000.0338101	6999.8782813	-5.8000600	-5.2000000	0.1400516	0.3217499	0.1442344	0.0000000	0.0000000
7000.6209600	7000.0338101	6999.8782813	-5.9998666	-5.2000000	0.0933589	0.3188715	0.1389329	0.0000000	0.0000000
7000.6209600	7000.0338101	6999.8782813	-6.2000067	-5.2000000	0.0663608	0.3158472	0.1452902	0.0000000	0.0000000
7000.6209600	7000.0338101	6999.8782813	-6.4001468	-5.2000000	0.0306008	0.3209788	0.1422677	0.0000000	0.0000000
7000.6209600	7000.0338101	6999.8782813	-6.5999533	-5.2000000	0.0087899	0.3244733	0.1444370	0.0000000	0.0000000
7000.6209600	7000.0338101	6999.8782813	-6.8000934	-5.2000000	0.0006241	0.3194989	0.1408005	0.0000000	0.0000000
7000.6209600	7000.0338101	6999.8782813	-6.9998999	-5.2000000	0.0000216	0.3221649	0.1445935	0.0000000	0.0000000
7000.6209600	7000.0338101	6999.8782813	-7.2000400	-5.2000000	0.0000150	0.3200201	0.1483453	0.0000000	0.0000000
7000.6209600	7000.0338101	6999.8782813	-7.3998466	-5.2000000	0.0000076	0.3239196	0.1450851	0.0000000	0.0000000
7000.6209600	7000.0338101	6999.8782813	-7.5999867	-5.2000000	0.0000139	0.3226511	0.1382809	0.0000000	0.0000000
7000.6209600	7000.0338101	6999.8782813	-7.8001268	-5.2000000	0.0000092	0.3244076	0.1425942	0.0000000	0.0000000
7000.6209600	7000.0338101	6999.8782813	-7.9999333	-5.2000000	0.0000066	0.3223981	0.1332639	0.0000000	0.0000000
7000.6209600	7000.0338101	6999.8782813	-8.2000734	-5.2000000	0.0000068	0.3191312	0.1364445	0.0000000	0.0000000
7000.6209600	7000.0338101	6999.8782813	-8.3998799	-5.2000000	0.0000164	0.3195704	0.1472520	0.0000000	0.0000000
7000.6209600	7000.0338101	6999.8782813	-8.6000200	-5.2000000	0.0000081	0.3216046	0.1437815	0.0000000	0.0000000
7000.6209600	7000.0338101	6999.8782813	-8.8001601	-5.2000000	0.0000027	0.3239540	0.1391968	0.0000000	0.0000000
7000.6209600	7000.0338101	6999.8782813	-8.9999666	-5.2000000	0.0000104	0.3176219	0.1372261	0.0000000	0.0000000
7000.6209600	7000.0338101	6999.8782813	-9.2001067	-5.2000000	0.0000034	0.3224944	0.1333829	0.0000000	0.0000000
7000.6209600	7000.0338101	6999.8782813	-9.3999133	-5.2000000	0.0000143	0.3205688	0.1458398	0.0000000	0.0000000
7000.6209600	7000.0338101	6999.8782813	-9.6000534	-5.2000000	0.0000079	0.3222159	0.1467953	0.0000000	0.0000000
7000.6209600	7000.0338101	6999.8782813	-9.7998599	-5.2000000	0.0000134	0.3206726	0.1307510	0.0000000	0.0000000
7000.6209600	7000.0338101	6999.8782813	-10.0000000	-5.2000000	0.0000132	0.3228918	0.1422937	0.0000000	0.0000000
