7000.6209600	7000.0338101	6999.8782813	3.0001001	-8.6000200	0.0000071	0.3139255	0.1438613	0.0000000	-8.6000000
7000.6209600	7000.0338101	6999.8782813	2.7999600	-8.6000000	0.0000073	0.3154668	0.1438167	0.0000000	0.0000000
7000.6209600	7000.0338101	6999.8782813	2.6001534	-8.6000000	0.0000129	0.3146147	0.1413290	0.0000000	0.0000000
7000.6209600	7000.0338101	6999.8782813	2.4000133	-8.6000000	0.0000089	0.3087500	0.1458740	0.0000000	0.0000000
7000.6209600	7000.0338101	6999.8782813	2.1998732	-8.6000000	0.0000055	0.3144342	0.1436558	0.0000000	0.0000000
7000.6209600	7000.0338101	6999.8782813	2.0000667	-8.6000000	0.0000079	0.3182112	0.1391456	0.0000000	0.0000000
7000.6209600	7000.0338101	6999.8782813	1.7999266	-8.6000000	0.0000049	0.3130896	0.1431221	0.0000000	0.0000000
7000.6209600	7000.0338101	6999.8782813	1.6001201	-8.6000000	0.0000040	0.3142643	0.1390634	0.0000000	0.0000000
7000.6209600	7000.0338101	6999.8782813	1.3999800	-8.6000000	0.0000050	0.3123815	0.1295851	0.0000000	0.0000000
7000.6209600	7000.0338101	6999.8782813	1.1998399	-8.6000000	0.0000039	0.3168204	0.1387054	0.0000000	0.0000000
7000.6209600	7000.0338101	6999.8782813	1.0000334	-8.6000000	0.0000090	0.3170288	0.1409086	0.0000000	0.0000000
7000.6209600	7000.0338101	6999.8782813	0.7998933	-8.6000000	0.0000076	0.3130370	0.1403761	0.0000000	0.0000000
7000.6209600	7000.0338101	6999.8782813	0.6000867	-8.6000000	0.0000074	0.3174657	0.1413492	0.0000000	0.0000000
7000.6209600	7000.0338101	6999.8782813	0.3999466	-8.6000000	0.0000054	0.3171785	0.1399230	0.0000000	0.0000000
7000.6209600	7000.0338101	6999.8782813	0.2001401	-8.6000000	0.0000048	0.3170591	0.1435343	0.0000000	0.0000000
7000.6209600	7000.0338101	6999.8782813	0.0000000	-8.6000000	0.0000015	0.3178462	0.1375977	0.0000000	0.0000000
7000.6209600	7000.0338101	6999.8782813	-0.2001401	-8.6000000	0.0000082	0.3188431	0.1409636	0.0000000	0.0000000
7000.6209600	7000.0338101	6999.8782813	-0.3999466	-8.6000000	0.0000050	0.3182042	0.1416084	0.0000000	0.0000000
7000.6209600	7000.0338101	6999.8782813	-0.6000867	-8.6000000	0.0000021	0.3137258	0.1404935	0.0000000	0.0000000
7000.6209600	7000.0338101	6999.8782813	-0.7998933	-8.6000000	0.0000066	0.3197469	0.1341836	0.0000000	0.0000000
7000.6209600	7000.0338101	6999.8782813	-1.0000334	-8.6000000	0.0000049	0.3165343	0.1429919	0.0000000	0.0000000
7000.6209600	7000.0338101	6999.8782813	-1.1998399	-8.6000000	0.0000052	0.3176150	0.1399297	0.0000000	0.0000000
7000.6209600	7000.0338101	6999.8782813	-1.3999800	-8.6000000	0.0000048	0.3112832	0.1382107	0.0000000	0.0000000
7000.6209600	7000.0338101	6999.8782813	-1.6001201	-8.6000000	0.0000063	0.3158085	0.1429984	0.0000000	0.0000000
7000.6209600	7000.0338101	6999.8782813	-1.7999266	-8.6000000	0.0000045	0.3138480	0.1424269	0.0000000	0.0000000
7000.6209600	7000.0338101	6999.8782813	-2.0000667	-8.6000000	0.0000027	0.3135261	0.1396161	0.0000000	0.0000000
7000.6209600	7000.0338101	6999.8782813	-2.1998732	-8.6000000	0.0000046	0.3070695	0.1444208	0.0000000	0.0000000
7000.6209600	7000.0338101	6999.8782813	-2.4000133	-8.6000000	0.0000062	0.3096805	0.1404362	0.0000000	0.0000000
7000.6209600	7000.0338101	6999.8782813	-2.6001534	-8.6000000	0.0000044	0.3101573	0.1463330	0.0000000	0.0000000
7000.6209600	7000.0338101	6999.8782813	-2.7999600	-8.6000000	0.0000043	0.3162682	0.1435122	0.0000000	0.0000000
7000.6209600	7000.0338101	6999.8782813	-3.0001001	-8.6000000	0.0000101	0.3140077	0.1392964	0.0000000	0.0000000
7000.6209600	7000.0338101	6999.8782813	-3.1999066	-8.6000000	0.0000045	0.3130648	0.1425308	0.0000000	0.0000000
7000.6209600	7000.0338101	6999.8782813	-3.4000467	-8.6000000	0.0000081	0.3094044	0.1389004	0.0000000	0.0000000
7000.6209600	7000.0338101	6999.8782813	-3.5998532	-8.6000000	0.0000137	0.3151393	0.1403921	0.0000000	0.0000000
7000.6209600	7000.0338101	6999.8782813	-3.7999933	-8.6000000	0.0000070	0.3141218	0.1416541	0.0000000	0.0000000
7000.6209600	7000.0338101	6999.8782813	-4.0001334	-8.6000000	0.0000092	0.3131304	0.1412975	0.0000000	0.0000000
7000.6209600	7000.0338101	6999.8782813	-4.1999400	-8.6000000	0.0000065	0.3179042	0.1390763	0.0000000	0.0000000
7000.6209600	7000.0338101	6999.8782813	-4.4000801	-8.6000000	0.0000078	0.3162819	0.1400314	0.0000000	0.0000000
7000.6209600	7000.0338101	6999.8782813	-4.5998866	-8.6000000	0.0000046	0.3148523	0.1401387	0.0000000	0.0000000
7000.6209600	7000.0338101	6999.8782813	-4.8000267	-8.6000000	0.0000013	0.3148925	0.1417438	0.0000000	0.0000000
7000.6209600	7000.0338101	6999.8782813	-4.9998332	-8.6000000	0.0000043	0.3175587	0.1398011	0.0000000	0.0000000
7000.6209600	7000.0338101	6999.8782813	-5.1999733	-8.6000000	0.0000042	0.3141779	0.1440575	0.0000000	0.0000000
7000.6209600	7000.0338101	6999.8782813	-5.4001134	-8.6000000	0.0000076	0.3131884	0.1440103	0.0000000	0.0000000
7000.6209600	7000.0338101	6999.8782813	-5.5999199	-8.6000000	0.0000049	0.3127421	0.1446567	0.0000000	0.0000000
7000.6209600	7000.0338101	6999.8782813	-5.8000600	-8.6000000	0.0000079	0.3153336	0.1464552	0.0000000	0.0000000
7000.6209600	7000.0338101	6999.8782813	-5.9998666	-8.6000000	0.0000055	0.3154854	0.1456128	0.0000000	0.0000000
7000.6209600	7000.0338101	6999.8782813	-6.2000067	-8.6000000	0.0000063	0.3094667	0.1436481	0.0000000	0.0000000
7000.6209600	7000.0338101	6999.8782813	-6.4001468	-8.6000000	0.0000046	0.3100436	0.1456877	0.0000000	0.0000000
7000.6209600	7000.0338101	6999.8782813	-6.5999533	-8.6000000	0.0000038	0.3171506	0.1442915	0.0000000	0.0000000
7000.6209600	7000.0338101	6999.8782813	-6.8000934	-8.6000000	0.0000132	0.3145499	0.1422338	0.0000000	0.0000000
7000.6209600	7000.0338101	6999.8782813	-6.9998999	-8.6000000	0.0000217	0.3155118	0.1460725	0.0000000	0.0000000
7000.6209600	7000.0338101	6999.8782813	-7.2000400	-8.6000000	0.0003663	0.3128925	0.1412147	0.0000000	0.0000000
7000.6209600	7000.0338101	6999.8782813	-7.3998466	-8.6000000	0.0103733	0.3165198	0.1432633	0.0000000	0.0000000
7000.6209600	7000.0338101	6999.8782813	-7.5999867	-8.6000000	0.0191742	0.3164393	0.1324333	0.0000000	0.0000000
7000.6209600	7000.0338101	6999.8782813	-7.8001268	-8.6000000	0.0457594	0.3185081	0.1377439	0.0000000	0.0000000
7000.6209600	7000.0338101	6999.8782813	-7.9999333	-8.6000000	0.0771129	0.3165564	0.1351970	0.0000000	0.0000000
7000.6209600	7000.0338101	6999.8782813	-8.2000734	-8.6000000	0.1156188	0.3185889	0.1384310	0.0000000	0.0000000
7000.6209600	7000.0338101	6999.8782813	-8.3998799	-8.6000000	0.1648510	0.3167267	0.1418190	0.0000000	0.0000000
7000.6209600	7000.0338101	6999.8782813	-8.6000200	-8.6000000	0.1797032	0.3168192	0.1411808	0.0000000	0.0000000
7000.6209600	7000.0338101	6999.8782813	-8.8001601	-8.6000000	0.1726223	0.3171921	0.1401240	0.0000000	0.0000000
7000.6209600	7000.0338101	6999.8782813	-8.9999666	-8.6000000	0.1256970	0.3162883	0.1381073	0.0000000	0.0000000
7000.6209600	7000.0338101	6999.8782813	-9.2001067	-8.6000000	0.0997506	0.3167395	0.1384204	0.0000000	0.0000000
7000.6209600	7000.0338101	6999.8782813	-9.3999133	-8.6000000	0.0643312	0.3166189	0.1405110	0.0000000	0.0000000
7000.6209600	7000.0338101	6999.8782813	-9.6000534	-8.6000000	0.0307363	0.3177177	0.1322638	0.0000000	0.0000000
7000.6209600	7000.0338101	6999.8782813	-9.7998599	-8.6000000	0.0121210	0.3158935	0.1315521	0.0000000	0.0000000
7000.6209600	7000.0338101	6999.8782813	-10.0000000	-8.6000000	0.0035015	0.3159459	0.1410348	0.0000000	0.0000000
