7000.6209600	7000.0338101	6999.8782813	3.0001001	-4.5998866	0.0000106	0.3258514	0.1347308	0.0000000	-4.6000000
7000.6209600	7000.0338101	6999.8782813	2.7999600	-4.6000000	0.0000123	0.3222047	0.1333934	0.0000000	0.0000000
7000.6209600	7000.0338101	6999.8782813	2.6001534	-4.6000000	0.0000192	0.3220983	0.1306003	0.0000000	0.0000000
7000.6209600	7000.0338101	6999.8782813	2.4000133	-4.6000000	0.0000098	0.3226263	0.1293124	0.0000000	0.0000000
7000.6209600	7000.0338101	6999.8782813	2.1998732	-4.6000000	0.0000159	0.3244994	0.1300854	0.0000000	0.0000000
7000.6209600	7000.0338101	6999.8782813	2.0000667	-4.6000000	0.0000194	0.3220354	0.1416244	0.0000000	0.0000000
7000.6209600	7000.0338101	6999.8782813	1.7999266	-4.6000000	0.0000170	0.3233861	0.1370094	0.0000000	0.0000000
7000.6209600	7000.0338101	6999.8782813	1.6001201	-4.6000000	0.0000135	0.3213773	0.1398889	0.0000000	0.0000000
7000.6209600	7000.0338101	6999.8782813	1.3999800	-4.6000000	0.0000166	0.3225913	0.1353025	0.0000000	0.0000000
7000.6209600	7000.0338101	6999.8782813	1.1998399	-4.6000000	0.0000066	0.3248230	0.1475302	0.0000000	0.0000000
7000.6209600	7000.0338101	6999.8782813	1.0000334	-4.6000000	0.0000156	0.3256975	0.1371488	0.0000000	0.0000000
7000.6209600	7000.0338101	6999.8782813	0.7998933	-4.6000000	0.0000062	0.3246642	0.1297744	0.0000000	0.0000000
7000.6209600	7000.0338101	6999.8782813	0.6000867	-4.6000000	0.0000127	0.3233079	0.1348588	0.0000000	0.0000000
7000.6209600	7000.0338101	6999.8782813	0.3999466	-4.6000000	0.0000167	0.3245944	0.1428528	0.0000000	0.0000000
7000.6209600	7000.0338101	6999.8782813	0.2001401	-4.6000000	0.0000122	0.3233427	0.1285933	0.0000000	0.0000000
7000.6209600	7000.0338101	6999.8782813	0.0000000	-4.6000000	0.0000131	0.3193584	0.1311855	0.0000000	0.0000000
7000.6209600	7000.0338101	6999.8782813	-0.2001401	-4.6000000	0.0000154	0.3233357	0.1387694	0.0000000	0.0000000
7000.6209600	7000.0338101	6999.8782813	-0.3999466	-4.6000000	0.0000229	0.3242848	0.1467219	0.0000000	0.0000000
7000.6209600	7000.0338101	6999.8782813	-0.6000867	-4.6000000	0.0000101	0.3224037	0.1379063	0.0000000	0.0000000
7000.6209600	7000.0338101	6999.8782813	-0.7998933	-4.6000000	0.0000132	0.3198302	0.1403008	0.0000000	0.0000000
7000.6209600	7000.0338101	6999.8782813	-1.0000334	-4.6000000	0.0000146	0.3202742	0.1355398	0.0000000	0.0000000
7000.6209600	7000.0338101	6999.8782813	-1.1998399	-4.6000000	0.0000173	0.3185673	0.1373911	0.0000000	0.0000000
7000.6209600	7000.0338101	6999.8782813	-1.3999800	-4.6000000	0.0000099	0.3201853	0.1392375	0.0000000	0.0000000
7000.6209600	7000.0338101	6999.8782813	-1.6001201	-4.6000000	0.0000154	0.3209514	0.1463818	0.0000000	0.0000000
7000.6209600	7000.0338101	6999.8782813	-1.7999266	-4.6000000	0.0000159	0.3232103	0.1475858	0.0000000	0.0000000
7000.6209600	7000.0338101	6999.8782813	-2.0000667	-4.6000000	0.0000135	0.3239496	0.1441482	0.0000000	0.0000000
7000.6209600	7000.0338101	6999.8782813	-2.1998732	-4.6000000	0.0000179	0.3246506	0.1428335	0.0000000	0.0000000
7000.6209600	7000.0338101	6999.8782813	-2.4000133	-4.6000000	0.0000137	0.3238330	0.1387557	0.0000000	0.0000000
7000.6209600	7000.0338101	6999.8782813	-2.6001534	-4.6000000	0.0000090	0.3246869	0.1383187	0.0000000	0.0000000
7000.6209600	7000.0338101	6999.8782813	-2.7999600	-4.6000000	0.0000216	0.3256699	0.1398834	0.0000000	0.0000000
7000.6209600	7000.0338101	6999.8782813	-3.0001001	-4.6000000	0.0000718	0.3207058	0.1307869	0.0000000	0.0000000
7000.6209600	7000.0338101	6999.8782813	-3.1999066	-4.6000000	0.0019111	0.3217936	0.1383740	0.0000000	0.0000000
7000.6209600	7000.0338101	6999.8782813	-3.4000467	-4.6000000	0.0189230	0.3200588	0.1408407	0.0000000	0.0000000
7000.6209600	7000.0338101	6999.8782813	-3.5998532	-4.6000000	0.0391765	0.3229188	0.1358318	0.0000000	0.0000000
7000.6209600	7000.0338101	6999.8782813	-3.7999933	-4.6000000	0.0742593	0.3212494	0.1415072	0.0000000	0.0000000
7000.6209600	7000.0338101	6999.8782813	-4.0001334	-4.6000000	0.1126803	0.3222767	0.1393632	0.0000000	0.0000000
7000.6209600	7000.0338101	6999.8782813	-4.1999400	-4.6000000	0.1821301	0.3204039	0.1429573	0.0000000	0.0000000
7000.6209600	7000.0338101	6999.8782813	-4.4000801	-4.6000000	0.2670519	0.3204430	0.1453259	0.0000000	0.0000000
7000.6209600	7000.0338101	6999.8782813	-4.5998866	-4.6000000	0.2973546	0.3219838	0.1437783	0.0000000	0.0000000
7000.6209600	7000.0338101	6999.8782813	-4.8000267	-4.6000000	0.3234183	0.3164978	0.1412192	0.0000000	0.0000000
7000.6209600	7000.0338101	6999.8782813	-4.9998332	-4.6000000	0.2579467	0.3211049	0.1488033	0.0000000	0.0000000
7000.6209600	7000.0338101	6999.8782813	-5.1999733	-4.6000000	0.1681954	0.3204471	0.1452502	0.0000000	0.0000000
7000.6209600	7000.0338101	6999.8782813	-5.4001134	-4.6000000	0.0997911	0.3172522	0.1326564	0.0000000	0.0000000
7000.6209600	7000.0338101	6999.8782813	-5.5999199	-4.6000000	0.0692686	0.3205327	0.1478008	0.0000000	0.0000000
7000.6209600	7000.0338101	6999.8782813	-5.8000600	-4.6000000	0.0301984	0.3225974	0.1426597	0.0000000	0.0000000
7000.6209600	7000.0338101	6999.8782813	-5.9998666	-4.6000000	0.0077003	0.3221970	0.1322360	0.0000000	0.0000000
7000.6209600	7000.0338101	6999.8782813	-6.2000067	-4.6000000	0.0012499	0.3225548	0.1448027	0.0000000	0.0000000
7000.6209600	7000.0338101	6999.8782813	-6.4001468	-4.6000000	0.0000587	0.3214890	0.1410236	0.0000000	0.0000000
7000.6209600	7000.0338101	6999.8782813	-6.5999533	-4.6000000	0.0000282	0.3155122	0.1495876	0.0000000	0.0000000
7000.6209600	7000.0338101	6999.8782813	-6.8000934	-4.6000000	0.0000121	0.3193173	0.1455497	0.0000000	0.0000000
7000.6209600	7000.0338101	6999.8782813	-6.9998999	-4.6000000	0.0000123	0.3209554	0.1364059	0.0000000	0.0000000
7000.6209600	7000.0338101	6999.8782813	-7.2000400	-4.6000000	0.0000114	0.3204019	0.1403938	0.0000000	0.0000000
7000.6209600	7000.0338101	6999.8782813	-7.3998466	-4.6000000	0.0000121	0.3186016	0.1400406	0.0000000	0.0000000
7000.6209600	7000.0338101	6999.8782813	-7.5999867	-4.6000000	0.0000051	0.3190964	0.1430592	0.0000000	0.0000000
7000.6209600	7000.0338101	6999.8782813	-7.8001268	-4.6000000	0.0000106	0.3239459	0.1374288	0.0000000	0.0000000
7000.6209600	7000.0338101	6999.8782813	-7.9999333	-4.6000000	0.0000098	0.3212328	0.1465475	0.0000000	0.0000000
7000.6209600	7000.0338101	6999.8782813	-8.2000734	-4.6000000	0.0000116	0.3205265	0.1479431	0.0000000	0.0000000
7000.6209600	7000.0338101	6999.8782813	-8.3998799	-4.6000000	0.0000121	0.3184164	0.1344087	0.0000000	0.0000000
7000.6209600	7000.0338101	6999.8782813	-8.6000200	-4.6000000	0.0000085	0.3185778	0.1256764	0.0000000	0.0000000
7000.6209600	7000.0338101	6999.8782813	-8.8001601	-4.6000000	0.0000112	0.3244420	0.1440063	0.0000000	0.0000000
7000.6209600	7000.0338101	6999.8782813	-8.9999666	-4.6000000	0.0000096	0.3236312	0.1353170	0.0000000	0.0000000
7000.6209600	7000.0338101	6999.8782813	-9.2001067	-4.6000000	0.0000062	0.3173047	0.1282640	0.0000000	0.0000000
7000.6209600	7000.0338101	6999.8782813	-9.3999133	-4.6000000	0.0000073	0.3211906	0.1316412	0.0000000	0.0000000
7000.6209600	7000.0338101	6999.8782813	-9.6000534	-4.6000000	0.0000118	0.3237238	0.1315704	0.0000000	0.0000000
7000.6209600	7000.0338101	6999.8782813	-9.7998599	-4.6000000	0.0000079	0.3246892	0.1333005	0.0000000	0.0000000
7000.6209600	7000.0338101	6999.8782813	-10.0000000	-4.6000000	0.0000109	0.3264852	0.1374950	0.0000000	0.0000000
