7000.6209600	7000.0338101	6999.8782813	3.0001001	-1.6001201	0.0000145	0.3270602	0.1328257	0.0000000	-1.6000000
7000.6209600	7000.0338101	6999.8782813	2.7999600	-1.6000000	0.0000138	0.3299978	0.1333878	0.0000000	0.0000000
7000.6209600	7000.0338101	6999.8782813	2.6001534	-1.6000000	0.0000168	0.3335044	0.1336057	0.0000000	0.0000000
7000.6209600	7000.0338101	6999.8782813	2.4000133	-1.6000000	0.0000140	0.3313169	0.1364147	0.0000000	0.0000000
7000.6209600	7000.0338101	6999.8782813	2.1998732	-1.6000000	0.0000287	0.3308910	0.1323065	0.0000000	0.0000000
7000.6209600	7000.0338101	6999.8782813	2.0000667	-1.6000000	0.0000177	0.3324004	0.1434016	0.0000000	0.0000000
7000.6209600	7000.0338101	6999.8782813	1.7999266	-1.6000000	0.0000179	0.3288848	0.1399335	0.0000000	0.0000000
7000.6209600	7000.0338101	6999.8782813	1.6001201	-1.6000000	0.0000325	0.3295765	0.1316719	0.0000000	0.0000000
7000.6209600	7000.0338101	6999.8782813	1.3999800	-1.6000000	0.0000273	0.3313550	0.1333972	0.0000000	0.0000000
7000.6209600	7000.0338101	6999.8782813	1.1998399	-1.6000000	0.0000225	0.3311169	0.1325313	0.0000000	0.0000000
7000.6209600	7000.0338101	6999.8782813	1.0000334	-1.6000000	0.0000217	0.3282657	0.1328842	0.0000000	0.0000000
7000.6209600	7000.0338101	6999.8782813	0.7998933	-1.6000000	0.0000173	0.3275618	0.1340813	0.0000000	0.0000000
7000.6209600	7000.0338101	6999.8782813	0.6000867	-1.6000000	0.0000248	0.3312705	0.1316698	0.0000000	0.0000000
7000.6209600	7000.0338101	6999.8782813	0.3999466	-1.6000000	0.0000404	0.3311150	0.1347711	0.0000000	0.0000000
7000.6209600	7000.0338101	6999.8782813	0.2001401	-1.6000000	0.0000778	0.3299689	0.1307479	0.0000000	0.0000000
7000.6209600	7000.0338101	6999.8782813	0.0000000	-1.6000000	0.0009814	0.3282046	0.1312555	0.0000000	0.0000000
7000.6209600	7000.0338101	6999.8782813	-0.2001401	-1.6000000	0.0086328	0.3281206	0.1321041	0.0000000	0.0000000
7000.6209600	7000.0338101	6999.8782813	-0.3999466	-1.6000000	0.0217887	0.3287151	0.1315085	0.0000000	0.0000000
7000.6209600	7000.0338101	6999.8782813	-0.6000867	-1.6000000	0.0600134	0.3270237	0.1285625	0.0000000	0.0000000
7000.6209600	7000.0338101	6999.8782813	-0.7998933	-1.6000000	0.1024315	0.3293610	0.1254993	0.0000000	0.0000000
7000.6209600	7000.0338101	6999.8782813	-1.0000334	-1.6000000	0.1892083	0.3299739	0.1472948	0.0000000	0.0000000
7000.6209600	7000.0338101	6999.8782813	-1.1998399	-1.6000000	0.2265907	0.3281055	0.1323928	0.0000000	0.0000000
7000.6209600	7000.0338101	6999.8782813	-1.3999800	-1.6000000	0.2838503	0.3255710	0.1262770	0.0000000	0.0000000
7000.6209600	7000.0338101	6999.8782813	-1.6001201	-1.6000000	0.3205195	0.3255134	0.1264287	0.0000000	0.0000000
7000.6209600	7000.0338101	6999.8782813	-1.7999266	-1.6000000	0.3442352	0.3270333	0.1298362	0.0000000	0.0000000
7000.6209600	7000.0338101	6999.8782813	-2.0000667	-1.6000000	0.2806056	0.3252435	0.1296302	0.0000000	0.0000000
7000.6209600	7000.0338101	6999.8782813	-2.1998732	-1.6000000	0.1760009	0.3302533	0.1343831	0.0000000	0.0000000
7000.6209600	7000.0338101	6999.8782813	-2.4000133	-1.6000000	0.1195017	0.3291140	0.1330228	0.0000000	0.0000000
7000.6209600	7000.0338101	6999.8782813	-2.6001534	-1.6000000	0.0755414	0.3270090	0.1289833	0.0000000	0.0000000
7000.6209600	7000.0338101	6999.8782813	-2.7999600	-1.6000000	0.0397677	0.3281569	0.1323151	0.0000000	0.0000000
7000.6209600	7000.0338101	6999.8782813	-3.0001001	-1.6000000	0.0150858	0.3296989	0.1334683	0.0000000	0.0000000
7000.6209600	7000.0338101	6999.8782813	-3.1999066	-1.6000000	0.0016405	0.3317230	0.1382271	0.0000000	0.0000000
7000.6209600	7000.0338101	6999.8782813	-3.4000467	-1.6000000	0.0000935	0.3295872	0.1314637	0.0000000	0.0000000
7000.6209600	7000.0338101	6999.8782813	-3.5998532	-1.6000000	0.0000182	0.3300378	0.1349518	0.0000000	0.0000000
7000.6209600	7000.0338101	6999.8782813	-3.7999933	-1.6000000	0.0000116	0.3260288	0.1284469	0.0000000	0.0000000
7000.6209600	7000.0338101	6999.8782813	-4.0001334	-1.6000000	0.0000183	0.3300337	0.1303107	0.0000000	0.0000000
7000.6209600	7000.0338101	6999.8782813	-4.1999400	-1.6000000	0.0000140	0.3271770	0.1273043	0.0000000	0.0000000
7000.6209600	7000.0338101	6999.8782813	-4.4000801	-1.6000000	0.0000112	0.3312825	0.1325393	0.0000000	0.0000000
7000.6209600	7000.0338101	6999.8782813	-4.5998866	-1.6000000	0.0000055	0.3294290	0.1290391	0.0000000	0.0000000
7000.6209600	7000.0338101	6999.8782813	-4.8000267	-1.6000000	0.0000155	0.3272433	0.1331915	0.0000000	0.0000000
7000.6209600	7000.0338101	6999.8782813	-4.9998332	-1.6000000	0.0000149	0.3258883	0.1294059	0.0000000	0.0000000
7000.6209600	7000.0338101	6999.8782813	-5.1999733	-1.6000000	0.0000121	0.3257045	0.1377747	0.0000000	0.0000000
7000.6209600	7000.0338101	6999.8782813	-5.4001134	-1.6000000	0.0000142	0.3249015	0.1291498	0.0000000	0.0000000
7000.6209600	7000.0338101	6999.8782813	-5.5999199	-1.6000000	0.0000123	0.3275741	0.1302256	0.0000000	0.0000000
7000.6209600	7000.0338101	6999.8782813	-5.8000600	-1.6000000	0.0000082	0.3230244	0.1295319	0.0000000	0.0000000
7000.6209600	7000.0338101	6999.8782813	-5.9998666	-1.6000000	0.0000200	0.3268950	0.1307936	0.0000000	0.0000000
7000.6209600	7000.0338101	6999.8782813	-6.2000067	-1.6000000	0.0000182	0.3256724	0.1233715	0.0000000	0.0000000
7000.6209600	7000.0338101	6999.8782813	-6.4001468	-1.6000000	0.0000201	0.3296617	0.1287972	0.0000000	0.0000000
7000.6209600	7000.0338101	6999.8782813	-6.5999533	-1.6000000	0.0000166	0.3253856	0.1305995	0.0000000	0.0000000
7000.6209600	7000.0338101	6999.8782813	-6.8000934	-1.6000000	0.0000134	0.3279724	0.1318728	0.0000000	0.0000000
7000.6209600	7000.0338101	6999.8782813	-6.9998999	-1.6000000	0.0000117	0.3273324	0.1347728	0.0000000	0.0000000
7000.6209600	7000.0338101	6999.8782813	-7.2000400	-1.6000000	0.0000138	0.3289080	0.1368494	0.0000000	0.0000000
7000.6209600	7000.0338101	6999.8782813	-7.3998466	-1.6000000	0.0000144	0.3283390	0.1329285	0.0000000	0.0000000
7000.6209600	7000.0338101	6999.8782813	-7.5999867	-1.6000000	0.0000161	0.3265442	0.1343647	0.0000000	0.0000000
7000.6209600	7000.0338101	6999.8782813	-7.8001268	-1.6000000	0.0000140	0.3277921	0.1327168	0.0000000	0.0000000
7000.6209600	7000.0338101	6999.8782813	-7.9999333	-1.6000000	0.0000204	0.3290660	0.1437318	0.0000000	0.0000000
7000.6209600	7000.0338101	6999.8782813	-8.2000734	-1.6000000	0.0000125	0.3289530	0.1278976	0.0000000	0.0000000
7000.6209600	7000.0338101	6999.8782813	-8.3998799	-1.6000000	0.0000245	0.3320228	0.1369193	0.0000000	0.0000000
7000.6209600	7000.0338101	6999.8782813	-8.6000200	-1.6000000	0.0000079	0.3308680	0.1433907	0.0000000	0.0000000
7000.6209600	7000.0338101	6999.8782813	-8.8001601	-1.6000000	0.0000093	0.3315625	0.1343655	0.0000000	0.0000000
7000.6209600	7000.0338101	6999.8782813	-8.9999666	-1.6000000	0.0000110	0.3282240	0.1315543	0.0000000	0.0000000
7000.6209600	7000.0338101	6999.8782813	-9.2001067	-1.6000000	0.0000155	0.3287020	0.1367178	0.0000000	0.0000000
7000.6209600	7000.0338101	6999.8782813	-9.3999133	-1.6000000	0.0000219	0.3298398	0.1340287	0.0000000	0.0000000
7000.6209600	7000.0338101	6999.8782813	-9.6000534	-1.6000000	0.0000077	0.3278361	0.1302510	0.0000000	0.0000000
7000.6209600	7000.0338101	6999.8782813	-9.7998599	-1.6000000	0.0000125	0.3292307	0.1299841	0.0000000	0.0000000
7000.6209600	7000.0338101	6999.8782813	-10.0000000	-1.6000000	0.0000131	0.3277301	0.1325989	0.0000000	0.0000000
