7000.6209600	7000.0338101	6999.8782813	3.0001001	-3.4000467	0.0000159	0.3272358	0.1375405	0.0000000	-3.4000000
7000.6209600	7000.0338101	6999.8782813	2.7999600	-3.4000000	0.0000201	0.3249109	0.1370112	0.0000000	0.0000000
7000.6209600	7000.0338101	6999.8782813	2.6001534	-3.4000000	0.0000166	0.3263743	0.1422782	0.0000000	0.0000000
7000.6209600	7000.0338101	6999.8782813	2.4000133	-3.4000000	0.0000112	0.3239913	0.1331920	0.0000000	0.0000000
7000.6209600	7000.0338101	6999.8782813	2.1998732	-3.4000000	0.0000085	0.3251219	0.1340446	0.0000000	0.0000000
7000.6209600	7000.0338101	6999.8782813	2.0000667	-3.4000000	0.0000157	0.3238595	0.1299956	0.0000000	0.0000000
7000.6209600	7000.0338101	6999.8782813	1.7999266	-3.4000000	0.0000107	0.3272429	0.1445802	0.0000000	0.0000000
7000.6209600	7000.0338101	6999.8782813	1.6001201	-3.4000000	0.0000125	0.3299152	0.1430961	0.0000000	0.0000000
7000.6209600	7000.0338101	6999.8782813	1.3999800	-3.4000000	0.0000101	0.3259050	0.1315347	0.0000000	0.0000000
7000.6209600	7000.0338101	6999.8782813	1.1998399	-3.4000000	0.0000150	0.3186296	0.1392876	0.0000000	0.0000000
7000.6209600	7000.0338101	6999.8782813	1.0000334	-3.4000000	0.0000171	0.3230776	0.1395085	0.0000000	0.0000000
7000.6209600	7000.0338101	6999.8782813	0.7998933	-3.4000000	0.0000232	0.3270270	0.1418429	0.0000000	0.0000000
7000.6209600	7000.0338101	6999.8782813	0.6000867	-3.4000000	0.0000195	0.3276096	0.1454122	0.0000000	0.0000000
7000.6209600	7000.0338101	6999.8782813	0.3999466	-3.4000000	0.0000189	0.3249523	0.1475208	0.0000000	0.0000000
7000.6209600	7000.0338101	6999.8782813	0.2001401	-3.4000000	0.0000173	0.3259304	0.1445883	0.0000000	0.0000000
7000.6209600	7000.0338101	6999.8782813	0.0000000	-3.4000000	0.0000144	0.3241551	0.1395690	0.0000000	0.0000000
7000.6209600	7000.0338101	6999.8782813	-0.2001401	-3.4000000	0.0000226	0.3213662	0.1367095	0.0000000	0.0000000
7000.6209600	7000.0338101	6999.8782813	-0.3999466	-3.4000000	0.0000228	0.3252192	0.1475214	0.0000000	0.0000000
7000.6209600	7000.0338101	6999.8782813	-0.6000867	-3.4000000	0.0000126	0.3282477	0.1457490	0.0000000	0.0000000
7000.6209600	7000.0338101	6999.8782813	-0.7998933	-3.4000000	0.0000085	0.3251267	0.1388503	0.0000000	0.0000000
7000.6209600	7000.0338101	6999.8782813	-1.0000334	-3.4000000	0.0000176	0.3261948	0.1434265	0.0000000	0.0000000
7000.6209600	7000.0338101	6999.8782813	-1.1998399	-3.4000000	0.0000175	0.3256545	0.1403184	0.0000000	0.0000000
7000.6209600	7000.0338101	6999.8782813	-1.3999800	-3.4000000	0.0000114	0.3245286	0.1357687	0.0000000	0.0000000
7000.6209600	7000.0338101	6999.8782813	-1.6001201	-3.4000000	0.0000197	0.3269440	0.1391699	0.0000000	0.0000000
7000.6209600	7000.0338101	6999.8782813	-1.7999266	-3.4000000	0.0000580	0.3245052	0.1250619	0.0000000	0.0000000
7000.6209600	7000.0338101	6999.8782813	-2.0000667	-3.4000000	0.0020616	0.3256082	0.1390070	0.0000000	0.0000000
7000.6209600	7000.0338101	6999.8782813	-2.1998732	-3.4000000	0.0170219	0.3232535	0.1382263	0.0000000	0.0000000
7000.6209600	7000.0338101	6999.8782813	-2.4000133	-3.4000000	0.0412721	0.3250936	0.1338235	0.0000000	0.0000000
7000.6209600	7000.0338101	6999.8782813	-2.6001534	-3.4000000	0.0836591	0.3279214	0.1413689	0.0000000	0.0000000
7000.6209600	7000.0338101	6999.8782813	-2.7999600	-3.4000000	0.1334037	0.3246377	0.1395016	0.0000000	0.0000000
7000.6209600	7000.0338101	6999.8782813	-3.0001001	-3.4000000	0.1835096	0.3261157	0.1368042	0.0000000	0.0000000
7000.6209600	7000.0338101	6999.8782813	-3.1999066	-3.4000000	0.2470027	0.3247090	0.1407220	0.0000000	0.0000000
7000.6209600	7000.0338101	6999.8782813	-3.4000467	-3.4000000	0.2826818	0.3220149	0.1327356	0.0000000	0.0000000
7000.6209600	7000.0338101	6999.8782813	-3.5998532	-3.4000000	0.2762479	0.3241788	0.1385162	0.0000000	0.0000000
7000.6209600	7000.0338101	6999.8782813	-3.7999933	-3.4000000	0.2523484	0.3222708	0.1358263	0.0000000	0.0000000
7000.6209600	7000.0338101	6999.8782813	-4.0001334	-3.4000000	0.2011754	0.3286705	0.1427142	0.0000000	0.0000000
7000.6209600	7000.0338101	6999.8782813	-4.1999400	-3.4000000	0.1226962	0.3262388	0.1385056	0.0000000	0.0000000
7000.6209600	7000.0338101	6999.8782813	-4.4000801	-3.4000000	0.0719303	0.3245001	0.1374192	0.0000000	0.0000000
7000.6209600	7000.0338101	6999.8782813	-4.5998866	-3.4000000	0.0271915	0.3257755	0.1283762	0.0000000	0.0000000
7000.6209600	7000.0338101	6999.8782813	-4.8000267	-3.4000000	0.0133409	0.3250134	0.1436832	0.0000000	0.0000000
7000.6209600	7000.0338101	6999.8782813	-4.9998332	-3.4000000	0.0006786	0.3236672	0.1337578	0.0000000	0.0000000
7000.6209600	7000.0338101	6999.8782813	-5.1999733	-3.4000000	0.0000333	0.3254222	0.1337032	0.0000000	0.0000000
7000.6209600	7000.0338101	6999.8782813	-5.4001134	-3.4000000	0.0000089	0.3251716	0.1393351	0.0000000	0.0000000
7000.6209600	7000.0338101	6999.8782813	-5.5999199	-3.4000000	0.0000092	0.3256395	0.1334949	0.0000000	0.0000000
7000.6209600	7000.0338101	6999.8782813	-5.8000600	-3.4000000	0.0000100	0.3257568	0.1392366	0.0000000	0.0000000
7000.6209600	7000.0338101	6999.8782813	-5.9998666	-3.4000000	0.0000101	0.3211080	0.1430652	0.0000000	0.0000000
7000.6209600	7000.0338101	6999.8782813	-6.2000067	-3.4000000	0.0000186	0.3239663	0.1401373	0.0000000	0.0000000
7000.6209600	7000.0338101	6999.8782813	-6.4001468	-3.4000000	0.0000184	0.3240909	0.1396907	0.0000000	0.0000000
7000.6209600	7000.0338101	6999.8782813	-6.5999533	-3.4000000	0.0000132	0.3268130	0.1356624	0.0000000	0.0000000
7000.6209600	7000.0338101	6999.8782813	-6.8000934	-3.4000000	0.0000148	0.3262001	0.1451445	0.0000000	0.0000000
7000.6209600	7000.0338101	6999.8782813	-6.9998999	-3.4000000	0.0000194	0.3239298	0.1486172	0.0000000	0.0000000
7000.6209600	7000.0338101	6999.8782813	-7.2000400	-3.4000000	0.0000121	0.3249519	0.1346729	0.0000000	0.0000000
7000.6209600	7000.0338101	6999.8782813	-7.3998466	-3.4000000	0.0000105	0.3212451	0.1299473	0.0000000	0.0000000
7000.6209600	7000.0338101	6999.8782813	-7.5999867	-3.4000000	0.0000193	0.3228531	0.1438872	0.0000000	0.0000000
7000.6209600	7000.0338101	6999.8782813	-7.8001268	-3.4000000	0.0000138	0.3244421	0.1322736	0.0000000	0.0000000
7000.6209600	7000.0338101	6999.8782813	-7.9999333	-3.4000000	0.0000096	0.3177106	0.1318792	0.0000000	0.0000000
7000.6209600	7000.0338101	6999.8782813	-8.2000734	-3.4000000	0.0000123	0.3273029	0.1277112	0.0000000	0.0000000
7000.6209600	7000.0338101	6999.8782813	-8.3998799	-3.4000000	0.0000123	0.3258850	0.1333191	0.0000000	0.0000000
7000.6209600	7000.0338101	6999.8782813	-8.6000200	-3.4000000	0.0000199	0.3294515	0.1432612	0.0000000	0.0000000
7000.6209600	7000.0338101	6999.8782813	-8.8001601	-3.4000000	0.0000103	0.3266669	0.1305203	0.0000000	0.0000000
7000.6209600	7000.0338101	6999.8782813	-8.9999666	-3.4000000	0.0000107	0.3238103	0.1358555	0.0000000	0.0000000
7000.6209600	7000.0338101	6999.8782813	-9.2001067	-3.4000000	0.0000076	0.3199158	0.1430934	0.0000000	0.0000000
7000.6209600	7000.0338101	6999.8782813	-9.3999133	-3.4000000	0.0000197	0.3244467	0.1402516	0.0000000	0.0000000
7000.6209600	7000.0338101	6999.8782813	-9.6000534	-3.4000000	0.0000127	0.3254731	0.1426624	0.0000000	0.0000000
7000.6209600	7000.0338101	6999.8782813	-9.7998599	-3.4000000	0.0000189	0.3272615	0.1367943	0.0000000	0.0000000
7000.6209600	7000.0338101	6999.8782813	-10.0000000	-3.4000000	0.0000192	0.3287694	0.1308080	0.0000000	0.0000000
