7000.6209600	7000.0338101	6999.8782813	3.0001001	-8.3998799	0.0000056	0.3138787	0.1443706	0.0000000	-8.4000000
7000.6209600	7000.0338101	6999.8782813	2.7999600	-8.4000000	0.0000074	0.3122533	0.1447788	0.0000000	0.0000000
7000.6209600	7000.0338101	6999.8782813	2.6001534	-8.4000000	0.0000088	0.3146497	0.1424276	0.0000000	0.0000000
7000.6209600	7000.0338101	6999.8782813	2.4000133	-8.4000000	0.0000048	0.3117366	0.1453157	0.0000000	0.0000000
7000.6209600	7000.0338101	6999.8782813	2.1998732	-8.4000000	0.0000023	0.3132146	0.1438281	0.0000000	0.0000000
7000.6209600	7000.0338101	6999.8782813	2.0000667	-8.4000000	0.0000060	0.3107748	0.1438230	0.0000000	0.0000000
7000.6209600	7000.0338101	6999.8782813	1.7999266	-8.4000000	0.0000042	0.3119717	0.1437518	0.0000000	0.0000000
7000.6209600	7000.0338101	6999.8782813	1.6001201	-8.4000000	0.0000085	0.3124871	0.1422538	0.0000000	0.0000000
7000.6209600	7000.0338101	6999.8782813	1.3999800	-8.4000000	0.0000050	0.3136948	0.1449203	0.0000000	0.0000000
7000.6209600	7000.0338101	6999.8782813	1.1998399	-8.4000000	0.0000045	0.3149171	0.1472733	0.0000000	0.0000000
7000.6209600	7000.0338101	6999.8782813	1.0000334	-8.4000000	0.0000065	0.3102217	0.1425948	0.0000000	0.0000000
7000.6209600	7000.0338101	6999.8782813	0.7998933	-8.4000000	0.0000063	0.3147476	0.1434913	0.0000000	0.0000000
7000.6209600	7000.0338101	6999.8782813	0.6000867	-8.4000000	0.0000131	0.3119506	0.1482092	0.0000000	0.0000000
7000.6209600	7000.0338101	6999.8782813	0.3999466	-8.4000000	0.0000038	0.3149032	0.1490640	0.0000000	0.0000000
7000.6209600	7000.0338101	6999.8782813	0.2001401	-8.4000000	0.0000051	0.3127362	0.1447683	0.0000000	0.0000000
7000.6209600	7000.0338101	6999.8782813	0.0000000	-8.4000000	0.0000083	0.3150586	0.1423170	0.0000000	0.0000000
7000.6209600	7000.0338101	6999.8782813	-0.2001401	-8.4000000	0.0000068	0.3120729	0.1442576	0.0000000	0.0000000
7000.6209600	7000.0338101	6999.8782813	-0.3999466	-8.4000000	0.0000074	0.3141121	0.1453611	0.0000000	0.0000000
7000.6209600	7000.0338101	6999.8782813	-0.6000867	-8.4000000	0.0000065	0.3176475	0.1414630	0.0000000	0.0000000
7000.6209600	7000.0338101	6999.8782813	-0.7998933	-8.4000000	0.0000101	0.3155728	0.1451687	0.0000000	0.0000000
7000.6209600	7000.0338101	6999.8782813	-1.0000334	-8.4000000	0.0000049	0.3119772	0.1417793	0.0000000	0.0000000
7000.6209600	7000.0338101	6999.8782813	-1.1998399	-8.4000000	0.0000060	0.3113848	0.1450610	0.0000000	0.0000000
7000.6209600	7000.0338101	6999.8782813	-1.3999800	-8.4000000	0.0000060	0.3138715	0.1425112	0.0000000	0.0000000
7000.6209600	7000.0338101	6999.8782813	-1.6001201	-8.4000000	0.0000037	0.3127952	0.1412561	0.0000000	0.0000000
7000.6209600	7000.0338101	6999.8782813	-1.7999266	-8.4000000	0.0000046	0.3115237	0.1419921	0.0000000	0.0000000
7000.6209600	7000.0338101	6999.8782813	-2.0000667	-8.4000000	0.0000028	0.3135895	0.1308933	0.0000000	0.0000000
7000.6209600	7000.0338101	6999.8782813	-2.1998732	-8.4000000	0.0000011	0.3141876	0.1379144	0.0000000	0.0000000
7000.6209600	7000.0338101	6999.8782813	-2.4000133	-8.4000000	0.0000093	0.3129894	0.1375763	0.0000000	0.0000000
7000.6209600	7000.0338101	6999.8782813	-2.6001534	-8.4000000	0.0000054	0.3162070	0.1353230	0.0000000	0.0000000
7000.6209600	7000.0338101	6999.8782813	-2.7999600	-8.4000000	0.0000028	0.3159600	0.1385814	0.0000000	0.0000000
7000.6209600	7000.0338101	6999.8782813	-3.0001001	-8.4000000	0.0000048	0.3115255	0.1414706	0.0000000	0.0000000
7000.6209600	7000.0338101	6999.8782813	-3.1999066	-8.4000000	0.0000048	0.3133318	0.1372274	0.0000000	0.0000000
7000.6209600	7000.0338101	6999.8782813	-3.4000467	-8.4000000	0.0000018	0.3155225	0.1438867	0.0000000	0.0000000
7000.6209600	7000.0338101	6999.8782813	-3.5998532	-8.4000000	0.0000104	0.3154058	0.1377523	0.0000000	0.0000000
7000.6209600	7000.0338101	6999.8782813	-3.7999933	-8.4000000	0.0000095	0.3153022	0.1386449	0.0000000	0.0000000
7000.6209600	7000.0338101	6999.8782813	-4.0001334	-8.4000000	0.0000032	0.3163271	0.1385015	0.0000000	0.0000000
7000.6209600	7000.0338101	6999.8782813	-4.1999400	-8.4000000	0.0000024	0.3177745	0.1358083	0.0000000	0.0000000
7000.6209600	7000.0338101	6999.8782813	-4.4000801	-8.4000000	0.0000038	0.3168470	0.1391512	0.0000000	0.0000000
7000.6209600	7000.0338101	6999.8782813	-4.5998866	-8.4000000	0.0000024	0.3157061	0.1388700	0.0000000	0.0000000
7000.6209600	7000.0338101	6999.8782813	-4.8000267	-8.4000000	0.0000072	0.3179032	0.1387831	0.0000000	0.0000000
7000.6209600	7000.0338101	6999.8782813	-4.9998332	-8.4000000	0.0000093	0.3168479	0.1445081	0.0000000	0.0000000
7000.6209600	7000.0338101	6999.8782813	-5.1999733	-8.4000000	0.0000039	0.3154453	0.1407491	0.0000000	0.0000000
7000.6209600	7000.0338101	6999.8782813	-5.4001134	-8.4000000	0.0000063	0.3153682	0.1447305	0.0000000	0.0000000
7000.6209600	7000.0338101	6999.8782813	-5.5999199	-8.4000000	0.0000085	0.3117128	0.1438903	0.0000000	0.0000000
7000.6209600	7000.0338101	6999.8782813	-5.8000600	-8.4000000	0.0000039	0.3136810	0.1442936	0.0000000	0.0000000
7000.6209600	7000.0338101	6999.8782813	-5.9998666	-8.4000000	0.0000082	0.3137778	0.1428333	0.0000000	0.0000000
7000.6209600	7000.0338101	6999.8782813	-6.2000067	-8.4000000	0.0000068	0.3140643	0.1407607	0.0000000	0.0000000
7000.6209600	7000.0338101	6999.8782813	-6.4001468	-8.4000000	0.0000031	0.3164868	0.1394265	0.0000000	0.0000000
7000.6209600	7000.0338101	6999.8782813	-6.5999533	-8.4000000	0.0000095	0.3135946	0.1425463	0.0000000	0.0000000
7000.6209600	7000.0338101	6999.8782813	-6.8000934	-8.4000000	0.0000223	0.3160435	0.1395952	0.0000000	0.0000000
7000.6209600	7000.0338101	6999.8782813	-6.9998999	-8.4000000	0.0006835	0.3155757	0.1433094	0.0000000	0.0000000
7000.6209600	7000.0338101	6999.8782813	-7.2000400	-8.4000000	0.0075140	0.3170677	0.1435444	0.0000000	0.0000000
7000.6209600	7000.0338101	6999.8782813	-7.3998466	-8.4000000	0.0294147	0.3135006	0.1458463	0.0000000	0.0000000
7000.6209600	7000.0338101	6999.8782813	-7.5999867	-8.4000000	0.0399617	0.3162246	0.1321289	0.0000000	0.0000000
7000.6209600	7000.0338101	6999.8782813	-7.8001268	-8.4000000	0.0818738	0.3180883	0.1416809	0.0000000	0.0000000
7000.6209600	7000.0338101	6999.8782813	-7.9999333	-8.4000000	0.1202834	0.3130654	0.1336682	0.0000000	0.0000000
7000.6209600	7000.0338101	6999.8782813	-8.2000734	-8.4000000	0.1677028	0.3164176	0.1383873	0.0000000	0.0000000
7000.6209600	7000.0338101	6999.8782813	-8.3998799	-8.4000000	0.1447426	0.3145635	0.1271721	0.0000000	0.0000000
7000.6209600	7000.0338101	6999.8782813	-8.6000200	-8.4000000	0.1849647	0.3111877	0.1417523	0.0000000	0.0000000
7000.6209600	7000.0338101	6999.8782813	-8.8001601	-8.4000000	0.1398870	0.3156835	0.1383809	0.0000000	0.0000000
7000.6209600	7000.0338101	6999.8782813	-8.9999666	-8.4000000	0.0937434	0.3165448	0.1350599	0.0000000	0.0000000
7000.6209600	7000.0338101	6999.8782813	-9.2001067	-8.4000000	0.0658979	0.3159478	0.1403413	0.0000000	0.0000000
7000.6209600	7000.0338101	6999.8782813	-9.3999133	-8.4000000	0.0432019	0.3119177	0.1443754	0.0000000	0.0000000
7000.6209600	7000.0338101	6999.8782813	-9.6000534	-8.4000000	0.0155721	0.3129086	0.1418389	0.0000000	0.0000000
7000.6209600	7000.0338101	6999.8782813	-9.7998599	-8.4000000	0.0025330	0.3131832	0.1433901	0.0000000	0.0000000
7000.6209600	7000.0338101	6999.8782813	-10.0000000	-8.4000000	0.0002462	0.3141427	0.1447296	0.0000000	0.0000000
