7000.6209600	7000.0338101	6999.8782813	3.0001001	-1.3999800	0.0000378	0.3229904	0.1313455	0.0000000	-1.4000000
7000.6209600	7000.0338101	6999.8782813	2.7999600	-1.4000000	0.0000480	0.3232599	0.1355920	0.0000000	0.0000000
7000.6209600	7000.0338101	6999.8782813	2.6001534	-1.4000000	0.0000728	0.3270720	0.1379563	0.0000000	0.0000000
7000.6209600	7000.0338101	6999.8782813	2.4000133	-1.4000000	0.0000511	0.3246562	0.1339841	0.0000000	0.0000000
7000.6209600	7000.0338101	6999.8782813	2.1998732	-1.4000000	0.0000526	0.3263994	0.1316169	0.0000000	0.0000000
7000.6209600	7000.0338101	6999.8782813	2.0000667	-1.4000000	0.0000438	0.3282410	0.1330859	0.0000000	0.0000000
7000.6209600	7000.0338101	6999.8782813	1.7999266	-1.4000000	0.0000461	0.3242866	0.1303682	0.0000000	0.0000000
7000.6209600	7000.0338101	6999.8782813	1.6001201	-1.4000000	0.0000494	0.3245861	0.1335011	0.0000000	0.0000000
7000.6209600	7000.0338101	6999.8782813	1.3999800	-1.4000000	0.0000765	0.3263351	0.1322056	0.0000000	0.0000000
7000.6209600	7000.0338101	6999.8782813	1.1998399	-1.4000000	0.0000698	0.3266451	0.1307313	0.0000000	0.0000000
7000.6209600	7000.0338101	6999.8782813	1.0000334	-1.4000000	0.0000720	0.3246179	0.1322194	0.0000000	0.0000000
7000.6209600	7000.0338101	6999.8782813	0.7998933	-1.4000000	0.0000531	0.3243250	0.1298506	0.0000000	0.0000000
7000.6209600	7000.0338101	6999.8782813	0.6000867	-1.4000000	0.0001365	0.3285646	0.1334788	0.0000000	0.0000000
7000.6209600	7000.0338101	6999.8782813	0.3999466	-1.4000000	0.0003743	0.3276400	0.1380862	0.0000000	0.0000000
7000.6209600	7000.0338101	6999.8782813	0.2001401	-1.4000000	0.0017677	0.3279672	0.1305629	0.0000000	0.0000000
7000.6209600	7000.0338101	6999.8782813	0.0000000	-1.4000000	0.0098228	0.3272661	0.1294307	0.0000000	0.0000000
7000.6209600	7000.0338101	6999.8782813	-0.2001401	-1.4000000	0.0352594	0.3257163	0.1371268	0.0000000	0.0000000
7000.6209600	7000.0338101	6999.8782813	-0.3999466	-1.4000000	0.0638485	0.3269149	0.1375267	0.0000000	0.0000000
7000.6209600	7000.0338101	6999.8782813	-0.6000867	-1.4000000	0.1136304	0.3287322	0.1306676	0.0000000	0.0000000
7000.6209600	7000.0338101	6999.8782813	-0.7998933	-1.4000000	0.1712388	0.3250929	0.1304686	0.0000000	0.0000000
7000.6209600	7000.0338101	6999.8782813	-1.0000334	-1.4000000	0.2631693	0.3249050	0.1444412	0.0000000	0.0000000
7000.6209600	7000.0338101	6999.8782813	-1.1998399	-1.4000000	0.3094497	0.3258406	0.1396158	0.0000000	0.0000000
7000.6209600	7000.0338101	6999.8782813	-1.3999800	-1.4000000	0.3356067	0.3278479	0.1358231	0.0000000	0.0000000
7000.6209600	7000.0338101	6999.8782813	-1.6001201	-1.4000000	0.3671691	0.3281720	0.1354141	0.0000000	0.0000000
7000.6209600	7000.0338101	6999.8782813	-1.7999266	-1.4000000	0.2732758	0.3260853	0.1318608	0.0000000	0.0000000
7000.6209600	7000.0338101	6999.8782813	-2.0000667	-1.4000000	0.2077391	0.3262230	0.1320959	0.0000000	0.0000000
7000.6209600	7000.0338101	6999.8782813	-2.1998732	-1.4000000	0.1438065	0.3305344	0.1447028	0.0000000	0.0000000
7000.6209600	7000.0338101	6999.8782813	-2.4000133	-1.4000000	0.0784894	0.3285726	0.1309617	0.0000000	0.0000000
7000.6209600	7000.0338101	6999.8782813	-2.6001534	-1.4000000	0.0465819	0.3286908	0.1457284	0.0000000	0.0000000
7000.6209600	7000.0338101	6999.8782813	-2.7999600	-1.4000000	0.0113719	0.3305461	0.1311204	0.0000000	0.0000000
7000.6209600	7000.0338101	6999.8782813	-3.0001001	-1.4000000	0.0012520	0.3307893	0.1320165	0.0000000	0.0000000
7000.6209600	7000.0338101	6999.8782813	-3.1999066	-1.4000000	0.0000641	0.3306755	0.1305688	0.0000000	0.0000000
7000.6209600	7000.0338101	6999.8782813	-3.4000467	-1.4000000	0.0000276	0.3287344	0.1273055	0.0000000	0.0000000
7000.6209600	7000.0338101	6999.8782813	-3.5998532	-1.4000000	0.0000116	0.3293887	0.1336343	0.0000000	0.0000000
7000.6209600	7000.0338101	6999.8782813	-3.7999933	-1.4000000	0.0000133	0.3290574	0.1346599	0.0000000	0.0000000
7000.6209600	7000.0338101	6999.8782813	-4.0001334	-1.4000000	0.0000111	0.3313483	0.1278513	0.0000000	0.0000000
7000.6209600	7000.0338101	6999.8782813	-4.1999400	-1.4000000	0.0000100	0.3291252	0.1336323	0.0000000	0.0000000
7000.6209600	7000.0338101	6999.8782813	-4.4000801	-1.4000000	0.0000151	0.3283961	0.1290927	0.0000000	0.0000000
7000.6209600	7000.0338101	6999.8782813	-4.5998866	-1.4000000	0.0000131	0.3285284	0.1317318	0.0000000	0.0000000
7000.6209600	7000.0338101	6999.8782813	-4.8000267	-1.4000000	0.0000164	0.3266925	0.1488215	0.0000000	0.0000000
7000.6209600	7000.0338101	6999.8782813	-4.9998332	-1.4000000	0.0000208	0.3297667	0.1343843	0.0000000	0.0000000
7000.6209600	7000.0338101	6999.8782813	-5.1999733	-1.4000000	0.0000142	0.3306265	0.1371100	0.0000000	0.0000000
7000.6209600	7000.0338101	6999.8782813	-5.4001134	-1.4000000	0.0000082	0.3304998	0.1374713	0.0000000	0.0000000
7000.6209600	7000.0338101	6999.8782813	-5.5999199	-1.4000000	0.0000179	0.3315449	0.1320616	0.0000000	0.0000000
7000.6209600	7000.0338101	6999.8782813	-5.8000600	-1.4000000	0.0000205	0.3294381	0.1330792	0.0000000	0.0000000
7000.6209600	7000.0338101	6999.8782813	-5.9998666	-1.4000000	0.0000127	0.3293800	0.1324149	0.0000000	0.0000000
7000.6209600	7000.0338101	6999.8782813	-6.2000067	-1.4000000	0.0000161	0.3281685	0.1324833	0.0000000	0.0000000
7000.6209600	7000.0338101	6999.8782813	-6.4001468	-1.4000000	0.0000160	0.3301714	0.1345618	0.0000000	0.0000000
7000.6209600	7000.0338101	6999.8782813	-6.5999533	-1.4000000	0.0000138	0.3269930	0.1294990	0.0000000	0.0000000
7000.6209600	7000.0338101	6999.8782813	-6.8000934	-1.4000000	0.0000149	0.3281924	0.1324733	0.0000000	0.0000000
7000.6209600	7000.0338101	6999.8782813	-6.9998999	-1.4000000	0.0000144	0.3264838	0.1328987	0.0000000	0.0000000
7000.6209600	7000.0338101	6999.8782813	-7.2000400	-1.4000000	0.0000079	0.3314845	0.1372291	0.0000000	0.0000000
7000.6209600	7000.0338101	6999.8782813	-7.3998466	-1.4000000	0.0000133	0.3315581	0.1284194	0.0000000	0.0000000
7000.6209600	7000.0338101	6999.8782813	-7.5999867	-1.4000000	0.0000096	0.3277837	0.1360116	0.0000000	0.0000000
7000.6209600	7000.0338101	6999.8782813	-7.8001268	-1.4000000	0.0000128	0.3304369	0.1330686	0.0000000	0.0000000
7000.6209600	7000.0338101	6999.8782813	-7.9999333	-1.4000000	0.0000129	0.3279054	0.1309609	0.0000000	0.0000000
7000.6209600	7000.0338101	6999.8782813	-8.2000734	-1.4000000	0.0000123	0.3284095	0.1292657	0.0000000	0.0000000
7000.6209600	7000.0338101	6999.8782813	-8.3998799	-1.4000000	0.0000190	0.3310233	0.1304718	0.0000000	0.0000000
7000.6209600	7000.0338101	6999.8782813	-8.6000200	-1.4000000	0.0000153	0.3334119	0.1333839	0.0000000	0.0000000
7000.6209600	7000.0338101	6999.8782813	-8.8001601	-1.4000000	0.0000067	0.3282820	0.1287886	0.0000000	0.0000000
7000.6209600	7000.0338101	6999.8782813	-8.9999666	-1.4000000	0.0000067	0.3276506	0.1298461	0.0000000	0.0000000
7000.6209600	7000.0338101	6999.8782813	-9.2001067	-1.4000000	0.0000098	0.3316342	0.1308755	0.0000000	0.0000000
7000.6209600	7000.0338101	6999.8782813	-9.3999133	-1.4000000	0.0000126	0.3287256	0.1314966	0.0000000	0.0000000
7000.6209600	7000.0338101	6999.8782813	-9.6000534	-1.4000000	0.0000065	0.3266956	0.1306658	0.0000000	0.0000000
7000.6209600	7000.0338101	6999.8782813	-9.7998599	-1.4000000	0.0000104	0.3288710	0.1319048	0.0000000	0.0000000
7000.6209600	7000.0338101	6999.8782813	-10.0000000	-1.4000000	0.0000101	0.3273602	0.1341364	0.0000000	0.0000000
