7000.6209600	7000.0338101	6999.8782813	3.0001001	-6.5999533	0.0000096	0.3205745	0.1386205	0.0000000	-6.6000000
7000.6209600	7000.0338101	6999.8782813	2.7999600	-6.6000000	0.0000129	0.3209272	0.1419503	0.0000000	0.0000000
7000.6209600	7000.0338101	6999.8782813	2.6001534	-6.6000000	0.0000126	0.3190233	0.1378640	0.0000000	0.0000000
7000.6209600	7000.0338101	6999.8782813	2.4000133	-6.6000000	0.0000167	0.3187277	0.1431812	0.0000000	0.0000000
7000.6209600	7000.0338101	6999.8782813	2.1998732	-6.6000000	0.0000074	0.3187462	0.1426641	0.0000000	0.0000000
7000.6209600	7000.0338101	6999.8782813	2.0000667	-6.6000000	0.0000106	0.3185648	0.1482549	0.0000000	0.0000000
7000.6209600	7000.0338101	6999.8782813	1.7999266	-6.6000000	0.0000098	0.3170070	0.1456615	0.0000000	0.0000000
7000.6209600	7000.0338101	6999.8782813	1.6001201	-6.6000000	0.0000157	0.3190458	0.1426384	0.0000000	0.0000000
7000.6209600	7000.0338101	6999.8782813	1.3999800	-6.6000000	0.0000059	0.3186187	0.1395599	0.0000000	0.0000000
7000.6209600	7000.0338101	6999.8782813	1.1998399	-6.6000000	0.0000088	0.3174065	0.1425116	0.0000000	0.0000000
7000.6209600	7000.0338101	6999.8782813	1.0000334	-6.6000000	0.0000144	0.3160886	0.1405754	0.0000000	0.0000000
7000.6209600	7000.0338101	6999.8782813	0.7998933	-6.6000000	0.0000065	0.3204042	0.1418347	0.0000000	0.0000000
7000.6209600	7000.0338101	6999.8782813	0.6000867	-6.6000000	0.0000117	0.3206141	0.1401445	0.0000000	0.0000000
7000.6209600	7000.0338101	6999.8782813	0.3999466	-6.6000000	0.0000094	0.3193060	0.1303413	0.0000000	0.0000000
7000.6209600	7000.0338101	6999.8782813	0.2001401	-6.6000000	0.0000066	0.3179176	0.1287681	0.0000000	0.0000000
7000.6209600	7000.0338101	6999.8782813	0.0000000	-6.6000000	0.0000125	0.3176643	0.1342249	0.0000000	0.0000000
7000.6209600	7000.0338101	6999.8782813	-0.2001401	-6.6000000	0.0000054	0.3215055	0.1374420	0.0000000	0.0000000
7000.6209600	7000.0338101	6999.8782813	-0.3999466	-6.6000000	0.0000068	0.3174373	0.1383662	0.0000000	0.0000000
7000.6209600	7000.0338101	6999.8782813	-0.6000867	-6.6000000	0.0000093	0.3168308	0.1319768	0.0000000	0.0000000
7000.6209600	7000.0338101	6999.8782813	-0.7998933	-6.6000000	0.0000078	0.3249869	0.1327731	0.0000000	0.0000000
7000.6209600	7000.0338101	6999.8782813	-1.0000334	-6.6000000	0.0000166	0.3232891	0.1311914	0.0000000	0.0000000
7000.6209600	7000.0338101	6999.8782813	-1.1998399	-6.6000000	0.0000078	0.3187488	0.1445021	0.0000000	0.0000000
7000.6209600	7000.0338101	6999.8782813	-1.3999800	-6.6000000	0.0000149	0.3170303	0.1391569	0.0000000	0.0000000
7000.6209600	7000.0338101	6999.8782813	-1.6001201	-6.6000000	0.0000167	0.3207568	0.1419146	0.0000000	0.0000000
7000.6209600	7000.0338101	6999.8782813	-1.7999266	-6.6000000	0.0000094	0.3170431	0.1454493	0.0000000	0.0000000
7000.6209600	7000.0338101	6999.8782813	-2.0000667	-6.6000000	0.0000076	0.3193853	0.1465522	0.0000000	0.0000000
7000.6209600	7000.0338101	6999.8782813	-2.1998732	-6.6000000	0.0000110	0.3190717	0.1452560	0.0000000	0.0000000
7000.6209600	7000.0338101	6999.8782813	-2.4000133	-6.6000000	0.0000081	0.3195774	0.1387642	0.0000000	0.0000000
7000.6209600	7000.0338101	6999.8782813	-2.6001534	-6.6000000	0.0000039	0.3182260	0.1416143	0.0000000	0.0000000
7000.6209600	7000.0338101	6999.8782813	-2.7999600	-6.6000000	0.0000071	0.3185609	0.1358282	0.0000000	0.0000000
7000.6209600	7000.0338101	6999.8782813	-3.0001001	-6.6000000	0.0000103	0.3162046	0.1435164	0.0000000	0.0000000
7000.6209600	7000.0338101	6999.8782813	-3.1999066	-6.6000000	0.0000095	0.3164183	0.1466212	0.0000000	0.0000000
7000.6209600	7000.0338101	6999.8782813	-3.4000467	-6.6000000	0.0000100	0.3143359	0.1464708	0.0000000	0.0000000
7000.6209600	7000.0338101	6999.8782813	-3.5998532	-6.6000000	0.0000094	0.3163174	0.1411821	0.0000000	0.0000000
7000.6209600	7000.0338101	6999.8782813	-3.7999933	-6.6000000	0.0000057	0.3167709	0.1465352	0.0000000	0.0000000
7000.6209600	7000.0338101	6999.8782813	-4.0001334	-6.6000000	0.0000095	0.3149626	0.1477673	0.0000000	0.0000000
7000.6209600	7000.0338101	6999.8782813	-4.1999400	-6.6000000	0.0000056	0.3206072	0.1401023	0.0000000	0.0000000
7000.6209600	7000.0338101	6999.8782813	-4.4000801	-6.6000000	0.0000125	0.3177076	0.1395431	0.0000000	0.0000000
7000.6209600	7000.0338101	6999.8782813	-4.5998866	-6.6000000	0.0000071	0.3172762	0.1384536	0.0000000	0.0000000
7000.6209600	7000.0338101	6999.8782813	-4.8000267	-6.6000000	0.0000092	0.3181716	0.1336050	0.0000000	0.0000000
7000.6209600	7000.0338101	6999.8782813	-4.9998332	-6.6000000	0.0000359	0.3196292	0.1424186	0.0000000	0.0000000
7000.6209600	7000.0338101	6999.8782813	-5.1999733	-6.6000000	0.0013082	0.3134169	0.1468270	0.0000000	0.0000000
7000.6209600	7000.0338101	6999.8782813	-5.4001134	-6.6000000	0.0117598	0.3193196	0.1452603	0.0000000	0.0000000
7000.6209600	7000.0338101	6999.8782813	-5.5999199	-6.6000000	0.0325112	0.3170570	0.1438470	0.0000000	0.0000000
7000.6209600	7000.0338101	6999.8782813	-5.8000600	-6.6000000	0.0602162	0.3186431	0.1429825	0.0000000	0.0000000
7000.6209600	7000.0338101	6999.8782813	-5.9998666	-6.6000000	0.1047845	0.3160277	0.1442697	0.0000000	0.0000000
7000.6209600	7000.0338101	6999.8782813	-6.2000067	-6.6000000	0.1467771	0.3141077	0.1409323	0.0000000	0.0000000
7000.6209600	7000.0338101	6999.8782813	-6.4001468	-6.6000000	0.1957761	0.3157520	0.1438298	0.0000000	0.0000000
7000.6209600	7000.0338101	6999.8782813	-6.5999533	-6.6000000	0.2081310	0.3138402	0.1391036	0.0000000	0.0000000
7000.6209600	7000.0338101	6999.8782813	-6.8000934	-6.6000000	0.2231899	0.3251604	0.1411775	0.0000000	0.0000000
7000.6209600	7000.0338101	6999.8782813	-6.9998999	-6.6000000	0.1398645	0.3243774	0.1350441	0.0000000	0.0000000
7000.6209600	7000.0338101	6999.8782813	-7.2000400	-6.6000000	0.1114805	0.3180031	0.1351287	0.0000000	0.0000000
7000.6209600	7000.0338101	6999.8782813	-7.3998466	-6.6000000	0.0955219	0.3176584	0.1469604	0.0000000	0.0000000
7000.6209600	7000.0338101	6999.8782813	-7.5999867	-6.6000000	0.0543365	0.3174263	0.1450044	0.0000000	0.0000000
7000.6209600	7000.0338101	6999.8782813	-7.8001268	-6.6000000	0.0229192	0.3213517	0.1458843	0.0000000	0.0000000
7000.6209600	7000.0338101	6999.8782813	-7.9999333	-6.6000000	0.0024978	0.3195491	0.1289011	0.0000000	0.0000000
7000.6209600	7000.0338101	6999.8782813	-8.2000734	-6.6000000	0.0002959	0.3159919	0.1410798	0.0000000	0.0000000
7000.6209600	7000.0338101	6999.8782813	-8.3998799	-6.6000000	0.0000337	0.3169235	0.1447831	0.0000000	0.0000000
7000.6209600	7000.0338101	6999.8782813	-8.6000200	-6.6000000	0.0000143	0.3173838	0.1439757	0.0000000	0.0000000
7000.6209600	7000.0338101	6999.8782813	-8.8001601	-6.6000000	0.0000115	0.3187891	0.1441147	0.0000000	0.0000000
7000.6209600	7000.0338101	6999.8782813	-8.9999666	-6.6000000	0.0000081	0.3172078	0.1416720	0.0000000	0.0000000
7000.6209600	7000.0338101	6999.8782813	-9.2001067	-6.6000000	0.0000028	0.3142023	0.1401068	0.0000000	0.0000000
7000.6209600	7000.0338101	6999.8782813	-9.3999133	-6.6000000	0.0000088	0.3139193	0.1446550	0.0000000	0.0000000
7000.6209600	7000.0338101	6999.8782813	-9.6000534	-6.6000000	0.0000081	0.3174425	0.1451216	0.0000000	0.0000000
7000.6209600	7000.0338101	6999.8782813	-9.7998599	-6.6000000	0.0000081	0.3184507	0.1396630	0.0000000	0.0000000
7000.6209600	7000.0338101	6999.8782813	-10.0000000	-6.6000000	0.0000072	0.3168650	0.1389602	0.0000000	0.0000000
