7000.6209600	7000.0338101	6999.8782813	3.0001001	-7.8001268	0.0000048	0.3142789	0.1414132	0.0000000	-7.8000000
7000.6209600	7000.0338101	6999.8782813	2.7999600	-7.8000000	0.0000012	0.3187441	0.1331639	0.0000000	0.0000000
7000.6209600	7000.0338101	6999.8782813	2.6001534	-7.8000000	0.0000039	0.3164447	0.1422307	0.0000000	0.0000000
7000.6209600	7000.0338101	6999.8782813	2.4000133	-7.8000000	0.0000050	0.3165691	0.1332991	0.0000000	0.0000000
7000.6209600	7000.0338101	6999.8782813	2.1998732	-7.8000000	0.0000063	0.3201199	0.1380308	0.0000000	0.0000000
7000.6209600	7000.0338101	6999.8782813	2.0000667	-7.8000000	0.0000073	0.3172800	0.1384929	0.0000000	0.0000000
7000.6209600	7000.0338101	6999.8782813	1.7999266	-7.8000000	0.0000027	0.3171810	0.1348558	0.0000000	0.0000000
7000.6209600	7000.0338101	6999.8782813	1.6001201	-7.8000000	0.0000078	0.3160029	0.1410656	0.0000000	0.0000000
7000.6209600	7000.0338101	6999.8782813	1.3999800	-7.8000000	0.0000054	0.3162025	0.1355426	0.0000000	0.0000000
7000.6209600	7000.0338101	6999.8782813	1.1998399	-7.8000000	0.0000037	0.3166812	0.1361959	0.0000000	0.0000000
7000.6209600	7000.0338101	6999.8782813	1.0000334	-7.8000000	0.0000056	0.3142429	0.1444834	0.0000000	0.0000000
7000.6209600	7000.0338101	6999.8782813	0.7998933	-7.8000000	0.0000060	0.3136080	0.1444535	0.0000000	0.0000000
7000.6209600	7000.0338101	6999.8782813	0.6000867	-7.8000000	0.0000096	0.3095020	0.1483074	0.0000000	0.0000000
7000.6209600	7000.0338101	6999.8782813	0.3999466	-7.8000000	0.0000096	0.3097966	0.1411365	0.0000000	0.0000000
7000.6209600	7000.0338101	6999.8782813	0.2001401	-7.8000000	0.0000115	0.3094706	0.1447025	0.0000000	0.0000000
7000.6209600	7000.0338101	6999.8782813	0.0000000	-7.8000000	0.0000060	0.3136428	0.1399318	0.0000000	0.0000000
7000.6209600	7000.0338101	6999.8782813	-0.2001401	-7.8000000	0.0000084	0.3139596	0.1458651	0.0000000	0.0000000
7000.6209600	7000.0338101	6999.8782813	-0.3999466	-7.8000000	0.0000054	0.3147018	0.1421628	0.0000000	0.0000000
7000.6209600	7000.0338101	6999.8782813	-0.6000867	-7.8000000	0.0000044	0.3159506	0.1399893	0.0000000	0.0000000
7000.6209600	7000.0338101	6999.8782813	-0.7998933	-7.8000000	0.0000045	0.3173800	0.1393627	0.0000000	0.0000000
7000.6209600	7000.0338101	6999.8782813	-1.0000334	-7.8000000	0.0000085	0.3149120	0.1415239	0.0000000	0.0000000
7000.6209600	7000.0338101	6999.8782813	-1.1998399	-7.8000000	0.0000054	0.3143413	0.1403737	0.0000000	0.0000000
7000.6209600	7000.0338101	6999.8782813	-1.3999800	-7.8000000	0.0000090	0.3150660	0.1377255	0.0000000	0.0000000
7000.6209600	7000.0338101	6999.8782813	-1.6001201	-7.8000000	0.0000026	0.3180199	0.1397157	0.0000000	0.0000000
7000.6209600	7000.0338101	6999.8782813	-1.7999266	-7.8000000	0.0000072	0.3167965	0.1403175	0.0000000	0.0000000
7000.6209600	7000.0338101	6999.8782813	-2.0000667	-7.8000000	0.0000026	0.3142640	0.1386412	0.0000000	0.0000000
7000.6209600	7000.0338101	6999.8782813	-2.1998732	-7.8000000	0.0000055	0.3127598	0.1380330	0.0000000	0.0000000
7000.6209600	7000.0338101	6999.8782813	-2.4000133	-7.8000000	0.0000052	0.3143015	0.1415973	0.0000000	0.0000000
7000.6209600	7000.0338101	6999.8782813	-2.6001534	-7.8000000	0.0000066	0.3185774	0.1400875	0.0000000	0.0000000
7000.6209600	7000.0338101	6999.8782813	-2.7999600	-7.8000000	0.0000027	0.3140734	0.1382739	0.0000000	0.0000000
7000.6209600	7000.0338101	6999.8782813	-3.0001001	-7.8000000	0.0000088	0.3170537	0.1405558	0.0000000	0.0000000
7000.6209600	7000.0338101	6999.8782813	-3.1999066	-7.8000000	0.0000049	0.3177793	0.1375867	0.0000000	0.0000000
7000.6209600	7000.0338101	6999.8782813	-3.4000467	-7.8000000	0.0000165	0.3153121	0.1399629	0.0000000	0.0000000
7000.6209600	7000.0338101	6999.8782813	-3.5998532	-7.8000000	0.0000052	0.3189994	0.1322150	0.0000000	0.0000000
7000.6209600	7000.0338101	6999.8782813	-3.7999933	-7.8000000	0.0000084	0.3148469	0.1390359	0.0000000	0.0000000
7000.6209600	7000.0338101	6999.8782813	-4.0001334	-7.8000000	0.0000057	0.3135250	0.1421255	0.0000000	0.0000000
7000.6209600	7000.0338101	6999.8782813	-4.1999400	-7.8000000	0.0000043	0.3133054	0.1320743	0.0000000	0.0000000
7000.6209600	7000.0338101	6999.8782813	-4.4000801	-7.8000000	0.0000050	0.3160474	0.1416261	0.0000000	0.0000000
7000.6209600	7000.0338101	6999.8782813	-4.5998866	-7.8000000	0.0000093	0.3155178	0.1428708	0.0000000	0.0000000
7000.6209600	7000.0338101	6999.8782813	-4.8000267	-7.8000000	0.0000028	0.3106115	0.1328303	0.0000000	0.0000000
7000.6209600	7000.0338101	6999.8782813	-4.9998332	-7.8000000	0.0000037	0.3130691	0.1386667	0.0000000	0.0000000
7000.6209600	7000.0338101	6999.8782813	-5.1999733	-7.8000000	0.0000044	0.3137424	0.1414651	0.0000000	0.0000000
7000.6209600	7000.0338101	6999.8782813	-5.4001134	-7.8000000	0.0000059	0.3115927	0.1450947	0.0000000	0.0000000
7000.6209600	7000.0338101	6999.8782813	-5.5999199	-7.8000000	0.0000060	0.3131505	0.1384879	0.0000000	0.0000000
7000.6209600	7000.0338101	6999.8782813	-5.8000600	-7.8000000	0.0000060	0.3102546	0.1450485	0.0000000	0.0000000
7000.6209600	7000.0338101	6999.8782813	-5.9998666	-7.8000000	0.0000070	0.3101738	0.1464166	0.0000000	0.0000000
7000.6209600	7000.0338101	6999.8782813	-6.2000067	-7.8000000	0.0000297	0.3110151	0.1475814	0.0000000	0.0000000
7000.6209600	7000.0338101	6999.8782813	-6.4001468	-7.8000000	0.0009669	0.3152378	0.1426356	0.0000000	0.0000000
7000.6209600	7000.0338101	6999.8782813	-6.5999533	-7.8000000	0.0093354	0.3172340	0.1395570	0.0000000	0.0000000
7000.6209600	7000.0338101	6999.8782813	-6.8000934	-7.8000000	0.0221273	0.3156515	0.1300095	0.0000000	0.0000000
7000.6209600	7000.0338101	6999.8782813	-6.9998999	-7.8000000	0.0566906	0.3134323	0.1441195	0.0000000	0.0000000
7000.6209600	7000.0338101	6999.8782813	-7.2000400	-7.8000000	0.0751046	0.3136895	0.1365476	0.0000000	0.0000000
7000.6209600	7000.0338101	6999.8782813	-7.3998466	-7.8000000	0.1039075	0.3147039	0.1377865	0.0000000	0.0000000
7000.6209600	7000.0338101	6999.8782813	-7.5999867	-7.8000000	0.1538757	0.3138567	0.1414521	0.0000000	0.0000000
7000.6209600	7000.0338101	6999.8782813	-7.8001268	-7.8000000	0.2070996	0.3151538	0.1416075	0.0000000	0.0000000
7000.6209600	7000.0338101	6999.8782813	-7.9999333	-7.8000000	0.1901995	0.3152776	0.1385133	0.0000000	0.0000000
7000.6209600	7000.0338101	6999.8782813	-8.2000734	-7.8000000	0.1516080	0.3149407	0.1390619	0.0000000	0.0000000
7000.6209600	7000.0338101	6999.8782813	-8.3998799	-7.8000000	0.1196458	0.3158595	0.1420649	0.0000000	0.0000000
7000.6209600	7000.0338101	6999.8782813	-8.6000200	-7.8000000	0.0842782	0.3162462	0.1441550	0.0000000	0.0000000
7000.6209600	7000.0338101	6999.8782813	-8.8001601	-7.8000000	0.0421536	0.3142345	0.1425326	0.0000000	0.0000000
7000.6209600	7000.0338101	6999.8782813	-8.9999666	-7.8000000	0.0177153	0.3135100	0.1444232	0.0000000	0.0000000
7000.6209600	7000.0338101	6999.8782813	-9.2001067	-7.8000000	0.0036078	0.3135944	0.1446440	0.0000000	0.0000000
7000.6209600	7000.0338101	6999.8782813	-9.3999133	-7.8000000	0.0002314	0.3141476	0.1458041	0.0000000	0.0000000
7000.6209600	7000.0338101	6999.8782813	-9.6000534	-7.8000000	0.0000167	0.3124072	0.1476185	0.0000000	0.0000000
7000.6209600	7000.0338101	6999.8782813	-9.7998599	-7.8000000	0.0000068	0.3113271	0.1461290	0.0000000	0.0000000
7000.6209600	7000.0338101	6999.8782813	-10.0000000	-7.8000000	0.0000048	0.3142966	0.1465516	0.0000000	0.0000000
