7000.6209600	7000.0338101	6999.8782813	3.0001001	-5.8000600	0.0000150	0.3209916	0.1394634	0.0000000	-5.8000000
7000.6209600	7000.0338101	6999.8782813	2.7999600	-5.8000000	0.0000151	0.3194816	0.1453929	0.0000000	0.0000000
7000.6209600	7000.0338101	6999.8782813	2.6001534	-5.8000000	0.0000123	0.3204928	0.1400105	0.0000000	0.0000000
7000.6209600	7000.0338101	6999.8782813	2.4000133	-5.8000000	0.0000048	0.3204824	0.1391185	0.0000000	0.0000000
7000.6209600	7000.0338101	6999.8782813	2.1998732	-5.8000000	0.0000166	0.3215825	0.1377621	0.0000000	0.0000000
7000.6209600	7000.0338101	6999.8782813	2.0000667	-5.8000000	0.0000114	0.3201740	0.1316270	0.0000000	0.0000000
7000.6209600	7000.0338101	6999.8782813	1.7999266	-5.8000000	0.0000111	0.3169026	0.1262416	0.0000000	0.0000000
7000.6209600	7000.0338101	6999.8782813	1.6001201	-5.8000000	0.0000082	0.3207767	0.1399171	0.0000000	0.0000000
7000.6209600	7000.0338101	6999.8782813	1.3999800	-5.8000000	0.0000138	0.3200608	0.1395753	0.0000000	0.0000000
7000.6209600	7000.0338101	6999.8782813	1.1998399	-5.8000000	0.0000106	0.3170590	0.1345178	0.0000000	0.0000000
7000.6209600	7000.0338101	6999.8782813	1.0000334	-5.8000000	0.0000118	0.3213362	0.1336271	0.0000000	0.0000000
7000.6209600	7000.0338101	6999.8782813	0.7998933	-5.8000000	0.0000170	0.3218435	0.1463865	0.0000000	0.0000000
7000.6209600	7000.0338101	6999.8782813	0.6000867	-5.8000000	0.0000123	0.3225875	0.1421399	0.0000000	0.0000000
7000.6209600	7000.0338101	6999.8782813	0.3999466	-5.8000000	0.0000126	0.3235841	0.1384165	0.0000000	0.0000000
7000.6209600	7000.0338101	6999.8782813	0.2001401	-5.8000000	0.0000143	0.3201042	0.1345656	0.0000000	0.0000000
7000.6209600	7000.0338101	6999.8782813	0.0000000	-5.8000000	0.0000139	0.3197935	0.1450787	0.0000000	0.0000000
7000.6209600	7000.0338101	6999.8782813	-0.2001401	-5.8000000	0.0000137	0.3235653	0.1438437	0.0000000	0.0000000
7000.6209600	7000.0338101	6999.8782813	-0.3999466	-5.8000000	0.0000168	0.3219238	0.1321613	0.0000000	0.0000000
7000.6209600	7000.0338101	6999.8782813	-0.6000867	-5.8000000	0.0000068	0.3218334	0.1369237	0.0000000	0.0000000
7000.6209600	7000.0338101	6999.8782813	-0.7998933	-5.8000000	0.0000071	0.3215215	0.1385101	0.0000000	0.0000000
7000.6209600	7000.0338101	6999.8782813	-1.0000334	-5.8000000	0.0000096	0.3235853	0.1394425	0.0000000	0.0000000
7000.6209600	7000.0338101	6999.8782813	-1.1998399	-5.8000000	0.0000106	0.3195175	0.1352097	0.0000000	0.0000000
7000.6209600	7000.0338101	6999.8782813	-1.3999800	-5.8000000	0.0000098	0.3208036	0.1354431	0.0000000	0.0000000
7000.6209600	7000.0338101	6999.8782813	-1.6001201	-5.8000000	0.0000095	0.3206201	0.1334716	0.0000000	0.0000000
7000.6209600	7000.0338101	6999.8782813	-1.7999266	-5.8000000	0.0000101	0.3206008	0.1451096	0.0000000	0.0000000
7000.6209600	7000.0338101	6999.8782813	-2.0000667	-5.8000000	0.0000131	0.3260809	0.1405490	0.0000000	0.0000000
7000.6209600	7000.0338101	6999.8782813	-2.1998732	-5.8000000	0.0000117	0.3199781	0.1411959	0.0000000	0.0000000
7000.6209600	7000.0338101	6999.8782813	-2.4000133	-5.8000000	0.0000114	0.3213252	0.1421321	0.0000000	0.0000000
7000.6209600	7000.0338101	6999.8782813	-2.6001534	-5.8000000	0.0000135	0.3186527	0.1461984	0.0000000	0.0000000
7000.6209600	7000.0338101	6999.8782813	-2.7999600	-5.8000000	0.0000171	0.3191135	0.1442769	0.0000000	0.0000000
7000.6209600	7000.0338101	6999.8782813	-3.0001001	-5.8000000	0.0000181	0.3233727	0.1432461	0.0000000	0.0000000
7000.6209600	7000.0338101	6999.8782813	-3.1999066	-5.8000000	0.0000109	0.3244365	0.1373372	0.0000000	0.0000000
7000.6209600	7000.0338101	6999.8782813	-3.4000467	-5.8000000	0.0000117	0.3252856	0.1348284	0.0000000	0.0000000
7000.6209600	7000.0338101	6999.8782813	-3.5998532	-5.8000000	0.0000074	0.3202673	0.1219794	0.0000000	0.0000000
7000.6209600	7000.0338101	6999.8782813	-3.7999933	-5.8000000	0.0000101	0.3223735	0.1312603	0.0000000	0.0000000
7000.6209600	7000.0338101	6999.8782813	-4.0001334	-5.8000000	0.0000104	0.3206586	0.1456356	0.0000000	0.0000000
7000.6209600	7000.0338101	6999.8782813	-4.1999400	-5.8000000	0.0000603	0.3242369	0.1400562	0.0000000	0.0000000
7000.6209600	7000.0338101	6999.8782813	-4.4000801	-5.8000000	0.0030018	0.3211356	0.1440807	0.0000000	0.0000000
7000.6209600	7000.0338101	6999.8782813	-4.5998866	-5.8000000	0.0173094	0.3236417	0.1381351	0.0000000	0.0000000
7000.6209600	7000.0338101	6999.8782813	-4.8000267	-5.8000000	0.0344874	0.3214352	0.1390554	0.0000000	0.0000000
7000.6209600	7000.0338101	6999.8782813	-4.9998332	-5.8000000	0.0736382	0.3205305	0.1379274	0.0000000	0.0000000
7000.6209600	7000.0338101	6999.8782813	-5.1999733	-5.8000000	0.0989589	0.3220438	0.1335869	0.0000000	0.0000000
7000.6209600	7000.0338101	6999.8782813	-5.4001134	-5.8000000	0.1636177	0.3210834	0.1424065	0.0000000	0.0000000
7000.6209600	7000.0338101	6999.8782813	-5.5999199	-5.8000000	0.2312971	0.3204865	0.1430922	0.0000000	0.0000000
7000.6209600	7000.0338101	6999.8782813	-5.8000600	-5.8000000	0.2375327	0.3241327	0.1419875	0.0000000	0.0000000
7000.6209600	7000.0338101	6999.8782813	-5.9998666	-5.8000000	0.2704370	0.3244774	0.1422739	0.0000000	0.0000000
7000.6209600	7000.0338101	6999.8782813	-6.2000067	-5.8000000	0.1976530	0.3228573	0.1374487	0.0000000	0.0000000
7000.6209600	7000.0338101	6999.8782813	-6.4001468	-5.8000000	0.1269193	0.3214844	0.1316896	0.0000000	0.0000000
7000.6209600	7000.0338101	6999.8782813	-6.5999533	-5.8000000	0.0866136	0.3244948	0.1375823	0.0000000	0.0000000
7000.6209600	7000.0338101	6999.8782813	-6.8000934	-5.8000000	0.0456624	0.3227842	0.1247595	0.0000000	0.0000000
7000.6209600	7000.0338101	6999.8782813	-6.9998999	-5.8000000	0.0248668	0.3194178	0.1358027	0.0000000	0.0000000
7000.6209600	7000.0338101	6999.8782813	-7.2000400	-5.8000000	0.0064668	0.3199507	0.1438307	0.0000000	0.0000000
7000.6209600	7000.0338101	6999.8782813	-7.3998466	-5.8000000	0.0004506	0.3176187	0.1395873	0.0000000	0.0000000
7000.6209600	7000.0338101	6999.8782813	-7.5999867	-5.8000000	0.0000284	0.3214073	0.1434210	0.0000000	0.0000000
7000.6209600	7000.0338101	6999.8782813	-7.8001268	-5.8000000	0.0000264	0.3185358	0.1464634	0.0000000	0.0000000
7000.6209600	7000.0338101	6999.8782813	-7.9999333	-5.8000000	0.0000084	0.3197402	0.1352080	0.0000000	0.0000000
7000.6209600	7000.0338101	6999.8782813	-8.2000734	-5.8000000	0.0000101	0.3230574	0.1333767	0.0000000	0.0000000
7000.6209600	7000.0338101	6999.8782813	-8.3998799	-5.8000000	0.0000139	0.3240000	0.1377959	0.0000000	0.0000000
7000.6209600	7000.0338101	6999.8782813	-8.6000200	-5.8000000	0.0000107	0.3194999	0.1406884	0.0000000	0.0000000
7000.6209600	7000.0338101	6999.8782813	-8.8001601	-5.8000000	0.0000104	0.3187167	0.1357625	0.0000000	0.0000000
7000.6209600	7000.0338101	6999.8782813	-8.9999666	-5.8000000	0.0000145	0.3223612	0.1447025	0.0000000	0.0000000
7000.6209600	7000.0338101	6999.8782813	-9.2001067	-5.8000000	0.0000057	0.3217953	0.1415920	0.0000000	0.0000000
7000.6209600	7000.0338101	6999.8782813	-9.3999133	-5.8000000	0.0000127	0.3203864	0.1417977	0.0000000	0.0000000
7000.6209600	7000.0338101	6999.8782813	-9.6000534	-5.8000000	0.0000101	0.3232365	0.1357388	0.0000000	0.0000000
7000.6209600	7000.0338101	6999.8782813	-9.7998599	-5.8000000	0.0000104	0.3204103	0.1430939	0.0000000	0.0000000
7000.6209600	7000.0338101	6999.8782813	-10.0000000	-5.8000000	0.0000103	0.3202523	0.1310629	0.0000000	0.0000000
