7000.6209600	7000.0338101	6999.8782813	3.0001001	-4.1999400	0.0000138	0.3240446	0.1410178	0.0000000	-4.2000000
7000.6209600	7000.0338101	6999.8782813	2.7999600	-4.2000000	0.0000111	0.3261674	0.1313107	0.0000000	0.0000000
7000.6209600	7000.0338101	6999.8782813	2.6001534	-4.2000000	0.0000144	0.3248917	0.1340214	0.0000000	0.0000000
7000.6209600	7000.0338101	6999.8782813	2.4000133	-4.2000000	0.0000084	0.3269595	0.1361741	0.0000000	0.0000000
7000.6209600	7000.0338101	6999.8782813	2.1998732	-4.2000000	0.0000139	0.3205608	0.1366915	0.0000000	0.0000000
7000.6209600	7000.0338101	6999.8782813	2.0000667	-4.2000000	0.0000146	0.3230730	0.1385825	0.0000000	0.0000000
7000.6209600	7000.0338101	6999.8782813	1.7999266	-4.2000000	0.0000121	0.3223311	0.1461738	0.0000000	0.0000000
7000.6209600	7000.0338101	6999.8782813	1.6001201	-4.2000000	0.0000165	0.3239727	0.1396772	0.0000000	0.0000000
7000.6209600	7000.0338101	6999.8782813	1.3999800	-4.2000000	0.0000203	0.3229922	0.1456472	0.0000000	0.0000000
7000.6209600	7000.0338101	6999.8782813	1.1998399	-4.2000000	0.0000165	0.3240465	0.1439081	0.0000000	0.0000000
7000.6209600	7000.0338101	6999.8782813	1.0000334	-4.2000000	0.0000182	0.3250894	0.1407915	0.0000000	0.0000000
7000.6209600	7000.0338101	6999.8782813	0.7998933	-4.2000000	0.0000167	0.3221846	0.1358806	0.0000000	0.0000000
7000.6209600	7000.0338101	6999.8782813	0.6000867	-4.2000000	0.0000172	0.3222178	0.1340225	0.0000000	0.0000000
7000.6209600	7000.0338101	6999.8782813	0.3999466	-4.2000000	0.0000204	0.3233433	0.1469298	0.0000000	0.0000000
7000.6209600	7000.0338101	6999.8782813	0.2001401	-4.2000000	0.0000217	0.3226561	0.1496489	0.0000000	0.0000000
7000.6209600	7000.0338101	6999.8782813	0.0000000	-4.2000000	0.0000254	0.3238105	0.1445873	0.0000000	0.0000000
7000.6209600	7000.0338101	6999.8782813	-0.2001401	-4.2000000	0.0000157	0.3226215	0.1383607	0.0000000	0.0000000
7000.6209600	7000.0338101	6999.8782813	-0.3999466	-4.2000000	0.0000156	0.3259818	0.1398059	0.0000000	0.0000000
7000.6209600	7000.0338101	6999.8782813	-0.6000867	-4.2000000	0.0000090	0.3202343	0.1352421	0.0000000	0.0000000
7000.6209600	7000.0338101	6999.8782813	-0.7998933	-4.2000000	0.0000146	0.3232875	0.1345856	0.0000000	0.0000000
7000.6209600	7000.0338101	6999.8782813	-1.0000334	-4.2000000	0.0000111	0.3210602	0.1370480	0.0000000	0.0000000
7000.6209600	7000.0338101	6999.8782813	-1.1998399	-4.2000000	0.0000122	0.3195367	0.1349622	0.0000000	0.0000000
7000.6209600	7000.0338101	6999.8782813	-1.3999800	-4.2000000	0.0000131	0.3188658	0.1429100	0.0000000	0.0000000
7000.6209600	7000.0338101	6999.8782813	-1.6001201	-4.2000000	0.0000188	0.3236848	0.1427083	0.0000000	0.0000000
7000.6209600	7000.0338101	6999.8782813	-1.7999266	-4.2000000	0.0000150	0.3207457	0.1377485	0.0000000	0.0000000
7000.6209600	7000.0338101	6999.8782813	-2.0000667	-4.2000000	0.0000145	0.3183926	0.1320441	0.0000000	0.0000000
7000.6209600	7000.0338101	6999.8782813	-2.1998732	-4.2000000	0.0000203	0.3196501	0.1407439	0.0000000	0.0000000
7000.6209600	7000.0338101	6999.8782813	-2.4000133	-4.2000000	0.0000085	0.3241241	0.1335482	0.0000000	0.0000000
7000.6209600	7000.0338101	6999.8782813	-2.6001534	-4.2000000	0.0000939	0.3256235	0.1377379	0.0000000	0.0000000
7000.6209600	7000.0338101	6999.8782813	-2.7999600	-4.2000000	0.0007839	0.3235480	0.1247473	0.0000000	0.0000000
7000.6209600	7000.0338101	6999.8782813	-3.0001001	-4.2000000	0.0166003	0.3260178	0.1368367	0.0000000	0.0000000
7000.6209600	7000.0338101	6999.8782813	-3.1999066	-4.2000000	0.0520341	0.3251416	0.1428370	0.0000000	0.0000000
7000.6209600	7000.0338101	6999.8782813	-3.4000467	-4.2000000	0.0663696	0.3257843	0.1307830	0.0000000	0.0000000
7000.6209600	7000.0338101	6999.8782813	-3.5998532	-4.2000000	0.1235831	0.3289241	0.1426396	0.0000000	0.0000000
7000.6209600	7000.0338101	6999.8782813	-3.7999933	-4.2000000	0.1940782	0.3264775	0.1413009	0.0000000	0.0000000
7000.6209600	7000.0338101	6999.8782813	-4.0001334	-4.2000000	0.2513213	0.3276375	0.1417255	0.0000000	0.0000000
7000.6209600	7000.0338101	6999.8782813	-4.1999400	-4.2000000	0.2806964	0.3233430	0.1384038	0.0000000	0.0000000
7000.6209600	7000.0338101	6999.8782813	-4.4000801	-4.2000000	0.2729869	0.3197460	0.1330939	0.0000000	0.0000000
7000.6209600	7000.0338101	6999.8782813	-4.5998866	-4.2000000	0.2246063	0.3224543	0.1361487	0.0000000	0.0000000
7000.6209600	7000.0338101	6999.8782813	-4.8000267	-4.2000000	0.1868655	0.3260525	0.1447850	0.0000000	0.0000000
7000.6209600	7000.0338101	6999.8782813	-4.9998332	-4.2000000	0.1281741	0.3193129	0.1373029	0.0000000	0.0000000
7000.6209600	7000.0338101	6999.8782813	-5.1999733	-4.2000000	0.0728918	0.3237588	0.1423025	0.0000000	0.0000000
7000.6209600	7000.0338101	6999.8782813	-5.4001134	-4.2000000	0.0274431	0.3212946	0.1268230	0.0000000	0.0000000
7000.6209600	7000.0338101	6999.8782813	-5.5999199	-4.2000000	0.0138536	0.3256082	0.1473690	0.0000000	0.0000000
7000.6209600	7000.0338101	6999.8782813	-5.8000600	-4.2000000	0.0006676	0.3244139	0.1411389	0.0000000	0.0000000
7000.6209600	7000.0338101	6999.8782813	-5.9998666	-4.2000000	0.0000436	0.3260466	0.1373192	0.0000000	0.0000000
7000.6209600	7000.0338101	6999.8782813	-6.2000067	-4.2000000	0.0000157	0.3261394	0.1370199	0.0000000	0.0000000
7000.6209600	7000.0338101	6999.8782813	-6.4001468	-4.2000000	0.0000094	0.3249366	0.1364951	0.0000000	0.0000000
7000.6209600	7000.0338101	6999.8782813	-6.5999533	-4.2000000	0.0000094	0.3217898	0.1335730	0.0000000	0.0000000
7000.6209600	7000.0338101	6999.8782813	-6.8000934	-4.2000000	0.0000109	0.3236013	0.1387446	0.0000000	0.0000000
7000.6209600	7000.0338101	6999.8782813	-6.9998999	-4.2000000	0.0000120	0.3249646	0.1432848	0.0000000	0.0000000
7000.6209600	7000.0338101	6999.8782813	-7.2000400	-4.2000000	0.0000144	0.3228983	0.1410787	0.0000000	0.0000000
7000.6209600	7000.0338101	6999.8782813	-7.3998466	-4.2000000	0.0000142	0.3250165	0.1482841	0.0000000	0.0000000
7000.6209600	7000.0338101	6999.8782813	-7.5999867	-4.2000000	0.0000126	0.3231305	0.1373285	0.0000000	0.0000000
7000.6209600	7000.0338101	6999.8782813	-7.8001268	-4.2000000	0.0000110	0.3252300	0.1420571	0.0000000	0.0000000
7000.6209600	7000.0338101	6999.8782813	-7.9999333	-4.2000000	0.0000105	0.3230308	0.1364601	0.0000000	0.0000000
7000.6209600	7000.0338101	6999.8782813	-8.2000734	-4.2000000	0.0000101	0.3195464	0.1431193	0.0000000	0.0000000
7000.6209600	7000.0338101	6999.8782813	-8.3998799	-4.2000000	0.0000118	0.3229683	0.1447571	0.0000000	0.0000000
7000.6209600	7000.0338101	6999.8782813	-8.6000200	-4.2000000	0.0000126	0.3258619	0.1408588	0.0000000	0.0000000
7000.6209600	7000.0338101	6999.8782813	-8.8001601	-4.2000000	0.0000105	0.3232413	0.1314329	0.0000000	0.0000000
7000.6209600	7000.0338101	6999.8782813	-8.9999666	-4.2000000	0.0000195	0.3285254	0.1377751	0.0000000	0.0000000
7000.6209600	7000.0338101	6999.8782813	-9.2001067	-4.2000000	0.0000098	0.3253171	0.1443513	0.0000000	0.0000000
7000.6209600	7000.0338101	6999.8782813	-9.3999133	-4.2000000	0.0000131	0.3219740	0.1363290	0.0000000	0.0000000
7000.6209600	7000.0338101	6999.8782813	-9.6000534	-4.2000000	0.0000216	0.3216230	0.1489911	0.0000000	0.0000000
7000.6209600	7000.0338101	6999.8782813	-9.7998599	-4.2000000	0.0000072	0.3237308	0.1469243	0.0000000	0.0000000
7000.6209600	7000.0338101	6999.8782813	-10.0000000	-4.2000000	0.0000175	0.3270752	0.1462781	0.0000000	0.0000000
