1.000000	1290.156109	1.000000	1265.662574	1.000000	1290.109600	50.103264	0.000000	50.013440	0.000000	0.302921	-0.000023	-0.000031	-0.000210	NaN	NaN	NaN	NaN	NaN
2.000000	1290.156109	1.000000	1281.886938	1.000000	1290.109600	50.083200	0.000000	50.022702	0.000000	0.331457	-0.000023	-0.000032	-0.000199	NaN	NaN	NaN	NaN	NaN
3.000000	1290.156109	1.000000	1298.532658	1.000000	1290.109600	50.103244	0.000000	50.129358	0.000000	0.321406	-0.000020	-0.000029	-0.000207	NaN	NaN	NaN	NaN	NaN
4.000000	1290.156109	1.000000	1315.616366	1.000000	1290.109600	50.047176	0.000000	50.084654	0.000000	0.316777	-0.000021	-0.000031	-0.000218	NaN	NaN	NaN	NaN	NaN
5.000000	1290.156109	1.000000	1333.155579	1.000000	1290.109600	50.070994	0.000000	50.025806	0.000000	0.258676	-0.000024	-0.000034	-0.000208	NaN	NaN	NaN	NaN	NaN
6.000000	1290.156109	1.000000	1351.168761	1.000000	1290.109600	50.096937	0.000000	50.098956	0.000000	0.255103	-0.000022	-0.000031	-0.000183	NaN	NaN	NaN	NaN	NaN
7.000000	1290.156109	1.000000	1369.675387	1.000000	1290.109600	50.053973	0.000000	50.084660	0.000000	0.206915	-0.000024	-0.000031	-0.000213	NaN	NaN	NaN	NaN	NaN
8.000000	1290.156109	1.000000	1388.696014	1.000000	1290.109600	50.091508	0.000000	50.138406	0.000000	0.170366	-0.000024	-0.000029	-0.000220	NaN	NaN	NaN	NaN	NaN
9.000000	1290.156109	1.000000	1408.252359	1.000000	1290.109600	50.077224	0.000000	50.015675	0.000000	0.131986	-0.000024	-0.000031	-0.000210	NaN	NaN	NaN	NaN	NaN
10.000000	1290.156109	1.000000	1428.367376	1.000000	1290.109600	50.072619	0.000000	49.989001	0.000000	0.117594	-0.000027	-0.000035	-0.000217	NaN	NaN	NaN	NaN	NaN
11.000000	1290.156109	1.000000	1449.065353	1.000000	1290.109600	50.060508	0.000000	50.027042	0.000000	0.116002	-0.000024	-0.000031	-0.000204	NaN	NaN	NaN	NaN	NaN
12.000000	1290.156109	1.000000	1470.372004	1.000000	1290.109600	50.038573	0.000000	50.047738	0.000000	0.106738	-0.000026	-0.000036	-0.000211	NaN	NaN	NaN	NaN	NaN
13.000000	1290.156109	1.000000	1492.314580	1.000000	1290.109600	50.022033	0.000000	50.058094	0.000000	0.087223	-0.000025	-0.000031	-0.000220	NaN	NaN	NaN	NaN	NaN
14.000000	1290.156109	1.000000	1514.921982	1.000000	1290.109600	50.105969	0.000000	50.069423	0.000000	0.077880	-0.000027	-0.000032	-0.000210	NaN	NaN	NaN	NaN	NaN
15.000000	1290.156109	1.000000	1538.224888	1.000000	1290.109600	50.068183	0.000000	50.040574	0.000000	0.063794	-0.000025	-0.000030	-0.000218	NaN	NaN	NaN	NaN	NaN
16.000000	1290.156109	1.000000	1562.255898	1.000000	1290.109600	50.081650	0.000000	50.000773	0.000000	0.047570	-0.000027	-0.000031	-0.000206	NaN	NaN	NaN	NaN	NaN
17.000000	1290.156109	1.000000	1587.049675	1.000000	1290.109600	50.036863	0.000000	50.038514	0.000000	0.027184	-0.000028	-0.000030	-0.000203	NaN	NaN	NaN	NaN	NaN
18.000000	1307.018690	1.000000	1265.662574	1.000000	1306.981300	50.082832	0.000000	50.059720	0.000000	0.305755	-0.000021	-0.000030	-0.000239	NaN	NaN	NaN	NaN	NaN
19.000000	1307.018690	1.000000	1281.886938	1.000000	1306.981300	50.062767	0.000000	50.068982	0.000000	0.328679	-0.000020	-0.000030	-0.000219	NaN	NaN	NaN	NaN	NaN
20.000000	1307.018690	1.000000	1298.532658	1.000000	1306.981300	50.016099	0.000000	50.042213	0.000000	0.344792	-0.000020	-0.000029	-0.000199	NaN	NaN	NaN	NaN	NaN
21.000000	1307.018690	1.000000	1315.616366	1.000000	1306.981300	50.093456	0.000000	50.064222	0.000000	0.342234	-0.000021	-0.000028	-0.000213	NaN	NaN	NaN	NaN	NaN
22.000000	1307.018690	1.000000	1333.155579	1.000000	1306.981300	50.050561	0.000000	50.072087	0.000000	0.323282	-0.000019	-0.000027	-0.000211	NaN	NaN	NaN	NaN	NaN
23.000000	1307.018690	1.000000	1351.168761	1.000000	1306.981300	50.143218	0.000000	50.011810	0.000000	0.301481	-0.000022	-0.000029	-0.000209	NaN	NaN	NaN	NaN	NaN
24.000000	1307.018690	1.000000	1369.675387	1.000000	1306.981300	50.100253	0.000000	50.064227	0.000000	0.253692	-0.000023	-0.000029	-0.000206	NaN	NaN	NaN	NaN	NaN
25.000000	1307.018690	1.000000	1388.696014	1.000000	1306.981300	50.071075	0.000000	50.051261	0.000000	0.196209	-0.000024	-0.000026	-0.000199	NaN	NaN	NaN	NaN	NaN
26.000000	1307.018690	1.000000	1408.252359	1.000000	1306.981300	50.056792	0.000000	50.061955	0.000000	0.157386	-0.000023	-0.000031	-0.000212	NaN	NaN	NaN	NaN	NaN
27.000000	1307.018690	1.000000	1428.367376	1.000000	1306.981300	49.985473	0.000000	50.035282	0.000000	0.135774	-0.000026	-0.000031	-0.000225	NaN	NaN	NaN	NaN	NaN
28.000000	1307.018690	1.000000	1449.065353	1.000000	1306.981300	50.106789	0.000000	50.073322	0.000000	0.137599	-0.000025	-0.000032	-0.000210	NaN	NaN	NaN	NaN	NaN
29.000000	1307.018690	1.000000	1470.372004	1.000000	1306.981300	50.084854	0.000000	50.027306	0.000000	0.118468	-0.000026	-0.000034	-0.000215	NaN	NaN	NaN	NaN	NaN
30.000000	1307.018690	1.000000	1492.314580	1.000000	1306.981300	50.068313	0.000000	49.970949	0.000000	0.098551	-0.000026	-0.000032	-0.000207	NaN	NaN	NaN	NaN	NaN
31.000000	1307.018690	1.000000	1514.921982	1.000000	1306.981300	50.085537	0.000000	50.115704	0.000000	0.089445	-0.000026	-0.000034	-0.000213	NaN	NaN	NaN	NaN	NaN
32.000000	1307.018690	1.000000	1538.224888	1.000000	1306.981300	50.114463	0.000000	50.086855	0.000000	0.067611	-0.000026	-0.000036	-0.000211	NaN	NaN	NaN	NaN	NaN
33.000000	1307.018690	1.000000	1562.255898	1.000000	1306.981300	49.994505	0.000000	50.047053	0.000000	0.054105	-0.000026	-0.000033	-0.000195	NaN	NaN	NaN	NaN	NaN
34.000000	1307.018690	1.000000	1587.049675	1.000000	1306.981300	50.083143	0.000000	50.084794	0.000000	0.030054	-0.000027	-0.000031	-0.000209	NaN	NaN	NaN	NaN	NaN
35.000000	1324.327904	1.000000	1265.662574	1.000000	1324.261800	50.113131	0.000000	50.023307	0.000000	0.296399	-0.000023	-0.000031	-0.000223	NaN	NaN	NaN	NaN	NaN
36.000000	1324.327904	1.000000	1281.886938	1.000000	1324.261800	50.093067	0.000000	50.032569	0.000000	0.326638	-0.000021	-0.000030	-0.000202	NaN	NaN	NaN	NaN	NaN
37.000000	1324.327904	1.000000	1298.532658	1.000000	1324.261800	50.046398	0.000000	50.072512	0.000000	0.366628	-0.000021	-0.000029	-0.000226	NaN	NaN	NaN	NaN	NaN
38.000000	1324.327904	1.000000	1315.616366	1.000000	1324.261800	50.057043	0.000000	50.094521	0.000000	0.390680	-0.000021	-0.000032	-0.000205	NaN	NaN	NaN	NaN	NaN
39.000000	1324.327904	1.000000	1333.155579	1.000000	1324.261800	50.080861	0.000000	50.035673	0.000000	0.438175	-0.000021	-0.000029	-0.000208	NaN	NaN	NaN	NaN	NaN
40.000000	1324.327904	1.000000	1351.168761	1.000000	1324.261800	50.040092	0.000000	50.108823	0.000000	0.405478	-0.000021	-0.000030	-0.000217	NaN	NaN	NaN	NaN	NaN
41.000000	1324.327904	1.000000	1369.675387	1.000000	1324.261800	49.997127	0.000000	50.094527	0.000000	0.326319	-0.000024	-0.000032	-0.000215	NaN	NaN	NaN	NaN	NaN
42.000000	1324.327904	1.000000	1388.696014	1.000000	1324.261800	50.101375	0.000000	50.081560	0.000000	0.275921	-0.000025	-0.000030	-0.000200	NaN	NaN	NaN	NaN	NaN
43.000000	1324.327904	1.000000	1408.252359	1.000000	1324.261800	50.087091	0.000000	50.025542	0.000000	0.208469	-0.000023	-0.000032	-0.000214	NaN	NaN	NaN	NaN	NaN
44.000000	1324.327904	1.000000	1428.367376	1.000000	1324.261800	50.082486	0.000000	50.132294	0.000000	0.173687	-0.000023	-0.000028	-0.000216	NaN	NaN	NaN	NaN	NaN
45.000000	1324.327904	1.000000	1449.065353	1.000000	1324.261800	50.070375	0.000000	49.970196	0.000000	0.167409	-0.000025	-0.000031	-0.000219	NaN	NaN	NaN	NaN	NaN
46.000000	1324.327904	1.000000	1470.372004	1.000000	1324.261800	50.048440	0.000000	50.057605	0.000000	0.146417	-0.000026	-0.000031	-0.000214	NaN	NaN	NaN	NaN	NaN
47.000000	1324.327904	1.000000	1492.314580	1.000000	1324.261800	50.098612	0.000000	50.067961	0.000000	0.118119	-0.000024	-0.000032	-0.000197	NaN	NaN	NaN	NaN	NaN
48.000000	1324.327904	1.000000	1514.921982	1.000000	1324.261800	50.115836	0.000000	50.012577	0.000000	0.100730	-0.000025	-0.000033	-0.000210	NaN	NaN	NaN	NaN	NaN
49.000000	1324.327904	1.000000	1538.224888	1.000000	1324.261800	50.078050	0.000000	49.983728	0.000000	0.081417	-0.000027	-0.000032	-0.000215	NaN	NaN	NaN	NaN	NaN
50.000000	1324.327904	1.000000	1562.255898	1.000000	1324.261800	50.091517	0.000000	50.144065	0.000000	0.064536	-0.000028	-0.000033	-0.000213	NaN	NaN	NaN	NaN	NaN
51.000000	1324.327904	1.000000	1587.049675	1.000000	1324.261800	50.046730	0.000000	49.981668	0.000000	0.037676	-0.000026	-0.000028	-0.000218	NaN	NaN	NaN	NaN	NaN
52.000000	1342.101731	1.000000	1265.662574	1.000000	1342.156900	50.028777	0.000000	50.072378	0.000000	0.287468	-0.000024	-0.000032	-0.000212	NaN	NaN	NaN	NaN	NaN
53.000000	1342.101731	1.000000	1281.886938	1.000000	1342.156900	50.075425	0.000000	50.081640	0.000000	0.317075	-0.000022	-0.000031	-0.000211	NaN	NaN	NaN	NaN	NaN
54.000000	1342.101731	1.000000	1298.532658	1.000000	1342.156900	50.028756	0.000000	50.054871	0.000000	0.314424	-0.000023	-0.000032	-0.000217	NaN	NaN	NaN	NaN	NaN
55.000000	1342.101731	1.000000	1315.616366	1.000000	1342.156900	50.106114	0.000000	50.010167	0.000000	0.354999	-0.000022	-0.000034	-0.000210	NaN	NaN	NaN	NaN	NaN
56.000000	1342.101731	1.000000	1333.155579	1.000000	1342.156900	49.996506	0.000000	50.084744	0.000000	0.449625	-0.000018	-0.000029	-0.000229	NaN	NaN	NaN	NaN	NaN
57.000000	1342.101731	1.000000	1351.168761	1.000000	1342.156900	50.089163	0.000000	50.024468	0.000000	0.488101	-0.000020	-0.000028	-0.000230	NaN	NaN	NaN	NaN	NaN
58.000000	1342.101731	1.000000	1369.675387	1.000000	1342.156900	50.112911	0.000000	50.076885	0.000000	0.431318	-0.000021	-0.000028	-0.000206	NaN	NaN	NaN	NaN	NaN
59.000000	1342.101731	1.000000	1388.696014	1.000000	1342.156900	50.083733	0.000000	50.063918	0.000000	0.349737	-0.000022	-0.000032	-0.000208	NaN	NaN	NaN	NaN	NaN
60.000000	1342.101731	1.000000	1408.252359	1.000000	1342.156900	50.069449	0.000000	50.074613	0.000000	0.250045	-0.000024	-0.000031	-0.000200	NaN	NaN	NaN	NaN	NaN
61.000000	1342.101731	1.000000	1428.367376	1.000000	1342.156900	49.998131	0.000000	50.047939	0.000000	0.211366	-0.000024	-0.000031	-0.000219	NaN	NaN	NaN	NaN	NaN
62.000000	1342.101731	1.000000	1449.065353	1.000000	1342.156900	50.119446	0.000000	50.085980	0.000000	0.203583	-0.000023	-0.000031	-0.000214	NaN	NaN	NaN	NaN	NaN
63.000000	1342.101731	1.000000	1470.372004	1.000000	1342.156900	50.097512	0.000000	50.039963	0.000000	0.173249	-0.000024	-0.000031	-0.000224	NaN	NaN	NaN	NaN	NaN
64.000000	1342.101731	1.000000	1492.314580	1.000000	1342.156900	50.080971	0.000000	49.983607	0.000000	0.143548	-0.000024	-0.000030	-0.000194	NaN	NaN	NaN	NaN	NaN
65.000000	1342.101731	1.000000	1514.921982	1.000000	1342.156900	50.031481	0.000000	50.128361	0.000000	0.112464	-0.000024	-0.000036	-0.000211	NaN	NaN	NaN	NaN	NaN
66.000000	1342.101731	1.000000	1538.224888	1.000000	1342.156900	50.127121	0.000000	50.099512	0.000000	0.089131	-0.000027	-0.000034	-0.000216	NaN	NaN	NaN	NaN	NaN
67.000000	1342.101731	1.000000	1562.255898	1.000000	1342.156900	50.007162	0.000000	50.059711	0.000000	0.075643	-0.000026	-0.000032	-0.000208	NaN	NaN	NaN	NaN	NaN
68.000000	1342.101731	1.000000	1587.049675	1.000000	1342.156900	50.095801	0.000000	50.097452	0.000000	0.046413	-0.000024	-0.000036	-0.000204	NaN	NaN	NaN	NaN	NaN
69.000000	1360.359135	1.000000	1265.662574	1.000000	1360.460300	50.020124	0.000000	50.063725	0.000000	0.288210	-0.000022	-0.000030	-0.000218	NaN	NaN	NaN	NaN	NaN
70.000000	1360.359135	1.000000	1281.886938	1.000000	1360.460300	50.066772	0.000000	50.072988	0.000000	0.307470	-0.000021	-0.000029	-0.000218	NaN	NaN	NaN	NaN	NaN
71.000000	1360.359135	1.000000	1298.532658	1.000000	1360.460300	50.020104	0.000000	50.046218	0.000000	0.294572	-0.000021	-0.000031	-0.000200	NaN	NaN	NaN	NaN	NaN
72.000000	1360.359135	1.000000	1315.616366	1.000000	1360.460300	50.097461	0.000000	50.001514	0.000000	0.312412	-0.000023	-0.000031	-0.000208	NaN	NaN	NaN	NaN	NaN
73.000000	1360.359135	1.000000	1333.155579	1.000000	1360.460300	49.987853	0.000000	50.076092	0.000000	0.377311	-0.000020	-0.000028	-0.000214	NaN	NaN	NaN	NaN	NaN
74.000000	1360.359135	1.000000	1351.168761	1.000000	1360.460300	50.080510	0.000000	50.015815	0.000000	0.473043	-0.000019	-0.000028	-0.000228	NaN	NaN	NaN	NaN	NaN
75.000000	1360.359135	1.000000	1369.675387	1.000000	1360.460300	50.104258	0.000000	50.068232	0.000000	0.577207	-0.000019	-0.000030	-0.000214	NaN	NaN	NaN	NaN	NaN
76.000000	1360.359135	1.000000	1388.696014	1.000000	1360.460300	50.075080	0.000000	50.055266	0.000000	0.485195	-0.000016	-0.000028	-0.000210	NaN	NaN	NaN	NaN	NaN
77.000000	1360.359135	1.000000	1408.252359	1.000000	1360.460300	50.060797	0.000000	50.065960	0.000000	0.345209	-0.000021	-0.000029	-0.000219	NaN	NaN	NaN	NaN	NaN
78.000000	1360.359135	1.000000	1428.367376	1.000000	1360.460300	49.989479	0.000000	50.039287	0.000000	0.281716	-0.000022	-0.000030	-0.000205	NaN	NaN	NaN	NaN	NaN
79.000000	1360.359135	1.000000	1449.065353	1.000000	1360.460300	50.110794	0.000000	50.077328	0.000000	0.264065	-0.000020	-0.000031	-0.000202	NaN	NaN	NaN	NaN	NaN
80.000000	1360.359135	1.000000	1470.372004	1.000000	1360.460300	50.088859	0.000000	50.031311	0.000000	0.214488	-0.000022	-0.000030	-0.000200	NaN	NaN	NaN	NaN	NaN
81.000000	1360.359135	1.000000	1492.314580	1.000000	1360.460300	50.072318	0.000000	49.974954	0.000000	0.157211	-0.000025	-0.000031	-0.000205	NaN	NaN	NaN	NaN	NaN
82.000000	1360.359135	1.000000	1514.921982	1.000000	1360.460300	50.022829	0.000000	50.119709	0.000000	0.133189	-0.000022	-0.000029	-0.000215	NaN	NaN	NaN	NaN	NaN
83.000000	1360.359135	1.000000	1538.224888	1.000000	1360.460300	50.118469	0.000000	50.090860	0.000000	0.099758	-0.000024	-0.000031	-0.000200	NaN	NaN	NaN	NaN	NaN
84.000000	1360.359135	1.000000	1562.255898	1.000000	1360.460300	49.998510	0.000000	50.051058	0.000000	0.075675	-0.000027	-0.000032	-0.000202	NaN	NaN	NaN	NaN	NaN
85.000000	1360.359135	1.000000	1587.049675	1.000000	1360.460300	50.087148	0.000000	50.088799	0.000000	0.046355	-0.000026	-0.000033	-0.000227	NaN	NaN	NaN	NaN	NaN
86.000000	1379.120121	1.000000	1265.662574	1.000000	1379.172200	50.125075	0.000000	50.035250	0.000000	0.229643	-0.000022	-0.000031	-0.000211	NaN	NaN	NaN	NaN	NaN
87.000000	1379.120121	1.000000	1281.886938	1.000000	1379.172200	50.105010	0.000000	50.044512	0.000000	0.239262	-0.000024	-0.000030	-0.000203	NaN	NaN	NaN	NaN	NaN
88.000000	1379.120121	1.000000	1298.532658	1.000000	1379.172200	50.058341	0.000000	50.084456	0.000000	0.246815	-0.000023	-0.000031	-0.000202	NaN	NaN	NaN	NaN	NaN
89.000000	1379.120121	1.000000	1315.616366	1.000000	1379.172200	50.068986	0.000000	50.106464	0.000000	0.250314	-0.000023	-0.000030	-0.000211	NaN	NaN	NaN	NaN	NaN
90.000000	1379.120121	1.000000	1333.155579	1.000000	1379.172200	50.092804	0.000000	50.047617	0.000000	0.244225	-0.000025	-0.000029	-0.000230	NaN	NaN	NaN	NaN	NaN
91.000000	1379.120121	1.000000	1351.168761	1.000000	1379.172200	50.052035	0.000000	50.054053	0.000000	0.349918	-0.000022	-0.000032	-0.000202	NaN	NaN	NaN	NaN	NaN
92.000000	1379.120121	1.000000	1369.675387	1.000000	1379.172200	50.009070	0.000000	50.106470	0.000000	0.522349	-0.000019	-0.000027	-0.000219	NaN	NaN	NaN	NaN	NaN
93.000000	1379.120121	1.000000	1388.696014	1.000000	1379.172200	50.113318	0.000000	50.093503	0.000000	0.572158	-0.000016	-0.000030	-0.000201	NaN	NaN	NaN	NaN	NaN
94.000000	1379.120121	1.000000	1408.252359	1.000000	1379.172200	50.099034	0.000000	49.970772	0.000000	0.457313	-0.000018	-0.000029	-0.000203	NaN	NaN	NaN	NaN	NaN
95.000000	1379.120121	1.000000	1428.367376	1.000000	1379.172200	50.094429	0.000000	50.077524	0.000000	0.358844	-0.000021	-0.000031	-0.000210	NaN	NaN	NaN	NaN	NaN
96.000000	1379.120121	1.000000	1449.065353	1.000000	1379.172200	50.015606	0.000000	50.115565	0.000000	0.291265	-0.000021	-0.000030	-0.000210	NaN	NaN	NaN	NaN	NaN
97.000000	1379.120121	1.000000	1470.372004	1.000000	1379.172200	49.993671	0.000000	50.069548	0.000000	0.240358	-0.000023	-0.000031	-0.000224	NaN	NaN	NaN	NaN	NaN
98.000000	1379.120121	1.000000	1492.314580	1.000000	1379.172200	50.110556	0.000000	50.013192	0.000000	0.181141	-0.000023	-0.000031	-0.000202	NaN	NaN	NaN	NaN	NaN
99.000000	1379.120121	1.000000	1514.921982	1.000000	1379.172200	50.127779	0.000000	50.024521	0.000000	0.146918	-0.000026	-0.000035	-0.000219	NaN	NaN	NaN	NaN	NaN
100.000000	1379.120121	1.000000	1538.224888	1.000000	1379.172200	50.023281	0.000000	49.995672	0.000000	0.113203	-0.000025	-0.000032	-0.000219	NaN	NaN	NaN	NaN	NaN
101.000000	1379.120121	1.000000	1562.255898	1.000000	1379.172200	50.103460	0.000000	50.089296	0.000000	0.080656	-0.000023	-0.000030	-0.000200	NaN	NaN	NaN	NaN	NaN
102.000000	1379.120121	1.000000	1587.049675	1.000000	1379.172200	49.991960	0.000000	49.993611	0.000000	0.049738	-0.000026	-0.000029	-0.000186	NaN	NaN	NaN	NaN	NaN
103.000000	1398.405817	1.000000	1265.662574	1.000000	1398.498000	50.051803	0.000000	50.095405	0.000000	0.201883	-0.000025	-0.000033	-0.000204	NaN	NaN	NaN	NaN	NaN
104.000000	1398.405817	1.000000	1281.886938	1.000000	1398.498000	50.031739	0.000000	50.104667	0.000000	0.210754	-0.000024	-0.000032	-0.000214	NaN	NaN	NaN	NaN	NaN
105.000000	1398.405817	1.000000	1298.532658	1.000000	1398.498000	50.051783	0.000000	50.077897	0.000000	0.211834	-0.000023	-0.000032	-0.000209	NaN	NaN	NaN	NaN	NaN
106.000000	1398.405817	1.000000	1315.616366	1.000000	1398.498000	49.995715	0.000000	50.033193	0.000000	0.223321	-0.000025	-0.000032	-0.000227	NaN	NaN	NaN	NaN	NaN
107.000000	1398.405817	1.000000	1333.155579	1.000000	1398.498000	50.019533	0.000000	49.974346	0.000000	0.218861	-0.000022	-0.000030	-0.000206	NaN	NaN	NaN	NaN	NaN
108.000000	1398.405817	1.000000	1351.168761	1.000000	1398.498000	50.112189	0.000000	50.047495	0.000000	0.251397	-0.000025	-0.000028	-0.000202	NaN	NaN	NaN	NaN	NaN
109.000000	1398.405817	1.000000	1369.675387	1.000000	1398.498000	50.135938	0.000000	50.033199	0.000000	0.392578	-0.000021	-0.000030	-0.000203	NaN	NaN	NaN	NaN	NaN
110.000000	1398.405817	1.000000	1388.696014	1.000000	1398.498000	50.040047	0.000000	50.086945	0.000000	0.593222	-0.000016	-0.000031	-0.000211	NaN	NaN	NaN	NaN	NaN
111.000000	1398.405817	1.000000	1408.252359	1.000000	1398.498000	50.025763	0.000000	50.097640	0.000000	0.587193	-0.000016	-0.000025	-0.000228	NaN	NaN	NaN	NaN	NaN
112.000000	1398.405817	1.000000	1428.367376	1.000000	1398.498000	50.021158	0.000000	50.070966	0.000000	0.545187	-0.000015	-0.000027	-0.000210	NaN	NaN	NaN	NaN	NaN
113.000000	1398.405817	1.000000	1449.065353	1.000000	1398.498000	50.142473	0.000000	50.109007	0.000000	0.398669	-0.000020	-0.000026	-0.000203	NaN	NaN	NaN	NaN	NaN
114.000000	1398.405817	1.000000	1470.372004	1.000000	1398.498000	50.120538	0.000000	49.996277	0.000000	0.292113	-0.000021	-0.000027	-0.000213	NaN	NaN	NaN	NaN	NaN
115.000000	1398.405817	1.000000	1492.314580	1.000000	1398.498000	50.103997	0.000000	50.006633	0.000000	0.217487	-0.000024	-0.000031	-0.000206	NaN	NaN	NaN	NaN	NaN
116.000000	1398.405817	1.000000	1514.921982	1.000000	1398.498000	50.054508	0.000000	50.084675	0.000000	0.164465	-0.000024	-0.000033	-0.000207	NaN	NaN	NaN	NaN	NaN
117.000000	1398.405817	1.000000	1538.224888	1.000000	1398.498000	50.016722	0.000000	50.055826	0.000000	0.124797	-0.000024	-0.000033	-0.000210	NaN	NaN	NaN	NaN	NaN
118.000000	1398.405817	1.000000	1562.255898	1.000000	1398.498000	50.030189	0.000000	50.082737	0.000000	0.093014	-0.000025	-0.000034	-0.000203	NaN	NaN	NaN	NaN	NaN
119.000000	1398.405817	1.000000	1587.049675	1.000000	1398.498000	50.118828	0.000000	50.120479	0.000000	0.056317	-0.000026	-0.000032	-0.000215	NaN	NaN	NaN	NaN	NaN
120.000000	1418.238548	1.000000	1265.662574	1.000000	1418.231300	50.075420	0.000000	50.119022	0.000000	0.174275	-0.000023	-0.000031	-0.000207	NaN	NaN	NaN	NaN	NaN
121.000000	1418.238548	1.000000	1281.886938	1.000000	1418.231300	50.055356	0.000000	50.128284	0.000000	0.178682	-0.000024	-0.000030	-0.000203	NaN	NaN	NaN	NaN	NaN
122.000000	1418.238548	1.000000	1298.532658	1.000000	1418.231300	50.008687	0.000000	50.034802	0.000000	0.170040	-0.000023	-0.000032	-0.000201	NaN	NaN	NaN	NaN	NaN
123.000000	1418.238548	1.000000	1315.616366	1.000000	1418.231300	50.152758	0.000000	50.056810	0.000000	0.177295	-0.000026	-0.000029	-0.000202	NaN	NaN	NaN	NaN	NaN
124.000000	1418.238548	1.000000	1333.155579	1.000000	1418.231300	50.043150	0.000000	50.131388	0.000000	0.180539	-0.000025	-0.000030	-0.000209	NaN	NaN	NaN	NaN	NaN
125.000000	1418.238548	1.000000	1351.168761	1.000000	1418.231300	50.135806	0.000000	50.071112	0.000000	0.186003	-0.000024	-0.000030	-0.000210	NaN	NaN	NaN	NaN	NaN
126.000000	1418.238548	1.000000	1369.675387	1.000000	1418.231300	50.092842	0.000000	50.056816	0.000000	0.244778	-0.000022	-0.000030	-0.000204	NaN	NaN	NaN	NaN	NaN
127.000000	1418.238548	1.000000	1388.696014	1.000000	1418.231300	50.063664	0.000000	50.043849	0.000000	0.450133	-0.000019	-0.000027	-0.000207	NaN	NaN	NaN	NaN	NaN
128.000000	1418.238548	1.000000	1408.252359	1.000000	1418.231300	50.049380	0.000000	50.054544	0.000000	0.593819	-0.000018	-0.000025	-0.000220	NaN	NaN	NaN	NaN	NaN
129.000000	1418.238548	1.000000	1428.367376	1.000000	1418.231300	50.044775	0.000000	50.094583	0.000000	0.646717	-0.000015	-0.000029	-0.000233	NaN	NaN	NaN	NaN	NaN
130.000000	1418.238548	1.000000	1449.065353	1.000000	1418.231300	50.099377	0.000000	50.065911	0.000000	0.578134	-0.000017	-0.000026	-0.000190	NaN	NaN	NaN	NaN	NaN
131.000000	1418.238548	1.000000	1470.372004	1.000000	1418.231300	50.077442	0.000000	50.019894	0.000000	0.375580	-0.000021	-0.000029	-0.000207	NaN	NaN	NaN	NaN	NaN
132.000000	1418.238548	1.000000	1492.314580	1.000000	1418.231300	50.060902	0.000000	50.030250	0.000000	0.263052	-0.000021	-0.000029	-0.000206	NaN	NaN	NaN	NaN	NaN
133.000000	1418.238548	1.000000	1514.921982	1.000000	1418.231300	50.078125	0.000000	50.108292	0.000000	0.194008	-0.000024	-0.000031	-0.000199	NaN	NaN	NaN	NaN	NaN
134.000000	1418.238548	1.000000	1538.224888	1.000000	1418.231300	50.107052	0.000000	50.079443	0.000000	0.144066	-0.000026	-0.000032	-0.000203	NaN	NaN	NaN	NaN	NaN
135.000000	1418.238548	1.000000	1562.255898	1.000000	1418.231300	50.053806	0.000000	50.039642	0.000000	0.103961	-0.000027	-0.000031	-0.000214	NaN	NaN	NaN	NaN	NaN
136.000000	1418.238548	1.000000	1587.049675	1.000000	1418.231300	50.075732	0.000000	50.077383	0.000000	0.066086	-0.000027	-0.000031	-0.000201	NaN	NaN	NaN	NaN	NaN
137.000000	1438.641922	1.000000	1265.662574	1.000000	1438.577600	50.094621	0.000000	50.004796	0.000000	0.120406	-0.000027	-0.000032	-0.000210	NaN	NaN	NaN	NaN	NaN
138.000000	1438.641922	1.000000	1281.886938	1.000000	1438.577600	50.074556	0.000000	50.014058	0.000000	0.123355	-0.000026	-0.000030	-0.000201	NaN	NaN	NaN	NaN	NaN
139.000000	1438.641922	1.000000	1298.532658	1.000000	1438.577600	50.027887	0.000000	50.054002	0.000000	0.116276	-0.000025	-0.000029	-0.000198	NaN	NaN	NaN	NaN	NaN
140.000000	1438.641922	1.000000	1315.616366	1.000000	1438.577600	50.038532	0.000000	50.076010	0.000000	0.110584	-0.000025	-0.000030	-0.000207	NaN	NaN	NaN	NaN	NaN
141.000000	1438.641922	1.000000	1333.155579	1.000000	1438.577600	50.062350	0.000000	50.017163	0.000000	0.112977	-0.000025	-0.000032	-0.000220	NaN	NaN	NaN	NaN	NaN
142.000000	1438.641922	1.000000	1351.168761	1.000000	1438.577600	50.021581	0.000000	50.090312	0.000000	0.123854	-0.000023	-0.000029	-0.000203	NaN	NaN	NaN	NaN	NaN
143.000000	1438.641922	1.000000	1369.675387	1.000000	1438.577600	50.112042	0.000000	50.076016	0.000000	0.133702	-0.000025	-0.000030	-0.000220	NaN	NaN	NaN	NaN	NaN
144.000000	1438.641922	1.000000	1388.696014	1.000000	1438.577600	50.082864	0.000000	50.063049	0.000000	0.227552	-0.000023	-0.000028	-0.000213	NaN	NaN	NaN	NaN	NaN
145.000000	1438.641922	1.000000	1408.252359	1.000000	1438.577600	50.068580	0.000000	50.140457	0.000000	0.397480	-0.000022	-0.000026	-0.000212	NaN	NaN	NaN	NaN	NaN
146.000000	1438.641922	1.000000	1428.367376	1.000000	1438.577600	50.063975	0.000000	50.113783	0.000000	0.522584	-0.000017	-0.000033	-0.000207	NaN	NaN	NaN	NaN	NaN
147.000000	1438.641922	1.000000	1449.065353	1.000000	1438.577600	50.051865	0.000000	50.085111	0.000000	0.595420	-0.000018	-0.000026	-0.000209	NaN	NaN	NaN	NaN	NaN
148.000000	1438.641922	1.000000	1470.372004	1.000000	1438.577600	50.096642	0.000000	50.039094	0.000000	0.448642	-0.000021	-0.000029	-0.000224	NaN	NaN	NaN	NaN	NaN
149.000000	1438.641922	1.000000	1492.314580	1.000000	1438.577600	50.080102	0.000000	50.049451	0.000000	0.278591	-0.000021	-0.000032	-0.000214	NaN	NaN	NaN	NaN	NaN
150.000000	1438.641922	1.000000	1514.921982	1.000000	1438.577600	50.097325	0.000000	49.994067	0.000000	0.188483	-0.000025	-0.000032	-0.000195	NaN	NaN	NaN	NaN	NaN
151.000000	1438.641922	1.000000	1538.224888	1.000000	1438.577600	49.992827	0.000000	50.098643	0.000000	0.139066	-0.000024	-0.000030	-0.000219	NaN	NaN	NaN	NaN	NaN
152.000000	1438.641922	1.000000	1562.255898	1.000000	1438.577600	50.073006	0.000000	50.125555	0.000000	0.122950	-0.000023	-0.000032	-0.000198	NaN	NaN	NaN	NaN	NaN
153.000000	1438.641922	1.000000	1587.049675	1.000000	1438.577600	50.094932	0.000000	50.096583	0.000000	0.076471	-0.000026	-0.000031	-0.000208	NaN	NaN	NaN	NaN	NaN
154.000000	1459.640928	1.000000	1265.662574	1.000000	1459.742100	50.065212	0.000000	49.975388	0.000000	0.068040	-0.000025	-0.000035	-0.000223	NaN	NaN	NaN	NaN	NaN
155.000000	1459.640928	1.000000	1281.886938	1.000000	1459.742100	50.111861	0.000000	49.984650	0.000000	0.075495	-0.000024	-0.000033	-0.000202	NaN	NaN	NaN	NaN	NaN
156.000000	1459.640928	1.000000	1298.532658	1.000000	1459.742100	50.065192	0.000000	50.091306	0.000000	0.073606	-0.000029	-0.000031	-0.000212	NaN	NaN	NaN	NaN	NaN
157.000000	1459.640928	1.000000	1315.616366	1.000000	1459.742100	50.009124	0.000000	50.046602	0.000000	0.063417	-0.000028	-0.000032	-0.000203	NaN	NaN	NaN	NaN	NaN
158.000000	1459.640928	1.000000	1333.155579	1.000000	1459.742100	50.032942	0.000000	49.987755	0.000000	0.060458	-0.000026	-0.000034	-0.000196	NaN	NaN	NaN	NaN	NaN
159.000000	1459.640928	1.000000	1351.168761	1.000000	1459.742100	50.058886	0.000000	50.060904	0.000000	0.060766	-0.000027	-0.000031	-0.000214	NaN	NaN	NaN	NaN	NaN
160.000000	1459.640928	1.000000	1369.675387	1.000000	1459.742100	50.015921	0.000000	50.046608	0.000000	0.059985	-0.000027	-0.000028	-0.000211	NaN	NaN	NaN	NaN	NaN
161.000000	1459.640928	1.000000	1388.696014	1.000000	1459.742100	50.120169	0.000000	50.100354	0.000000	0.073167	-0.000027	-0.000032	-0.000213	NaN	NaN	NaN	NaN	NaN
162.000000	1459.640928	1.000000	1408.252359	1.000000	1459.742100	50.105885	0.000000	50.111049	0.000000	0.154813	-0.000023	-0.000033	-0.000205	NaN	NaN	NaN	NaN	NaN
163.000000	1459.640928	1.000000	1428.367376	1.000000	1459.742100	50.034567	0.000000	50.084375	0.000000	0.286757	-0.000022	-0.000029	-0.000211	NaN	NaN	NaN	NaN	NaN
164.000000	1459.640928	1.000000	1449.065353	1.000000	1459.742100	50.022456	0.000000	50.122416	0.000000	0.415664	-0.000021	-0.000025	-0.000210	NaN	NaN	NaN	NaN	NaN
165.000000	1459.640928	1.000000	1470.372004	1.000000	1459.742100	50.133947	0.000000	50.076399	0.000000	0.432728	-0.000020	-0.000029	-0.000217	NaN	NaN	NaN	NaN	NaN
166.000000	1459.640928	1.000000	1492.314580	1.000000	1459.742100	50.117406	0.000000	50.020042	0.000000	0.272841	-0.000022	-0.000027	-0.000195	NaN	NaN	NaN	NaN	NaN
167.000000	1459.640928	1.000000	1514.921982	1.000000	1459.742100	50.067917	0.000000	50.031371	0.000000	0.180267	-0.000025	-0.000032	-0.000206	NaN	NaN	NaN	NaN	NaN
168.000000	1459.640928	1.000000	1538.224888	1.000000	1459.742100	50.030131	0.000000	50.135948	0.000000	0.116611	-0.000025	-0.000031	-0.000196	NaN	NaN	NaN	NaN	NaN
169.000000	1459.640928	1.000000	1562.255898	1.000000	1459.742100	50.043598	0.000000	50.096146	0.000000	0.119258	-0.000025	-0.000030	-0.000198	NaN	NaN	NaN	NaN	NaN
170.000000	1459.640928	1.000000	1587.049675	1.000000	1459.742100	50.132237	0.000000	50.133888	0.000000	0.088306	-0.000025	-0.000034	-0.000197	NaN	NaN	NaN	NaN	NaN
171.000000	1481.262035	1.000000	1265.662574	1.000000	1481.313200	50.073393	0.000000	50.116994	0.000000	0.047264	-0.000028	-0.000033	-0.000219	NaN	NaN	NaN	NaN	NaN
172.000000	1481.262035	1.000000	1281.886938	1.000000	1481.313200	50.053329	0.000000	50.126257	0.000000	0.051687	-0.000025	-0.000031	-0.000210	NaN	NaN	NaN	NaN	NaN
173.000000	1481.262035	1.000000	1298.532658	1.000000	1481.313200	50.006660	0.000000	50.032774	0.000000	0.054078	-0.000024	-0.000036	-0.000212	NaN	NaN	NaN	NaN	NaN
174.000000	1481.262035	1.000000	1315.616366	1.000000	1481.313200	50.017305	0.000000	50.054783	0.000000	0.046762	-0.000027	-0.000033	-0.000210	NaN	NaN	NaN	NaN	NaN
175.000000	1481.262035	1.000000	1333.155579	1.000000	1481.313200	50.041122	0.000000	49.995935	0.000000	0.043002	-0.000027	-0.000033	-0.000225	NaN	NaN	NaN	NaN	NaN
176.000000	1481.262035	1.000000	1351.168761	1.000000	1481.313200	50.000354	0.000000	50.069085	0.000000	0.037299	-0.000027	-0.000030	-0.000221	NaN	NaN	NaN	NaN	NaN
177.000000	1481.262035	1.000000	1369.675387	1.000000	1481.313200	50.090815	0.000000	50.054788	0.000000	0.035348	-0.000027	-0.000031	-0.000208	NaN	NaN	NaN	NaN	NaN
178.000000	1481.262035	1.000000	1388.696014	1.000000	1481.313200	50.061636	0.000000	50.041822	0.000000	0.031133	-0.000027	-0.000030	-0.000203	NaN	NaN	NaN	NaN	NaN
179.000000	1481.262035	1.000000	1408.252359	1.000000	1481.313200	50.047353	0.000000	50.119229	0.000000	0.053723	-0.000026	-0.000032	-0.000221	NaN	NaN	NaN	NaN	NaN
180.000000	1481.262035	1.000000	1428.367376	1.000000	1481.313200	50.042748	0.000000	50.092556	0.000000	0.119326	-0.000026	-0.000032	-0.000207	NaN	NaN	NaN	NaN	NaN
181.000000	1481.262035	1.000000	1449.065353	1.000000	1481.313200	50.097350	0.000000	50.063884	0.000000	0.157397	-0.000023	-0.000029	-0.000222	NaN	NaN	NaN	NaN	NaN
182.000000	1481.262035	1.000000	1470.372004	1.000000	1481.313200	50.142128	0.000000	50.017867	0.000000	0.172456	-0.000026	-0.000036	-0.000229	NaN	NaN	NaN	NaN	NaN
183.000000	1481.262035	1.000000	1492.314580	1.000000	1481.313200	50.058874	0.000000	50.028223	0.000000	0.212080	-0.000024	-0.000032	-0.000214	NaN	NaN	NaN	NaN	NaN
184.000000	1481.262035	1.000000	1514.921982	1.000000	1481.313200	50.076098	0.000000	50.106265	0.000000	0.167632	-0.000025	-0.000032	-0.000208	NaN	NaN	NaN	NaN	NaN
185.000000	1481.262035	1.000000	1538.224888	1.000000	1481.313200	50.038312	0.000000	50.077416	0.000000	0.108126	-0.000026	-0.000035	-0.000202	NaN	NaN	NaN	NaN	NaN
186.000000	1481.262035	1.000000	1562.255898	1.000000	1481.313200	50.051779	0.000000	50.104327	0.000000	0.125255	-0.000023	-0.000031	-0.000215	NaN	NaN	NaN	NaN	NaN
187.000000	1481.262035	1.000000	1587.049675	1.000000	1481.313200	50.073705	0.000000	50.075356	0.000000	0.094049	-0.000025	-0.000029	-0.000210	NaN	NaN	NaN	NaN	NaN
188.000000	1503.533303	1.000000	1265.662574	1.000000	1503.496100	50.109824	0.000000	50.020000	0.000000	0.037806	-0.000027	-0.000031	-0.000211	NaN	NaN	NaN	NaN	NaN
189.000000	1503.533303	1.000000	1281.886938	1.000000	1503.496100	50.089759	0.000000	50.029262	0.000000	0.045886	-0.000026	-0.000033	-0.000217	NaN	NaN	NaN	NaN	NaN
190.000000	1503.533303	1.000000	1298.532658	1.000000	1503.496100	50.109804	0.000000	50.135918	0.000000	0.050511	-0.000027	-0.000032	-0.000209	NaN	NaN	NaN	NaN	NaN
191.000000	1503.533303	1.000000	1315.616366	1.000000	1503.496100	50.053735	0.000000	50.091214	0.000000	0.045302	-0.000027	-0.000032	-0.000205	NaN	NaN	NaN	NaN	NaN
192.000000	1503.533303	1.000000	1333.155579	1.000000	1503.496100	50.077553	0.000000	50.032366	0.000000	0.043348	-0.000028	-0.000038	-0.000213	NaN	NaN	NaN	NaN	NaN
193.000000	1503.533303	1.000000	1351.168761	1.000000	1503.496100	50.036784	0.000000	50.105515	0.000000	0.034421	-0.000026	-0.000031	-0.000194	NaN	NaN	NaN	NaN	NaN
194.000000	1503.533303	1.000000	1369.675387	1.000000	1503.496100	50.060532	0.000000	50.091219	0.000000	0.024865	-0.000026	-0.000035	-0.000216	NaN	NaN	NaN	NaN	NaN
195.000000	1503.533303	1.000000	1388.696014	1.000000	1503.496100	50.098067	0.000000	50.144966	0.000000	0.020101	-0.000027	-0.000034	-0.000218	NaN	NaN	NaN	NaN	NaN
196.000000	1503.533303	1.000000	1408.252359	1.000000	1503.496100	50.083784	0.000000	50.022235	0.000000	0.023442	-0.000028	-0.000031	-0.000210	NaN	NaN	NaN	NaN	NaN
197.000000	1503.533303	1.000000	1428.367376	1.000000	1503.496100	50.079178	0.000000	49.995561	0.000000	0.035518	-0.000025	-0.000032	-0.000222	NaN	NaN	NaN	NaN	NaN
198.000000	1503.533303	1.000000	1449.065353	1.000000	1503.496100	50.067068	0.000000	50.033602	0.000000	0.054596	-0.000023	-0.000033	-0.000207	NaN	NaN	NaN	NaN	NaN
199.000000	1503.533303	1.000000	1470.372004	1.000000	1503.496100	50.045133	0.000000	50.054298	0.000000	0.073718	-0.000024	-0.000033	-0.000199	NaN	NaN	NaN	NaN	NaN
200.000000	1503.533303	1.000000	1492.314580	1.000000	1503.496100	50.028592	0.000000	50.064654	0.000000	0.120904	-0.000029	-0.000028	-0.000215	NaN	NaN	NaN	NaN	NaN
201.000000	1503.533303	1.000000	1514.921982	1.000000	1503.496100	50.112529	0.000000	50.009270	0.000000	0.098741	-0.000027	-0.000032	-0.000202	NaN	NaN	NaN	NaN	NaN
202.000000	1503.533303	1.000000	1538.224888	1.000000	1503.496100	50.074743	0.000000	50.047134	0.000000	0.110556	-0.000023	-0.000030	-0.000219	NaN	NaN	NaN	NaN	NaN
203.000000	1503.533303	1.000000	1562.255898	1.000000	1503.496100	50.088210	0.000000	50.007332	0.000000	0.118906	-0.000025	-0.000032	-0.000199	NaN	NaN	NaN	NaN	NaN
204.000000	1503.533303	1.000000	1587.049675	1.000000	1503.496100	50.043423	0.000000	50.045074	0.000000	0.093701	-0.000025	-0.000031	-0.000199	NaN	NaN	NaN	NaN	NaN
205.000000	1526.484506	1.000000	1265.662574	1.000000	1526.495700	50.043830	0.000000	50.087431	0.000000	0.040016	-0.000026	-0.000034	-0.000219	NaN	NaN	NaN	NaN	NaN
206.000000	1526.484506	1.000000	1281.886938	1.000000	1526.495700	50.023765	0.000000	50.096693	0.000000	0.047338	-0.000026	-0.000034	-0.000217	NaN	NaN	NaN	NaN	NaN
207.000000	1526.484506	1.000000	1298.532658	1.000000	1526.495700	50.110522	0.000000	50.003211	0.000000	0.053572	-0.000027	-0.000029	-0.000203	NaN	NaN	NaN	NaN	NaN
208.000000	1526.484506	1.000000	1315.616366	1.000000	1526.495700	50.121167	0.000000	50.025220	0.000000	0.055879	-0.000027	-0.000035	-0.000202	NaN	NaN	NaN	NaN	NaN
209.000000	1526.484506	1.000000	1333.155579	1.000000	1526.495700	50.144985	0.000000	50.099798	0.000000	0.048969	-0.000026	-0.000033	-0.000193	NaN	NaN	NaN	NaN	NaN
210.000000	1526.484506	1.000000	1351.168761	1.000000	1526.495700	50.104216	0.000000	50.039521	0.000000	0.047560	-0.000027	-0.000032	-0.000197	NaN	NaN	NaN	NaN	NaN
211.000000	1526.484506	1.000000	1369.675387	1.000000	1526.495700	50.061251	0.000000	50.025225	0.000000	0.035528	-0.000026	-0.000033	-0.000194	NaN	NaN	NaN	NaN	NaN
212.000000	1526.484506	1.000000	1388.696014	1.000000	1526.495700	50.032073	0.000000	50.012259	0.000000	0.024103	-0.000027	-0.000030	-0.000196	NaN	NaN	NaN	NaN	NaN
213.000000	1526.484506	1.000000	1408.252359	1.000000	1526.495700	50.017790	0.000000	50.089666	0.000000	0.023517	-0.000026	-0.000033	-0.000195	NaN	NaN	NaN	NaN	NaN
214.000000	1526.484506	1.000000	1428.367376	1.000000	1526.495700	50.146610	0.000000	50.062992	0.000000	0.024291	-0.000026	-0.000033	-0.000204	NaN	NaN	NaN	NaN	NaN
215.000000	1526.484506	1.000000	1449.065353	1.000000	1526.495700	50.067787	0.000000	50.034320	0.000000	0.029579	-0.000024	-0.000032	-0.000204	NaN	NaN	NaN	NaN	NaN
216.000000	1526.484506	1.000000	1470.372004	1.000000	1526.495700	50.045852	0.000000	50.121729	0.000000	0.024210	-0.000028	-0.000032	-0.000204	NaN	NaN	NaN	NaN	NaN
217.000000	1526.484506	1.000000	1492.314580	1.000000	1526.495700	50.029311	0.000000	50.132085	0.000000	0.035643	-0.000027	-0.000030	-0.000211	NaN	NaN	NaN	NaN	NaN
218.000000	1526.484506	1.000000	1514.921982	1.000000	1526.495700	50.046535	0.000000	50.076702	0.000000	0.056335	-0.000025	-0.000026	-0.000217	NaN	NaN	NaN	NaN	NaN
219.000000	1526.484506	1.000000	1538.224888	1.000000	1526.495700	50.075461	0.000000	50.047853	0.000000	0.055300	-0.000024	-0.000033	-0.000200	NaN	NaN	NaN	NaN	NaN
220.000000	1526.484506	1.000000	1562.255898	1.000000	1526.495700	50.155641	0.000000	50.074764	0.000000	0.117637	-0.000025	-0.000031	-0.000208	NaN	NaN	NaN	NaN	NaN
221.000000	1526.484506	1.000000	1587.049675	1.000000	1526.495700	50.044141	0.000000	50.045792	0.000000	0.117613	-0.000026	-0.000031	-0.000214	NaN	NaN	NaN	NaN	NaN
