1.000000	1290.156109	1.000000	1265.662574	1.000000	1290.109600	-49.899251	0.000000	-49.855650	0.000000	0.016897	-0.000027	-0.000032	-0.000210	NaN	NaN	NaN	NaN	NaN
2.000000	1290.156109	1.000000	1281.886938	1.000000	1290.109600	-49.919316	0.000000	-49.846388	0.000000	0.020624	-0.000025	-0.000033	-0.000204	NaN	NaN	NaN	NaN	NaN
3.000000	1290.156109	1.000000	1298.532658	1.000000	1290.109600	-49.899272	0.000000	-49.873158	0.000000	0.022974	-0.000026	-0.000031	-0.000195	NaN	NaN	NaN	NaN	NaN
4.000000	1290.156109	1.000000	1315.616366	1.000000	1290.109600	-49.955340	0.000000	-49.917862	0.000000	0.024291	-0.000025	-0.000033	-0.000210	NaN	NaN	NaN	NaN	NaN
5.000000	1290.156109	1.000000	1333.155579	1.000000	1290.109600	-49.931522	0.000000	-49.843284	0.000000	0.032278	-0.000025	-0.000033	-0.000207	NaN	NaN	NaN	NaN	NaN
6.000000	1290.156109	1.000000	1351.168761	1.000000	1290.109600	-49.972291	0.000000	-49.903560	0.000000	0.030676	-0.000024	-0.000032	-0.000194	NaN	NaN	NaN	NaN	NaN
7.000000	1290.156109	1.000000	1369.675387	1.000000	1290.109600	-49.881830	0.000000	-49.917856	0.000000	0.027650	-0.000025	-0.000035	-0.000210	NaN	NaN	NaN	NaN	NaN
8.000000	1290.156109	1.000000	1388.696014	1.000000	1290.109600	-49.911008	0.000000	-49.864110	0.000000	0.026210	-0.000027	-0.000033	-0.000199	NaN	NaN	NaN	NaN	NaN
9.000000	1290.156109	1.000000	1408.252359	1.000000	1290.109600	-49.925292	0.000000	-49.853415	0.000000	0.024046	-0.000027	-0.000033	-0.000218	NaN	NaN	NaN	NaN	NaN
10.000000	1290.156109	1.000000	1428.367376	1.000000	1290.109600	-49.929897	0.000000	-49.880089	0.000000	0.021556	-0.000025	-0.000035	-0.000210	NaN	NaN	NaN	NaN	NaN
11.000000	1290.156109	1.000000	1449.065353	1.000000	1290.109600	-49.808582	0.000000	-49.908761	0.000000	0.019499	-0.000026	-0.000031	-0.000212	NaN	NaN	NaN	NaN	NaN
12.000000	1290.156109	1.000000	1470.372004	1.000000	1290.109600	-49.830517	0.000000	-49.954778	0.000000	0.013475	-0.000026	-0.000034	-0.000209	NaN	NaN	NaN	NaN	NaN
13.000000	1290.156109	1.000000	1492.314580	1.000000	1290.109600	-49.847058	0.000000	-49.944421	0.000000	0.005651	-0.000028	-0.000033	-0.000208	NaN	NaN	NaN	NaN	NaN
14.000000	1290.156109	1.000000	1514.921982	1.000000	1290.109600	-49.896547	0.000000	-49.866380	0.000000	0.002933	-0.000025	-0.000031	-0.000205	NaN	NaN	NaN	NaN	NaN
15.000000	1290.156109	1.000000	1538.224888	1.000000	1290.109600	-49.934333	0.000000	-49.895229	0.000000	0.000654	-0.000027	-0.000031	-0.000216	NaN	NaN	NaN	NaN	NaN
16.000000	1290.156109	1.000000	1562.255898	1.000000	1290.109600	-49.920866	0.000000	-49.868317	0.000000	-0.003298	-0.000026	-0.000031	-0.000204	NaN	NaN	NaN	NaN	NaN
17.000000	1290.156109	1.000000	1587.049675	1.000000	1290.109600	-49.832227	0.000000	-49.897289	0.000000	-0.004973	-0.000026	-0.000034	-0.000205	NaN	NaN	NaN	NaN	NaN
18.000000	1307.018690	1.000000	1265.662574	1.000000	1306.981300	-49.986397	0.000000	-49.942796	0.000000	0.020287	-0.000025	-0.000031	-0.000193	NaN	NaN	NaN	NaN	NaN
19.000000	1307.018690	1.000000	1281.886938	1.000000	1306.981300	-49.873036	0.000000	-49.933533	0.000000	0.029976	-0.000028	-0.000033	-0.000209	NaN	NaN	NaN	NaN	NaN
20.000000	1307.018690	1.000000	1298.532658	1.000000	1306.981300	-49.852991	0.000000	-49.826877	0.000000	0.063176	-0.000025	-0.000033	-0.000197	NaN	NaN	NaN	NaN	NaN
21.000000	1307.018690	1.000000	1315.616366	1.000000	1306.981300	-49.909060	0.000000	-49.871581	0.000000	0.054565	-0.000023	-0.000029	-0.000208	NaN	NaN	NaN	NaN	NaN
22.000000	1307.018690	1.000000	1333.155579	1.000000	1306.981300	-49.885242	0.000000	-49.930429	0.000000	0.083270	-0.000025	-0.000032	-0.000200	NaN	NaN	NaN	NaN	NaN
23.000000	1307.018690	1.000000	1351.168761	1.000000	1306.981300	-49.926011	0.000000	-49.857280	0.000000	0.081947	-0.000026	-0.000033	-0.000207	NaN	NaN	NaN	NaN	NaN
24.000000	1307.018690	1.000000	1369.675387	1.000000	1306.981300	-49.902263	0.000000	-49.871576	0.000000	0.076554	-0.000025	-0.000034	-0.000209	NaN	NaN	NaN	NaN	NaN
25.000000	1307.018690	1.000000	1388.696014	1.000000	1306.981300	-49.864728	0.000000	-49.817829	0.000000	0.072773	-0.000026	-0.000031	-0.000215	NaN	NaN	NaN	NaN	NaN
26.000000	1307.018690	1.000000	1408.252359	1.000000	1306.981300	-49.879011	0.000000	-49.940561	0.000000	0.070388	-0.000025	-0.000033	-0.000202	NaN	NaN	NaN	NaN	NaN
27.000000	1307.018690	1.000000	1428.367376	1.000000	1306.981300	-49.883617	0.000000	-49.833809	0.000000	0.065541	-0.000023	-0.000030	-0.000192	NaN	NaN	NaN	NaN	NaN
28.000000	1307.018690	1.000000	1449.065353	1.000000	1306.981300	-49.895727	0.000000	-49.929193	0.000000	0.057085	-0.000025	-0.000033	-0.000200	NaN	NaN	NaN	NaN	NaN
29.000000	1307.018690	1.000000	1470.372004	1.000000	1306.981300	-49.917662	0.000000	-49.908497	0.000000	0.042815	-0.000027	-0.000032	-0.000197	NaN	NaN	NaN	NaN	NaN
30.000000	1307.018690	1.000000	1492.314580	1.000000	1306.981300	-49.934203	0.000000	-49.898141	0.000000	0.027013	-0.000026	-0.000029	-0.000200	NaN	NaN	NaN	NaN	NaN
31.000000	1307.018690	1.000000	1514.921982	1.000000	1306.981300	-49.850266	0.000000	-49.886812	0.000000	0.017352	-0.000026	-0.000031	-0.000207	NaN	NaN	NaN	NaN	NaN
32.000000	1307.018690	1.000000	1538.224888	1.000000	1306.981300	-49.888052	0.000000	-49.915661	0.000000	0.008568	-0.000027	-0.000032	-0.000201	NaN	NaN	NaN	NaN	NaN
33.000000	1307.018690	1.000000	1562.255898	1.000000	1306.981300	-49.874586	0.000000	-50.088888	0.000000	0.002646	-0.000029	-0.000029	-0.000209	NaN	NaN	NaN	NaN	NaN
34.000000	1307.018690	1.000000	1587.049675	1.000000	1306.981300	-49.919373	0.000000	-49.917721	0.000000	-0.003274	-0.000025	-0.000031	-0.000200	NaN	NaN	NaN	NaN	NaN
35.000000	1324.327904	1.000000	1265.662574	1.000000	1324.261800	-49.889384	0.000000	-49.845783	0.000000	0.026960	-0.000026	-0.000033	-0.000205	NaN	NaN	NaN	NaN	NaN
36.000000	1324.327904	1.000000	1281.886938	1.000000	1324.261800	-49.909449	0.000000	-49.903234	0.000000	0.036621	-0.000025	-0.000033	-0.000202	NaN	NaN	NaN	NaN	NaN
37.000000	1324.327904	1.000000	1298.532658	1.000000	1324.261800	-49.956118	0.000000	-49.930003	0.000000	0.051784	-0.000025	-0.000033	-0.000209	NaN	NaN	NaN	NaN	NaN
38.000000	1324.327904	1.000000	1315.616366	1.000000	1324.261800	-49.945473	0.000000	-49.907995	0.000000	0.091934	-0.000025	-0.000029	-0.000208	NaN	NaN	NaN	NaN	NaN
39.000000	1324.327904	1.000000	1333.155579	1.000000	1324.261800	-49.921655	0.000000	-49.833417	0.000000	0.113640	-0.000026	-0.000032	-0.000216	NaN	NaN	NaN	NaN	NaN
40.000000	1324.327904	1.000000	1351.168761	1.000000	1324.261800	-49.828998	0.000000	-49.893693	0.000000	0.124523	-0.000022	-0.000032	-0.000212	NaN	NaN	NaN	NaN	NaN
41.000000	1324.327904	1.000000	1369.675387	1.000000	1324.261800	-49.871963	0.000000	-49.907989	0.000000	0.138619	-0.000025	-0.000027	-0.000201	NaN	NaN	NaN	NaN	NaN
42.000000	1324.327904	1.000000	1388.696014	1.000000	1324.261800	-49.901141	0.000000	-49.920956	0.000000	0.130158	-0.000025	-0.000030	-0.000201	NaN	NaN	NaN	NaN	NaN
43.000000	1324.327904	1.000000	1408.252359	1.000000	1324.261800	-49.915425	0.000000	-49.910261	0.000000	0.119208	-0.000024	-0.000031	-0.000207	NaN	NaN	NaN	NaN	NaN
44.000000	1324.327904	1.000000	1428.367376	1.000000	1324.261800	-49.920030	0.000000	-49.870222	0.000000	0.112142	-0.000026	-0.000032	-0.000200	NaN	NaN	NaN	NaN	NaN
45.000000	1324.327904	1.000000	1449.065353	1.000000	1324.261800	-49.865428	0.000000	-49.898894	0.000000	0.099195	-0.000023	-0.000032	-0.000220	NaN	NaN	NaN	NaN	NaN
46.000000	1324.327904	1.000000	1470.372004	1.000000	1324.261800	-49.887362	0.000000	-49.944910	0.000000	0.072107	-0.000025	-0.000028	-0.000200	NaN	NaN	NaN	NaN	NaN
47.000000	1324.327904	1.000000	1492.314580	1.000000	1324.261800	-49.903903	0.000000	-49.867842	0.000000	0.046824	-0.000027	-0.000031	-0.000213	NaN	NaN	NaN	NaN	NaN
48.000000	1324.327904	1.000000	1514.921982	1.000000	1324.261800	-49.886680	0.000000	-49.856513	0.000000	0.031761	-0.000026	-0.000033	-0.000215	NaN	NaN	NaN	NaN	NaN
49.000000	1324.327904	1.000000	1538.224888	1.000000	1324.261800	-49.857753	0.000000	-49.885362	0.000000	0.015983	-0.000027	-0.000033	-0.000190	NaN	NaN	NaN	NaN	NaN
50.000000	1324.327904	1.000000	1562.255898	1.000000	1324.261800	-49.910999	0.000000	-49.925163	0.000000	0.007209	-0.000027	-0.000032	-0.000212	NaN	NaN	NaN	NaN	NaN
51.000000	1324.327904	1.000000	1587.049675	1.000000	1324.261800	-49.889073	0.000000	-49.887422	0.000000	-0.001315	-0.000025	-0.000033	-0.000209	NaN	NaN	NaN	NaN	NaN
52.000000	1342.101731	1.000000	1265.662574	1.000000	1342.156900	-49.973739	0.000000	-49.930138	0.000000	0.043075	-0.000028	-0.000032	-0.000219	NaN	NaN	NaN	NaN	NaN
53.000000	1342.101731	1.000000	1281.886938	1.000000	1342.156900	-49.993804	0.000000	-49.920876	0.000000	0.049197	-0.000026	-0.000031	-0.000194	NaN	NaN	NaN	NaN	NaN
54.000000	1342.101731	1.000000	1298.532658	1.000000	1342.156900	-49.840334	0.000000	-49.880932	0.000000	0.071127	-0.000024	-0.000031	-0.000213	NaN	NaN	NaN	NaN	NaN
55.000000	1342.101731	1.000000	1315.616366	1.000000	1342.156900	-49.896402	0.000000	-49.858923	0.000000	0.115685	-0.000026	-0.000029	-0.000198	NaN	NaN	NaN	NaN	NaN
56.000000	1342.101731	1.000000	1333.155579	1.000000	1342.156900	-49.872584	0.000000	-49.917771	0.000000	0.143139	-0.000024	-0.000033	-0.000212	NaN	NaN	NaN	NaN	NaN
57.000000	1342.101731	1.000000	1351.168761	1.000000	1342.156900	-49.913353	0.000000	-49.844622	0.000000	0.198755	-0.000022	-0.000028	-0.000208	NaN	NaN	NaN	NaN	NaN
58.000000	1342.101731	1.000000	1369.675387	1.000000	1342.156900	-49.889605	0.000000	-49.858918	0.000000	0.213815	-0.000021	-0.000027	-0.000215	NaN	NaN	NaN	NaN	NaN
59.000000	1342.101731	1.000000	1388.696014	1.000000	1342.156900	-49.985496	0.000000	-49.938597	0.000000	0.213113	-0.000023	-0.000028	-0.000206	NaN	NaN	NaN	NaN	NaN
60.000000	1342.101731	1.000000	1408.252359	1.000000	1342.156900	-49.866353	0.000000	-49.927903	0.000000	0.212640	-0.000021	-0.000029	-0.000213	NaN	NaN	NaN	NaN	NaN
61.000000	1342.101731	1.000000	1428.367376	1.000000	1342.156900	-49.870959	0.000000	-49.954576	0.000000	0.197451	-0.000022	-0.000030	-0.000213	NaN	NaN	NaN	NaN	NaN
62.000000	1342.101731	1.000000	1449.065353	1.000000	1342.156900	-49.883069	0.000000	-49.916536	0.000000	0.168596	-0.000022	-0.000031	-0.000216	NaN	NaN	NaN	NaN	NaN
63.000000	1342.101731	1.000000	1470.372004	1.000000	1342.156900	-49.905004	0.000000	-49.895839	0.000000	0.126416	-0.000023	-0.000031	-0.000208	NaN	NaN	NaN	NaN	NaN
64.000000	1342.101731	1.000000	1492.314580	1.000000	1342.156900	-49.921545	0.000000	-49.885483	0.000000	0.084714	-0.000025	-0.000033	-0.000191	NaN	NaN	NaN	NaN	NaN
65.000000	1342.101731	1.000000	1514.921982	1.000000	1342.156900	-49.971034	0.000000	-49.940867	0.000000	0.054353	-0.000026	-0.000030	-0.000209	NaN	NaN	NaN	NaN	NaN
66.000000	1342.101731	1.000000	1538.224888	1.000000	1342.156900	-49.875395	0.000000	-49.969716	0.000000	0.031589	-0.000023	-0.000030	-0.000208	NaN	NaN	NaN	NaN	NaN
67.000000	1342.101731	1.000000	1562.255898	1.000000	1342.156900	-49.861928	0.000000	-49.942805	0.000000	0.013774	-0.000027	-0.000029	-0.000215	NaN	NaN	NaN	NaN	NaN
68.000000	1342.101731	1.000000	1587.049675	1.000000	1342.156900	-49.906715	0.000000	-49.905064	0.000000	0.001156	-0.000026	-0.000030	-0.000204	NaN	NaN	NaN	NaN	NaN
69.000000	1360.359135	1.000000	1265.662574	1.000000	1360.460300	-49.848966	0.000000	-49.938790	0.000000	0.065229	-0.000024	-0.000032	-0.000206	NaN	NaN	NaN	NaN	NaN
70.000000	1360.359135	1.000000	1281.886938	1.000000	1360.460300	-49.869031	0.000000	-49.929528	0.000000	0.071256	-0.000025	-0.000034	-0.000206	NaN	NaN	NaN	NaN	NaN
71.000000	1360.359135	1.000000	1298.532658	1.000000	1360.460300	-49.848986	0.000000	-49.822872	0.000000	0.098833	-0.000025	-0.000029	-0.000213	NaN	NaN	NaN	NaN	NaN
72.000000	1360.359135	1.000000	1315.616366	1.000000	1360.460300	-49.905054	0.000000	-49.867576	0.000000	0.128123	-0.000022	-0.000032	-0.000224	NaN	NaN	NaN	NaN	NaN
73.000000	1360.359135	1.000000	1333.155579	1.000000	1360.460300	-49.881237	0.000000	-49.926424	0.000000	0.182524	-0.000021	-0.000029	-0.000202	NaN	NaN	NaN	NaN	NaN
74.000000	1360.359135	1.000000	1351.168761	1.000000	1360.460300	-49.922006	0.000000	-49.853275	0.000000	0.257583	-0.000024	-0.000028	-0.000209	NaN	NaN	NaN	NaN	NaN
75.000000	1360.359135	1.000000	1369.675387	1.000000	1360.460300	-49.898257	0.000000	-49.867571	0.000000	0.300060	-0.000020	-0.000030	-0.000198	NaN	NaN	NaN	NaN	NaN
76.000000	1360.359135	1.000000	1388.696014	1.000000	1360.460300	-49.860723	0.000000	-49.813824	0.000000	0.332823	-0.000019	-0.000028	-0.000198	NaN	NaN	NaN	NaN	NaN
77.000000	1360.359135	1.000000	1408.252359	1.000000	1360.460300	-49.875006	0.000000	-49.936555	0.000000	0.335971	-0.000020	-0.000028	-0.000197	NaN	NaN	NaN	NaN	NaN
78.000000	1360.359135	1.000000	1428.367376	1.000000	1360.460300	-49.879611	0.000000	-49.829803	0.000000	0.324247	-0.000021	-0.000029	-0.000209	NaN	NaN	NaN	NaN	NaN
79.000000	1360.359135	1.000000	1449.065353	1.000000	1360.460300	-49.891722	0.000000	-49.925188	0.000000	0.276178	-0.000021	-0.000027	-0.000198	NaN	NaN	NaN	NaN	NaN
80.000000	1360.359135	1.000000	1470.372004	1.000000	1360.460300	-49.913657	0.000000	-49.904492	0.000000	0.215298	-0.000022	-0.000029	-0.000209	NaN	NaN	NaN	NaN	NaN
81.000000	1360.359135	1.000000	1492.314580	1.000000	1360.460300	-49.930198	0.000000	-49.894136	0.000000	0.143777	-0.000022	-0.000031	-0.000206	NaN	NaN	NaN	NaN	NaN
82.000000	1360.359135	1.000000	1514.921982	1.000000	1360.460300	-49.979687	0.000000	-49.949520	0.000000	0.087900	-0.000023	-0.000031	-0.000201	NaN	NaN	NaN	NaN	NaN
83.000000	1360.359135	1.000000	1538.224888	1.000000	1360.460300	-49.884047	0.000000	-49.911656	0.000000	0.048386	-0.000025	-0.000030	-0.000206	NaN	NaN	NaN	NaN	NaN
84.000000	1360.359135	1.000000	1562.255898	1.000000	1360.460300	-49.870580	0.000000	-49.951458	0.000000	0.019082	-0.000026	-0.000032	-0.000187	NaN	NaN	NaN	NaN	NaN
85.000000	1360.359135	1.000000	1587.049675	1.000000	1360.460300	-49.915367	0.000000	-49.913716	0.000000	0.003570	-0.000026	-0.000029	-0.000215	NaN	NaN	NaN	NaN	NaN
86.000000	1379.120121	1.000000	1265.662574	1.000000	1379.172200	-49.944154	0.000000	-49.900553	0.000000	0.082630	-0.000024	-0.000031	-0.000205	NaN	NaN	NaN	NaN	NaN
87.000000	1379.120121	1.000000	1281.886938	1.000000	1379.172200	-49.897506	0.000000	-49.891291	0.000000	0.090906	-0.000022	-0.000030	-0.000191	NaN	NaN	NaN	NaN	NaN
88.000000	1379.120121	1.000000	1298.532658	1.000000	1379.172200	-49.944174	0.000000	-49.918060	0.000000	0.115528	-0.000025	-0.000031	-0.000202	NaN	NaN	NaN	NaN	NaN
89.000000	1379.120121	1.000000	1315.616366	1.000000	1379.172200	-49.866817	0.000000	-49.962764	0.000000	0.140535	-0.000023	-0.000029	-0.000210	NaN	NaN	NaN	NaN	NaN
90.000000	1379.120121	1.000000	1333.155579	1.000000	1379.172200	-49.976425	0.000000	-49.888186	0.000000	0.190847	-0.000021	-0.000028	-0.000197	NaN	NaN	NaN	NaN	NaN
91.000000	1379.120121	1.000000	1351.168761	1.000000	1379.172200	-49.883768	0.000000	-49.948463	0.000000	0.262686	-0.000021	-0.000030	-0.000211	NaN	NaN	NaN	NaN	NaN
92.000000	1379.120121	1.000000	1369.675387	1.000000	1379.172200	-49.860020	0.000000	-49.896046	0.000000	0.340856	-0.000020	-0.000030	-0.000201	NaN	NaN	NaN	NaN	NaN
93.000000	1379.120121	1.000000	1388.696014	1.000000	1379.172200	-49.889198	0.000000	-49.909012	0.000000	0.401020	-0.000021	-0.000029	-0.000222	NaN	NaN	NaN	NaN	NaN
94.000000	1379.120121	1.000000	1408.252359	1.000000	1379.172200	-49.903481	0.000000	-49.898318	0.000000	0.428639	-0.000021	-0.000027	-0.000218	NaN	NaN	NaN	NaN	NaN
95.000000	1379.120121	1.000000	1428.367376	1.000000	1379.172200	-49.974800	0.000000	-49.924991	0.000000	0.411669	-0.000023	-0.000028	-0.000205	NaN	NaN	NaN	NaN	NaN
96.000000	1379.120121	1.000000	1449.065353	1.000000	1379.172200	-49.853484	0.000000	-49.886951	0.000000	0.373514	-0.000020	-0.000026	-0.000218	NaN	NaN	NaN	NaN	NaN
97.000000	1379.120121	1.000000	1470.372004	1.000000	1379.172200	-49.875419	0.000000	-49.932967	0.000000	0.284633	-0.000021	-0.000029	-0.000199	NaN	NaN	NaN	NaN	NaN
98.000000	1379.120121	1.000000	1492.314580	1.000000	1379.172200	-49.891960	0.000000	-49.855898	0.000000	0.187696	-0.000021	-0.000031	-0.000220	NaN	NaN	NaN	NaN	NaN
99.000000	1379.120121	1.000000	1514.921982	1.000000	1379.172200	-49.941449	0.000000	-49.844569	0.000000	0.116205	-0.000024	-0.000029	-0.000202	NaN	NaN	NaN	NaN	NaN
100.000000	1379.120121	1.000000	1538.224888	1.000000	1379.172200	-49.845810	0.000000	-49.873419	0.000000	0.062126	-0.000026	-0.000030	-0.000211	NaN	NaN	NaN	NaN	NaN
101.000000	1379.120121	1.000000	1562.255898	1.000000	1379.172200	-49.965768	0.000000	-49.913220	0.000000	0.024598	-0.000027	-0.000030	-0.000215	NaN	NaN	NaN	NaN	NaN
102.000000	1379.120121	1.000000	1587.049675	1.000000	1379.172200	-49.877130	0.000000	-49.875479	0.000000	0.004386	-0.000026	-0.000033	-0.000214	NaN	NaN	NaN	NaN	NaN
103.000000	1398.405817	1.000000	1265.662574	1.000000	1398.498000	-49.950712	0.000000	-49.907111	0.000000	0.112789	-0.000024	-0.000033	-0.000210	NaN	NaN	NaN	NaN	NaN
104.000000	1398.405817	1.000000	1281.886938	1.000000	1398.498000	-49.970777	0.000000	-49.897849	0.000000	0.119746	-0.000025	-0.000029	-0.000196	NaN	NaN	NaN	NaN	NaN
105.000000	1398.405817	1.000000	1298.532658	1.000000	1398.498000	-49.884020	0.000000	-49.924618	0.000000	0.135904	-0.000025	-0.000032	-0.000208	NaN	NaN	NaN	NaN	NaN
106.000000	1398.405817	1.000000	1315.616366	1.000000	1398.498000	-49.873375	0.000000	-49.835897	0.000000	0.159358	-0.000024	-0.000032	-0.000213	NaN	NaN	NaN	NaN	NaN
107.000000	1398.405817	1.000000	1333.155579	1.000000	1398.498000	-49.849557	0.000000	-49.894744	0.000000	0.218282	-0.000021	-0.000029	-0.000212	NaN	NaN	NaN	NaN	NaN
108.000000	1398.405817	1.000000	1351.168761	1.000000	1398.498000	-49.890326	0.000000	-49.821595	0.000000	0.291429	-0.000020	-0.000031	-0.000213	NaN	NaN	NaN	NaN	NaN
109.000000	1398.405817	1.000000	1369.675387	1.000000	1398.498000	-49.933291	0.000000	-49.969317	0.000000	0.402647	-0.000020	-0.000030	-0.000219	NaN	NaN	NaN	NaN	NaN
110.000000	1398.405817	1.000000	1388.696014	1.000000	1398.498000	-49.962469	0.000000	-49.915571	0.000000	0.517266	-0.000017	-0.000027	-0.000209	NaN	NaN	NaN	NaN	NaN
111.000000	1398.405817	1.000000	1408.252359	1.000000	1398.498000	-49.843327	0.000000	-49.904876	0.000000	0.579072	-0.000017	-0.000027	-0.000217	NaN	NaN	NaN	NaN	NaN
112.000000	1398.405817	1.000000	1428.367376	1.000000	1398.498000	-49.847932	0.000000	-49.931550	0.000000	0.587762	-0.000017	-0.000027	-0.000219	NaN	NaN	NaN	NaN	NaN
113.000000	1398.405817	1.000000	1449.065353	1.000000	1398.498000	-49.860043	0.000000	-49.960222	0.000000	0.550300	-0.000018	-0.000027	-0.000201	NaN	NaN	NaN	NaN	NaN
114.000000	1398.405817	1.000000	1470.372004	1.000000	1398.498000	-49.881977	0.000000	-49.872813	0.000000	0.414376	-0.000018	-0.000029	-0.000209	NaN	NaN	NaN	NaN	NaN
115.000000	1398.405817	1.000000	1492.314580	1.000000	1398.498000	-49.898518	0.000000	-49.862457	0.000000	0.270379	-0.000021	-0.000026	-0.000197	NaN	NaN	NaN	NaN	NaN
116.000000	1398.405817	1.000000	1514.921982	1.000000	1398.498000	-49.948008	0.000000	-49.917841	0.000000	0.159720	-0.000023	-0.000032	-0.000217	NaN	NaN	NaN	NaN	NaN
117.000000	1398.405817	1.000000	1538.224888	1.000000	1398.498000	-49.852368	0.000000	-49.946690	0.000000	0.080081	-0.000024	-0.000032	-0.000217	NaN	NaN	NaN	NaN	NaN
118.000000	1398.405817	1.000000	1562.255898	1.000000	1398.498000	-49.838901	0.000000	-49.919778	0.000000	0.034842	-0.000026	-0.000034	-0.000203	NaN	NaN	NaN	NaN	NaN
119.000000	1398.405817	1.000000	1587.049675	1.000000	1398.498000	-49.883688	0.000000	-49.948750	0.000000	0.008257	-0.000028	-0.000031	-0.000211	NaN	NaN	NaN	NaN	NaN
120.000000	1418.238548	1.000000	1265.662574	1.000000	1418.231300	-49.927095	0.000000	-49.950207	0.000000	0.144032	-0.000023	-0.000031	-0.000210	NaN	NaN	NaN	NaN	NaN
121.000000	1418.238548	1.000000	1281.886938	1.000000	1418.231300	-49.947160	0.000000	-49.940945	0.000000	0.155402	-0.000025	-0.000033	-0.000210	NaN	NaN	NaN	NaN	NaN
122.000000	1418.238548	1.000000	1298.532658	1.000000	1418.231300	-49.860403	0.000000	-49.834288	0.000000	0.165670	-0.000024	-0.000031	-0.000211	NaN	NaN	NaN	NaN	NaN
123.000000	1418.238548	1.000000	1315.616366	1.000000	1418.231300	-49.916471	0.000000	-49.878993	0.000000	0.200478	-0.000022	-0.000029	-0.000214	NaN	NaN	NaN	NaN	NaN
124.000000	1418.238548	1.000000	1333.155579	1.000000	1418.231300	-49.892653	0.000000	-49.871128	0.000000	0.233444	-0.000022	-0.000031	-0.000202	NaN	NaN	NaN	NaN	NaN
125.000000	1418.238548	1.000000	1351.168761	1.000000	1418.231300	-49.866709	0.000000	-49.864691	0.000000	0.332027	-0.000022	-0.000029	-0.000211	NaN	NaN	NaN	NaN	NaN
126.000000	1418.238548	1.000000	1369.675387	1.000000	1418.231300	-49.909674	0.000000	-49.878987	0.000000	0.453400	-0.000019	-0.000030	-0.000210	NaN	NaN	NaN	NaN	NaN
127.000000	1418.238548	1.000000	1388.696014	1.000000	1418.231300	-49.938852	0.000000	-49.958666	0.000000	0.620718	-0.000018	-0.000029	-0.000210	NaN	NaN	NaN	NaN	NaN
128.000000	1418.238548	1.000000	1408.252359	1.000000	1418.231300	-49.819710	0.000000	-49.947972	0.000000	0.745781	-0.000016	-0.000026	-0.000213	NaN	NaN	NaN	NaN	NaN
129.000000	1418.238548	1.000000	1428.367376	1.000000	1418.231300	-49.891028	0.000000	-49.974645	0.000000	0.746917	-0.000014	-0.000024	-0.000198	NaN	NaN	NaN	NaN	NaN
130.000000	1418.238548	1.000000	1449.065353	1.000000	1418.231300	-49.903138	0.000000	-49.936605	0.000000	0.758895	-0.000013	-0.000026	-0.000217	NaN	NaN	NaN	NaN	NaN
131.000000	1418.238548	1.000000	1470.372004	1.000000	1418.231300	-49.925073	0.000000	-49.849196	0.000000	0.584561	-0.000017	-0.000028	-0.000210	NaN	NaN	NaN	NaN	NaN
132.000000	1418.238548	1.000000	1492.314580	1.000000	1418.231300	-49.941614	0.000000	-49.905552	0.000000	0.392647	-0.000018	-0.000031	-0.000202	NaN	NaN	NaN	NaN	NaN
133.000000	1418.238548	1.000000	1514.921982	1.000000	1418.231300	-49.924391	0.000000	-49.894224	0.000000	0.222073	-0.000023	-0.000032	-0.000221	NaN	NaN	NaN	NaN	NaN
134.000000	1418.238548	1.000000	1538.224888	1.000000	1418.231300	-49.895464	0.000000	-49.923073	0.000000	0.103646	-0.000026	-0.000029	-0.000217	NaN	NaN	NaN	NaN	NaN
135.000000	1418.238548	1.000000	1562.255898	1.000000	1418.231300	-49.881997	0.000000	-49.962874	0.000000	0.049412	-0.000026	-0.000032	-0.000212	NaN	NaN	NaN	NaN	NaN
136.000000	1418.238548	1.000000	1587.049675	1.000000	1418.231300	-49.926784	0.000000	-49.925133	0.000000	0.011884	-0.000025	-0.000034	-0.000206	NaN	NaN	NaN	NaN	NaN
137.000000	1438.641922	1.000000	1265.662574	1.000000	1438.577600	-49.907895	0.000000	-49.864294	0.000000	0.172284	-0.000023	-0.000030	-0.000198	NaN	NaN	NaN	NaN	NaN
138.000000	1438.641922	1.000000	1281.886938	1.000000	1438.577600	-49.927960	0.000000	-49.921745	0.000000	0.180801	-0.000024	-0.000030	-0.000226	NaN	NaN	NaN	NaN	NaN
139.000000	1438.641922	1.000000	1298.532658	1.000000	1438.577600	-49.974628	0.000000	-49.948514	0.000000	0.183457	-0.000026	-0.000029	-0.000231	NaN	NaN	NaN	NaN	NaN
140.000000	1438.641922	1.000000	1315.616366	1.000000	1438.577600	-49.830558	0.000000	-49.926505	0.000000	0.214642	-0.000022	-0.000033	-0.000207	NaN	NaN	NaN	NaN	NaN
141.000000	1438.641922	1.000000	1333.155579	1.000000	1438.577600	-49.940166	0.000000	-49.851927	0.000000	0.245023	-0.000022	-0.000032	-0.000230	NaN	NaN	NaN	NaN	NaN
142.000000	1438.641922	1.000000	1351.168761	1.000000	1438.577600	-49.847509	0.000000	-49.912204	0.000000	0.347328	-0.000021	-0.000029	-0.000217	NaN	NaN	NaN	NaN	NaN
143.000000	1438.641922	1.000000	1369.675387	1.000000	1438.577600	-49.890474	0.000000	-49.926500	0.000000	0.474505	-0.000018	-0.000028	-0.000211	NaN	NaN	NaN	NaN	NaN
144.000000	1438.641922	1.000000	1388.696014	1.000000	1438.577600	-49.919652	0.000000	-49.939466	0.000000	0.680185	-0.000015	-0.000028	-0.000217	NaN	NaN	NaN	NaN	NaN
145.000000	1438.641922	1.000000	1408.252359	1.000000	1438.577600	-49.933935	0.000000	-49.928772	0.000000	0.852700	-0.000013	-0.000025	-0.000228	NaN	NaN	NaN	NaN	NaN
146.000000	1438.641922	1.000000	1428.367376	1.000000	1438.577600	-49.871828	0.000000	-49.955445	0.000000	0.989560	-0.000011	-0.000023	-0.000246	NaN	NaN	NaN	NaN	NaN
147.000000	1438.641922	1.000000	1449.065353	1.000000	1438.577600	-49.883938	0.000000	-49.917405	0.000000	1.028753	-0.000009	-0.000024	-0.000235	NaN	NaN	NaN	NaN	NaN
148.000000	1438.641922	1.000000	1470.372004	1.000000	1438.577600	-49.905873	0.000000	-49.829996	0.000000	0.828755	-0.000014	-0.000026	-0.000217	NaN	NaN	NaN	NaN	NaN
149.000000	1438.641922	1.000000	1492.314580	1.000000	1438.577600	-49.922414	0.000000	-49.886352	0.000000	0.521690	-0.000019	-0.000030	-0.000227	NaN	NaN	NaN	NaN	NaN
150.000000	1438.641922	1.000000	1514.921982	1.000000	1438.577600	-49.905191	0.000000	-49.875023	0.000000	0.284220	-0.000023	-0.000031	-0.000225	NaN	NaN	NaN	NaN	NaN
151.000000	1438.641922	1.000000	1538.224888	1.000000	1438.577600	-49.876264	0.000000	-49.903873	0.000000	0.142205	-0.000024	-0.000033	-0.000227	NaN	NaN	NaN	NaN	NaN
152.000000	1438.641922	1.000000	1562.255898	1.000000	1438.577600	-49.929510	0.000000	-49.943674	0.000000	0.064719	-0.000027	-0.000032	-0.000208	NaN	NaN	NaN	NaN	NaN
153.000000	1438.641922	1.000000	1587.049675	1.000000	1438.577600	-49.907584	0.000000	-49.905933	0.000000	0.017123	-0.000027	-0.000031	-0.000209	NaN	NaN	NaN	NaN	NaN
154.000000	1459.640928	1.000000	1265.662574	1.000000	1459.742100	-49.937303	0.000000	-49.893702	0.000000	0.156687	-0.000023	-0.000030	-0.000199	NaN	NaN	NaN	NaN	NaN
155.000000	1459.640928	1.000000	1281.886938	1.000000	1459.742100	-49.957368	0.000000	-49.884440	0.000000	0.163004	-0.000023	-0.000034	-0.000192	NaN	NaN	NaN	NaN	NaN
156.000000	1459.640928	1.000000	1298.532658	1.000000	1459.742100	-49.937324	0.000000	-49.911209	0.000000	0.165954	-0.000026	-0.000034	-0.000215	NaN	NaN	NaN	NaN	NaN
157.000000	1459.640928	1.000000	1315.616366	1.000000	1459.742100	-49.859966	0.000000	-49.955913	0.000000	0.186397	-0.000024	-0.000030	-0.000211	NaN	NaN	NaN	NaN	NaN
158.000000	1459.640928	1.000000	1333.155579	1.000000	1459.742100	-49.969574	0.000000	-49.881335	0.000000	0.207136	-0.000022	-0.000027	-0.000203	NaN	NaN	NaN	NaN	NaN
159.000000	1459.640928	1.000000	1351.168761	1.000000	1459.742100	-49.876917	0.000000	-49.941612	0.000000	0.282588	-0.000023	-0.000027	-0.000210	NaN	NaN	NaN	NaN	NaN
160.000000	1459.640928	1.000000	1369.675387	1.000000	1459.742100	-49.853169	0.000000	-49.955908	0.000000	0.404772	-0.000022	-0.000032	-0.000200	NaN	NaN	NaN	NaN	NaN
161.000000	1459.640928	1.000000	1388.696014	1.000000	1459.742100	-49.949060	0.000000	-49.902162	0.000000	0.558221	-0.000017	-0.000027	-0.000229	NaN	NaN	NaN	NaN	NaN
162.000000	1459.640928	1.000000	1408.252359	1.000000	1459.742100	-49.963343	0.000000	-49.891467	0.000000	0.716200	-0.000016	-0.000025	-0.000213	NaN	NaN	NaN	NaN	NaN
163.000000	1459.640928	1.000000	1428.367376	1.000000	1459.742100	-49.967949	0.000000	-49.918141	0.000000	0.915568	-0.000012	-0.000025	-0.000229	NaN	NaN	NaN	NaN	NaN
164.000000	1459.640928	1.000000	1449.065353	1.000000	1459.742100	-49.846634	0.000000	-49.946813	0.000000	1.035878	-0.000011	-0.000021	-0.000208	NaN	NaN	NaN	NaN	NaN
165.000000	1459.640928	1.000000	1470.372004	1.000000	1459.742100	-49.868568	0.000000	-49.859404	0.000000	0.887710	-0.000010	-0.000025	-0.000205	NaN	NaN	NaN	NaN	NaN
166.000000	1459.640928	1.000000	1492.314580	1.000000	1459.742100	-49.885109	0.000000	-49.849048	0.000000	0.582473	-0.000017	-0.000027	-0.000222	NaN	NaN	NaN	NaN	NaN
167.000000	1459.640928	1.000000	1514.921982	1.000000	1459.742100	-49.934599	0.000000	-49.904432	0.000000	0.312620	-0.000020	-0.000028	-0.000214	NaN	NaN	NaN	NaN	NaN
168.000000	1459.640928	1.000000	1538.224888	1.000000	1459.742100	-49.838959	0.000000	-49.933281	0.000000	0.145555	-0.000023	-0.000034	-0.000216	NaN	NaN	NaN	NaN	NaN
169.000000	1459.640928	1.000000	1562.255898	1.000000	1459.742100	-49.958918	0.000000	-49.906369	0.000000	0.066995	-0.000026	-0.000031	-0.000200	NaN	NaN	NaN	NaN	NaN
170.000000	1459.640928	1.000000	1587.049675	1.000000	1459.742100	-49.870279	0.000000	-49.935341	0.000000	0.016876	-0.000027	-0.000031	-0.000199	NaN	NaN	NaN	NaN	NaN
171.000000	1481.262035	1.000000	1265.662574	1.000000	1481.313200	-49.929123	0.000000	-49.885521	0.000000	0.155923	-0.000021	-0.000028	-0.000198	NaN	NaN	NaN	NaN	NaN
172.000000	1481.262035	1.000000	1281.886938	1.000000	1481.313200	-49.949187	0.000000	-49.876259	0.000000	0.162761	-0.000022	-0.000030	-0.000201	NaN	NaN	NaN	NaN	NaN
173.000000	1481.262035	1.000000	1298.532658	1.000000	1481.313200	-49.862430	0.000000	-49.969741	0.000000	0.157239	-0.000025	-0.000032	-0.000206	NaN	NaN	NaN	NaN	NaN
174.000000	1481.262035	1.000000	1315.616366	1.000000	1481.313200	-49.851785	0.000000	-49.814307	0.000000	0.174133	-0.000024	-0.000032	-0.000202	NaN	NaN	NaN	NaN	NaN
175.000000	1481.262035	1.000000	1333.155579	1.000000	1481.313200	-49.827968	0.000000	-49.873155	0.000000	0.186695	-0.000023	-0.000029	-0.000213	NaN	NaN	NaN	NaN	NaN
176.000000	1481.262035	1.000000	1351.168761	1.000000	1481.313200	-49.868737	0.000000	-49.866718	0.000000	0.257152	-0.000025	-0.000029	-0.000203	NaN	NaN	NaN	NaN	NaN
177.000000	1481.262035	1.000000	1369.675387	1.000000	1481.313200	-49.911701	0.000000	-49.947727	0.000000	0.359038	-0.000023	-0.000028	-0.000208	NaN	NaN	NaN	NaN	NaN
178.000000	1481.262035	1.000000	1388.696014	1.000000	1481.313200	-49.940879	0.000000	-49.960694	0.000000	0.505547	-0.000021	-0.000026	-0.000214	NaN	NaN	NaN	NaN	NaN
179.000000	1481.262035	1.000000	1408.252359	1.000000	1481.313200	-49.821737	0.000000	-49.949999	0.000000	0.661774	-0.000017	-0.000028	-0.000215	NaN	NaN	NaN	NaN	NaN
180.000000	1481.262035	1.000000	1428.367376	1.000000	1481.313200	-49.826342	0.000000	-49.909960	0.000000	0.881180	-0.000011	-0.000021	-0.000202	NaN	NaN	NaN	NaN	NaN
181.000000	1481.262035	1.000000	1449.065353	1.000000	1481.313200	-49.905166	0.000000	-49.938632	0.000000	1.086530	-0.000008	-0.000027	-0.000238	NaN	NaN	NaN	NaN	NaN
182.000000	1481.262035	1.000000	1470.372004	1.000000	1481.313200	-49.927101	0.000000	-49.851223	0.000000	0.967051	-0.000010	-0.000025	-0.000229	NaN	NaN	NaN	NaN	NaN
183.000000	1481.262035	1.000000	1492.314580	1.000000	1481.313200	-49.943641	0.000000	-49.907580	0.000000	0.669913	-0.000017	-0.000030	-0.000218	NaN	NaN	NaN	NaN	NaN
184.000000	1481.262035	1.000000	1514.921982	1.000000	1481.313200	-49.926418	0.000000	-49.896251	0.000000	0.397819	-0.000018	-0.000027	-0.000190	NaN	NaN	NaN	NaN	NaN
185.000000	1481.262035	1.000000	1538.224888	1.000000	1481.313200	-49.897491	0.000000	-49.925100	0.000000	0.178358	-0.000025	-0.000033	-0.000213	NaN	NaN	NaN	NaN	NaN
186.000000	1481.262035	1.000000	1562.255898	1.000000	1481.313200	-49.817311	0.000000	-49.964901	0.000000	0.079957	-0.000026	-0.000030	-0.000217	NaN	NaN	NaN	NaN	NaN
187.000000	1481.262035	1.000000	1587.049675	1.000000	1481.313200	-49.928811	0.000000	-49.927160	0.000000	0.022615	-0.000025	-0.000031	-0.000210	NaN	NaN	NaN	NaN	NaN
188.000000	1503.533303	1.000000	1265.662574	1.000000	1503.496100	-49.892692	0.000000	-49.849091	0.000000	0.111109	-0.000024	-0.000032	-0.000207	NaN	NaN	NaN	NaN	NaN
189.000000	1503.533303	1.000000	1281.886938	1.000000	1503.496100	-49.912756	0.000000	-49.839828	0.000000	0.119241	-0.000028	-0.000034	-0.000223	NaN	NaN	NaN	NaN	NaN
190.000000	1503.533303	1.000000	1298.532658	1.000000	1503.496100	-49.892712	0.000000	-49.933311	0.000000	0.107747	-0.000026	-0.000030	-0.000207	NaN	NaN	NaN	NaN	NaN
191.000000	1503.533303	1.000000	1315.616366	1.000000	1503.496100	-49.948780	0.000000	-49.911302	0.000000	0.129493	-0.000025	-0.000031	-0.000218	NaN	NaN	NaN	NaN	NaN
192.000000	1503.533303	1.000000	1333.155579	1.000000	1503.496100	-49.924962	0.000000	-49.836724	0.000000	0.135591	-0.000026	-0.000028	-0.000201	NaN	NaN	NaN	NaN	NaN
193.000000	1503.533303	1.000000	1351.168761	1.000000	1503.496100	-49.965731	0.000000	-49.897000	0.000000	0.183994	-0.000024	-0.000033	-0.000221	NaN	NaN	NaN	NaN	NaN
194.000000	1503.533303	1.000000	1369.675387	1.000000	1503.496100	-49.875270	0.000000	-49.911296	0.000000	0.261450	-0.000024	-0.000029	-0.000218	NaN	NaN	NaN	NaN	NaN
195.000000	1503.533303	1.000000	1388.696014	1.000000	1503.496100	-49.904448	0.000000	-49.924263	0.000000	0.366901	-0.000022	-0.000031	-0.000202	NaN	NaN	NaN	NaN	NaN
196.000000	1503.533303	1.000000	1408.252359	1.000000	1503.496100	-49.918732	0.000000	-49.846856	0.000000	0.482470	-0.000019	-0.000032	-0.000214	NaN	NaN	NaN	NaN	NaN
197.000000	1503.533303	1.000000	1428.367376	1.000000	1503.496100	-49.923337	0.000000	-49.873529	0.000000	0.672672	-0.000016	-0.000027	-0.000204	NaN	NaN	NaN	NaN	NaN
198.000000	1503.533303	1.000000	1449.065353	1.000000	1503.496100	-49.868735	0.000000	-49.902201	0.000000	0.869123	-0.000014	-0.000028	-0.000215	NaN	NaN	NaN	NaN	NaN
199.000000	1503.533303	1.000000	1470.372004	1.000000	1503.496100	-49.823957	0.000000	-49.948218	0.000000	0.834377	-0.000012	-0.000027	-0.000229	NaN	NaN	NaN	NaN	NaN
200.000000	1503.533303	1.000000	1492.314580	1.000000	1503.496100	-49.907211	0.000000	-49.937862	0.000000	0.692287	-0.000017	-0.000027	-0.000234	NaN	NaN	NaN	NaN	NaN
201.000000	1503.533303	1.000000	1514.921982	1.000000	1503.496100	-49.889987	0.000000	-49.859820	0.000000	0.408841	-0.000021	-0.000030	-0.000223	NaN	NaN	NaN	NaN	NaN
202.000000	1503.533303	1.000000	1538.224888	1.000000	1503.496100	-49.927773	0.000000	-49.888669	0.000000	0.163419	-0.000025	-0.000029	-0.000213	NaN	NaN	NaN	NaN	NaN
203.000000	1503.533303	1.000000	1562.255898	1.000000	1503.496100	-49.914306	0.000000	-49.861758	0.000000	0.065236	-0.000027	-0.000034	-0.000209	NaN	NaN	NaN	NaN	NaN
204.000000	1503.533303	1.000000	1587.049675	1.000000	1503.496100	-49.892380	0.000000	-49.890729	0.000000	0.018187	-0.000028	-0.000030	-0.000198	NaN	NaN	NaN	NaN	NaN
205.000000	1526.484506	1.000000	1265.662574	1.000000	1526.495700	-49.825260	0.000000	-49.915085	0.000000	0.073630	-0.000026	-0.000032	-0.000199	NaN	NaN	NaN	NaN	NaN
206.000000	1526.484506	1.000000	1281.886938	1.000000	1526.495700	-49.845325	0.000000	-49.972535	0.000000	0.079558	-0.000026	-0.000032	-0.000207	NaN	NaN	NaN	NaN	NaN
207.000000	1526.484506	1.000000	1298.532658	1.000000	1526.495700	-49.891993	0.000000	-49.865879	0.000000	0.076450	-0.000026	-0.000035	-0.000206	NaN	NaN	NaN	NaN	NaN
208.000000	1526.484506	1.000000	1315.616366	1.000000	1526.495700	-49.881349	0.000000	-49.910583	0.000000	0.089750	-0.000024	-0.000032	-0.000208	NaN	NaN	NaN	NaN	NaN
209.000000	1526.484506	1.000000	1333.155579	1.000000	1526.495700	-49.924244	0.000000	-49.902718	0.000000	0.094846	-0.000027	-0.000032	-0.000214	NaN	NaN	NaN	NaN	NaN
210.000000	1526.484506	1.000000	1351.168761	1.000000	1526.495700	-49.898300	0.000000	-49.896282	0.000000	0.129733	-0.000023	-0.000032	-0.000214	NaN	NaN	NaN	NaN	NaN
211.000000	1526.484506	1.000000	1369.675387	1.000000	1526.495700	-49.941265	0.000000	-49.843865	0.000000	0.190385	-0.000025	-0.000032	-0.000216	NaN	NaN	NaN	NaN	NaN
212.000000	1526.484506	1.000000	1388.696014	1.000000	1526.495700	-49.837017	0.000000	-49.856831	0.000000	0.279245	-0.000023	-0.000029	-0.000188	NaN	NaN	NaN	NaN	NaN
213.000000	1526.484506	1.000000	1408.252359	1.000000	1526.495700	-49.851300	0.000000	-49.979562	0.000000	0.376062	-0.000021	-0.000032	-0.000210	NaN	NaN	NaN	NaN	NaN
214.000000	1526.484506	1.000000	1428.367376	1.000000	1526.495700	-49.922619	0.000000	-49.872810	0.000000	0.512714	-0.000020	-0.000029	-0.000219	NaN	NaN	NaN	NaN	NaN
215.000000	1526.484506	1.000000	1449.065353	1.000000	1526.495700	-49.934729	0.000000	-49.834770	0.000000	0.703850	-0.000015	-0.000027	-0.000228	NaN	NaN	NaN	NaN	NaN
216.000000	1526.484506	1.000000	1470.372004	1.000000	1526.495700	-49.956664	0.000000	-49.880786	0.000000	0.717476	-0.000018	-0.000029	-0.000224	NaN	NaN	NaN	NaN	NaN
217.000000	1526.484506	1.000000	1492.314580	1.000000	1526.495700	-49.973205	0.000000	-49.937143	0.000000	0.514803	-0.000020	-0.000029	-0.000209	NaN	NaN	NaN	NaN	NaN
218.000000	1526.484506	1.000000	1514.921982	1.000000	1526.495700	-49.889268	0.000000	-49.925814	0.000000	0.282100	-0.000023	-0.000027	-0.000209	NaN	NaN	NaN	NaN	NaN
219.000000	1526.484506	1.000000	1538.224888	1.000000	1526.495700	-49.927054	0.000000	-49.821238	0.000000	0.155302	-0.000024	-0.000033	-0.000198	NaN	NaN	NaN	NaN	NaN
220.000000	1526.484506	1.000000	1562.255898	1.000000	1526.495700	-49.913588	0.000000	-49.861039	0.000000	0.064652	-0.000024	-0.000034	-0.000228	NaN	NaN	NaN	NaN	NaN
221.000000	1526.484506	1.000000	1587.049675	1.000000	1526.495700	-49.958375	0.000000	-49.823298	0.000000	0.018777	-0.000025	-0.000034	-0.000216	NaN	NaN	NaN	NaN	NaN
