0.000000	1515.151515	1.000000	1428.571429	1.000000	6599.780095	200.085323	0.000000	200.044362	0.000000	-0.005026	-0.000027	-0.005858	-0.000205	NaN	NaN	NaN	NaN	NaN
0.000000	1515.151515	1.000000	1428.571429	1.000000	6599.780095	200.085323	0.000000	500.051909	0.000000	-0.005691	-0.000024	-0.006134	-0.000209	NaN	NaN	NaN	NaN	NaN
2.000000	1515.151515	1.000000	1428.571429	1.000000	6599.780095	190.078400	0.000000	189.970726	0.000000	-0.005452	-0.000028	-0.005893	-0.000205	NaN	NaN	NaN	NaN	NaN
3.000000	1515.151515	1.000000	1428.571429	1.000000	6599.780095	180.004764	0.000000	180.097229	0.000000	-0.005040	-0.000029	-0.005907	-0.000204	NaN	NaN	NaN	NaN	NaN
4.000000	1515.151515	1.000000	1428.571429	1.000000	6599.780095	170.131267	0.000000	170.023593	0.000000	-0.005258	-0.000025	-0.006058	-0.000209	NaN	NaN	NaN	NaN	NaN
5.000000	1515.151515	1.000000	1428.571429	1.000000	6599.780095	160.057631	0.000000	160.016670	0.000000	-0.005918	-0.000027	-0.006248	-0.000205	NaN	NaN	NaN	NaN	NaN
6.000000	1515.151515	1.000000	1428.571429	1.000000	6599.780095	150.050708	0.000000	150.076460	0.000000	-0.005624	-0.000025	-0.006143	-0.000200	NaN	NaN	NaN	NaN	NaN
7.000000	1515.151515	1.000000	1428.571429	1.000000	6599.780095	139.977073	0.000000	140.069537	0.000000	-0.005781	-0.000030	-0.006119	-0.000199	NaN	NaN	NaN	NaN	NaN
8.000000	1515.151515	1.000000	1428.571429	1.000000	6599.780095	130.103576	0.000000	129.995902	0.000000	-0.006501	-0.000030	-0.006560	-0.000199	NaN	NaN	NaN	NaN	NaN
9.000000	1515.151515	1.000000	1428.571429	1.000000	6599.780095	120.029940	0.000000	120.122404	0.000000	-0.004911	-0.000028	-0.005924	-0.000205	NaN	NaN	NaN	NaN	NaN
10.000000	1515.151515	1.000000	1428.571429	1.000000	6599.780095	110.023017	0.000000	110.048769	0.000000	-0.006228	-0.000026	-0.006492	-0.000205	NaN	NaN	NaN	NaN	NaN
11.000000	1515.151515	1.000000	1428.571429	1.000000	6599.780095	100.082807	0.000000	100.041846	0.000000	-0.005684	-0.000027	-0.006304	-0.000204	NaN	NaN	NaN	NaN	NaN
12.000000	1515.151515	1.000000	1428.571429	1.000000	6599.780095	90.075884	0.000000	90.101636	0.000000	-0.006213	-0.000027	-0.006388	-0.000211	NaN	NaN	NaN	NaN	NaN
13.000000	1515.151515	1.000000	1428.571429	1.000000	6599.780095	80.002248	0.000000	80.094713	0.000000	-0.006183	-0.000027	-0.006403	-0.000197	NaN	NaN	NaN	NaN	NaN
14.000000	1515.151515	1.000000	1428.571429	1.000000	6599.780095	70.128751	0.000000	70.021077	0.000000	-0.005128	-0.000028	-0.006030	-0.000201	NaN	NaN	NaN	NaN	NaN
15.000000	1515.151515	1.000000	1428.571429	1.000000	6599.780095	60.055116	0.000000	60.080867	0.000000	-0.006156	-0.000030	-0.006419	-0.000204	NaN	NaN	NaN	NaN	NaN
16.000000	1515.151515	1.000000	1428.571429	1.000000	6599.780095	50.048193	0.000000	50.073944	0.000000	-0.005964	-0.000028	-0.006311	-0.000201	NaN	NaN	NaN	NaN	NaN
17.000000	1515.151515	1.000000	1428.571429	1.000000	6599.780095	40.107983	0.000000	40.067022	0.000000	-0.004909	-0.000028	-0.005842	-0.000205	NaN	NaN	NaN	NaN	NaN
18.000000	1515.151515	1.000000	1428.571429	1.000000	6599.780095	30.101060	0.000000	29.993386	0.000000	-0.004917	-0.000028	-0.005992	-0.000204	NaN	NaN	NaN	NaN	NaN
19.000000	1515.151515	1.000000	1428.571429	1.000000	6599.780095	20.027424	0.000000	20.053176	0.000000	-0.004310	-0.000028	-0.005502	-0.000211	NaN	NaN	NaN	NaN	NaN
20.000000	1515.151515	1.000000	1428.571429	1.000000	6599.780095	10.020501	0.000000	10.046253	0.000000	-0.001105	-0.000027	-0.004037	-0.000205	NaN	NaN	NaN	NaN	NaN
21.000000	1515.151515	1.000000	1428.571429	1.000000	6599.780095	0.080291	0.000000	0.039330	0.000000	0.001110	-0.000028	-0.002929	-0.000212	NaN	NaN	NaN	NaN	NaN
22.000000	1515.151515	1.000000	1428.571429	1.000000	6599.780095	-9.926632	0.000000	-9.900880	0.000000	0.007002	-0.000027	-0.000050	-0.000212	NaN	NaN	NaN	NaN	NaN
23.000000	1515.151515	1.000000	1428.571429	1.000000	6599.780095	-20.000267	0.000000	-19.974516	0.000000	0.016297	-0.000028	0.004550	-0.000214	NaN	NaN	NaN	NaN	NaN
24.000000	1515.151515	1.000000	1428.571429	1.000000	6599.780095	-29.873765	0.000000	-29.981438	0.000000	0.027355	-0.000028	0.009982	-0.000213	NaN	NaN	NaN	NaN	NaN
25.000000	1515.151515	1.000000	1428.571429	1.000000	6599.780095	-39.947400	0.000000	-39.921649	0.000000	0.044466	-0.000028	0.018016	-0.000217	NaN	NaN	NaN	NaN	NaN
26.000000	1515.151515	1.000000	1428.571429	1.000000	6599.780095	-49.954323	0.000000	-49.928571	0.000000	0.065292	-0.000028	0.028590	-0.000217	NaN	NaN	NaN	NaN	NaN
27.000000	1515.151515	1.000000	1428.571429	1.000000	6599.780095	-59.894533	0.000000	-60.002207	0.000000	0.091846	-0.000026	0.040915	-0.000213	NaN	NaN	NaN	NaN	NaN
28.000000	1515.151515	1.000000	1428.571429	1.000000	6599.780095	-69.901456	0.000000	-69.875704	0.000000	0.105901	-0.000026	0.048126	-0.000219	NaN	NaN	NaN	NaN	NaN
29.000000	1515.151515	1.000000	1428.571429	1.000000	6599.780095	-79.975092	0.000000	-79.949340	0.000000	0.122590	-0.000026	0.055993	-0.000218	NaN	NaN	NaN	NaN	NaN
30.000000	1515.151515	1.000000	1428.571429	1.000000	6599.780095	-89.915302	0.000000	-89.956263	0.000000	0.124950	-0.000023	0.056968	-0.000207	NaN	NaN	NaN	NaN	NaN
31.000000	1515.151515	1.000000	1428.571429	1.000000	6599.780095	-99.922224	0.000000	-99.896473	0.000000	0.120605	-0.000025	0.055393	-0.000223	NaN	NaN	NaN	NaN	NaN
32.000000	1515.151515	1.000000	1428.571429	1.000000	6599.780095	-109.929147	0.000000	-109.903396	0.000000	0.136137	-0.000026	0.062077	-0.000219	NaN	NaN	NaN	NaN	NaN
33.000000	1515.151515	1.000000	1428.571429	1.000000	6599.780095	-120.002783	0.000000	-119.977031	0.000000	0.133825	-0.000028	0.061525	-0.000229	NaN	NaN	NaN	NaN	NaN
34.000000	1515.151515	1.000000	1428.571429	1.000000	6599.780095	-129.942993	0.000000	-129.983954	0.000000	0.140253	-0.000027	0.064376	-0.000221	NaN	NaN	NaN	NaN	NaN
35.000000	1515.151515	1.000000	1428.571429	1.000000	6599.780095	-139.949916	0.000000	-139.924164	0.000000	0.145947	-0.000027	0.067485	-0.000219	NaN	NaN	NaN	NaN	NaN
36.000000	1515.151515	1.000000	1428.571429	1.000000	6599.780095	-149.956839	0.000000	-149.931087	0.000000	0.150099	-0.000026	0.069596	-0.000238	NaN	NaN	NaN	NaN	NaN
37.000000	1515.151515	1.000000	1428.571429	1.000000	6599.780095	-159.897049	0.000000	-160.004723	0.000000	0.157864	-0.000026	0.073013	-0.000213	NaN	NaN	NaN	NaN	NaN
38.000000	1515.151515	1.000000	1428.571429	1.000000	6599.780095	-169.970684	0.000000	-169.878220	0.000000	0.160698	-0.000024	0.074431	-0.000209	NaN	NaN	NaN	NaN	NaN
39.000000	1515.151515	1.000000	1428.571429	1.000000	6599.780095	-179.977607	0.000000	-179.951856	0.000000	0.156763	-0.000025	0.073166	-0.000214	NaN	NaN	NaN	NaN	NaN
40.000000	1515.151515	1.000000	1428.571429	1.000000	6599.780095	-189.917817	0.000000	-189.958779	0.000000	0.156151	-0.000025	0.072008	-0.000220	NaN	NaN	NaN	NaN	NaN
41.000000	1515.151515	1.000000	1428.571429	1.000000	6599.780095	-199.924740	0.000000	-199.898989	0.000000	0.142605	-0.000025	0.066071	-0.000212	NaN	NaN	NaN	NaN	NaN
42.000000	1515.151515	1.000000	1428.571429	1.000000	6599.780095	-209.998376	0.000000	-209.905911	0.000000	0.151280	-0.000026	0.069727	-0.000213	NaN	NaN	NaN	NaN	NaN
43.000000	1515.151515	1.000000	1428.571429	1.000000	6599.780095	-219.871873	0.000000	-219.979547	0.000000	0.139726	-0.000025	0.064562	-0.000221	NaN	NaN	NaN	NaN	NaN
44.000000	1515.151515	1.000000	1428.571429	1.000000	6599.780095	-229.945509	0.000000	-229.853044	0.000000	0.149230	-0.000024	0.069226	-0.000211	NaN	NaN	NaN	NaN	NaN
45.000000	1515.151515	1.000000	1428.571429	1.000000	6599.780095	-239.952432	0.000000	-239.926680	0.000000	0.145193	-0.000024	0.066910	-0.000206	NaN	NaN	NaN	NaN	NaN
46.000000	1515.151515	1.000000	1428.571429	1.000000	6599.780095	-249.892642	0.000000	-249.933603	0.000000	0.147632	-0.000026	0.068184	-0.000226	NaN	NaN	NaN	NaN	NaN
47.000000	1515.151515	1.000000	1428.571429	1.000000	6599.780095	-259.899565	0.000000	-260.007239	0.000000	0.139964	-0.000026	0.064457	-0.000226	NaN	NaN	NaN	NaN	NaN
48.000000	1515.151515	1.000000	1428.571429	1.000000	6599.780095	-269.973200	0.000000	-269.880736	0.000000	0.144131	-0.000025	0.066436	-0.000218	NaN	NaN	NaN	NaN	NaN
49.000000	1515.151515	1.000000	1428.571429	1.000000	6599.780095	-279.980123	0.000000	-279.954371	0.000000	0.139607	-0.000025	0.063949	-0.000221	NaN	NaN	NaN	NaN	NaN
50.000000	1515.151515	1.000000	1428.571429	1.000000	6599.780095	-289.920333	0.000000	-289.961294	0.000000	0.139681	-0.000026	0.064118	-0.000224	NaN	NaN	NaN	NaN	NaN
51.000000	1515.151515	1.000000	1428.571429	1.000000	6599.780095	-299.927256	0.000000	-299.901504	0.000000	0.141557	-0.000027	0.065371	-0.000224	NaN	NaN	NaN	NaN	NaN
52.000000	1515.151515	1.000000	1428.571429	1.000000	6599.780095	-310.000892	0.000000	-309.975140	0.000000	0.142307	-0.000027	0.066055	-0.000205	NaN	NaN	NaN	NaN	NaN
53.000000	1515.151515	1.000000	1428.571429	1.000000	6599.780095	-319.874389	0.000000	-319.982063	0.000000	0.140945	-0.000025	0.064358	-0.000224	NaN	NaN	NaN	NaN	NaN
54.000000	1515.151515	1.000000	1428.571429	1.000000	6599.780095	-329.948025	0.000000	-329.922273	0.000000	0.146553	-0.000026	0.067948	-0.000218	NaN	NaN	NaN	NaN	NaN
55.000000	1515.151515	1.000000	1428.571429	1.000000	6599.780095	-339.954947	0.000000	-339.929196	0.000000	0.136067	-0.000026	0.062845	-0.000222	NaN	NaN	NaN	NaN	NaN
56.000000	1515.151515	1.000000	1428.571429	1.000000	6599.780095	-349.895157	0.000000	-350.002831	0.000000	0.132590	-0.000027	0.060915	-0.000226	NaN	NaN	NaN	NaN	NaN
57.000000	1515.151515	1.000000	1428.571429	1.000000	6599.780095	-359.902080	0.000000	-359.876329	0.000000	0.143207	-0.000026	0.065935	-0.000220	NaN	NaN	NaN	NaN	NaN
58.000000	1515.151515	1.000000	1428.571429	1.000000	6599.780095	-369.975716	0.000000	-369.949964	0.000000	0.136238	-0.000026	0.062500	-0.000218	NaN	NaN	NaN	NaN	NaN
59.000000	1515.151515	1.000000	1428.571429	1.000000	6599.780095	-379.915926	0.000000	-379.956887	0.000000	0.133851	-0.000026	0.061299	-0.000231	NaN	NaN	NaN	NaN	NaN
60.000000	1515.151515	1.000000	1428.571429	1.000000	6599.780095	-389.922849	0.000000	-389.897097	0.000000	0.134703	-0.000027	0.061897	-0.000230	NaN	NaN	NaN	NaN	NaN
61.000000	1515.151515	1.000000	1428.571429	1.000000	6599.780095	-399.929772	0.000000	-399.904020	0.000000	0.131642	-0.000026	0.060726	-0.000211	NaN	NaN	NaN	NaN	NaN
