0.000000	1388.888889	1.000000	1428.571429	1.000000	7200.276260	200.100310	0.000000	199.992636	0.000000	0.000424	-0.000027	-0.003210	-0.000195	NaN	NaN	NaN	NaN	NaN
1.000000	1388.888889	1.000000	1428.571429	1.000000	7200.276260	200.100310	0.000000	500.066897	0.000000	0.000292	-0.000024	-0.003318	-0.000208	NaN	NaN	NaN	NaN	NaN
3.000000	1388.888889	1.000000	1428.571429	1.000000	7200.276260	180.019752	0.000000	180.045504	0.000000	0.000973	-0.000026	-0.002820	-0.000200	NaN	NaN	NaN	NaN	NaN
4.000000	1388.888889	1.000000	1428.571429	1.000000	7200.276260	170.079542	0.000000	170.038581	0.000000	0.003616	-0.000025	-0.001560	-0.000183	NaN	NaN	NaN	NaN	NaN
5.000000	1388.888889	1.000000	1428.571429	1.000000	7200.276260	160.072619	0.000000	160.098371	0.000000	0.002526	-0.000025	-0.002350	-0.000210	NaN	NaN	NaN	NaN	NaN
6.000000	1388.888889	1.000000	1428.571429	1.000000	7200.276260	149.998983	0.000000	150.024735	0.000000	0.005118	-0.000026	-0.000953	-0.000201	NaN	NaN	NaN	NaN	NaN
7.000000	1388.888889	1.000000	1428.571429	1.000000	7200.276260	140.125486	0.000000	140.017812	0.000000	0.003553	-0.000028	-0.001657	-0.000203	NaN	NaN	NaN	NaN	NaN
8.000000	1388.888889	1.000000	1428.571429	1.000000	7200.276260	130.051850	0.000000	130.077602	0.000000	0.002759	-0.000027	-0.002004	-0.000208	NaN	NaN	NaN	NaN	NaN
9.000000	1388.888889	1.000000	1428.571429	1.000000	7200.276260	120.044928	0.000000	120.070679	0.000000	0.005080	-0.000027	-0.001008	-0.000215	NaN	NaN	NaN	NaN	NaN
10.000000	1388.888889	1.000000	1428.571429	1.000000	7200.276260	110.104718	0.000000	109.997044	0.000000	0.001392	-0.000026	-0.002636	-0.000196	NaN	NaN	NaN	NaN	NaN
11.000000	1388.888889	1.000000	1428.571429	1.000000	7200.276260	100.097795	0.000000	100.123546	0.000000	0.003848	-0.000026	-0.001414	-0.000201	NaN	NaN	NaN	NaN	NaN
12.000000	1388.888889	1.000000	1428.571429	1.000000	7200.276260	90.024159	0.000000	90.049911	0.000000	0.003260	-0.000027	-0.001896	-0.000211	NaN	NaN	NaN	NaN	NaN
13.000000	1388.888889	1.000000	1428.571429	1.000000	7200.276260	80.083949	0.000000	80.042988	0.000000	0.001018	-0.000028	-0.003129	-0.000203	NaN	NaN	NaN	NaN	NaN
14.000000	1388.888889	1.000000	1428.571429	1.000000	7200.276260	70.077026	0.000000	70.102778	0.000000	0.004902	-0.000025	-0.000887	-0.000204	NaN	NaN	NaN	NaN	NaN
15.000000	1388.888889	1.000000	1428.571429	1.000000	7200.276260	60.070103	0.000000	60.095855	0.000000	0.003973	-0.000028	-0.001714	-0.000206	NaN	NaN	NaN	NaN	NaN
16.000000	1388.888889	1.000000	1428.571429	1.000000	7200.276260	50.129893	0.000000	50.022219	0.000000	0.002351	-0.000027	-0.002414	-0.000196	NaN	NaN	NaN	NaN	NaN
17.000000	1388.888889	1.000000	1428.571429	1.000000	7200.276260	40.056258	0.000000	40.148722	0.000000	0.007200	-0.000028	0.000120	-0.000202	NaN	NaN	NaN	NaN	NaN
18.000000	1388.888889	1.000000	1428.571429	1.000000	7200.276260	30.049335	0.000000	30.075086	0.000000	0.004641	-0.000024	-0.001097	-0.000205	NaN	NaN	NaN	NaN	NaN
19.000000	1388.888889	1.000000	1428.571429	1.000000	7200.276260	19.975699	0.000000	20.068164	0.000000	0.001919	-0.000027	-0.002488	-0.000205	NaN	NaN	NaN	NaN	NaN
20.000000	1388.888889	1.000000	1428.571429	1.000000	7200.276260	10.102202	0.000000	9.994528	0.000000	0.007323	-0.000027	-0.000084	-0.000206	NaN	NaN	NaN	NaN	NaN
21.000000	1388.888889	1.000000	1428.571429	1.000000	7200.276260	0.028566	0.000000	0.121031	0.000000	0.010722	-0.000025	0.001668	-0.000204	NaN	NaN	NaN	NaN	NaN
22.000000	1388.888889	1.000000	1428.571429	1.000000	7200.276260	-9.978357	0.000000	-9.952605	0.000000	0.020014	-0.000026	0.006371	-0.000190	NaN	NaN	NaN	NaN	NaN
23.000000	1388.888889	1.000000	1428.571429	1.000000	7200.276260	-19.918567	0.000000	-19.959528	0.000000	0.036484	-0.000026	0.014383	-0.000213	NaN	NaN	NaN	NaN	NaN
24.000000	1388.888889	1.000000	1428.571429	1.000000	7200.276260	-29.925490	0.000000	-29.899738	0.000000	0.047079	-0.000026	0.019636	-0.000195	NaN	NaN	NaN	NaN	NaN
25.000000	1388.888889	1.000000	1428.571429	1.000000	7200.276260	-39.999125	0.000000	-39.906661	0.000000	0.049544	-0.000024	0.020798	-0.000196	NaN	NaN	NaN	NaN	NaN
26.000000	1388.888889	1.000000	1428.571429	1.000000	7200.276260	-49.872623	0.000000	-49.980296	0.000000	0.052716	-0.000025	0.022097	-0.000199	NaN	NaN	NaN	NaN	NaN
27.000000	1388.888889	1.000000	1428.571429	1.000000	7200.276260	-59.946258	0.000000	-59.853794	0.000000	0.048142	-0.000027	0.019975	-0.000212	NaN	NaN	NaN	NaN	NaN
28.000000	1388.888889	1.000000	1428.571429	1.000000	7200.276260	-69.953181	0.000000	-69.927429	0.000000	0.039502	-0.000025	0.015613	-0.000216	NaN	NaN	NaN	NaN	NaN
29.000000	1388.888889	1.000000	1428.571429	1.000000	7200.276260	-79.893391	0.000000	-79.934352	0.000000	0.042019	-0.000027	0.016960	-0.000218	NaN	NaN	NaN	NaN	NaN
30.000000	1388.888889	1.000000	1428.571429	1.000000	7200.276260	-89.900314	0.000000	-90.007988	0.000000	0.044138	-0.000026	0.017871	-0.000193	NaN	NaN	NaN	NaN	NaN
31.000000	1388.888889	1.000000	1428.571429	1.000000	7200.276260	-99.973950	0.000000	-99.948198	0.000000	0.052258	-0.000026	0.022127	-0.000198	NaN	NaN	NaN	NaN	NaN
32.000000	1388.888889	1.000000	1428.571429	1.000000	7200.276260	-109.980872	0.000000	-109.955121	0.000000	0.059439	-0.000025	0.025804	-0.000214	NaN	NaN	NaN	NaN	NaN
33.000000	1388.888889	1.000000	1428.571429	1.000000	7200.276260	-119.921083	0.000000	-119.962044	0.000000	0.060512	-0.000026	0.025929	-0.000206	NaN	NaN	NaN	NaN	NaN
34.000000	1388.888889	1.000000	1428.571429	1.000000	7200.276260	-129.928005	0.000000	-129.902254	0.000000	0.056751	-0.000026	0.023825	-0.000211	NaN	NaN	NaN	NaN	NaN
35.000000	1388.888889	1.000000	1428.571429	1.000000	7200.276260	-140.001641	0.000000	-139.975889	0.000000	0.051754	-0.000026	0.022034	-0.000201	NaN	NaN	NaN	NaN	NaN
36.000000	1388.888889	1.000000	1428.571429	1.000000	7200.276260	-149.875138	0.000000	-149.982812	0.000000	0.050098	-0.000027	0.021240	-0.000206	NaN	NaN	NaN	NaN	NaN
37.000000	1388.888889	1.000000	1428.571429	1.000000	7200.276260	-159.948774	0.000000	-159.923022	0.000000	0.053154	-0.000025	0.022136	-0.000200	NaN	NaN	NaN	NaN	NaN
38.000000	1388.888889	1.000000	1428.571429	1.000000	7200.276260	-169.955697	0.000000	-169.929945	0.000000	0.049726	-0.000026	0.020607	-0.000216	NaN	NaN	NaN	NaN	NaN
39.000000	1388.888889	1.000000	1428.571429	1.000000	7200.276260	-179.895907	0.000000	-180.003581	0.000000	0.044725	-0.000027	0.018508	-0.000196	NaN	NaN	NaN	NaN	NaN
40.000000	1388.888889	1.000000	1428.571429	1.000000	7200.276260	-189.902830	0.000000	-189.877078	0.000000	0.041588	-0.000027	0.016879	-0.000219	NaN	NaN	NaN	NaN	NaN
41.000000	1388.888889	1.000000	1428.571429	1.000000	7200.276260	-199.976465	0.000000	-199.950714	0.000000	0.044461	-0.000026	0.018291	-0.000204	NaN	NaN	NaN	NaN	NaN
42.000000	1388.888889	1.000000	1428.571429	1.000000	7200.276260	-209.916675	0.000000	-209.957637	0.000000	0.045825	-0.000029	0.018722	-0.000208	NaN	NaN	NaN	NaN	NaN
43.000000	1388.888889	1.000000	1428.571429	1.000000	7200.276260	-219.923598	0.000000	-219.897847	0.000000	0.043103	-0.000027	0.017647	-0.000200	NaN	NaN	NaN	NaN	NaN
44.000000	1388.888889	1.000000	1428.571429	1.000000	7200.276260	-229.930521	0.000000	-229.904769	0.000000	0.040856	-0.000026	0.016427	-0.000205	NaN	NaN	NaN	NaN	NaN
45.000000	1388.888889	1.000000	1428.571429	1.000000	7200.276260	-240.004157	0.000000	-239.978405	0.000000	0.039818	-0.000026	0.016092	-0.000203	NaN	NaN	NaN	NaN	NaN
46.000000	1388.888889	1.000000	1428.571429	1.000000	7200.276260	-249.944367	0.000000	-249.985328	0.000000	0.042656	-0.000027	0.017343	-0.000204	NaN	NaN	NaN	NaN	NaN
47.000000	1388.888889	1.000000	1428.571429	1.000000	7200.276260	-259.951290	0.000000	-259.925538	0.000000	0.042056	-0.000027	0.016995	-0.000204	NaN	NaN	NaN	NaN	NaN
48.000000	1388.888889	1.000000	1428.571429	1.000000	7200.276260	-269.958213	0.000000	-269.932461	0.000000	0.042581	-0.000026	0.017328	-0.000210	NaN	NaN	NaN	NaN	NaN
49.000000	1388.888889	1.000000	1428.571429	1.000000	7200.276260	-279.898423	0.000000	-280.006097	0.000000	0.043787	-0.000026	0.017749	-0.000211	NaN	NaN	NaN	NaN	NaN
50.000000	1388.888889	1.000000	1428.571429	1.000000	7200.276260	-289.972058	0.000000	-289.879594	0.000000	0.038614	-0.000028	0.015314	-0.000208	NaN	NaN	NaN	NaN	NaN
51.000000	1388.888889	1.000000	1428.571429	1.000000	7200.276260	-299.978981	0.000000	-299.953229	0.000000	0.037888	-0.000027	0.014896	-0.000209	NaN	NaN	NaN	NaN	NaN
52.000000	1388.888889	1.000000	1428.571429	1.000000	7200.276260	-309.919191	0.000000	-309.960152	0.000000	0.039680	-0.000029	0.015854	-0.000199	NaN	NaN	NaN	NaN	NaN
53.000000	1388.888889	1.000000	1428.571429	1.000000	7200.276260	-319.926114	0.000000	-319.900362	0.000000	0.039308	-0.000027	0.015571	-0.000200	NaN	NaN	NaN	NaN	NaN
54.000000	1388.888889	1.000000	1428.571429	1.000000	7200.276260	-329.999750	0.000000	-329.907285	0.000000	0.040351	-0.000027	0.016143	-0.000210	NaN	NaN	NaN	NaN	NaN
55.000000	1388.888889	1.000000	1428.571429	1.000000	7200.276260	-339.873247	0.000000	-339.980921	0.000000	0.044996	-0.000025	0.018415	-0.000203	NaN	NaN	NaN	NaN	NaN
56.000000	1388.888889	1.000000	1428.571429	1.000000	7200.276260	-349.946883	0.000000	-349.854418	0.000000	0.040787	-0.000026	0.016290	-0.000208	NaN	NaN	NaN	NaN	NaN
57.000000	1388.888889	1.000000	1428.571429	1.000000	7200.276260	-359.953805	0.000000	-359.928054	0.000000	0.042065	-0.000027	0.016956	-0.000207	NaN	NaN	NaN	NaN	NaN
58.000000	1388.888889	1.000000	1428.571429	1.000000	7200.276260	-369.894015	0.000000	-369.934977	0.000000	0.038290	-0.000028	0.015292	-0.000203	NaN	NaN	NaN	NaN	NaN
59.000000	1388.888889	1.000000	1428.571429	1.000000	7200.276260	-379.900938	0.000000	-380.008612	0.000000	0.040298	-0.000025	0.016078	-0.000212	NaN	NaN	NaN	NaN	NaN
60.000000	1388.888889	1.000000	1428.571429	1.000000	7200.276260	-389.974574	0.000000	-389.882109	0.000000	0.041372	-0.000025	0.016682	-0.000210	NaN	NaN	NaN	NaN	NaN
61.000000	1388.888889	1.000000	1428.571429	1.000000	7200.276260	-399.981497	0.000000	-399.955745	0.000000	0.038595	-0.000027	0.015513	-0.000204	NaN	NaN	NaN	NaN	NaN
