0.000000	1388.888889	1.000000	1449.275362	1.000000	7200.276260	200.045082	0.000000	200.136293	0.000000	-0.003577	-0.000028	-0.005240	-0.000206	NaN	NaN	NaN	NaN	NaN
2.000000	1388.888889	1.000000	1449.275362	1.000000	7200.276260	500.119342	0.000000	200.136293	0.000000	-0.000935	-0.000029	-0.003966	-0.000207	NaN	NaN	NaN	NaN	NaN
3.000000	1388.888889	1.000000	1449.275362	1.000000	7200.276260	180.097949	0.000000	180.055735	0.000000	0.000027	-0.000028	-0.003291	-0.000207	NaN	NaN	NaN	NaN	NaN
4.000000	1388.888889	1.000000	1449.275362	1.000000	7200.276260	170.091027	0.000000	170.115525	0.000000	-0.000350	-0.000029	-0.003686	-0.000210	NaN	NaN	NaN	NaN	NaN
5.000000	1388.888889	1.000000	1449.275362	1.000000	7200.276260	160.017391	0.000000	160.108602	0.000000	0.001856	-0.000026	-0.002407	-0.000202	NaN	NaN	NaN	NaN	NaN
6.000000	1388.888889	1.000000	1449.275362	1.000000	7200.276260	150.077181	0.000000	150.034966	0.000000	0.003701	-0.000027	-0.001827	-0.000197	NaN	NaN	NaN	NaN	NaN
7.000000	1388.888889	1.000000	1449.275362	1.000000	7200.276260	140.070258	0.000000	140.028043	0.000000	-0.000579	-0.000026	-0.003595	-0.000204	NaN	NaN	NaN	NaN	NaN
8.000000	1388.888889	1.000000	1449.275362	1.000000	7200.276260	130.063335	0.000000	130.087833	0.000000	-0.000848	-0.000026	-0.003915	-0.000210	NaN	NaN	NaN	NaN	NaN
9.000000	1388.888889	1.000000	1449.275362	1.000000	7200.276260	120.123125	0.000000	120.080911	0.000000	-0.000799	-0.000027	-0.003778	-0.000208	NaN	NaN	NaN	NaN	NaN
10.000000	1388.888889	1.000000	1449.275362	1.000000	7200.276260	110.049489	0.000000	110.007275	0.000000	-0.001037	-0.000024	-0.003962	-0.000195	NaN	NaN	NaN	NaN	NaN
11.000000	1388.888889	1.000000	1449.275362	1.000000	7200.276260	100.042567	0.000000	100.067065	0.000000	0.001980	-0.000025	-0.002462	-0.000206	NaN	NaN	NaN	NaN	NaN
12.000000	1388.888889	1.000000	1449.275362	1.000000	7200.276260	90.102357	0.000000	90.060142	0.000000	-0.001096	-0.000024	-0.004097	-0.000188	NaN	NaN	NaN	NaN	NaN
13.000000	1388.888889	1.000000	1449.275362	1.000000	7200.276260	79.962008	0.000000	80.053219	0.000000	0.002850	-0.000025	-0.001995	-0.000197	NaN	NaN	NaN	NaN	NaN
14.000000	1388.888889	1.000000	1449.275362	1.000000	7200.276260	70.021798	0.000000	70.113009	0.000000	0.003066	-0.000026	-0.001850	-0.000200	NaN	NaN	NaN	NaN	NaN
15.000000	1388.888889	1.000000	1449.275362	1.000000	7200.276260	60.014875	0.000000	60.039373	0.000000	0.000412	-0.000028	-0.003316	-0.000211	NaN	NaN	NaN	NaN	NaN
16.000000	1388.888889	1.000000	1449.275362	1.000000	7200.276260	50.074665	0.000000	50.032451	0.000000	0.000606	-0.000026	-0.003073	-0.000188	NaN	NaN	NaN	NaN	NaN
17.000000	1388.888889	1.000000	1449.275362	1.000000	7200.276260	40.067742	0.000000	40.092241	0.000000	0.000780	-0.000028	-0.003073	-0.000193	NaN	NaN	NaN	NaN	NaN
18.000000	1388.888889	1.000000	1449.275362	1.000000	7200.276260	29.994107	0.000000	30.085318	0.000000	-0.000826	-0.000028	-0.003841	-0.000199	NaN	NaN	NaN	NaN	NaN
19.000000	1388.888889	1.000000	1449.275362	1.000000	7200.276260	20.120609	0.000000	20.011682	0.000000	0.002640	-0.000028	-0.002088	-0.000203	NaN	NaN	NaN	NaN	NaN
20.000000	1388.888889	1.000000	1449.275362	1.000000	7200.276260	10.046974	0.000000	10.004759	0.000000	0.006786	-0.000026	-0.000281	-0.000207	NaN	NaN	NaN	NaN	NaN
21.000000	1388.888889	1.000000	1449.275362	1.000000	7200.276260	0.040051	0.000000	0.064549	0.000000	0.009834	-0.000026	0.001349	-0.000204	NaN	NaN	NaN	NaN	NaN
22.000000	1388.888889	1.000000	1449.275362	1.000000	7200.276260	-9.900159	0.000000	-9.942374	0.000000	0.020554	-0.000027	0.006676	-0.000196	NaN	NaN	NaN	NaN	NaN
23.000000	1388.888889	1.000000	1449.275362	1.000000	7200.276260	-19.907082	0.000000	-20.016009	0.000000	0.033058	-0.000027	0.012554	-0.000203	NaN	NaN	NaN	NaN	NaN
24.000000	1388.888889	1.000000	1449.275362	1.000000	7200.276260	-29.980718	0.000000	-29.889507	0.000000	0.035062	-0.000026	0.013707	-0.000204	NaN	NaN	NaN	NaN	NaN
25.000000	1388.888889	1.000000	1449.275362	1.000000	7200.276260	-39.987641	0.000000	-39.963142	0.000000	0.033604	-0.000026	0.013183	-0.000211	NaN	NaN	NaN	NaN	NaN
26.000000	1388.888889	1.000000	1449.275362	1.000000	7200.276260	-49.927851	0.000000	-49.970065	0.000000	0.035443	-0.000026	0.013838	-0.000203	NaN	NaN	NaN	NaN	NaN
27.000000	1388.888889	1.000000	1449.275362	1.000000	7200.276260	-59.934773	0.000000	-59.910275	0.000000	0.028637	-0.000026	0.010552	-0.000206	NaN	NaN	NaN	NaN	NaN
28.000000	1388.888889	1.000000	1449.275362	1.000000	7200.276260	-70.008409	0.000000	-69.917198	0.000000	0.032012	-0.000027	0.012209	-0.000205	NaN	NaN	NaN	NaN	NaN
29.000000	1388.888889	1.000000	1449.275362	1.000000	7200.276260	-79.881906	0.000000	-79.990834	0.000000	0.032756	-0.000024	0.012601	-0.000207	NaN	NaN	NaN	NaN	NaN
30.000000	1388.888889	1.000000	1449.275362	1.000000	7200.276260	-89.955542	0.000000	-89.864331	0.000000	0.035459	-0.000027	0.014032	-0.000211	NaN	NaN	NaN	NaN	NaN
31.000000	1388.888889	1.000000	1449.275362	1.000000	7200.276260	-99.962465	0.000000	-99.937967	0.000000	0.049298	-0.000026	0.020645	-0.000210	NaN	NaN	NaN	NaN	NaN
32.000000	1388.888889	1.000000	1449.275362	1.000000	7200.276260	-109.902675	0.000000	-109.944889	0.000000	0.053485	-0.000025	0.022413	-0.000201	NaN	NaN	NaN	NaN	NaN
33.000000	1388.888889	1.000000	1449.275362	1.000000	7200.276260	-119.909598	0.000000	-119.885099	0.000000	0.050195	-0.000026	0.020803	-0.000205	NaN	NaN	NaN	NaN	NaN
34.000000	1388.888889	1.000000	1449.275362	1.000000	7200.276260	-129.983233	0.000000	-129.892022	0.000000	0.050376	-0.000026	0.020885	-0.000213	NaN	NaN	NaN	NaN	NaN
35.000000	1388.888889	1.000000	1449.275362	1.000000	7200.276260	-139.923443	0.000000	-139.965658	0.000000	0.046475	-0.000025	0.019161	-0.000204	NaN	NaN	NaN	NaN	NaN
36.000000	1388.888889	1.000000	1449.275362	1.000000	7200.276260	-149.930366	0.000000	-149.972581	0.000000	0.044831	-0.000025	0.018324	-0.000206	NaN	NaN	NaN	NaN	NaN
37.000000	1388.888889	1.000000	1449.275362	1.000000	7200.276260	-159.937289	0.000000	-159.912791	0.000000	0.047184	-0.000027	0.019426	-0.000219	NaN	NaN	NaN	NaN	NaN
38.000000	1388.888889	1.000000	1449.275362	1.000000	7200.276260	-169.877499	0.000000	-169.919714	0.000000	0.039948	-0.000027	0.016140	-0.000215	NaN	NaN	NaN	NaN	NaN
39.000000	1388.888889	1.000000	1449.275362	1.000000	7200.276260	-179.951135	0.000000	-179.993349	0.000000	0.039397	-0.000026	0.015780	-0.000205	NaN	NaN	NaN	NaN	NaN
40.000000	1388.888889	1.000000	1449.275362	1.000000	7200.276260	-189.958058	0.000000	-189.933559	0.000000	0.038771	-0.000026	0.015423	-0.000208	NaN	NaN	NaN	NaN	NaN
41.000000	1388.888889	1.000000	1449.275362	1.000000	7200.276260	-199.964981	0.000000	-199.940482	0.000000	0.041704	-0.000026	0.016559	-0.000219	NaN	NaN	NaN	NaN	NaN
42.000000	1388.888889	1.000000	1449.275362	1.000000	7200.276260	-209.905191	0.000000	-209.947405	0.000000	0.040018	-0.000024	0.015796	-0.000214	NaN	NaN	NaN	NaN	NaN
43.000000	1388.888889	1.000000	1449.275362	1.000000	7200.276260	-219.978826	0.000000	-219.887615	0.000000	0.038992	-0.000026	0.015317	-0.000195	NaN	NaN	NaN	NaN	NaN
44.000000	1388.888889	1.000000	1449.275362	1.000000	7200.276260	-229.985749	0.000000	-229.961251	0.000000	0.039201	-0.000026	0.015635	-0.000194	NaN	NaN	NaN	NaN	NaN
45.000000	1388.888889	1.000000	1449.275362	1.000000	7200.276260	-239.925959	0.000000	-239.968174	0.000000	0.034885	-0.000024	0.013581	-0.000198	NaN	NaN	NaN	NaN	NaN
46.000000	1388.888889	1.000000	1449.275362	1.000000	7200.276260	-249.932882	0.000000	-249.908384	0.000000	0.036020	-0.000026	0.014175	-0.000207	NaN	NaN	NaN	NaN	NaN
47.000000	1388.888889	1.000000	1449.275362	1.000000	7200.276260	-260.006518	0.000000	-259.915307	0.000000	0.036545	-0.000025	0.014329	-0.000196	NaN	NaN	NaN	NaN	NaN
48.000000	1388.888889	1.000000	1449.275362	1.000000	7200.276260	-269.880015	0.000000	-269.988942	0.000000	0.038949	-0.000025	0.015362	-0.000196	NaN	NaN	NaN	NaN	NaN
49.000000	1388.888889	1.000000	1449.275362	1.000000	7200.276260	-279.953651	0.000000	-279.995865	0.000000	0.035018	-0.000028	0.013697	-0.000207	NaN	NaN	NaN	NaN	NaN
50.000000	1388.888889	1.000000	1449.275362	1.000000	7200.276260	-289.960574	0.000000	-289.936075	0.000000	0.038810	-0.000026	0.015379	-0.000193	NaN	NaN	NaN	NaN	NaN
51.000000	1388.888889	1.000000	1449.275362	1.000000	7200.276260	-299.900784	0.000000	-299.942998	0.000000	0.035680	-0.000026	0.013724	-0.000201	NaN	NaN	NaN	NaN	NaN
52.000000	1388.888889	1.000000	1449.275362	1.000000	7200.276260	-309.907706	0.000000	-310.016634	0.000000	0.034544	-0.000024	0.013222	-0.000199	NaN	NaN	NaN	NaN	NaN
53.000000	1388.888889	1.000000	1449.275362	1.000000	7200.276260	-319.981342	0.000000	-319.890131	0.000000	0.033613	-0.000028	0.013082	-0.000212	NaN	NaN	NaN	NaN	NaN
54.000000	1388.888889	1.000000	1449.275362	1.000000	7200.276260	-329.988265	0.000000	-329.963767	0.000000	0.038503	-0.000027	0.015365	-0.000204	NaN	NaN	NaN	NaN	NaN
55.000000	1388.888889	1.000000	1449.275362	1.000000	7200.276260	-339.928475	0.000000	-339.970689	0.000000	0.037455	-0.000027	0.014643	-0.000209	NaN	NaN	NaN	NaN	NaN
56.000000	1388.888889	1.000000	1449.275362	1.000000	7200.276260	-349.935398	0.000000	-349.910900	0.000000	0.038232	-0.000025	0.014961	-0.000212	NaN	NaN	NaN	NaN	NaN
57.000000	1388.888889	1.000000	1449.275362	1.000000	7200.276260	-360.009033	0.000000	-359.917822	0.000000	0.036237	-0.000026	0.014013	-0.000202	NaN	NaN	NaN	NaN	NaN
58.000000	1388.888889	1.000000	1449.275362	1.000000	7200.276260	-369.882531	0.000000	-369.991458	0.000000	0.035397	-0.000028	0.013627	-0.000197	NaN	NaN	NaN	NaN	NaN
59.000000	1388.888889	1.000000	1449.275362	1.000000	7200.276260	-379.956166	0.000000	-379.864955	0.000000	0.038195	-0.000024	0.015283	-0.000217	NaN	NaN	NaN	NaN	NaN
60.000000	1388.888889	1.000000	1449.275362	1.000000	7200.276260	-389.963089	0.000000	-389.938591	0.000000	0.034683	-0.000026	0.013314	-0.000209	NaN	NaN	NaN	NaN	NaN
61.000000	1388.888889	1.000000	1449.275362	1.000000	7200.276260	-399.903299	0.000000	-399.945514	0.000000	0.035452	-0.000026	0.013648	-0.000198	NaN	NaN	NaN	NaN	NaN
