7349.9996877	7599.9977245	7599.5502051	0.0000000	0.0000000	0.0204686	0.1854802	0.1239451	0.0000000	7350.0000000
7349.9996877	7594.9867234	7594.9313574	0.0000000	0.0000000	0.0197399	0.1839178	0.1223293	0.0000000	0.0000000
7349.9996877	7589.9849267	7589.8506250	0.0000000	0.0000000	0.0227970	0.1846189	0.1219906	0.0000000	0.0000000
7349.9996877	7584.9897621	7584.7698926	0.0000000	0.0000000	0.0211053	0.1842737	0.1224907	0.0000000	0.0000000
7349.9996877	7579.9895004	7579.6891602	0.0000000	0.0000000	0.0219174	0.1844017	0.1226357	0.0000000	0.0000000
7349.9996877	7574.9866901	7574.6139941	0.0000000	0.0000000	0.0239272	0.1843433	0.1211379	0.0000000	0.0000000
7349.9996877	7569.9889770	7569.5944922	0.0000000	0.0000000	0.0193258	0.1857039	0.1209678	0.0000000	0.0000000
7349.9996877	7564.9887153	7564.5749902	0.0000000	0.0000000	0.0206282	0.1843206	0.1218175	0.0000000	0.0000000
7349.9996877	7559.9859050	7559.5554883	0.0000000	0.0000000	0.0200724	0.1841532	0.1215664	0.0000000	0.0000000
7349.9996877	7554.9856433	7554.9923047	0.0000000	0.0000000	0.0225078	0.1839205	0.1224210	0.0000000	0.0000000
7349.9996877	7549.9879301	7549.9728027	0.0000000	0.0000000	0.0181671	0.1844003	0.1220566	0.0000000	0.0000000
7349.9996877	7544.9851198	7544.9533008	0.0000000	0.0000000	0.0173530	0.1836255	0.1227926	0.0000000	0.0000000
7349.9996877	7539.9872981	7539.9337988	0.0000000	0.0000000	0.0224357	0.1836858	0.1269651	0.0000000	0.0000000
7349.9996877	7534.9866347	7534.9142969	0.0000000	0.0000000	0.0226357	0.1833402	0.1250245	0.0000000	0.0000000
7349.9996877	7529.9830707	7529.8947949	0.0000000	0.0000000	0.0236198	0.1805759	0.1252264	0.0000000	0.0000000
7349.9996877	7525.0375191	7524.9299316	0.0000000	0.0000000	0.0223149	0.1815101	0.1221788	0.0000000	0.0000000
7349.9996877	7519.9904459	7519.9705322	0.0000000	0.0000000	0.0257407	0.1822749	0.1230748	0.0000000	0.0000000
7349.9996877	7515.0303911	7514.5602783	0.0000000	0.0000000	0.0242009	0.1823306	0.1218135	0.0000000	0.0000000
7349.9996877	7510.0268272	7509.6008789	0.0000000	0.0000000	0.0272080	0.1838864	0.1220745	0.0000000	0.0000000
7349.9996877	7505.0261638	7504.6414795	0.0000000	0.0000000	0.0266107	0.1837318	0.1220726	0.0000000	0.0000000
7349.9996877	7499.9848918	7499.6820801	0.0000000	0.0000000	0.0275482	0.1841322	0.1225762	0.0000000	0.0000000
7349.9996877	7495.0248371	7494.7226807	0.0000000	0.0000000	0.0295923	0.1836200	0.1225015	0.0000000	0.0000000
7349.9996877	7489.9843030	7489.7632813	0.0000000	0.0000000	0.0247537	0.1833390	0.1218698	0.0000000	0.0000000
7349.9996877	7484.9872274	7484.8038818	0.0000000	0.0000000	0.0288413	0.1828058	0.1215911	0.0000000	0.0000000
7349.9996877	7480.0356832	7479.8981445	0.0000000	0.0000000	0.0263865	0.1816534	0.1217402	0.0000000	0.0000000
7349.9996877	7474.9845391	7474.9977734	0.0000000	0.0000000	0.0264698	0.1804888	0.1213568	0.0000000	0.0000000
7349.9996877	7469.9846178	7469.6519141	0.0000000	0.0000000	0.0252365	0.1819797	0.1221538	0.0000000	0.0000000
7349.9996877	7464.9846965	7464.7515430	0.0000000	0.0000000	0.0251769	0.1831401	0.1222568	0.0000000	0.0000000
7349.9996877	7459.9847751	7459.8511719	0.0000000	0.0000000	0.0217216	0.1839346	0.1219408	0.0000000	0.0000000
7349.9996877	7454.9820081	7454.9508008	0.0000000	0.0000000	0.0269823	0.1835570	0.1240580	0.0000000	0.0000000
7349.9996877	7449.9849325	7449.6049414	0.0000000	0.0000000	0.0237319	0.1832753	0.1238390	0.0000000	0.0000000
7349.9996877	7445.0362341	7444.7045703	0.0000000	0.0000000	0.0261129	0.1833571	0.1243528	0.0000000	0.0000000
7349.9996877	7439.9850899	7439.8041992	0.0000000	0.0000000	0.0247545	0.1826320	0.1249932	0.0000000	0.0000000
7349.9996877	7434.9880144	7434.9618359	0.0000000	0.0000000	0.0253970	0.1816809	0.1245302	0.0000000	0.0000000
7349.9996877	7429.9872294	7429.6792578	0.0000000	0.0000000	0.0238109	0.1821283	0.1222222	0.0000000	0.0000000
7349.9996877	7424.9864714	7424.8368945	0.0000000	0.0000000	0.0227156	0.1828610	0.1224626	0.0000000	0.0000000
7349.9996877	7419.9857133	7419.9945313	0.0000000	0.0000000	0.0243073	0.1831383	0.1215844	0.0000000	0.0000000
7349.9996877	7414.9876352	7414.7119531	0.0000000	0.0000000	0.0234575	0.1832321	0.1217961	0.0000000	0.0000000
7349.9996877	7409.9868772	7409.8695898	0.0000000	0.0000000	0.0227515	0.1836499	0.1186697	0.0000000	0.0000000
7349.9996877	7404.9914790	7404.5870117	0.0000000	0.0000000	0.0226143	0.1828080	0.1179436	0.0000000	0.0000000
7349.9996877	7399.9880410	7399.7446484	0.0000000	0.0000000	0.0245798	0.1840118	0.1175231	0.0000000	0.0000000
7349.9996877	7394.9872830	7394.9126367	0.0000000	0.0000000	0.0232932	0.1836276	0.1167660	0.0000000	0.0000000
7349.9996877	7389.9838450	7389.6921680	0.0000000	0.0000000	0.0212383	0.1836902	0.1162842	0.0000000	0.0000000
7349.9996877	7384.9857669	7384.9067383	0.0000000	0.0000000	0.0225105	0.1830369	0.1160033	0.0000000	0.0000000
7349.9996877	7379.9820701	7379.6862695	0.0000000	0.0000000	0.0267489	0.1814325	0.1159362	0.0000000	0.0000000
7349.9996877	7375.0152613	7374.9008398	0.0000000	0.0000000	0.0234897	0.1831022	0.1138212	0.0000000	0.0000000
7349.9996877	7370.0062785	7369.6803711	0.0000000	0.0000000	0.0255796	0.1826869	0.1124952	0.0000000	0.0000000
7349.9996877	7365.0070282	7364.8949414	0.0000000	0.0000000	0.0399821	0.1841204	0.1125992	0.0000000	0.0000000
7349.9996877	7360.0012895	7359.6744727	0.0000000	0.0000000	0.0789498	0.1845363	0.1115358	0.0000000	0.0000000
7349.9996877	7355.0085275	7354.8890430	0.0000000	0.0000000	0.1218800	0.1850469	0.1109934	0.0000000	0.0000000
7349.9996877	7350.0125214	7349.6991016	0.0000000	0.0000000	0.1525278	0.1847258	0.1092322	0.0000000	0.0000000
7349.9996877	7345.0067827	7344.9696387	0.0000000	0.0000000	0.1298571	0.1842632	0.1064543	0.0000000	0.0000000
7349.9996877	7340.0075324	7339.8102246	0.0000000	0.0000000	0.0764938	0.1836786	0.1051449	0.0000000	0.0000000
7349.9996877	7335.0050379	7334.6508105	0.0000000	0.0000000	0.0427103	0.1850046	0.1051616	0.0000000	0.0000000
7349.9996877	7330.0025434	7329.9213477	0.0000000	0.0000000	0.0361571	0.1849989	0.1058021	0.0000000	0.0000000
7349.9996877	7325.0216617	7324.7619336	0.0000000	0.0000000	0.0318496	0.1848324	0.1056582	0.0000000	0.0000000
7349.9996877	7319.9815420	7319.6025195	0.0000000	0.0000000	0.0351165	0.1847509	0.1056842	0.0000000	0.0000000
7349.9996877	7314.9864987	7314.8730566	0.0000000	0.0000000	0.0367220	0.1850044	0.1061592	0.0000000	0.0000000
7349.9996877	7309.9886382	7309.7136426	0.0000000	0.0000000	0.0337522	0.1845767	0.1060867	0.0000000	0.0000000
7349.9996877	7304.9879604	7304.6092822	0.0000000	0.0000000	0.0285513	0.1863027	0.1045717	0.0000000	0.0000000
7349.9996877	7299.9844653	7299.9348730	0.0000000	0.0000000	0.0315350	0.1862347	0.1053850	0.0000000	0.0000000
7349.9996877	7294.9837875	7294.8355176	0.0000000	0.0000000	0.0323979	0.1856443	0.1061090	0.0000000	0.0000000
7349.9996877	7289.9831097	7289.7361621	0.0000000	0.0000000	0.0329905	0.1851978	0.1076362	0.0000000	0.0000000
7349.9996877	7284.9852492	7284.6368066	0.0000000	0.0000000	0.0330197	0.1853398	0.1067458	0.0000000	0.0000000
7349.9996877	7279.9815887	7279.9623975	0.0000000	0.0000000	0.0369963	0.1840715	0.1106570	0.0000000	0.0000000
7349.9996877	7275.0001502	7274.8630420	0.0000000	0.0000000	0.0385568	0.1848916	0.1119447	0.0000000	0.0000000
7349.9996877	7270.0058813	7269.7636865	0.0000000	0.0000000	0.0329869	0.1844536	0.1103765	0.0000000	0.0000000
7349.9996877	7265.0084048	7264.6888672	0.0000000	0.0000000	0.0318138	0.1844960	0.1091282	0.0000000	0.0000000
7349.9996877	7260.0045130	7259.6483984	0.0000000	0.0000000	0.0272554	0.1846172	0.1074871	0.0000000	0.0000000
7349.9996877	7255.0102440	7254.6079297	0.0000000	0.0000000	0.0323445	0.1837667	0.1068879	0.0000000	0.0000000
7349.9996877	7250.0159751	7249.9875000	0.0000000	0.0000000	0.0282971	0.1855149	0.1060116	0.0000000	0.0000000
7349.9996877	7245.0152909	7244.9470313	0.0000000	0.0000000	0.0209183	0.1854105	0.1037234	0.0000000	0.0000000
7349.9996877	7240.0081915	7239.9065625	0.0000000	0.0000000	0.0162440	0.1844727	0.1015452	0.0000000	0.0000000
7349.9996877	7235.0010921	7234.8660938	0.0000000	0.0000000	0.0161215	0.1850426	0.1012395	0.0000000	0.0000000
7349.9996877	7230.0036155	7229.8256250	0.0000000	0.0000000	0.0168105	0.1849548	0.1020684	0.0000000	0.0000000
7349.9996877	7225.0033850	7224.7851563	0.0000000	0.0000000	0.0212312	0.1853058	0.1026400	0.0000000	0.0000000
7349.9996877	7220.0016764	7219.8026367	0.0000000	0.0000000	0.0234636	0.1855208	0.1028174	0.0000000	0.0000000
7349.9996877	7215.0097495	7214.8201172	0.0000000	0.0000000	0.0271505	0.1849561	0.1043107	0.0000000	0.0000000
7349.9996877	7210.0113014	7209.8375977	0.0000000	0.0000000	0.0285848	0.1864240	0.1056243	0.0000000	0.0000000
7349.9996877	7205.0030717	7204.8550781	0.0000000	0.0000000	0.0276870	0.1871016	0.1055540	0.0000000	0.0000000
7349.9996877	7200.0078842	7199.8725586	0.0000000	0.0000000	0.0238938	0.1865648	0.1053987	0.0000000	0.0000000
7349.9996877	7195.0061755	7194.8900391	0.0000000	0.0000000	0.0226274	0.1860270	0.1067015	0.0000000	0.0000000
7349.9996877	7190.0044669	7189.9075195	0.0000000	0.0000000	0.0237301	0.1866226	0.1066644	0.0000000	0.0000000
7349.9996877	7185.0027583	7184.9250000	0.0000000	0.0000000	0.0222244	0.1866427	0.1066520	0.0000000	0.0000000
7349.9996877	7180.0075708	7179.9804492	0.0000000	0.0000000	0.0161967	0.1852744	0.1048920	0.0000000	0.0000000
7349.9996877	7175.0026016	7174.6444189	0.0000000	0.0000000	0.0152888	0.1837570	0.1063239	0.0000000	0.0000000
7349.9996877	7170.0041536	7169.7188525	0.0000000	0.0000000	0.0166425	0.1833595	0.1046377	0.0000000	0.0000000
7349.9996877	7165.0240098	7164.7932861	0.0000000	0.0000000	0.0093412	0.1850924	0.1021073	0.0000000	0.0000000
7349.9996877	7160.0220945	7159.8677197	0.0000000	0.0000000	0.0075106	0.1845985	0.1035726	0.0000000	0.0000000
7349.9996877	7155.0261947	7154.9421533	0.0000000	0.0000000	0.0071565	0.1855294	0.1032831	0.0000000	0.0000000
7349.9996877	7150.0242795	7149.6061230	0.0000000	0.0000000	0.0083571	0.1864813	0.1028362	0.0000000	0.0000000
7349.9996877	7145.0253719	7144.6805566	0.0000000	0.0000000	0.0059404	0.1870038	0.1017280	0.0000000	0.0000000
7349.9996877	7140.0204489	7139.7829688	0.0000000	0.0000000	0.0038507	0.1861174	0.1010262	0.0000000	0.0000000
7349.9996877	7135.0305647	7134.9133594	0.0000000	0.0000000	0.0050516	0.1871782	0.1019021	0.0000000	0.0000000
7349.9996877	7130.0286494	7129.6379492	0.0000000	0.0000000	0.0066031	0.1858673	0.1026569	0.0000000	0.0000000
7349.9996877	7125.0327496	7124.7683398	0.0000000	0.0000000	0.0047213	0.1854390	0.1029507	0.0000000	0.0000000
7349.9996877	7120.0278266	7119.8987305	0.0000000	0.0000000	0.0029364	0.1853234	0.1015455	0.0000000	0.0000000
7349.9996877	7114.9843181	7114.6233203	0.0000000	0.0000000	0.0031415	0.1856687	0.1021874	0.0000000	0.0000000
7349.9996877	7109.9857704	7109.7537109	0.0000000	0.0000000	0.0027104	0.1852325	0.1013185	0.0000000	0.0000000
7349.9996877	7104.9837419	7104.8841016	0.0000000	0.0000000	0.0023923	0.1845918	0.1037203	0.0000000	0.0000000
7349.9996877	7099.9851943	7099.6316406	0.0000000	0.0000000	0.0021764	0.1848517	0.1014507	0.0000000	0.0000000
7349.9996877	7094.9796850	7094.8171094	0.0000000	0.0000000	0.0017266	0.1855370	0.1009287	0.0000000	0.0000000
7349.9996877	7089.9811373	7089.6013672	0.0000000	0.0000000	0.0017994	0.1871201	0.1007190	0.0000000	0.0000000
7349.9996877	7084.9860706	7084.7868359	0.0000000	0.0000000	0.0014885	0.1867770	0.1007775	0.0000000	0.0000000
7349.9996877	7079.9875230	7079.9723047	0.0000000	0.0000000	0.0012167	0.1856985	0.0999222	0.0000000	0.0000000
7349.9996877	7074.9889754	7074.7565625	0.0000000	0.0000000	0.0007401	0.1862288	0.0988966	0.0000000	0.0000000
7349.9996877	7069.9869469	7069.9420313	0.0000000	0.0000000	0.0004354	0.1867786	0.0996720	0.0000000	0.0000000
7349.9996877	7064.9883993	7064.7262891	0.0000000	0.0000000	0.0006302	0.1871583	0.1012266	0.0000000	0.0000000
7349.9996877	7059.9863559	7059.9297656	0.0000000	0.0000000	0.0005978	0.1854016	0.1012714	0.0000000	0.0000000
7349.9996877	7054.9880656	7054.7725488	0.0000000	0.0000000	0.0006688	0.1852351	0.1004498	0.0000000	0.0000000
7349.9996877	7049.9819654	7049.6153320	0.0000000	0.0000000	0.0006177	0.1860637	0.0984406	0.0000000	0.0000000
7349.9996877	7044.9875799	7044.8548242	0.0000000	0.0000000	0.0005104	0.1872102	0.0971117	0.0000000	0.0000000
7349.9996877	7039.9814797	7039.6976074	0.0000000	0.0000000	0.0007025	0.1876095	0.0978845	0.0000000	0.0000000
7349.9996877	7034.9831894	7034.9370996	0.0000000	0.0000000	0.0008336	0.1879465	0.0993597	0.0000000	0.0000000
7349.9996877	7029.9809941	7029.7798828	0.0000000	0.0000000	0.0009253	0.1873539	0.0993934	0.0000000	0.0000000
7349.9996877	7024.9827038	7024.6226660	0.0000000	0.0000000	0.0009591	0.1870471	0.0989520	0.0000000	0.0000000
7349.9996877	7019.9805085	7019.8843262	0.0000000	0.0000000	0.0007208	0.1864160	0.0981815	0.0000000	0.0000000
7349.9996877	7014.9900280	7014.7847461	0.0000000	0.0000000	0.0005034	0.1863035	0.0995813	0.0000000	0.0000000
7349.9996877	7009.9878327	7009.6851660	0.0000000	0.0000000	0.0007612	0.1860063	0.0988765	0.0000000	0.0000000
7349.9996877	7004.9817325	7004.9778613	0.0000000	0.0000000	0.0007990	0.1870725	0.0979749	0.0000000	0.0000000
