7099.9929859	7599.9977245	7599.5502051	0.0000000	0.0000000	0.0195348	0.1667277	0.1214021	0.0000000	7100.0000000
7099.9929859	7594.9867234	7594.9313574	0.0000000	0.0000000	0.0207554	0.1668182	0.1237275	0.0000000	0.0000000
7099.9929859	7589.9874753	7589.8506250	0.0000000	0.0000000	0.0192816	0.1664355	0.1238059	0.0000000	0.0000000
7099.9929859	7584.9897621	7584.7698926	0.0000000	0.0000000	0.0187766	0.1652091	0.1225574	0.0000000	0.0000000
7099.9929859	7579.9895004	7579.6891602	0.0000000	0.0000000	0.0194731	0.1641390	0.1228096	0.0000000	0.0000000
7099.9929859	7574.9892387	7574.6139941	0.0000000	0.0000000	0.0196393	0.1647148	0.1220104	0.0000000	0.0000000
7099.9929859	7569.9864284	7569.5944922	0.0000000	0.0000000	0.0184866	0.1652124	0.1209991	0.0000000	0.0000000
7099.9929859	7564.9861667	7564.5749902	0.0000000	0.0000000	0.0182450	0.1663530	0.1207815	0.0000000	0.0000000
7099.9929859	7559.9910021	7559.5554883	0.0000000	0.0000000	0.0181632	0.1661772	0.1198826	0.0000000	0.0000000
7099.9929859	7554.9856433	7554.9923047	0.0000000	0.0000000	0.0209250	0.1663369	0.1224602	0.0000000	0.0000000
7099.9929859	7549.9853816	7549.9728027	0.0000000	0.0000000	0.0218326	0.1659506	0.1212579	0.0000000	0.0000000
7099.9929859	7544.9876684	7544.9533008	0.0000000	0.0000000	0.0189922	0.1672343	0.1216652	0.0000000	0.0000000
7099.9929859	7539.9872981	7539.9337988	0.0000000	0.0000000	0.0208903	0.1661117	0.1239825	0.0000000	0.0000000
7099.9929859	7535.0301440	7534.9142969	0.0000000	0.0000000	0.0235948	0.1650803	0.1250580	0.0000000	0.0000000
7099.9929859	7530.0323812	7529.8947949	0.0000000	0.0000000	0.0200477	0.1644595	0.1237676	0.0000000	0.0000000
7099.9929859	7524.9882086	7524.9299316	0.0000000	0.0000000	0.0208400	0.1661628	0.1241733	0.0000000	0.0000000
7099.9929859	7520.0310545	7519.9705322	0.0000000	0.0000000	0.0195022	0.1648021	0.1225203	0.0000000	0.0000000
7099.9929859	7514.9868819	7514.5602783	0.0000000	0.0000000	0.0190945	0.1656172	0.1212406	0.0000000	0.0000000
7099.9929859	7509.9833179	7509.6008789	0.0000000	0.0000000	0.0206433	0.1663289	0.1209604	0.0000000	0.0000000
7099.9929859	7504.9826546	7504.6414795	0.0000000	0.0000000	0.0178359	0.1661541	0.1202216	0.0000000	0.0000000
7099.9929859	7499.9877924	7499.6820801	0.0000000	0.0000000	0.0191970	0.1657679	0.1202892	0.0000000	0.0000000
7099.9929859	7495.0306383	7494.7226807	0.0000000	0.0000000	0.0212645	0.1657454	0.1213004	0.0000000	0.0000000
7099.9929859	7489.9871487	7489.7632813	0.0000000	0.0000000	0.0232509	0.1660175	0.1215485	0.0000000	0.0000000
7099.9929859	7485.0327588	7484.8038818	0.0000000	0.0000000	0.0218823	0.1652858	0.1235156	0.0000000	0.0000000
7099.9929859	7479.9873061	7479.8981445	0.0000000	0.0000000	0.0178632	0.1647449	0.1220491	0.0000000	0.0000000
7099.9929859	7474.9873848	7474.9977734	0.0000000	0.0000000	0.0192119	0.1648491	0.1233964	0.0000000	0.0000000
7099.9929859	7469.9846178	7469.6519141	0.0000000	0.0000000	0.0154781	0.1643027	0.1225527	0.0000000	0.0000000
7099.9929859	7464.9875422	7464.7515430	0.0000000	0.0000000	0.0152717	0.1652737	0.1218698	0.0000000	0.0000000
7099.9929859	7459.9876209	7459.8511719	0.0000000	0.0000000	0.0147209	0.1664335	0.1226464	0.0000000	0.0000000
7099.9929859	7454.9848538	7454.9508008	0.0000000	0.0000000	0.0140721	0.1659165	0.1201986	0.0000000	0.0000000
7099.9929859	7449.9849325	7449.6049414	0.0000000	0.0000000	0.0154105	0.1657709	0.1212892	0.0000000	0.0000000
7099.9929859	7444.9878570	7444.7045703	0.0000000	0.0000000	0.0137151	0.1650042	0.1204248	0.0000000	0.0000000
7099.9929859	7439.9822442	7439.8041992	0.0000000	0.0000000	0.0147678	0.1653335	0.1210527	0.0000000	0.0000000
7099.9929859	7434.9851686	7434.9618359	0.0000000	0.0000000	0.0123531	0.1660521	0.1198650	0.0000000	0.0000000
7099.9929859	7429.9899093	7429.6792578	0.0000000	0.0000000	0.0125775	0.1647224	0.1204019	0.0000000	0.0000000
7099.9929859	7424.9864714	7424.8368945	0.0000000	0.0000000	0.0129912	0.1643281	0.1202130	0.0000000	0.0000000
7099.9929859	7419.9883932	7419.9945313	0.0000000	0.0000000	0.0115596	0.1642871	0.1209612	0.0000000	0.0000000
7099.9929859	7414.9849553	7414.7119531	0.0000000	0.0000000	0.0088575	0.1653380	0.1196732	0.0000000	0.0000000
7099.9929859	7409.9841972	7409.8695898	0.0000000	0.0000000	0.0091567	0.1648582	0.1199032	0.0000000	0.0000000
7099.9929859	7404.9861191	7404.5870117	0.0000000	0.0000000	0.0102141	0.1656947	0.1206841	0.0000000	0.0000000
7099.9929859	7399.9880410	7399.7446484	0.0000000	0.0000000	0.0109196	0.1657128	0.1194062	0.0000000	0.0000000
7099.9929859	7394.9846030	7394.9126367	0.0000000	0.0000000	0.0107726	0.1650109	0.1178057	0.0000000	0.0000000
7099.9929859	7389.9865249	7389.6921680	0.0000000	0.0000000	0.0094532	0.1657377	0.1161438	0.0000000	0.0000000
7099.9929859	7384.9884468	7384.9067383	0.0000000	0.0000000	0.0100302	0.1648834	0.1172067	0.0000000	0.0000000
7099.9929859	7379.9820701	7379.6862695	0.0000000	0.0000000	0.0105492	0.1644445	0.1162029	0.0000000	0.0000000
7099.9929859	7375.0055289	7374.9008398	0.0000000	0.0000000	0.0105737	0.1661008	0.1135518	0.0000000	0.0000000
7099.9929859	7370.0095227	7369.6803711	0.0000000	0.0000000	0.0109305	0.1647765	0.1118566	0.0000000	0.0000000
7099.9929859	7365.0070282	7364.8949414	0.0000000	0.0000000	0.0132728	0.1654692	0.1133375	0.0000000	0.0000000
7099.9929859	7360.0012895	7359.6744727	0.0000000	0.0000000	0.0137847	0.1662316	0.1125289	0.0000000	0.0000000
7099.9929859	7355.0020392	7354.8890430	0.0000000	0.0000000	0.0128179	0.1655607	0.1093542	0.0000000	0.0000000
7099.9929859	7350.0125214	7349.6991016	0.0000000	0.0000000	0.0127174	0.1653176	0.1073055	0.0000000	0.0000000
7099.9929859	7345.0035385	7344.9696387	0.0000000	0.0000000	0.0121274	0.1661823	0.1045431	0.0000000	0.0000000
7099.9929859	7340.0107765	7339.8102246	0.0000000	0.0000000	0.0113557	0.1664188	0.1036643	0.0000000	0.0000000
7099.9929859	7335.0050379	7334.6508105	0.0000000	0.0000000	0.0140366	0.1658647	0.1037837	0.0000000	0.0000000
7099.9929859	7329.9992992	7329.9213477	0.0000000	0.0000000	0.0187472	0.1655985	0.1053053	0.0000000	0.0000000
7099.9929859	7325.0244790	7324.7619336	0.0000000	0.0000000	0.0215056	0.1650010	0.1078287	0.0000000	0.0000000
7099.9929859	7319.9871765	7319.6025195	0.0000000	0.0000000	0.0211648	0.1634635	0.1078981	0.0000000	0.0000000
7099.9929859	7314.9893160	7314.8730566	0.0000000	0.0000000	0.0274780	0.1628521	0.1081953	0.0000000	0.0000000
7099.9929859	7309.9886382	7309.7136426	0.0000000	0.0000000	0.0287101	0.1636270	0.1080824	0.0000000	0.0000000
7099.9929859	7304.9851431	7304.6092822	0.0000000	0.0000000	0.0240897	0.1639032	0.1059575	0.0000000	0.0000000
7099.9929859	7299.9844653	7299.9348730	0.0000000	0.0000000	0.0281752	0.1651156	0.1061389	0.0000000	0.0000000
7099.9929859	7294.9837875	7294.8355176	0.0000000	0.0000000	0.0297705	0.1657413	0.1065920	0.0000000	0.0000000
7099.9929859	7289.9831097	7289.7361621	0.0000000	0.0000000	0.0313009	0.1659856	0.1070267	0.0000000	0.0000000
7099.9929859	7284.9852492	7284.6368066	0.0000000	0.0000000	0.0331649	0.1660468	0.1064363	0.0000000	0.0000000
7099.9929859	7279.9847963	7279.9623975	0.0000000	0.0000000	0.0383813	0.1657050	0.1084470	0.0000000	0.0000000
7099.9929859	7275.0065655	7274.8630420	0.0000000	0.0000000	0.0441890	0.1654756	0.1082684	0.0000000	0.0000000
7099.9929859	7270.0026737	7269.7636865	0.0000000	0.0000000	0.0454427	0.1639758	0.1081099	0.0000000	0.0000000
7099.9929859	7265.0084048	7264.6888672	0.0000000	0.0000000	0.0454514	0.1644027	0.1086785	0.0000000	0.0000000
7099.9929859	7260.0109282	7259.6483984	0.0000000	0.0000000	0.0489678	0.1632306	0.1082640	0.0000000	0.0000000
7099.9929859	7255.0134516	7254.6079297	0.0000000	0.0000000	0.0551141	0.1635815	0.1069371	0.0000000	0.0000000
7099.9929859	7250.0127675	7249.9875000	0.0000000	0.0000000	0.0500886	0.1640300	0.1050310	0.0000000	0.0000000
7099.9929859	7245.0056680	7244.9470313	0.0000000	0.0000000	0.0479901	0.1648851	0.1015985	0.0000000	0.0000000
7099.9929859	7240.0113991	7239.9065625	0.0000000	0.0000000	0.0422823	0.1650204	0.0996301	0.0000000	0.0000000
7099.9929859	7235.0075073	7234.8660938	0.0000000	0.0000000	0.0470165	0.1645269	0.0991232	0.0000000	0.0000000
7099.9929859	7230.0004079	7229.8256250	0.0000000	0.0000000	0.0528138	0.1652068	0.0999899	0.0000000	0.0000000
7099.9929859	7225.0099061	7224.7851563	0.0000000	0.0000000	0.0621349	0.1646736	0.1020779	0.0000000	0.0000000
7099.9929859	7220.0049369	7219.8026367	0.0000000	0.0000000	0.0770294	0.1640924	0.1039467	0.0000000	0.0000000
7099.9929859	7215.0064889	7214.8201172	0.0000000	0.0000000	0.0945195	0.1630609	0.1063029	0.0000000	0.0000000
7099.9929859	7210.0047803	7209.8375977	0.0000000	0.0000000	0.1062910	0.1632823	0.1069331	0.0000000	0.0000000
7099.9929859	7205.0063322	7204.8550781	0.0000000	0.0000000	0.1171985	0.1648708	0.1059802	0.0000000	0.0000000
7099.9929859	7200.0013630	7199.8725586	0.0000000	0.0000000	0.1090453	0.1656061	0.1048257	0.0000000	0.0000000
7099.9929859	7195.0094361	7194.8900391	0.0000000	0.0000000	0.1136160	0.1652605	0.1061641	0.0000000	0.0000000
7099.9929859	7190.0012064	7189.9075195	0.0000000	0.0000000	0.1320018	0.1653364	0.1070049	0.0000000	0.0000000
7099.9929859	7185.0190611	7184.9250000	0.0000000	0.0000000	0.1375858	0.1645094	0.1060211	0.0000000	0.0000000
7099.9929859	7180.0010497	7179.9804492	0.0000000	0.0000000	0.1332744	0.1630308	0.1049475	0.0000000	0.0000000
7099.9929859	7175.0156439	7174.6444189	0.0000000	0.0000000	0.1346751	0.1633816	0.1029503	0.0000000	0.0000000
7099.9929859	7169.9943719	7169.7188525	0.0000000	0.0000000	0.1368650	0.1657238	0.1014132	0.0000000	0.0000000
7099.9929859	7164.9879166	7164.7932861	0.0000000	0.0000000	0.1213862	0.1647872	0.1003129	0.0000000	0.0000000
7099.9929859	7160.0311178	7159.8677197	0.0000000	0.0000000	0.1212964	0.1660170	0.1021302	0.0000000	0.0000000
7099.9929859	7155.0292025	7154.9421533	0.0000000	0.0000000	0.1385291	0.1649725	0.1034371	0.0000000	0.0000000
7099.9929859	7150.0242795	7149.6061230	0.0000000	0.0000000	0.1613333	0.1641603	0.1040195	0.0000000	0.0000000
7099.9929859	7145.0253719	7144.6805566	0.0000000	0.0000000	0.1577153	0.1643048	0.1039050	0.0000000	0.0000000
7099.9929859	7140.0234567	7139.7829688	0.0000000	0.0000000	0.1340331	0.1642345	0.1031719	0.0000000	0.0000000
7099.9929859	7135.0305647	7134.9133594	0.0000000	0.0000000	0.1391532	0.1643640	0.1058472	0.0000000	0.0000000
7099.9929859	7130.0286494	7129.6379492	0.0000000	0.0000000	0.1657251	0.1632418	0.1053643	0.0000000	0.0000000
7099.9929859	7125.0267341	7124.7683398	0.0000000	0.0000000	0.1577915	0.1635942	0.1023923	0.0000000	0.0000000
7099.9929859	7120.0278266	7119.8987305	0.0000000	0.0000000	0.1548586	0.1639988	0.0991442	0.0000000	0.0000000
7099.9929859	7114.9843181	7114.6233203	0.0000000	0.0000000	0.2219713	0.1638860	0.0995903	0.0000000	0.0000000
7099.9929859	7109.9857704	7109.7537109	0.0000000	0.0000000	0.3173695	0.1640200	0.1012015	0.0000000	0.0000000
7099.9929859	7104.9837419	7104.8841016	0.0000000	0.0000000	0.3617557	0.1641234	0.1005565	0.0000000	0.0000000
7099.9929859	7099.9851943	7099.6316406	0.0000000	0.0000000	0.3559115	0.1646803	0.1006125	0.0000000	0.0000000
7099.9929859	7094.9831658	7094.8171094	0.0000000	0.0000000	0.2592427	0.1648291	0.1007068	0.0000000	0.0000000
7099.9929859	7089.9811373	7089.6013672	0.0000000	0.0000000	0.1770866	0.1646478	0.1011021	0.0000000	0.0000000
7099.9929859	7084.9860706	7084.7868359	0.0000000	0.0000000	0.1282011	0.1641805	0.1004893	0.0000000	0.0000000
7099.9929859	7079.9875230	7079.9723047	0.0000000	0.0000000	0.0989856	0.1650946	0.0974478	0.0000000	0.0000000
7099.9929859	7074.9889754	7074.7565625	0.0000000	0.0000000	0.0790267	0.1645537	0.0950723	0.0000000	0.0000000
7099.9929859	7069.9834660	7069.9420313	0.0000000	0.0000000	0.0648317	0.1651302	0.0949814	0.0000000	0.0000000
7099.9929859	7064.9849184	7064.7262891	0.0000000	0.0000000	0.0716162	0.1647916	0.0965336	0.0000000	0.0000000
7099.9929859	7059.9824510	7059.9297656	0.0000000	0.0000000	0.0775906	0.1648495	0.0970679	0.0000000	0.0000000
7099.9929859	7054.9841606	7054.7725488	0.0000000	0.0000000	0.0951953	0.1653566	0.0971010	0.0000000	0.0000000
7099.9929859	7049.9819654	7049.6153320	0.0000000	0.0000000	0.1043988	0.1644492	0.0965048	0.0000000	0.0000000
7099.9929859	7044.9875799	7044.8548242	0.0000000	0.0000000	0.1100259	0.1648870	0.0975178	0.0000000	0.0000000
7099.9929859	7039.9814797	7039.6976074	0.0000000	0.0000000	0.1211884	0.1645817	0.0972618	0.0000000	0.0000000
7099.9929859	7034.9831894	7034.9370996	0.0000000	0.0000000	0.1343851	0.1651602	0.0984045	0.0000000	0.0000000
7099.9929859	7029.9809941	7029.7798828	0.0000000	0.0000000	0.1498374	0.1641079	0.0995798	0.0000000	0.0000000
7099.9929859	7024.9827038	7024.6226660	0.0000000	0.0000000	0.1558145	0.1636257	0.0980267	0.0000000	0.0000000
7099.9929859	7019.9844134	7019.8843262	0.0000000	0.0000000	0.1518656	0.1637648	0.0961582	0.0000000	0.0000000
7099.9929859	7014.9861230	7014.7847461	0.0000000	0.0000000	0.1625557	0.1637061	0.0984440	0.0000000	0.0000000
7099.9929859	7009.9839278	7009.6851660	0.0000000	0.0000000	0.1622412	0.1634498	0.0971277	0.0000000	0.0000000
7099.9929859	7004.9817325	7004.9778613	0.0000000	0.0000000	0.1677521	0.1648496	0.0975088	0.0000000	0.0000000
