7464.9968603	7599.9977245	7599.5502051	0.0000000	0.0000000	0.0055143	0.1934363	0.1243059	0.0000000	7465.0000000
7464.9968603	7594.9867234	7594.9313574	0.0000000	0.0000000	0.0088405	0.1923553	0.1239960	0.0000000	0.0000000
7464.9968603	7589.9849267	7589.8506250	0.0000000	0.0000000	0.0101338	0.1928838	0.1235803	0.0000000	0.0000000
7464.9968603	7584.9923107	7584.7698926	0.0000000	0.0000000	0.0083735	0.1930814	0.1241570	0.0000000	0.0000000
7464.9968603	7579.9869519	7579.6891602	0.0000000	0.0000000	0.0098256	0.1939701	0.1244673	0.0000000	0.0000000
7464.9968603	7574.9866901	7574.6139941	0.0000000	0.0000000	0.0099789	0.1941802	0.1233629	0.0000000	0.0000000
7464.9968603	7569.9889770	7569.5944922	0.0000000	0.0000000	0.0103953	0.1942317	0.1235828	0.0000000	0.0000000
7464.9968603	7564.9887153	7564.5749902	0.0000000	0.0000000	0.0086392	0.1941561	0.1234198	0.0000000	0.0000000
7464.9968603	7559.9859050	7559.5554883	0.0000000	0.0000000	0.0097587	0.1931287	0.1249835	0.0000000	0.0000000
7464.9968603	7554.9856433	7554.9923047	0.0000000	0.0000000	0.0098973	0.1934419	0.1251268	0.0000000	0.0000000
7464.9968603	7549.9853816	7549.9728027	0.0000000	0.0000000	0.0084491	0.1934808	0.1241925	0.0000000	0.0000000
7464.9968603	7544.9851198	7544.9533008	0.0000000	0.0000000	0.0090997	0.1936533	0.1242827	0.0000000	0.0000000
7464.9968603	7539.9901987	7539.9337988	0.0000000	0.0000000	0.0117692	0.1941049	0.1247604	0.0000000	0.0000000
7464.9968603	7534.9837341	7534.9142969	0.0000000	0.0000000	0.0085013	0.1942220	0.1231245	0.0000000	0.0000000
7464.9968603	7529.9830707	7529.8947949	0.0000000	0.0000000	0.0121244	0.1937681	0.1245710	0.0000000	0.0000000
7464.9968603	7524.9853080	7524.9299316	0.0000000	0.0000000	0.0102793	0.1935477	0.1238099	0.0000000	0.0000000
7464.9968603	7519.9875452	7519.9705322	0.0000000	0.0000000	0.0109788	0.1944016	0.1238220	0.0000000	0.0000000
7464.9968603	7514.9897825	7514.5602783	0.0000000	0.0000000	0.0096583	0.1945959	0.1229828	0.0000000	0.0000000
7464.9968603	7509.9833179	7509.6008789	0.0000000	0.0000000	0.0114635	0.1938330	0.1239817	0.0000000	0.0000000
7464.9968603	7504.9855552	7504.6414795	0.0000000	0.0000000	0.0109532	0.1931575	0.1227546	0.0000000	0.0000000
7464.9968603	7499.9877924	7499.6820801	0.0000000	0.0000000	0.0104509	0.1933291	0.1224778	0.0000000	0.0000000
7464.9968603	7494.9842285	7494.7226807	0.0000000	0.0000000	0.0113375	0.1935084	0.1236210	0.0000000	0.0000000
7464.9968603	7489.9843030	7489.7632813	0.0000000	0.0000000	0.0090463	0.1942483	0.1224885	0.0000000	0.0000000
7464.9968603	7484.9843817	7484.8038818	0.0000000	0.0000000	0.0127687	0.1935327	0.1241693	0.0000000	0.0000000
7464.9968603	7479.9844604	7479.8981445	0.0000000	0.0000000	0.0177117	0.1937687	0.1247931	0.0000000	0.0000000
7464.9968603	7474.9845391	7474.9977734	0.0000000	0.0000000	0.0350155	0.1936938	0.1234991	0.0000000	0.0000000
7464.9968603	7469.9846178	7469.6519141	0.0000000	0.0000000	0.0642686	0.1934249	0.1232438	0.0000000	0.0000000
7464.9968603	7464.9846965	7464.7515430	0.0000000	0.0000000	0.0862294	0.1935784	0.1233784	0.0000000	0.0000000
7464.9968603	7459.9847751	7459.8511719	0.0000000	0.0000000	0.0698037	0.1930187	0.1220530	0.0000000	0.0000000
7464.9968603	7454.9848538	7454.9508008	0.0000000	0.0000000	0.0456161	0.1947543	0.1236094	0.0000000	0.0000000
7464.9968603	7449.9849325	7449.6049414	0.0000000	0.0000000	0.0163361	0.1943053	0.1227162	0.0000000	0.0000000
7464.9968603	7444.9850112	7444.7045703	0.0000000	0.0000000	0.0102528	0.1929963	0.1230439	0.0000000	0.0000000
7464.9968603	7439.9850899	7439.8041992	0.0000000	0.0000000	0.0103464	0.1938252	0.1225968	0.0000000	0.0000000
7464.9968603	7434.9851686	7434.9618359	0.0000000	0.0000000	0.0059287	0.1930718	0.1206072	0.0000000	0.0000000
7464.9968603	7429.9872294	7429.6792578	0.0000000	0.0000000	0.0062015	0.1934014	0.1206877	0.0000000	0.0000000
7464.9968603	7424.9864714	7424.8368945	0.0000000	0.0000000	0.0055284	0.1933213	0.1215138	0.0000000	0.0000000
7464.9968603	7419.9883932	7419.9945313	0.0000000	0.0000000	0.0054036	0.1928656	0.1213138	0.0000000	0.0000000
7464.9968603	7414.9876352	7414.7119531	0.0000000	0.0000000	0.0062960	0.1936930	0.1198579	0.0000000	0.0000000
7464.9968603	7409.9868772	7409.8695898	0.0000000	0.0000000	0.0055822	0.1943953	0.1192180	0.0000000	0.0000000
7464.9968603	7404.9887990	7404.5870117	0.0000000	0.0000000	0.0050350	0.1939567	0.1195631	0.0000000	0.0000000
7464.9968603	7399.9853611	7399.7446484	0.0000000	0.0000000	0.0049904	0.1939071	0.1194221	0.0000000	0.0000000
7464.9968603	7394.9819231	7394.9126367	0.0000000	0.0000000	0.0049231	0.1942271	0.1200238	0.0000000	0.0000000
7464.9968603	7389.9865249	7389.6921680	0.0000000	0.0000000	0.0046476	0.1941659	0.1180524	0.0000000	0.0000000
7464.9968603	7384.9857669	7384.9067383	0.0000000	0.0000000	0.0045258	0.1933363	0.1187140	0.0000000	0.0000000
7464.9968603	7379.9820701	7379.6862695	0.0000000	0.0000000	0.0047869	0.1928147	0.1161183	0.0000000	0.0000000
7464.9968603	7374.9860639	7374.9008398	0.0000000	0.0000000	0.0040035	0.1932566	0.1149131	0.0000000	0.0000000
7464.9968603	7369.9868136	7369.6803711	0.0000000	0.0000000	0.0043082	0.1932817	0.1146135	0.0000000	0.0000000
7464.9968603	7364.9810749	7364.8949414	0.0000000	0.0000000	0.0050469	0.1935446	0.1131152	0.0000000	0.0000000
7464.9968603	7359.9850687	7359.6744727	0.0000000	0.0000000	0.0074939	0.1939905	0.1133546	0.0000000	0.0000000
7464.9968603	7354.9858184	7354.8890430	0.0000000	0.0000000	0.0061654	0.1949404	0.1109410	0.0000000	0.0000000
7464.9968603	7349.9865681	7349.6991016	0.0000000	0.0000000	0.0061436	0.1931274	0.1099507	0.0000000	0.0000000
7464.9968603	7344.9840736	7344.9696387	0.0000000	0.0000000	0.0046816	0.1941084	0.1088160	0.0000000	0.0000000
7464.9968603	7339.9848232	7339.8102246	0.0000000	0.0000000	0.0043821	0.1937592	0.1085642	0.0000000	0.0000000
7464.9968603	7334.9823288	7334.6508105	0.0000000	0.0000000	0.0047437	0.1945569	0.1079418	0.0000000	0.0000000
7464.9968603	7329.9830784	7329.9213477	0.0000000	0.0000000	0.0062058	0.1942014	0.1070748	0.0000000	0.0000000
7464.9968603	7324.9850371	7324.7619336	0.0000000	0.0000000	0.0058684	0.1950964	0.1075624	0.0000000	0.0000000
7464.9968603	7319.9871765	7319.6025195	0.0000000	0.0000000	0.0064969	0.1955784	0.1078217	0.0000000	0.0000000
7464.9968603	7314.9864987	7314.8730566	0.0000000	0.0000000	0.0051318	0.1945905	0.1081420	0.0000000	0.0000000
7464.9968603	7309.9886382	7309.7136426	0.0000000	0.0000000	0.0053090	0.1932546	0.1083612	0.0000000	0.0000000
7464.9968603	7304.9851431	7304.6092822	0.0000000	0.0000000	0.0047762	0.1937220	0.1088083	0.0000000	0.0000000
7464.9968603	7299.9844653	7299.9348730	0.0000000	0.0000000	0.0055935	0.1933516	0.1083240	0.0000000	0.0000000
7464.9968603	7294.9837875	7294.8355176	0.0000000	0.0000000	0.0079535	0.1938848	0.1090942	0.0000000	0.0000000
7464.9968603	7289.9859270	7289.7361621	0.0000000	0.0000000	0.0064250	0.1932827	0.1079208	0.0000000	0.0000000
7464.9968603	7284.9852492	7284.6368066	0.0000000	0.0000000	0.0061273	0.1938091	0.1076050	0.0000000	0.0000000
7464.9968603	7279.9815887	7279.9623975	0.0000000	0.0000000	0.0062156	0.1942745	0.1088937	0.0000000	0.0000000
7464.9968603	7274.9809045	7274.8630420	0.0000000	0.0000000	0.0058979	0.1944971	0.1095576	0.0000000	0.0000000
7464.9968603	7269.9866356	7269.7636865	0.0000000	0.0000000	0.0067001	0.1936215	0.1101637	0.0000000	0.0000000
7464.9968603	7264.9859514	7264.6888672	0.0000000	0.0000000	0.0048811	0.1935751	0.1091346	0.0000000	0.0000000
7464.9968603	7259.9852672	7259.6483984	0.0000000	0.0000000	0.0043248	0.1936588	0.1091096	0.0000000	0.0000000
7464.9968603	7254.9845830	7254.6079297	0.0000000	0.0000000	0.0038707	0.1924833	0.1080109	0.0000000	0.0000000
7464.9968603	7249.9838989	7249.9875000	0.0000000	0.0000000	0.0031122	0.1943169	0.1052876	0.0000000	0.0000000
7464.9968603	7244.9832147	7244.9470313	0.0000000	0.0000000	0.0024846	0.1938628	0.1034626	0.0000000	0.0000000
7464.9968603	7239.9825305	7239.9065625	0.0000000	0.0000000	0.0019172	0.1942764	0.1024729	0.0000000	0.0000000
7464.9968603	7234.9818463	7234.8660938	0.0000000	0.0000000	0.0017905	0.1943472	0.1004382	0.0000000	0.0000000
7464.9968603	7229.9811622	7229.8256250	0.0000000	0.0000000	0.0014143	0.1934604	0.1014081	0.0000000	0.0000000
7464.9968603	7224.9805610	7224.7851563	0.0000000	0.0000000	0.0014799	0.1942498	0.1022332	0.0000000	0.0000000
7464.9968603	7219.9853736	7219.8026367	0.0000000	0.0000000	0.0016377	0.1929781	0.1043954	0.0000000	0.0000000
7464.9968603	7214.9869255	7214.8201172	0.0000000	0.0000000	0.0018060	0.1937955	0.1048328	0.0000000	0.0000000
7464.9968603	7209.9852169	7209.8375977	0.0000000	0.0000000	0.0022046	0.1938623	0.1073469	0.0000000	0.0000000
7464.9968603	7204.9867688	7204.8550781	0.0000000	0.0000000	0.0020631	0.1935342	0.1081696	0.0000000	0.0000000
7464.9968603	7199.9850602	7199.8725586	0.0000000	0.0000000	0.0018840	0.1943109	0.1087063	0.0000000	0.0000000
7464.9968603	7194.9866121	7194.8900391	0.0000000	0.0000000	0.0021141	0.1938035	0.1090851	0.0000000	0.0000000
7464.9968603	7189.9849035	7189.9075195	0.0000000	0.0000000	0.0023389	0.1942148	0.1092867	0.0000000	0.0000000
7464.9968603	7184.9831949	7184.9250000	0.0000000	0.0000000	0.0017759	0.1934047	0.1093063	0.0000000	0.0000000
7464.9968603	7179.9847469	7179.9804492	0.0000000	0.0000000	0.0014254	0.1940760	0.1090143	0.0000000	0.0000000
7464.9968603	7174.9862988	7174.6444189	0.0000000	0.0000000	0.0015088	0.1940199	0.1089794	0.0000000	0.0000000
7464.9968603	7169.9813296	7169.7188525	0.0000000	0.0000000	0.0010559	0.1949476	0.1058745	0.0000000	0.0000000
7464.9968603	7164.9879166	7164.7932861	0.0000000	0.0000000	0.0007117	0.1936466	0.1031342	0.0000000	0.0000000
7464.9968603	7159.9860013	7159.8677197	0.0000000	0.0000000	0.0006384	0.1941855	0.1046112	0.0000000	0.0000000
7464.9968603	7154.9840860	7154.9421533	0.0000000	0.0000000	0.0004391	0.1941511	0.1062561	0.0000000	0.0000000
7464.9968603	7149.9851785	7149.6061230	0.0000000	0.0000000	0.0008737	0.1948124	0.1051506	0.0000000	0.0000000
7464.9968603	7144.9862710	7144.6805566	0.0000000	0.0000000	0.0004216	0.1947037	0.1045044	0.0000000	0.0000000
7464.9968603	7139.9873635	7139.7829688	0.0000000	0.0000000	0.0003491	0.1943373	0.1029602	0.0000000	0.0000000
7464.9968603	7134.9824404	7134.9133594	0.0000000	0.0000000	0.0002097	0.1940516	0.1044429	0.0000000	0.0000000
7464.9968603	7129.9865407	7129.6379492	0.0000000	0.0000000	0.0003646	0.1942417	0.1066000	0.0000000	0.0000000
7464.9968603	7124.9876331	7124.7683398	0.0000000	0.0000000	0.0004622	0.1940315	0.1062216	0.0000000	0.0000000
7464.9968603	7119.9827101	7119.8987305	0.0000000	0.0000000	0.0002318	0.1949630	0.1041840	0.0000000	0.0000000
7464.9968603	7114.9843181	7114.6233203	0.0000000	0.0000000	0.0002252	0.1935798	0.1034055	0.0000000	0.0000000
7464.9968603	7109.9857704	7109.7537109	0.0000000	0.0000000	0.0005044	0.1931023	0.1045634	0.0000000	0.0000000
7464.9968603	7104.9837419	7104.8841016	0.0000000	0.0000000	0.0002770	0.1925385	0.1049933	0.0000000	0.0000000
7464.9968603	7099.9817134	7099.6316406	0.0000000	0.0000000	0.0002578	0.1935186	0.1039276	0.0000000	0.0000000
7464.9968603	7094.9831658	7094.8171094	0.0000000	0.0000000	0.0003081	0.1928423	0.1040957	0.0000000	0.0000000
7464.9968603	7089.9846182	7089.6013672	0.0000000	0.0000000	0.0002670	0.1934064	0.1041658	0.0000000	0.0000000
7464.9968603	7084.9895515	7084.7868359	0.0000000	0.0000000	0.0002075	0.1935110	0.1034917	0.0000000	0.0000000
7464.9968603	7079.9875230	7079.9723047	0.0000000	0.0000000	0.0001058	0.1942393	0.1018154	0.0000000	0.0000000
7464.9968603	7074.9889754	7074.7565625	0.0000000	0.0000000	0.0000974	0.1939607	0.0999471	0.0000000	0.0000000
7464.9968603	7069.9869469	7069.9420313	0.0000000	0.0000000	0.0000852	0.1934211	0.1003818	0.0000000	0.0000000
7464.9968603	7064.9883993	7064.7262891	0.0000000	0.0000000	0.0000463	0.1940398	0.1009100	0.0000000	0.0000000
7464.9968603	7059.9863559	7059.9297656	0.0000000	0.0000000	0.0000437	0.1940446	0.0989810	0.0000000	0.0000000
7464.9968603	7054.9880656	7054.7725488	0.0000000	0.0000000	0.0000645	0.1933823	0.0990160	0.0000000	0.0000000
7464.9968603	7049.9819654	7049.6153320	0.0000000	0.0000000	0.0000540	0.1946647	0.0980162	0.0000000	0.0000000
7464.9968603	7044.9875799	7044.8548242	0.0000000	0.0000000	0.0000604	0.1943086	0.0988037	0.0000000	0.0000000
7464.9968603	7039.9775748	7039.6976074	0.0000000	0.0000000	0.0000802	0.1929150	0.0996691	0.0000000	0.0000000
7464.9968603	7034.9831894	7034.9370996	0.0000000	0.0000000	0.0001040	0.1930592	0.0998336	0.0000000	0.0000000
7464.9968603	7029.9809941	7029.7798828	0.0000000	0.0000000	0.0001168	0.1938922	0.1010229	0.0000000	0.0000000
7464.9968603	7024.9827038	7024.6226660	0.0000000	0.0000000	0.0001432	0.1938112	0.1014269	0.0000000	0.0000000
7464.9968603	7019.9844134	7019.8843262	0.0000000	0.0000000	0.0001189	0.1932949	0.1002742	0.0000000	0.0000000
7464.9968603	7014.9861230	7014.7847461	0.0000000	0.0000000	0.0000902	0.1940002	0.1006256	0.0000000	0.0000000
7464.9968603	7009.9878327	7009.6851660	0.0000000	0.0000000	0.0000884	0.1943877	0.1001584	0.0000000	0.0000000
7464.9968603	7004.9817325	7004.9778613	0.0000000	0.0000000	0.0000992	0.1939736	0.1007322	0.0000000	0.0000000
