7389.9971356	7599.9977245	7599.5502051	0.0000000	0.0000000	0.0072256	0.1844559	0.1231925	0.0000000	7390.0000000
7389.9971356	7594.9867234	7594.9313574	0.0000000	0.0000000	0.0094327	0.1844052	0.1206630	0.0000000	0.0000000
7389.9971356	7589.9849267	7589.8506250	0.0000000	0.0000000	0.0156490	0.1873015	0.1224098	0.0000000	0.0000000
7389.9971356	7584.9897621	7584.7698926	0.0000000	0.0000000	0.0144402	0.1858210	0.1220063	0.0000000	0.0000000
7389.9971356	7579.9895004	7579.6891602	0.0000000	0.0000000	0.0124590	0.1846586	0.1220959	0.0000000	0.0000000
7389.9971356	7574.9866901	7574.6139941	0.0000000	0.0000000	0.0103832	0.1856626	0.1219279	0.0000000	0.0000000
7389.9971356	7569.9889770	7569.5944922	0.0000000	0.0000000	0.0118335	0.1870717	0.1214993	0.0000000	0.0000000
7389.9971356	7564.9887153	7564.5749902	0.0000000	0.0000000	0.0127490	0.1882605	0.1224609	0.0000000	0.0000000
7389.9971356	7559.9859050	7559.5554883	0.0000000	0.0000000	0.0149744	0.1890631	0.1230806	0.0000000	0.0000000
7389.9971356	7554.9856433	7554.9923047	0.0000000	0.0000000	0.0131754	0.1886996	0.1228973	0.0000000	0.0000000
7389.9971356	7549.9853816	7549.9728027	0.0000000	0.0000000	0.0122969	0.1879094	0.1233033	0.0000000	0.0000000
7389.9971356	7544.9851198	7544.9533008	0.0000000	0.0000000	0.0108414	0.1859481	0.1232705	0.0000000	0.0000000
7389.9971356	7539.9872981	7539.9337988	0.0000000	0.0000000	0.0111052	0.1861244	0.1232645	0.0000000	0.0000000
7389.9971356	7534.9866347	7534.9142969	0.0000000	0.0000000	0.0119868	0.1871833	0.1231570	0.0000000	0.0000000
7389.9971356	7529.9830707	7529.8947949	0.0000000	0.0000000	0.0160375	0.1872813	0.1247386	0.0000000	0.0000000
7389.9971356	7525.0317179	7524.9299316	0.0000000	0.0000000	0.0213876	0.1864158	0.1247238	0.0000000	0.0000000
7389.9971356	7519.9875452	7519.9705322	0.0000000	0.0000000	0.0188828	0.1884865	0.1235712	0.0000000	0.0000000
7389.9971356	7515.0303911	7514.5602783	0.0000000	0.0000000	0.0159637	0.1876505	0.1214636	0.0000000	0.0000000
7389.9971356	7510.0355290	7509.6008789	0.0000000	0.0000000	0.0143446	0.1866021	0.1215480	0.0000000	0.0000000
7389.9971356	7505.0319651	7504.6414795	0.0000000	0.0000000	0.0160345	0.1861674	0.1212546	0.0000000	0.0000000
7389.9971356	7499.9877924	7499.6820801	0.0000000	0.0000000	0.0180713	0.1859807	0.1227719	0.0000000	0.0000000
7389.9971356	7494.9871291	7494.7226807	0.0000000	0.0000000	0.0164380	0.1860308	0.1216953	0.0000000	0.0000000
7389.9971356	7489.9843030	7489.7632813	0.0000000	0.0000000	0.0149916	0.1878142	0.1215367	0.0000000	0.0000000
7389.9971356	7485.0356045	7484.8038818	0.0000000	0.0000000	0.0125026	0.1875836	0.1211415	0.0000000	0.0000000
7389.9971356	7479.9844604	7479.8981445	0.0000000	0.0000000	0.0110078	0.1890582	0.1207050	0.0000000	0.0000000
7389.9971356	7474.9845391	7474.9977734	0.0000000	0.0000000	0.0112792	0.1861605	0.1228229	0.0000000	0.0000000
7389.9971356	7469.9846178	7469.6519141	0.0000000	0.0000000	0.0117621	0.1862717	0.1223131	0.0000000	0.0000000
7389.9971356	7464.9875422	7464.7515430	0.0000000	0.0000000	0.0091459	0.1852440	0.1231060	0.0000000	0.0000000
7389.9971356	7459.9847751	7459.8511719	0.0000000	0.0000000	0.0113929	0.1867770	0.1233164	0.0000000	0.0000000
7389.9971356	7454.9820081	7454.9508008	0.0000000	0.0000000	0.0104590	0.1857538	0.1216353	0.0000000	0.0000000
7389.9971356	7449.9849325	7449.6049414	0.0000000	0.0000000	0.0129082	0.1851760	0.1223160	0.0000000	0.0000000
7389.9971356	7444.9850112	7444.7045703	0.0000000	0.0000000	0.0113583	0.1867799	0.1200980	0.0000000	0.0000000
7389.9971356	7439.9850899	7439.8041992	0.0000000	0.0000000	0.0126270	0.1861648	0.1230841	0.0000000	0.0000000
7389.9971356	7434.9880144	7434.9618359	0.0000000	0.0000000	0.0114789	0.1868539	0.1198491	0.0000000	0.0000000
7389.9971356	7429.9872294	7429.6792578	0.0000000	0.0000000	0.0110970	0.1864226	0.1197560	0.0000000	0.0000000
7389.9971356	7424.9918312	7424.8368945	0.0000000	0.0000000	0.0141094	0.1865724	0.1188259	0.0000000	0.0000000
7389.9971356	7419.9883932	7419.9945313	0.0000000	0.0000000	0.0142065	0.1877766	0.1176528	0.0000000	0.0000000
7389.9971356	7414.9849553	7414.7119531	0.0000000	0.0000000	0.0122393	0.1866698	0.1181874	0.0000000	0.0000000
7389.9971356	7409.9841972	7409.8695898	0.0000000	0.0000000	0.0131355	0.1872430	0.1176709	0.0000000	0.0000000
7389.9971356	7404.9861191	7404.5870117	0.0000000	0.0000000	0.0228478	0.1875845	0.1187400	0.0000000	0.0000000
7389.9971356	7399.9880410	7399.7446484	0.0000000	0.0000000	0.0533789	0.1877294	0.1173113	0.0000000	0.0000000
7389.9971356	7394.9872830	7394.9126367	0.0000000	0.0000000	0.0997231	0.1871792	0.1167014	0.0000000	0.0000000
7389.9971356	7389.9865249	7389.6921680	0.0000000	0.0000000	0.1275248	0.1861919	0.1171846	0.0000000	0.0000000
7389.9971356	7384.9857669	7384.9067383	0.0000000	0.0000000	0.1074203	0.1863987	0.1166193	0.0000000	0.0000000
7389.9971356	7379.9820701	7379.6862695	0.0000000	0.0000000	0.0542175	0.1854795	0.1186581	0.0000000	0.0000000
7389.9971356	7375.0055289	7374.9008398	0.0000000	0.0000000	0.0237798	0.1846703	0.1135603	0.0000000	0.0000000
7389.9971356	7370.0030344	7369.6803711	0.0000000	0.0000000	0.0132909	0.1854644	0.1127927	0.0000000	0.0000000
7389.9971356	7365.0167607	7364.8949414	0.0000000	0.0000000	0.0150557	0.1854481	0.1124446	0.0000000	0.0000000
7389.9971356	7360.0045337	7359.6744727	0.0000000	0.0000000	0.0162291	0.1868827	0.1122758	0.0000000	0.0000000
7389.9971356	7355.0117717	7354.8890430	0.0000000	0.0000000	0.0173372	0.1860017	0.1109885	0.0000000	0.0000000
7389.9971356	7350.0125214	7349.6991016	0.0000000	0.0000000	0.0160703	0.1866179	0.1094878	0.0000000	0.0000000
7389.9971356	7345.0067827	7344.9696387	0.0000000	0.0000000	0.0122249	0.1878044	0.1069266	0.0000000	0.0000000
7389.9971356	7340.0075324	7339.8102246	0.0000000	0.0000000	0.0098564	0.1868243	0.1053145	0.0000000	0.0000000
7389.9971356	7335.0115262	7334.6508105	0.0000000	0.0000000	0.0154539	0.1867046	0.1043634	0.0000000	0.0000000
7389.9971356	7330.0057875	7329.9213477	0.0000000	0.0000000	0.0163961	0.1874891	0.1051136	0.0000000	0.0000000
7389.9971356	7325.0272963	7324.7619336	0.0000000	0.0000000	0.0146757	0.1856398	0.1066401	0.0000000	0.0000000
7389.9971356	7319.9843593	7319.6025195	0.0000000	0.0000000	0.0163613	0.1861376	0.1064750	0.0000000	0.0000000
7389.9971356	7314.9864987	7314.8730566	0.0000000	0.0000000	0.0190935	0.1868671	0.1046287	0.0000000	0.0000000
7389.9971356	7309.9886382	7309.7136426	0.0000000	0.0000000	0.0214519	0.1857540	0.1082915	0.0000000	0.0000000
7389.9971356	7304.9879604	7304.6092822	0.0000000	0.0000000	0.0122146	0.1841204	0.1057911	0.0000000	0.0000000
7389.9971356	7299.9844653	7299.9348730	0.0000000	0.0000000	0.0168174	0.1849684	0.1061908	0.0000000	0.0000000
7389.9971356	7294.9837875	7294.8355176	0.0000000	0.0000000	0.0181366	0.1858678	0.1095165	0.0000000	0.0000000
7389.9971356	7289.9831097	7289.7361621	0.0000000	0.0000000	0.0176465	0.1869871	0.1097504	0.0000000	0.0000000
7389.9971356	7284.9852492	7284.6368066	0.0000000	0.0000000	0.0182960	0.1855010	0.1108804	0.0000000	0.0000000
7389.9971356	7279.9815887	7279.9623975	0.0000000	0.0000000	0.0182562	0.1844257	0.1107224	0.0000000	0.0000000
7389.9971356	7275.0065655	7274.8630420	0.0000000	0.0000000	0.0188732	0.1836013	0.1099301	0.0000000	0.0000000
7389.9971356	7270.0155042	7269.7636865	0.0000000	0.0000000	0.0184497	0.1855601	0.1102360	0.0000000	0.0000000
7389.9971356	7265.0051971	7264.6888672	0.0000000	0.0000000	0.0201355	0.1850808	0.1098536	0.0000000	0.0000000
7389.9971356	7260.0173434	7259.6483984	0.0000000	0.0000000	0.0165006	0.1857316	0.1069716	0.0000000	0.0000000
7389.9971356	7255.0134516	7254.6079297	0.0000000	0.0000000	0.0169641	0.1864056	0.1059470	0.0000000	0.0000000
7389.9971356	7250.0191827	7249.9875000	0.0000000	0.0000000	0.0138497	0.1858883	0.1037617	0.0000000	0.0000000
7389.9971356	7245.0120833	7244.9470313	0.0000000	0.0000000	0.0106971	0.1894269	0.1008097	0.0000000	0.0000000
7389.9971356	7240.0081915	7239.9065625	0.0000000	0.0000000	0.0078966	0.1904142	0.0981552	0.0000000	0.0000000
7389.9971356	7235.0139226	7234.8660938	0.0000000	0.0000000	0.0083990	0.1889280	0.0989316	0.0000000	0.0000000
7389.9971356	7230.0164460	7229.8256250	0.0000000	0.0000000	0.0072440	0.1875397	0.0998380	0.0000000	0.0000000
7389.9971356	7225.0066456	7224.7851563	0.0000000	0.0000000	0.0078693	0.1877020	0.1009314	0.0000000	0.0000000
7389.9971356	7220.0049369	7219.8026367	0.0000000	0.0000000	0.0121116	0.1893185	0.1004613	0.0000000	0.0000000
7389.9971356	7215.0032283	7214.8201172	0.0000000	0.0000000	0.0111270	0.1909054	0.1007172	0.0000000	0.0000000
7389.9971356	7210.0015197	7209.8375977	0.0000000	0.0000000	0.0113611	0.1889460	0.1032769	0.0000000	0.0000000
7389.9971356	7205.0063322	7204.8550781	0.0000000	0.0000000	0.0114556	0.1865256	0.1058525	0.0000000	0.0000000
7389.9971356	7200.0176659	7199.8725586	0.0000000	0.0000000	0.0083160	0.1868956	0.1076902	0.0000000	0.0000000
7389.9971356	7194.9996544	7194.8900391	0.0000000	0.0000000	0.0084236	0.1855297	0.1088881	0.0000000	0.0000000
7389.9971356	7190.0109881	7189.9075195	0.0000000	0.0000000	0.0106046	0.1868683	0.1088802	0.0000000	0.0000000
7389.9971356	7185.0092794	7184.9250000	0.0000000	0.0000000	0.0085155	0.1869181	0.1073085	0.0000000	0.0000000
7389.9971356	7180.0010497	7179.9804492	0.0000000	0.0000000	0.0059340	0.1870040	0.1078601	0.0000000	0.0000000
7389.9971356	7174.9862988	7174.6444189	0.0000000	0.0000000	0.0058674	0.1854917	0.1067439	0.0000000	0.0000000
7389.9971356	7170.0204564	7169.7188525	0.0000000	0.0000000	0.0044958	0.1853398	0.1034943	0.0000000	0.0000000
7389.9971356	7165.0330331	7164.7932861	0.0000000	0.0000000	0.0023772	0.1867639	0.1024572	0.0000000	0.0000000
7389.9971356	7160.0281100	7159.8677197	0.0000000	0.0000000	0.0023751	0.1861742	0.1026135	0.0000000	0.0000000
7389.9971356	7155.0231870	7154.9421533	0.0000000	0.0000000	0.0034506	0.1906000	0.1023387	0.0000000	0.0000000
7389.9971356	7150.0212717	7149.6061230	0.0000000	0.0000000	0.0034069	0.1900150	0.1011749	0.0000000	0.0000000
7389.9971356	7145.0253719	7144.6805566	0.0000000	0.0000000	0.0019795	0.1894437	0.1005890	0.0000000	0.0000000
7389.9971356	7140.0324800	7139.7829688	0.0000000	0.0000000	0.0014642	0.1886888	0.1023374	0.0000000	0.0000000
7389.9971356	7135.0245491	7134.9133594	0.0000000	0.0000000	0.0013989	0.1881023	0.1017626	0.0000000	0.0000000
7389.9971356	7130.0226338	7129.6379492	0.0000000	0.0000000	0.0017145	0.1879773	0.1021599	0.0000000	0.0000000
7389.9971356	7125.0267341	7124.7683398	0.0000000	0.0000000	0.0013547	0.1880786	0.1009386	0.0000000	0.0000000
7389.9971356	7120.0188033	7119.8987305	0.0000000	0.0000000	0.0010094	0.1880807	0.1020497	0.0000000	0.0000000
7389.9971356	7114.9843181	7114.6233203	0.0000000	0.0000000	0.0009794	0.1877496	0.1010289	0.0000000	0.0000000
7389.9971356	7109.9857704	7109.7537109	0.0000000	0.0000000	0.0008365	0.1877280	0.1022926	0.0000000	0.0000000
7389.9971356	7104.9837419	7104.8841016	0.0000000	0.0000000	0.0008846	0.1872094	0.1038062	0.0000000	0.0000000
7389.9971356	7099.9817134	7099.6316406	0.0000000	0.0000000	0.0006078	0.1870851	0.1009148	0.0000000	0.0000000
7389.9971356	7094.9831658	7094.8171094	0.0000000	0.0000000	0.0005415	0.1884229	0.1010585	0.0000000	0.0000000
7389.9971356	7089.9846182	7089.6013672	0.0000000	0.0000000	0.0004783	0.1881779	0.1017158	0.0000000	0.0000000
7389.9971356	7084.9860706	7084.7868359	0.0000000	0.0000000	0.0004675	0.1887524	0.1001924	0.0000000	0.0000000
7389.9971356	7079.9979657	7079.9723047	0.0000000	0.0000000	0.0001906	0.1897086	0.0994017	0.0000000	0.0000000
7389.9971356	7074.9889754	7074.7565625	0.0000000	0.0000000	0.0001265	0.1889841	0.0989927	0.0000000	0.0000000
7389.9971356	7069.9869469	7069.9420313	0.0000000	0.0000000	0.0001182	0.1907645	0.0953412	0.0000000	0.0000000
7389.9971356	7064.9883993	7064.7262891	0.0000000	0.0000000	0.0000880	0.1898972	0.0959167	0.0000000	0.0000000
7389.9971356	7059.9863559	7059.9297656	0.0000000	0.0000000	0.0001516	0.1891963	0.0972028	0.0000000	0.0000000
7389.9971356	7054.9841606	7054.7725488	0.0000000	0.0000000	0.0000615	0.1879540	0.0973969	0.0000000	0.0000000
7389.9971356	7049.9819654	7049.6153320	0.0000000	0.0000000	0.0001322	0.1877550	0.0966261	0.0000000	0.0000000
7389.9971356	7044.9836750	7044.8548242	0.0000000	0.0000000	0.0000712	0.1879769	0.0969978	0.0000000	0.0000000
7389.9971356	7039.9814797	7039.6976074	0.0000000	0.0000000	0.0001464	0.1884913	0.0973337	0.0000000	0.0000000
7389.9971356	7034.9831894	7034.9370996	0.0000000	0.0000000	0.0001357	0.1875472	0.0984805	0.0000000	0.0000000
7389.9971356	7029.9809941	7029.7798828	0.0000000	0.0000000	0.0001632	0.1898361	0.0966365	0.0000000	0.0000000
7389.9971356	7024.9827038	7024.6226660	0.0000000	0.0000000	0.0002003	0.1913846	0.0963685	0.0000000	0.0000000
7389.9971356	7019.9805085	7019.8843262	0.0000000	0.0000000	0.0001749	0.1904323	0.0983541	0.0000000	0.0000000
7389.9971356	7014.9861230	7014.7847461	0.0000000	0.0000000	0.0001503	0.1902510	0.0977649	0.0000000	0.0000000
7389.9971356	7009.9878327	7009.6851660	0.0000000	0.0000000	0.0001205	0.1912100	0.0968795	0.0000000	0.0000000
7389.9971356	7004.9817325	7004.9778613	0.0000000	0.0000000	0.0000961	0.1880435	0.0987531	0.0000000	0.0000000
