7089.9950695	7599.9977245	7599.5502051	0.0000000	0.0000000	0.0173295	0.1590842	0.1206554	0.0000000	7090.0000000
7089.9950695	7594.9892152	7594.9313574	0.0000000	0.0000000	0.0196538	0.1603727	0.1210200	0.0000000	0.0000000
7089.9950695	7589.9849267	7589.8506250	0.0000000	0.0000000	0.0222262	0.1613856	0.1201500	0.0000000	0.0000000
7089.9950695	7584.9897621	7584.7698926	0.0000000	0.0000000	0.0212383	0.1637111	0.1199575	0.0000000	0.0000000
7089.9950695	7579.9869519	7579.6891602	0.0000000	0.0000000	0.0208168	0.1628965	0.1200330	0.0000000	0.0000000
7089.9950695	7574.9866901	7574.6139941	0.0000000	0.0000000	0.0248278	0.1624952	0.1214166	0.0000000	0.0000000
7089.9950695	7569.9864284	7569.5944922	0.0000000	0.0000000	0.0197816	0.1620007	0.1203754	0.0000000	0.0000000
7089.9950695	7564.9887153	7564.5749902	0.0000000	0.0000000	0.0216273	0.1607511	0.1219113	0.0000000	0.0000000
7089.9950695	7559.9910021	7559.5554883	0.0000000	0.0000000	0.0199747	0.1604972	0.1206409	0.0000000	0.0000000
7089.9950695	7554.9856433	7554.9923047	0.0000000	0.0000000	0.0204170	0.1615741	0.1214727	0.0000000	0.0000000
7089.9950695	7549.9879301	7549.9728027	0.0000000	0.0000000	0.0200664	0.1615887	0.1217596	0.0000000	0.0000000
7089.9950695	7544.9851198	7544.9533008	0.0000000	0.0000000	0.0201727	0.1609451	0.1218458	0.0000000	0.0000000
7089.9950695	7539.9872981	7539.9337988	0.0000000	0.0000000	0.0230214	0.1609178	0.1222736	0.0000000	0.0000000
7089.9950695	7535.0243427	7534.9142969	0.0000000	0.0000000	0.0191749	0.1602151	0.1210350	0.0000000	0.0000000
7089.9950695	7529.9859713	7529.8947949	0.0000000	0.0000000	0.0213816	0.1608126	0.1215751	0.0000000	0.0000000
7089.9950695	7525.0288172	7524.9299316	0.0000000	0.0000000	0.0191085	0.1619086	0.1202291	0.0000000	0.0000000
7089.9950695	7519.9875452	7519.9705322	0.0000000	0.0000000	0.0220803	0.1616809	0.1215109	0.0000000	0.0000000
7089.9950695	7515.0274905	7514.5602783	0.0000000	0.0000000	0.0219471	0.1607446	0.1210376	0.0000000	0.0000000
7089.9950695	7509.9833179	7509.6008789	0.0000000	0.0000000	0.0193263	0.1598489	0.1199370	0.0000000	0.0000000
7089.9950695	7505.0348657	7504.6414795	0.0000000	0.0000000	0.0202302	0.1604458	0.1206248	0.0000000	0.0000000
7089.9950695	7500.0342023	7499.6820801	0.0000000	0.0000000	0.0199845	0.1617987	0.1199854	0.0000000	0.0000000
7089.9950695	7495.0248371	7494.7226807	0.0000000	0.0000000	0.0194672	0.1622054	0.1197374	0.0000000	0.0000000
7089.9950695	7490.0241430	7489.7632813	0.0000000	0.0000000	0.0211563	0.1611146	0.1203197	0.0000000	0.0000000
7089.9950695	7484.9843817	7484.8038818	0.0000000	0.0000000	0.0199187	0.1604243	0.1203333	0.0000000	0.0000000
7089.9950695	7479.9873061	7479.8981445	0.0000000	0.0000000	0.0193916	0.1611934	0.1201373	0.0000000	0.0000000
7089.9950695	7474.9845391	7474.9977734	0.0000000	0.0000000	0.0196112	0.1617755	0.1206211	0.0000000	0.0000000
7089.9950695	7470.0329949	7469.6519141	0.0000000	0.0000000	0.0177606	0.1617137	0.1211824	0.0000000	0.0000000
7089.9950695	7464.9903879	7464.7515430	0.0000000	0.0000000	0.0151366	0.1613047	0.1198484	0.0000000	0.0000000
7089.9950695	7459.9847751	7459.8511719	0.0000000	0.0000000	0.0131970	0.1610375	0.1197972	0.0000000	0.0000000
7089.9950695	7454.9848538	7454.9508008	0.0000000	0.0000000	0.0135137	0.1597260	0.1201299	0.0000000	0.0000000
7089.9950695	7449.9877783	7449.6049414	0.0000000	0.0000000	0.0129768	0.1595975	0.1187831	0.0000000	0.0000000
7089.9950695	7444.9850112	7444.7045703	0.0000000	0.0000000	0.0157954	0.1610880	0.1201534	0.0000000	0.0000000
7089.9950695	7439.9850899	7439.8041992	0.0000000	0.0000000	0.0133723	0.1612339	0.1187063	0.0000000	0.0000000
7089.9950695	7434.9851686	7434.9618359	0.0000000	0.0000000	0.0143733	0.1612769	0.1192747	0.0000000	0.0000000
7089.9950695	7429.9872294	7429.6792578	0.0000000	0.0000000	0.0131541	0.1605564	0.1181368	0.0000000	0.0000000
7089.9950695	7424.9918312	7424.8368945	0.0000000	0.0000000	0.0126718	0.1608405	0.1191732	0.0000000	0.0000000
7089.9950695	7419.9883932	7419.9945313	0.0000000	0.0000000	0.0115465	0.1610984	0.1185577	0.0000000	0.0000000
7089.9950695	7414.9849553	7414.7119531	0.0000000	0.0000000	0.0102872	0.1603011	0.1172373	0.0000000	0.0000000
7089.9950695	7409.9868772	7409.8695898	0.0000000	0.0000000	0.0110580	0.1604838	0.1162576	0.0000000	0.0000000
7089.9950695	7404.9861191	7404.5870117	0.0000000	0.0000000	0.0108643	0.1620219	0.1167603	0.0000000	0.0000000
7089.9950695	7399.9853611	7399.7446484	0.0000000	0.0000000	0.0103995	0.1618110	0.1158240	0.0000000	0.0000000
7089.9950695	7394.9846030	7394.9126367	0.0000000	0.0000000	0.0098993	0.1619663	0.1156394	0.0000000	0.0000000
7089.9950695	7389.9865249	7389.6921680	0.0000000	0.0000000	0.0106448	0.1621218	0.1155735	0.0000000	0.0000000
7089.9950695	7384.9857669	7384.9067383	0.0000000	0.0000000	0.0115067	0.1614573	0.1141930	0.0000000	0.0000000
7089.9950695	7379.9853142	7379.6862695	0.0000000	0.0000000	0.0104166	0.1614834	0.1143069	0.0000000	0.0000000
7089.9950695	7375.0022847	7374.9008398	0.0000000	0.0000000	0.0099017	0.1612920	0.1140138	0.0000000	0.0000000
7089.9950695	7370.0127668	7369.6803711	0.0000000	0.0000000	0.0110070	0.1625569	0.1120066	0.0000000	0.0000000
7089.9950695	7365.0102724	7364.8949414	0.0000000	0.0000000	0.0125840	0.1626638	0.1125973	0.0000000	0.0000000
7089.9950695	7360.0110220	7359.6744727	0.0000000	0.0000000	0.0154012	0.1624233	0.1135864	0.0000000	0.0000000
7089.9950695	7355.0117717	7354.8890430	0.0000000	0.0000000	0.0161072	0.1617953	0.1113176	0.0000000	0.0000000
7089.9950695	7350.0092772	7349.6991016	0.0000000	0.0000000	0.0155740	0.1614564	0.1073778	0.0000000	0.0000000
7089.9950695	7345.0132710	7344.9696387	0.0000000	0.0000000	0.0128333	0.1617198	0.1048118	0.0000000	0.0000000
7089.9950695	7340.0075324	7339.8102246	0.0000000	0.0000000	0.0124242	0.1624181	0.1045129	0.0000000	0.0000000
7089.9950695	7335.0050379	7334.6508105	0.0000000	0.0000000	0.0149260	0.1614487	0.1042079	0.0000000	0.0000000
7089.9950695	7330.0057875	7329.9213477	0.0000000	0.0000000	0.0190726	0.1619176	0.1052869	0.0000000	0.0000000
7089.9950695	7325.0188445	7324.7619336	0.0000000	0.0000000	0.0200839	0.1630283	0.1062800	0.0000000	0.0000000
7089.9950695	7319.9871765	7319.6025195	0.0000000	0.0000000	0.0199839	0.1623995	0.1061929	0.0000000	0.0000000
7089.9950695	7314.9864987	7314.8730566	0.0000000	0.0000000	0.0265747	0.1607084	0.1075892	0.0000000	0.0000000
7089.9950695	7309.9886382	7309.7136426	0.0000000	0.0000000	0.0260736	0.1613533	0.1063815	0.0000000	0.0000000
7089.9950695	7304.9851431	7304.6092822	0.0000000	0.0000000	0.0219261	0.1627642	0.1045619	0.0000000	0.0000000
7089.9950695	7299.9816481	7299.9348730	0.0000000	0.0000000	0.0245043	0.1628203	0.1040345	0.0000000	0.0000000
7089.9950695	7294.9837875	7294.8355176	0.0000000	0.0000000	0.0322451	0.1617865	0.1073856	0.0000000	0.0000000
7089.9950695	7289.9802925	7289.7361621	0.0000000	0.0000000	0.0353832	0.1613143	0.1097211	0.0000000	0.0000000
7089.9950695	7284.9852492	7284.6368066	0.0000000	0.0000000	0.0328782	0.1606797	0.1071560	0.0000000	0.0000000
7089.9950695	7279.9815887	7279.9623975	0.0000000	0.0000000	0.0372432	0.1619255	0.1067762	0.0000000	0.0000000
7089.9950695	7275.0097731	7274.8630420	0.0000000	0.0000000	0.0375576	0.1631771	0.1065038	0.0000000	0.0000000
7089.9950695	7270.0187118	7269.7636865	0.0000000	0.0000000	0.0405321	0.1633400	0.1066863	0.0000000	0.0000000
7089.9950695	7265.0084048	7264.6888672	0.0000000	0.0000000	0.0402532	0.1628907	0.1063043	0.0000000	0.0000000
7089.9950695	7260.0045130	7259.6483984	0.0000000	0.0000000	0.0405414	0.1633691	0.1054418	0.0000000	0.0000000
7089.9950695	7255.0102440	7254.6079297	0.0000000	0.0000000	0.0447311	0.1630282	0.1043306	0.0000000	0.0000000
7089.9950695	7250.0127675	7249.9875000	0.0000000	0.0000000	0.0427451	0.1643461	0.1022648	0.0000000	0.0000000
7089.9950695	7245.0088757	7244.9470313	0.0000000	0.0000000	0.0454772	0.1641306	0.1015363	0.0000000	0.0000000
7089.9950695	7240.0049839	7239.9065625	0.0000000	0.0000000	0.0445414	0.1637103	0.1010386	0.0000000	0.0000000
7089.9950695	7235.0107149	7234.8660938	0.0000000	0.0000000	0.0467690	0.1645140	0.0994967	0.0000000	0.0000000
7089.9950695	7230.0132384	7229.8256250	0.0000000	0.0000000	0.0462836	0.1651420	0.0982002	0.0000000	0.0000000
7089.9950695	7225.0033850	7224.7851563	0.0000000	0.0000000	0.0509617	0.1644379	0.0988633	0.0000000	0.0000000
7089.9950695	7220.0081975	7219.8026367	0.0000000	0.0000000	0.0651753	0.1652021	0.1002122	0.0000000	0.0000000
7089.9950695	7215.0130100	7214.8201172	0.0000000	0.0000000	0.0765721	0.1639725	0.1014059	0.0000000	0.0000000
7089.9950695	7210.0080408	7209.8375977	0.0000000	0.0000000	0.0941924	0.1621440	0.1033086	0.0000000	0.0000000
7089.9950695	7204.9998111	7204.8550781	0.0000000	0.0000000	0.1099574	0.1630287	0.1047456	0.0000000	0.0000000
7089.9950695	7200.0176659	7199.8725586	0.0000000	0.0000000	0.1097017	0.1633420	0.1069967	0.0000000	0.0000000
7089.9950695	7195.0159572	7194.8900391	0.0000000	0.0000000	0.1111877	0.1643757	0.1057762	0.0000000	0.0000000
7089.9950695	7190.0077275	7189.9075195	0.0000000	0.0000000	0.1250066	0.1640022	0.1046949	0.0000000	0.0000000
7089.9950695	7184.9994977	7184.9250000	0.0000000	0.0000000	0.1317887	0.1647107	0.1049308	0.0000000	0.0000000
7089.9950695	7180.0010497	7179.9804492	0.0000000	0.0000000	0.1261191	0.1649761	0.1041599	0.0000000	0.0000000
7089.9950695	7175.0058622	7174.6444189	0.0000000	0.0000000	0.1347885	0.1636469	0.1038208	0.0000000	0.0000000
7089.9950695	7170.0074141	7169.7188525	0.0000000	0.0000000	0.1407186	0.1650111	0.1028021	0.0000000	0.0000000
7089.9950695	7165.0270176	7164.7932861	0.0000000	0.0000000	0.1168705	0.1652933	0.1010221	0.0000000	0.0000000
7089.9950695	7160.0281100	7159.8677197	0.0000000	0.0000000	0.1113274	0.1658419	0.1018757	0.0000000	0.0000000
7089.9950695	7154.9840860	7154.9421533	0.0000000	0.0000000	0.1188165	0.1661823	0.1012234	0.0000000	0.0000000
7089.9950695	7150.0242795	7149.6061230	0.0000000	0.0000000	0.1483054	0.1650829	0.1025349	0.0000000	0.0000000
7089.9950695	7145.0253719	7144.6805566	0.0000000	0.0000000	0.1512588	0.1630063	0.1032263	0.0000000	0.0000000
7089.9950695	7140.0204489	7139.7829688	0.0000000	0.0000000	0.1320510	0.1634525	0.1038174	0.0000000	0.0000000
7089.9950695	7135.0155258	7134.9133594	0.0000000	0.0000000	0.1316814	0.1634603	0.1034353	0.0000000	0.0000000
7089.9950695	7129.9895484	7129.6379492	0.0000000	0.0000000	0.1627933	0.1641151	0.1038875	0.0000000	0.0000000
7089.9950695	7124.9876331	7124.7683398	0.0000000	0.0000000	0.1644290	0.1644022	0.1020839	0.0000000	0.0000000
7089.9950695	7120.0248188	7119.8987305	0.0000000	0.0000000	0.1483823	0.1642042	0.1025927	0.0000000	0.0000000
7089.9950695	7114.9877989	7114.6233203	0.0000000	0.0000000	0.1491503	0.1630526	0.1024620	0.0000000	0.0000000
7089.9950695	7109.9857704	7109.7537109	0.0000000	0.0000000	0.1755276	0.1645814	0.1008566	0.0000000	0.0000000
7089.9950695	7104.9837419	7104.8841016	0.0000000	0.0000000	0.2283355	0.1641471	0.0998805	0.0000000	0.0000000
7089.9950695	7099.9851943	7099.6316406	0.0000000	0.0000000	0.3243704	0.1658239	0.0989972	0.0000000	0.0000000
7089.9950695	7094.9831658	7094.8171094	0.0000000	0.0000000	0.3640067	0.1655312	0.0993358	0.0000000	0.0000000
7089.9950695	7089.9846182	7089.6013672	0.0000000	0.0000000	0.3392221	0.1644199	0.0997550	0.0000000	0.0000000
7089.9950695	7084.9860706	7084.7868359	0.0000000	0.0000000	0.2478031	0.1659567	0.1002574	0.0000000	0.0000000
7089.9950695	7079.9875230	7079.9723047	0.0000000	0.0000000	0.1461896	0.1661844	0.0979781	0.0000000	0.0000000
7089.9950695	7074.9924563	7074.7565625	0.0000000	0.0000000	0.0952915	0.1668486	0.0957804	0.0000000	0.0000000
7089.9950695	7070.0043513	7069.9420313	0.0000000	0.0000000	0.0757404	0.1649885	0.0967240	0.0000000	0.0000000
7089.9950695	7064.9883993	7064.7262891	0.0000000	0.0000000	0.0843544	0.1633385	0.0970256	0.0000000	0.0000000
7089.9950695	7059.9863559	7059.9297656	0.0000000	0.0000000	0.0893209	0.1640516	0.0979561	0.0000000	0.0000000
7089.9950695	7054.9841606	7054.7725488	0.0000000	0.0000000	0.1047457	0.1661901	0.0979502	0.0000000	0.0000000
7089.9950695	7049.9819654	7049.6153320	0.0000000	0.0000000	0.1089634	0.1653851	0.0961798	0.0000000	0.0000000
7089.9950695	7044.9836750	7044.8548242	0.0000000	0.0000000	0.1131495	0.1643519	0.0972925	0.0000000	0.0000000
7089.9950695	7039.9814797	7039.6976074	0.0000000	0.0000000	0.1203713	0.1638715	0.0954127	0.0000000	0.0000000
7089.9950695	7034.9831894	7034.9370996	0.0000000	0.0000000	0.1324866	0.1654401	0.0957665	0.0000000	0.0000000
7089.9950695	7029.9848990	7029.7798828	0.0000000	0.0000000	0.1512026	0.1663053	0.0959062	0.0000000	0.0000000
7089.9950695	7024.9827038	7024.6226660	0.0000000	0.0000000	0.1689011	0.1660067	0.0957468	0.0000000	0.0000000
7089.9950695	7019.9805085	7019.8843262	0.0000000	0.0000000	0.1696521	0.1651121	0.0964996	0.0000000	0.0000000
7089.9950695	7014.9861230	7014.7847461	0.0000000	0.0000000	0.1726205	0.1647435	0.0959706	0.0000000	0.0000000
7089.9950695	7009.9839278	7009.6851660	0.0000000	0.0000000	0.1801340	0.1651677	0.0964747	0.0000000	0.0000000
7089.9950695	7004.9817325	7004.9778613	0.0000000	0.0000000	0.1800890	0.1647081	0.0965140	0.0000000	0.0000000
