7559.9982467	7599.9977245	7599.5502051	0.0000000	0.0000000	0.0055571	0.1793047	0.1242584	0.0000000	7560.0000000
7559.9982467	7594.9867234	7594.9313574	0.0000000	0.0000000	0.0084524	0.1783993	0.1238248	0.0000000	0.0000000
7559.9982467	7589.9874753	7589.8506250	0.0000000	0.0000000	0.0064818	0.1795793	0.1227219	0.0000000	0.0000000
7559.9982467	7584.9923107	7584.7698926	0.0000000	0.0000000	0.0157537	0.1797830	0.1247424	0.0000000	0.0000000
7559.9982467	7579.9895004	7579.6891602	0.0000000	0.0000000	0.0115775	0.1792185	0.1247335	0.0000000	0.0000000
7559.9982467	7574.9866901	7574.6139941	0.0000000	0.0000000	0.0199956	0.1783335	0.1246115	0.0000000	0.0000000
7559.9982467	7569.9889770	7569.5944922	0.0000000	0.0000000	0.0457516	0.1779506	0.1245881	0.0000000	0.0000000
7559.9982467	7564.9861667	7564.5749902	0.0000000	0.0000000	0.0752538	0.1788198	0.1246512	0.0000000	0.0000000
7559.9982467	7559.9910021	7559.5554883	0.0000000	0.0000000	0.0860551	0.1783468	0.1243527	0.0000000	0.0000000
7559.9982467	7554.9881918	7554.9923047	0.0000000	0.0000000	0.0793562	0.1780400	0.1255016	0.0000000	0.0000000
7559.9982467	7549.9879301	7549.9728027	0.0000000	0.0000000	0.0499717	0.1777817	0.1256116	0.0000000	0.0000000
7559.9982467	7544.9902169	7544.9533008	0.0000000	0.0000000	0.0223915	0.1782161	0.1237833	0.0000000	0.0000000
7559.9982467	7539.9843974	7539.9337988	0.0000000	0.0000000	0.0161470	0.1784785	0.1257823	0.0000000	0.0000000
7559.9982467	7535.0359452	7534.9142969	0.0000000	0.0000000	0.0126010	0.1789624	0.1240084	0.0000000	0.0000000
7559.9982467	7530.0352818	7529.8947949	0.0000000	0.0000000	0.0151843	0.1777494	0.1247013	0.0000000	0.0000000
7559.9982467	7525.0375191	7524.9299316	0.0000000	0.0000000	0.0161514	0.1778698	0.1247167	0.0000000	0.0000000
7559.9982467	7519.9875452	7519.9705322	0.0000000	0.0000000	0.0166288	0.1789315	0.1251194	0.0000000	0.0000000
7559.9982467	7515.0274905	7514.5602783	0.0000000	0.0000000	0.0176886	0.1779498	0.1247845	0.0000000	0.0000000
7559.9982467	7510.0210259	7509.6008789	0.0000000	0.0000000	0.0171356	0.1789972	0.1242104	0.0000000	0.0000000
7559.9982467	7505.0348657	7504.6414795	0.0000000	0.0000000	0.0172295	0.1784352	0.1232195	0.0000000	0.0000000
7559.9982467	7499.9877924	7499.6820801	0.0000000	0.0000000	0.0227584	0.1783104	0.1255337	0.0000000	0.0000000
7559.9982467	7495.0277377	7494.7226807	0.0000000	0.0000000	0.0621482	0.1783923	0.1245137	0.0000000	0.0000000
7559.9982467	7490.0298344	7489.7632813	0.0000000	0.0000000	0.0184618	0.1775937	0.1240914	0.0000000	0.0000000
7559.9982467	7484.9872274	7484.8038818	0.0000000	0.0000000	0.0135950	0.1777399	0.1223856	0.0000000	0.0000000
7559.9982467	7480.0271461	7479.8981445	0.0000000	0.0000000	0.0112776	0.1788738	0.1241061	0.0000000	0.0000000
7559.9982467	7474.9873848	7474.9977734	0.0000000	0.0000000	0.0129706	0.1784344	0.1227719	0.0000000	0.0000000
7559.9982467	7469.9846178	7469.6519141	0.0000000	0.0000000	0.0108384	0.1779064	0.1239446	0.0000000	0.0000000
7559.9982467	7464.9875422	7464.7515430	0.0000000	0.0000000	0.0089579	0.1773524	0.1237174	0.0000000	0.0000000
7559.9982467	7459.9847751	7459.8511719	0.0000000	0.0000000	0.0102065	0.1777585	0.1263060	0.0000000	0.0000000
7559.9982467	7454.9848538	7454.9508008	0.0000000	0.0000000	0.0107410	0.1781866	0.1247484	0.0000000	0.0000000
7559.9982467	7449.9849325	7449.6049414	0.0000000	0.0000000	0.0086951	0.1785592	0.1230320	0.0000000	0.0000000
7559.9982467	7445.0362341	7444.7045703	0.0000000	0.0000000	0.0111719	0.1782850	0.1234672	0.0000000	0.0000000
7559.9982467	7439.9879357	7439.8041992	0.0000000	0.0000000	0.0114058	0.1783425	0.1243762	0.0000000	0.0000000
7559.9982467	7434.9851686	7434.9618359	0.0000000	0.0000000	0.0093539	0.1784755	0.1225471	0.0000000	0.0000000
7559.9982467	7429.9845495	7429.6792578	0.0000000	0.0000000	0.0125503	0.1778842	0.1235791	0.0000000	0.0000000
7559.9982467	7424.9918312	7424.8368945	0.0000000	0.0000000	0.0111755	0.1786432	0.1226818	0.0000000	0.0000000
7559.9982467	7419.9883932	7419.9945313	0.0000000	0.0000000	0.0101732	0.1783528	0.1224514	0.0000000	0.0000000
7559.9982467	7414.9876352	7414.7119531	0.0000000	0.0000000	0.0112850	0.1779193	0.1213969	0.0000000	0.0000000
7559.9982467	7409.9868772	7409.8695898	0.0000000	0.0000000	0.0090330	0.1774989	0.1209814	0.0000000	0.0000000
7559.9982467	7404.9861191	7404.5870117	0.0000000	0.0000000	0.0087196	0.1776293	0.1204932	0.0000000	0.0000000
7559.9982467	7399.9880410	7399.7446484	0.0000000	0.0000000	0.0079106	0.1782454	0.1204075	0.0000000	0.0000000
7559.9982467	7394.9846030	7394.9126367	0.0000000	0.0000000	0.0077844	0.1777614	0.1190310	0.0000000	0.0000000
7559.9982467	7389.9865249	7389.6921680	0.0000000	0.0000000	0.0062042	0.1774950	0.1195703	0.0000000	0.0000000
7559.9982467	7384.9857669	7384.9067383	0.0000000	0.0000000	0.0066758	0.1785900	0.1173840	0.0000000	0.0000000
7559.9982467	7379.9820701	7379.6862695	0.0000000	0.0000000	0.0056307	0.1780522	0.1163180	0.0000000	0.0000000
7559.9982467	7375.0022847	7374.9008398	0.0000000	0.0000000	0.0051235	0.1774039	0.1159751	0.0000000	0.0000000
7559.9982467	7370.0095227	7369.6803711	0.0000000	0.0000000	0.0068064	0.1769670	0.1150757	0.0000000	0.0000000
7559.9982467	7365.0135165	7364.8949414	0.0000000	0.0000000	0.0065337	0.1787037	0.1144000	0.0000000	0.0000000
7559.9982467	7360.0077779	7359.6744727	0.0000000	0.0000000	0.0342406	0.1778584	0.1137906	0.0000000	0.0000000
7559.9982467	7355.0085275	7354.8890430	0.0000000	0.0000000	0.0201078	0.1770808	0.1136421	0.0000000	0.0000000
7559.9982467	7350.0060330	7349.6991016	0.0000000	0.0000000	0.0185903	0.1769509	0.1127810	0.0000000	0.0000000
7559.9982467	7345.0002944	7344.9696387	0.0000000	0.0000000	0.0083502	0.1777057	0.1095355	0.0000000	0.0000000
7559.9982467	7340.0107765	7339.8102246	0.0000000	0.0000000	0.0045927	0.1781368	0.1080735	0.0000000	0.0000000
7559.9982467	7335.0147704	7334.6508105	0.0000000	0.0000000	0.0054647	0.1787941	0.1067845	0.0000000	0.0000000
7559.9982467	7330.0090317	7329.9213477	0.0000000	0.0000000	0.0069689	0.1783861	0.1054847	0.0000000	0.0000000
7559.9982467	7325.0272963	7324.7619336	0.0000000	0.0000000	0.0049366	0.1787397	0.1071013	0.0000000	0.0000000
7559.9982467	7319.9871765	7319.6025195	0.0000000	0.0000000	0.0050518	0.1784062	0.1072329	0.0000000	0.0000000
7559.9982467	7314.9864987	7314.8730566	0.0000000	0.0000000	0.0047421	0.1775929	0.1090500	0.0000000	0.0000000
7559.9982467	7309.9886382	7309.7136426	0.0000000	0.0000000	0.0040613	0.1780980	0.1081295	0.0000000	0.0000000
7559.9982467	7304.9851431	7304.6092822	0.0000000	0.0000000	0.0027646	0.1779543	0.1081738	0.0000000	0.0000000
7559.9982467	7299.9844653	7299.9348730	0.0000000	0.0000000	0.0045062	0.1778175	0.1087355	0.0000000	0.0000000
7559.9982467	7294.9837875	7294.8355176	0.0000000	0.0000000	0.0041420	0.1779700	0.1086021	0.0000000	0.0000000
7559.9982467	7289.9859270	7289.7361621	0.0000000	0.0000000	0.0033444	0.1779707	0.1088713	0.0000000	0.0000000
7559.9982467	7284.9852492	7284.6368066	0.0000000	0.0000000	0.0026863	0.1781909	0.1081852	0.0000000	0.0000000
7559.9982467	7279.9815887	7279.9623975	0.0000000	0.0000000	0.0032815	0.1779917	0.1090509	0.0000000	0.0000000
7559.9982467	7275.0033579	7274.8630420	0.0000000	0.0000000	0.0042272	0.1782094	0.1113503	0.0000000	0.0000000
7559.9982467	7270.0090889	7269.7636865	0.0000000	0.0000000	0.0024702	0.1779784	0.1097809	0.0000000	0.0000000
7559.9982467	7265.0084048	7264.6888672	0.0000000	0.0000000	0.0029836	0.1779281	0.1088589	0.0000000	0.0000000
7559.9982467	7260.0141358	7259.6483984	0.0000000	0.0000000	0.0020304	0.1780881	0.1092406	0.0000000	0.0000000
7559.9982467	7255.0102440	7254.6079297	0.0000000	0.0000000	0.0018274	0.1775101	0.1079825	0.0000000	0.0000000
7559.9982467	7250.0063522	7249.9875000	0.0000000	0.0000000	0.0018014	0.1775685	0.1052592	0.0000000	0.0000000
7559.9982467	7245.0088757	7244.9470313	0.0000000	0.0000000	0.0015795	0.1775913	0.1053857	0.0000000	0.0000000
7559.9982467	7240.0146067	7239.9065625	0.0000000	0.0000000	0.0009625	0.1776616	0.1040370	0.0000000	0.0000000
7559.9982467	7235.0139226	7234.8660938	0.0000000	0.0000000	0.0008717	0.1775830	0.1022366	0.0000000	0.0000000
7559.9982467	7230.0100308	7229.8256250	0.0000000	0.0000000	0.0005273	0.1774121	0.1024364	0.0000000	0.0000000
7559.9982467	7225.0001244	7224.7851563	0.0000000	0.0000000	0.0005947	0.1780138	0.1040348	0.0000000	0.0000000
7559.9982467	7220.0049369	7219.8026367	0.0000000	0.0000000	0.0009252	0.1776293	0.1054939	0.0000000	0.0000000
7559.9982467	7215.0130100	7214.8201172	0.0000000	0.0000000	0.0005907	0.1767224	0.1067721	0.0000000	0.0000000
7559.9982467	7210.0080408	7209.8375977	0.0000000	0.0000000	0.0009246	0.1772471	0.1078479	0.0000000	0.0000000
7559.9982467	7205.0095928	7204.8550781	0.0000000	0.0000000	0.0010284	0.1784370	0.1067936	0.0000000	0.0000000
7559.9982467	7200.0013630	7199.8725586	0.0000000	0.0000000	0.0006558	0.1770039	0.1079937	0.0000000	0.0000000
7559.9982467	7195.0159572	7194.8900391	0.0000000	0.0000000	0.0007238	0.1773530	0.1097460	0.0000000	0.0000000
7559.9982467	7190.0077275	7189.9075195	0.0000000	0.0000000	0.0006862	0.1776466	0.1096344	0.0000000	0.0000000
7559.9982467	7185.0060189	7184.9250000	0.0000000	0.0000000	0.0007898	0.1778506	0.1086038	0.0000000	0.0000000
7559.9982467	7180.0075708	7179.9804492	0.0000000	0.0000000	0.0004355	0.1779949	0.1083326	0.0000000	0.0000000
7559.9982467	7175.0026016	7174.6444189	0.0000000	0.0000000	0.0006855	0.1778455	0.1080076	0.0000000	0.0000000
7559.9982467	7170.0008930	7169.7188525	0.0000000	0.0000000	0.0006101	0.1772743	0.1063293	0.0000000	0.0000000
7559.9982467	7165.0300253	7164.7932861	0.0000000	0.0000000	0.0010587	0.1779755	0.1051191	0.0000000	0.0000000
7559.9982467	7160.0220945	7159.8677197	0.0000000	0.0000000	0.0005315	0.1777484	0.1060363	0.0000000	0.0000000
7559.9982467	7155.0292025	7154.9421533	0.0000000	0.0000000	0.0015988	0.1781207	0.1062305	0.0000000	0.0000000
7559.9982467	7150.0302950	7149.6061230	0.0000000	0.0000000	0.0002550	0.1778527	0.1056868	0.0000000	0.0000000
7559.9982467	7145.0223642	7144.6805566	0.0000000	0.0000000	0.0002408	0.1786549	0.1051787	0.0000000	0.0000000
7559.9982467	7140.0204489	7139.7829688	0.0000000	0.0000000	0.0001539	0.1785450	0.1033672	0.0000000	0.0000000
7559.9982467	7134.9854482	7134.9133594	0.0000000	0.0000000	0.0001691	0.1783086	0.1044286	0.0000000	0.0000000
7559.9982467	7130.0256416	7129.6379492	0.0000000	0.0000000	0.0002866	0.1785945	0.1054523	0.0000000	0.0000000
7559.9982467	7125.0297419	7124.7683398	0.0000000	0.0000000	0.0002885	0.1786248	0.1050719	0.0000000	0.0000000
7559.9982467	7120.0188033	7119.8987305	0.0000000	0.0000000	0.0001809	0.1787888	0.1043909	0.0000000	0.0000000
7559.9982467	7114.9843181	7114.6233203	0.0000000	0.0000000	0.0001898	0.1782468	0.1048492	0.0000000	0.0000000
7559.9982467	7109.9857704	7109.7537109	0.0000000	0.0000000	0.0001599	0.1780937	0.1052902	0.0000000	0.0000000
7559.9982467	7104.9837419	7104.8841016	0.0000000	0.0000000	0.0002197	0.1776315	0.1046931	0.0000000	0.0000000
7559.9982467	7099.9851943	7099.6316406	0.0000000	0.0000000	0.0002156	0.1781749	0.1043643	0.0000000	0.0000000
7559.9982467	7094.9831658	7094.8171094	0.0000000	0.0000000	0.0000768	0.1775851	0.1051825	0.0000000	0.0000000
7559.9982467	7089.9846182	7089.6013672	0.0000000	0.0000000	0.0001228	0.1770741	0.1039215	0.0000000	0.0000000
7559.9982467	7084.9930324	7084.7868359	0.0000000	0.0000000	0.0000808	0.1780576	0.1026694	0.0000000	0.0000000
7559.9982467	7079.9944848	7079.9723047	0.0000000	0.0000000	0.0000583	0.1779352	0.1015159	0.0000000	0.0000000
7559.9982467	7074.9889754	7074.7565625	0.0000000	0.0000000	0.0000616	0.1790432	0.0999833	0.0000000	0.0000000
7559.9982467	7069.9869469	7069.9420313	0.0000000	0.0000000	0.0000146	0.1782881	0.0996989	0.0000000	0.0000000
7559.9982467	7064.9883993	7064.7262891	0.0000000	0.0000000	0.0000328	0.1773204	0.1005913	0.0000000	0.0000000
7559.9982467	7059.9863559	7059.9297656	0.0000000	0.0000000	0.0000061	0.1769595	0.1002286	0.0000000	0.0000000
7559.9982467	7054.9880656	7054.7725488	0.0000000	0.0000000	0.0000222	0.1776479	0.1015852	0.0000000	0.0000000
7559.9982467	7049.9819654	7049.6153320	0.0000000	0.0000000	0.0000211	0.1763220	0.1007115	0.0000000	0.0000000
7559.9982467	7044.9875799	7044.8548242	0.0000000	0.0000000	0.0000466	0.1769845	0.1014452	0.0000000	0.0000000
7559.9982467	7039.9814797	7039.6976074	0.0000000	0.0000000	0.0000941	0.1768584	0.1015665	0.0000000	0.0000000
7559.9982467	7034.9831894	7034.9370996	0.0000000	0.0000000	0.0000658	0.1767334	0.1015352	0.0000000	0.0000000
7559.9982467	7029.9809941	7029.7798828	0.0000000	0.0000000	0.0000771	0.1772820	0.1014066	0.0000000	0.0000000
7559.9982467	7024.9827038	7024.6226660	0.0000000	0.0000000	0.0000565	0.1780428	0.1000861	0.0000000	0.0000000
7559.9982467	7019.9805085	7019.8843262	0.0000000	0.0000000	0.0000555	0.1772621	0.1011670	0.0000000	0.0000000
7559.9982467	7014.9861230	7014.7847461	0.0000000	0.0000000	0.0000892	0.1774285	0.1016821	0.0000000	0.0000000
7559.9982467	7009.9878327	7009.6851660	0.0000000	0.0000000	0.0000553	0.1777498	0.1013385	0.0000000	0.0000000
7559.9982467	7004.9817325	7004.9778613	0.0000000	0.0000000	0.0000422	0.1774441	0.1032974	0.0000000	0.0000000
