7469.9953421	7599.9977245	7599.5502051	0.0000000	0.0000000	0.0061211	0.1935913	0.1254652	0.0000000	7470.0000000
7469.9953421	7594.9892152	7594.9313574	0.0000000	0.0000000	0.0069908	0.1930410	0.1239625	0.0000000	0.0000000
7469.9953421	7589.9849267	7589.8506250	0.0000000	0.0000000	0.0088478	0.1931735	0.1247045	0.0000000	0.0000000
7469.9953421	7584.9897621	7584.7698926	0.0000000	0.0000000	0.0105055	0.1921707	0.1243042	0.0000000	0.0000000
7469.9953421	7579.9895004	7579.6891602	0.0000000	0.0000000	0.0121382	0.1913746	0.1249293	0.0000000	0.0000000
7469.9953421	7574.9866901	7574.6139941	0.0000000	0.0000000	0.0111790	0.1929807	0.1246062	0.0000000	0.0000000
7469.9953421	7569.9889770	7569.5944922	0.0000000	0.0000000	0.0116774	0.1932947	0.1252981	0.0000000	0.0000000
7469.9953421	7564.9887153	7564.5749902	0.0000000	0.0000000	0.0102513	0.1924823	0.1245287	0.0000000	0.0000000
7469.9953421	7559.9910021	7559.5554883	0.0000000	0.0000000	0.0093060	0.1930571	0.1240325	0.0000000	0.0000000
7469.9953421	7554.9881918	7554.9923047	0.0000000	0.0000000	0.0102543	0.1922118	0.1248177	0.0000000	0.0000000
7469.9953421	7549.9879301	7549.9728027	0.0000000	0.0000000	0.0101322	0.1939274	0.1254673	0.0000000	0.0000000
7469.9953421	7544.9851198	7544.9533008	0.0000000	0.0000000	0.0105377	0.1929624	0.1254004	0.0000000	0.0000000
7469.9953421	7539.9872981	7539.9337988	0.0000000	0.0000000	0.0109561	0.1936239	0.1242469	0.0000000	0.0000000
7469.9953421	7535.0272433	7534.9142969	0.0000000	0.0000000	0.0102513	0.1930967	0.1238947	0.0000000	0.0000000
7469.9953421	7529.9830707	7529.8947949	0.0000000	0.0000000	0.0110868	0.1926372	0.1230999	0.0000000	0.0000000
7469.9953421	7524.9853080	7524.9299316	0.0000000	0.0000000	0.0111750	0.1927543	0.1244733	0.0000000	0.0000000
7469.9953421	7519.9875452	7519.9705322	0.0000000	0.0000000	0.0116331	0.1918550	0.1246210	0.0000000	0.0000000
7469.9953421	7515.0332918	7514.5602783	0.0000000	0.0000000	0.0099712	0.1931232	0.1236300	0.0000000	0.0000000
7469.9953421	7509.9833179	7509.6008789	0.0000000	0.0000000	0.0098823	0.1928270	0.1245886	0.0000000	0.0000000
7469.9953421	7504.9826546	7504.6414795	0.0000000	0.0000000	0.0127374	0.1921592	0.1244814	0.0000000	0.0000000
7469.9953421	7499.9877924	7499.6820801	0.0000000	0.0000000	0.0118561	0.1927997	0.1244792	0.0000000	0.0000000
7469.9953421	7495.0393402	7494.7226807	0.0000000	0.0000000	0.0111261	0.1925168	0.1239540	0.0000000	0.0000000
7469.9953421	7490.0298344	7489.7632813	0.0000000	0.0000000	0.0125833	0.1931591	0.1236876	0.0000000	0.0000000
7469.9953421	7484.9872274	7484.8038818	0.0000000	0.0000000	0.0202076	0.1939344	0.1229221	0.0000000	0.0000000
7469.9953421	7479.9873061	7479.8981445	0.0000000	0.0000000	0.0353326	0.1917944	0.1228588	0.0000000	0.0000000
7469.9953421	7474.9845391	7474.9977734	0.0000000	0.0000000	0.0663750	0.1932542	0.1235914	0.0000000	0.0000000
7469.9953421	7469.9846178	7469.6519141	0.0000000	0.0000000	0.0864316	0.1926390	0.1238511	0.0000000	0.0000000
7469.9953421	7464.9875422	7464.7515430	0.0000000	0.0000000	0.0689531	0.1923215	0.1239681	0.0000000	0.0000000
7469.9953421	7459.9847751	7459.8511719	0.0000000	0.0000000	0.0358844	0.1931204	0.1240093	0.0000000	0.0000000
7469.9953421	7454.9820081	7454.9508008	0.0000000	0.0000000	0.0157274	0.1936086	0.1230402	0.0000000	0.0000000
7469.9953421	7449.9877783	7449.6049414	0.0000000	0.0000000	0.0067515	0.1931063	0.1226871	0.0000000	0.0000000
7469.9953421	7444.9878570	7444.7045703	0.0000000	0.0000000	0.0083693	0.1937080	0.1226074	0.0000000	0.0000000
7469.9953421	7439.9879357	7439.8041992	0.0000000	0.0000000	0.0064539	0.1932174	0.1214730	0.0000000	0.0000000
7469.9953421	7434.9880144	7434.9618359	0.0000000	0.0000000	0.0063669	0.1928010	0.1227286	0.0000000	0.0000000
7469.9953421	7429.9872294	7429.6792578	0.0000000	0.0000000	0.0082371	0.1930837	0.1221478	0.0000000	0.0000000
7469.9953421	7424.9864714	7424.8368945	0.0000000	0.0000000	0.0080311	0.1937051	0.1222773	0.0000000	0.0000000
7469.9953421	7419.9883932	7419.9945313	0.0000000	0.0000000	0.0063207	0.1929944	0.1210931	0.0000000	0.0000000
7469.9953421	7414.9849553	7414.7119531	0.0000000	0.0000000	0.0054115	0.1925740	0.1212346	0.0000000	0.0000000
7469.9953421	7409.9841972	7409.8695898	0.0000000	0.0000000	0.0041796	0.1925247	0.1201417	0.0000000	0.0000000
7469.9953421	7404.9861191	7404.5870117	0.0000000	0.0000000	0.0048617	0.1927457	0.1203390	0.0000000	0.0000000
7469.9953421	7399.9880410	7399.7446484	0.0000000	0.0000000	0.0050922	0.1939910	0.1214744	0.0000000	0.0000000
7469.9953421	7394.9872830	7394.9126367	0.0000000	0.0000000	0.0043596	0.1929661	0.1204753	0.0000000	0.0000000
7469.9953421	7389.9865249	7389.6921680	0.0000000	0.0000000	0.0048990	0.1929624	0.1185588	0.0000000	0.0000000
7469.9953421	7384.9857669	7384.9067383	0.0000000	0.0000000	0.0055157	0.1923397	0.1171456	0.0000000	0.0000000
7469.9953421	7379.9820701	7379.6862695	0.0000000	0.0000000	0.0050461	0.1927980	0.1165840	0.0000000	0.0000000
7469.9953421	7375.0022847	7374.9008398	0.0000000	0.0000000	0.0036887	0.1940769	0.1145675	0.0000000	0.0000000
7469.9953421	7370.0095227	7369.6803711	0.0000000	0.0000000	0.0038140	0.1952592	0.1134609	0.0000000	0.0000000
7469.9953421	7365.0070282	7364.8949414	0.0000000	0.0000000	0.0062307	0.1942140	0.1144441	0.0000000	0.0000000
7469.9953421	7360.0142662	7359.6744727	0.0000000	0.0000000	0.0069121	0.1943292	0.1132334	0.0000000	0.0000000
7469.9953421	7355.0052834	7354.8890430	0.0000000	0.0000000	0.0067175	0.1938251	0.1128484	0.0000000	0.0000000
7469.9953421	7350.0060330	7349.6991016	0.0000000	0.0000000	0.0056311	0.1943945	0.1100868	0.0000000	0.0000000
7469.9953421	7345.0100269	7344.9696387	0.0000000	0.0000000	0.0044246	0.1938934	0.1091169	0.0000000	0.0000000
7469.9953421	7340.0075324	7339.8102246	0.0000000	0.0000000	0.0045104	0.1935698	0.1074659	0.0000000	0.0000000
7469.9953421	7335.0050379	7334.6508105	0.0000000	0.0000000	0.0040865	0.1931252	0.1089131	0.0000000	0.0000000
7469.9953421	7330.0025434	7329.9213477	0.0000000	0.0000000	0.0046722	0.1927595	0.1082817	0.0000000	0.0000000
7469.9953421	7325.0188445	7324.7619336	0.0000000	0.0000000	0.0046245	0.1932006	0.1072933	0.0000000	0.0000000
7469.9953421	7319.9871765	7319.6025195	0.0000000	0.0000000	0.0056563	0.1930486	0.1074009	0.0000000	0.0000000
7469.9953421	7314.9864987	7314.8730566	0.0000000	0.0000000	0.0056604	0.1922217	0.1093593	0.0000000	0.0000000
7469.9953421	7309.9914555	7309.7136426	0.0000000	0.0000000	0.0059331	0.1924391	0.1096342	0.0000000	0.0000000
7469.9953421	7304.9879604	7304.6092822	0.0000000	0.0000000	0.0049279	0.1925634	0.1086484	0.0000000	0.0000000
7469.9953421	7299.9872826	7299.9348730	0.0000000	0.0000000	0.0056619	0.1928652	0.1102881	0.0000000	0.0000000
7469.9953421	7294.9837875	7294.8355176	0.0000000	0.0000000	0.0059214	0.1929575	0.1093204	0.0000000	0.0000000
7469.9953421	7289.9859270	7289.7361621	0.0000000	0.0000000	0.0061255	0.1935161	0.1096918	0.0000000	0.0000000
7469.9953421	7284.9852492	7284.6368066	0.0000000	0.0000000	0.0057223	0.1932389	0.1096785	0.0000000	0.0000000
7469.9953421	7279.9912115	7279.9623975	0.0000000	0.0000000	0.0059264	0.1931776	0.1106743	0.0000000	0.0000000
7469.9953421	7275.0097731	7274.8630420	0.0000000	0.0000000	0.0054480	0.1940162	0.1105481	0.0000000	0.0000000
7469.9953421	7270.0155042	7269.7636865	0.0000000	0.0000000	0.0057163	0.1926194	0.1102625	0.0000000	0.0000000
7469.9953421	7265.0084048	7264.6888672	0.0000000	0.0000000	0.0051993	0.1933069	0.1094587	0.0000000	0.0000000
7469.9953421	7260.0045130	7259.6483984	0.0000000	0.0000000	0.0046882	0.1930178	0.1080007	0.0000000	0.0000000
7469.9953421	7255.0070364	7254.6079297	0.0000000	0.0000000	0.0041808	0.1929424	0.1076932	0.0000000	0.0000000
7469.9953421	7250.0095598	7249.9875000	0.0000000	0.0000000	0.0031023	0.1921581	0.1057837	0.0000000	0.0000000
7469.9953421	7245.0088757	7244.9470313	0.0000000	0.0000000	0.0025265	0.1918597	0.1041821	0.0000000	0.0000000
7469.9953421	7240.0049839	7239.9065625	0.0000000	0.0000000	0.0029012	0.1924485	0.1026683	0.0000000	0.0000000
7469.9953421	7235.0171302	7234.8660938	0.0000000	0.0000000	0.0016637	0.1937306	0.1009321	0.0000000	0.0000000
7469.9953421	7230.0004079	7229.8256250	0.0000000	0.0000000	0.0012563	0.1939451	0.1006912	0.0000000	0.0000000
7469.9953421	7225.0066456	7224.7851563	0.0000000	0.0000000	0.0013396	0.1921124	0.1029459	0.0000000	0.0000000
7469.9953421	7220.0114581	7219.8026367	0.0000000	0.0000000	0.0015308	0.1929031	0.1038229	0.0000000	0.0000000
7469.9953421	7215.0130100	7214.8201172	0.0000000	0.0000000	0.0019963	0.1936694	0.1060326	0.0000000	0.0000000
7469.9953421	7210.0047803	7209.8375977	0.0000000	0.0000000	0.0020563	0.1931172	0.1063234	0.0000000	0.0000000
7469.9953421	7205.0063322	7204.8550781	0.0000000	0.0000000	0.0019927	0.1937146	0.1066355	0.0000000	0.0000000
7469.9953421	7200.0078842	7199.8725586	0.0000000	0.0000000	0.0015692	0.1936075	0.1077120	0.0000000	0.0000000
7469.9953421	7195.0061755	7194.8900391	0.0000000	0.0000000	0.0022202	0.1930482	0.1095464	0.0000000	0.0000000
7469.9953421	7189.9979458	7189.9075195	0.0000000	0.0000000	0.0023431	0.1937216	0.1094602	0.0000000	0.0000000
7469.9953421	7184.9994977	7184.9250000	0.0000000	0.0000000	0.0020905	0.1931033	0.1082419	0.0000000	0.0000000
7469.9953421	7180.0075708	7179.9804492	0.0000000	0.0000000	0.0013656	0.1940759	0.1076378	0.0000000	0.0000000
7469.9953421	7175.0058622	7174.6444189	0.0000000	0.0000000	0.0014403	0.1947037	0.1059329	0.0000000	0.0000000
7469.9953421	7170.0041536	7169.7188525	0.0000000	0.0000000	0.0010585	0.1935460	0.1055089	0.0000000	0.0000000
7469.9953421	7165.0270176	7164.7932861	0.0000000	0.0000000	0.0008502	0.1937278	0.1039647	0.0000000	0.0000000
7469.9953421	7160.0251023	7159.8677197	0.0000000	0.0000000	0.0006243	0.1946292	0.1048729	0.0000000	0.0000000
7469.9953421	7155.0292025	7154.9421533	0.0000000	0.0000000	0.0007549	0.1930057	0.1068506	0.0000000	0.0000000
7469.9953421	7150.0242795	7149.6061230	0.0000000	0.0000000	0.0006362	0.1919364	0.1060304	0.0000000	0.0000000
7469.9953421	7145.0253719	7144.6805566	0.0000000	0.0000000	0.0004470	0.1919684	0.1060725	0.0000000	0.0000000
7469.9953421	7140.0234567	7139.7829688	0.0000000	0.0000000	0.0002468	0.1931980	0.1036903	0.0000000	0.0000000
7469.9953421	7135.0215414	7134.9133594	0.0000000	0.0000000	0.0003378	0.1929744	0.1049587	0.0000000	0.0000000
7469.9953421	7130.0256416	7129.6379492	0.0000000	0.0000000	0.0005159	0.1930413	0.1067642	0.0000000	0.0000000
7469.9953421	7125.0327496	7124.7683398	0.0000000	0.0000000	0.0005168	0.1928726	0.1055092	0.0000000	0.0000000
7469.9953421	7120.0248188	7119.8987305	0.0000000	0.0000000	0.0003376	0.1932408	0.1047473	0.0000000	0.0000000
7469.9953421	7114.9843181	7114.6233203	0.0000000	0.0000000	0.0003373	0.1935906	0.1038812	0.0000000	0.0000000
7469.9953421	7109.9892513	7109.7537109	0.0000000	0.0000000	0.0004233	0.1935861	0.1044541	0.0000000	0.0000000
7469.9953421	7104.9837419	7104.8841016	0.0000000	0.0000000	0.0003336	0.1929933	0.1045735	0.0000000	0.0000000
7469.9953421	7099.9817134	7099.6316406	0.0000000	0.0000000	0.0002820	0.1936082	0.1039614	0.0000000	0.0000000
7469.9953421	7094.9831658	7094.8171094	0.0000000	0.0000000	0.0002469	0.1931476	0.1030579	0.0000000	0.0000000
7469.9953421	7089.9846182	7089.6013672	0.0000000	0.0000000	0.0001530	0.1931449	0.1037002	0.0000000	0.0000000
7469.9953421	7085.0034750	7084.7868359	0.0000000	0.0000000	0.0001213	0.1932855	0.1022200	0.0000000	0.0000000
7469.9953421	7079.9979657	7079.9723047	0.0000000	0.0000000	0.0001572	0.1928253	0.1016394	0.0000000	0.0000000
7469.9953421	7074.9889754	7074.7565625	0.0000000	0.0000000	0.0001018	0.1930979	0.1003923	0.0000000	0.0000000
7469.9953421	7069.9904278	7069.9420313	0.0000000	0.0000000	0.0000265	0.1922683	0.1010071	0.0000000	0.0000000
7469.9953421	7064.9883993	7064.7262891	0.0000000	0.0000000	0.0000565	0.1928612	0.1003585	0.0000000	0.0000000
7469.9953421	7059.9863559	7059.9297656	0.0000000	0.0000000	0.0000337	0.1921948	0.1023866	0.0000000	0.0000000
7469.9953421	7054.9841606	7054.7725488	0.0000000	0.0000000	0.0000776	0.1932808	0.1003744	0.0000000	0.0000000
7469.9953421	7049.9819654	7049.6153320	0.0000000	0.0000000	0.0001077	0.1936271	0.1003131	0.0000000	0.0000000
7469.9953421	7044.9875799	7044.8548242	0.0000000	0.0000000	0.0000837	0.1938041	0.1013267	0.0000000	0.0000000
7469.9953421	7039.9814797	7039.6976074	0.0000000	0.0000000	0.0001283	0.1928425	0.1016602	0.0000000	0.0000000
7469.9953421	7034.9831894	7034.9370996	0.0000000	0.0000000	0.0001058	0.1928594	0.1006676	0.0000000	0.0000000
7469.9953421	7029.9809941	7029.7798828	0.0000000	0.0000000	0.0001191	0.1929662	0.1016381	0.0000000	0.0000000
7469.9953421	7024.9827038	7024.6226660	0.0000000	0.0000000	0.0001354	0.1931371	0.1010963	0.0000000	0.0000000
7469.9953421	7019.9805085	7019.8843262	0.0000000	0.0000000	0.0001195	0.1935795	0.0995684	0.0000000	0.0000000
7469.9953421	7014.9822181	7014.7847461	0.0000000	0.0000000	0.0000864	0.1937400	0.0996099	0.0000000	0.0000000
7469.9953421	7009.9878327	7009.6851660	0.0000000	0.0000000	0.0000648	0.1929811	0.1004249	0.0000000	0.0000000
7469.9953421	7004.9817325	7004.9778613	0.0000000	0.0000000	0.0001169	0.1926758	0.1025735	0.0000000	0.0000000
