7384.9972154	7599.9977245	7599.5502051	0.0000000	0.0000000	0.0101670	0.1907332	0.1238121	0.0000000	7385.0000000
7384.9972154	7594.9892152	7594.9313574	0.0000000	0.0000000	0.0110367	0.1894656	0.1224148	0.0000000	0.0000000
7384.9972154	7589.9849267	7589.8506250	0.0000000	0.0000000	0.0130625	0.1897019	0.1228768	0.0000000	0.0000000
7384.9972154	7584.9897621	7584.7698926	0.0000000	0.0000000	0.0129254	0.1898756	0.1223386	0.0000000	0.0000000
7384.9972154	7579.9895004	7579.6891602	0.0000000	0.0000000	0.0144449	0.1896700	0.1217278	0.0000000	0.0000000
7384.9972154	7574.9866901	7574.6139941	0.0000000	0.0000000	0.0144790	0.1898785	0.1233499	0.0000000	0.0000000
7384.9972154	7569.9889770	7569.5944922	0.0000000	0.0000000	0.0129417	0.1913082	0.1218184	0.0000000	0.0000000
7384.9972154	7564.9887153	7564.5749902	0.0000000	0.0000000	0.0135521	0.1906735	0.1227847	0.0000000	0.0000000
7384.9972154	7559.9884535	7559.5554883	0.0000000	0.0000000	0.0096665	0.1898917	0.1221262	0.0000000	0.0000000
7384.9972154	7554.9881918	7554.9923047	0.0000000	0.0000000	0.0121968	0.1897377	0.1237849	0.0000000	0.0000000
7384.9972154	7549.9879301	7549.9728027	0.0000000	0.0000000	0.0119811	0.1897303	0.1246248	0.0000000	0.0000000
7384.9972154	7544.9851198	7544.9533008	0.0000000	0.0000000	0.0126903	0.1906661	0.1234080	0.0000000	0.0000000
7384.9972154	7539.9872981	7539.9337988	0.0000000	0.0000000	0.0130114	0.1897697	0.1228328	0.0000000	0.0000000
7384.9972154	7535.0330446	7534.9142969	0.0000000	0.0000000	0.0141964	0.1896748	0.1241947	0.0000000	0.0000000
7384.9972154	7530.0323812	7529.8947949	0.0000000	0.0000000	0.0128086	0.1918094	0.1232965	0.0000000	0.0000000
7384.9972154	7524.9853080	7524.9299316	0.0000000	0.0000000	0.0144458	0.1894883	0.1251130	0.0000000	0.0000000
7384.9972154	7519.9875452	7519.9705322	0.0000000	0.0000000	0.0152725	0.1892137	0.1232734	0.0000000	0.0000000
7384.9972154	7515.0303911	7514.5602783	0.0000000	0.0000000	0.0143335	0.1895626	0.1237986	0.0000000	0.0000000
7384.9972154	7509.9862185	7509.6008789	0.0000000	0.0000000	0.0142048	0.1892418	0.1244575	0.0000000	0.0000000
7384.9972154	7504.9826546	7504.6414795	0.0000000	0.0000000	0.0123868	0.1896245	0.1237311	0.0000000	0.0000000
7384.9972154	7500.0284011	7499.6820801	0.0000000	0.0000000	0.0132565	0.1889397	0.1247959	0.0000000	0.0000000
7384.9972154	7494.9842285	7494.7226807	0.0000000	0.0000000	0.0143396	0.1886478	0.1215249	0.0000000	0.0000000
7384.9972154	7489.9843030	7489.7632813	0.0000000	0.0000000	0.0150802	0.1895123	0.1217162	0.0000000	0.0000000
7384.9972154	7484.9872274	7484.8038818	0.0000000	0.0000000	0.0140674	0.1891576	0.1226892	0.0000000	0.0000000
7384.9972154	7480.0299918	7479.8981445	0.0000000	0.0000000	0.0150742	0.1896074	0.1238402	0.0000000	0.0000000
7384.9972154	7474.9845391	7474.9977734	0.0000000	0.0000000	0.0135306	0.1896705	0.1214828	0.0000000	0.0000000
7384.9972154	7469.9846178	7469.6519141	0.0000000	0.0000000	0.0120475	0.1900688	0.1231478	0.0000000	0.0000000
7384.9972154	7464.9875422	7464.7515430	0.0000000	0.0000000	0.0104012	0.1900354	0.1223538	0.0000000	0.0000000
7384.9972154	7459.9876209	7459.8511719	0.0000000	0.0000000	0.0087816	0.1897899	0.1218320	0.0000000	0.0000000
7384.9972154	7454.9820081	7454.9508008	0.0000000	0.0000000	0.0090686	0.1885573	0.1218361	0.0000000	0.0000000
7384.9972154	7449.9849325	7449.6049414	0.0000000	0.0000000	0.0096002	0.1882230	0.1235114	0.0000000	0.0000000
7384.9972154	7444.9878570	7444.7045703	0.0000000	0.0000000	0.0110837	0.1884835	0.1216520	0.0000000	0.0000000
7384.9972154	7439.9850899	7439.8041992	0.0000000	0.0000000	0.0150070	0.1889242	0.1227017	0.0000000	0.0000000
7384.9972154	7434.9851686	7434.9618359	0.0000000	0.0000000	0.0130710	0.1897915	0.1200150	0.0000000	0.0000000
7384.9972154	7429.9872294	7429.6792578	0.0000000	0.0000000	0.0147368	0.1896327	0.1204978	0.0000000	0.0000000
7384.9972154	7424.9864714	7424.8368945	0.0000000	0.0000000	0.0140338	0.1903606	0.1210740	0.0000000	0.0000000
7384.9972154	7419.9857133	7419.9945313	0.0000000	0.0000000	0.0155233	0.1906000	0.1191659	0.0000000	0.0000000
7384.9972154	7414.9876352	7414.7119531	0.0000000	0.0000000	0.0111251	0.1898763	0.1181061	0.0000000	0.0000000
7384.9972154	7409.9841972	7409.8695898	0.0000000	0.0000000	0.0126019	0.1905415	0.1178894	0.0000000	0.0000000
7384.9972154	7404.9861191	7404.5870117	0.0000000	0.0000000	0.0107532	0.1905143	0.1181376	0.0000000	0.0000000
7384.9972154	7399.9853611	7399.7446484	0.0000000	0.0000000	0.0154491	0.1911298	0.1178544	0.0000000	0.0000000
7384.9972154	7394.9846030	7394.9126367	0.0000000	0.0000000	0.0414133	0.1896835	0.1174980	0.0000000	0.0000000
7384.9972154	7389.9865249	7389.6921680	0.0000000	0.0000000	0.0957242	0.1907140	0.1169423	0.0000000	0.0000000
7384.9972154	7384.9857669	7384.9067383	0.0000000	0.0000000	0.1196290	0.1912815	0.1154884	0.0000000	0.0000000
7384.9972154	7379.9820701	7379.6862695	0.0000000	0.0000000	0.1106373	0.1902775	0.1152651	0.0000000	0.0000000
7384.9972154	7375.0022847	7374.9008398	0.0000000	0.0000000	0.0620333	0.1909314	0.1124691	0.0000000	0.0000000
7384.9972154	7370.0095227	7369.6803711	0.0000000	0.0000000	0.0298326	0.1904927	0.1128397	0.0000000	0.0000000
7384.9972154	7365.0102724	7364.8949414	0.0000000	0.0000000	0.0182507	0.1884761	0.1134247	0.0000000	0.0000000
7384.9972154	7360.0077779	7359.6744727	0.0000000	0.0000000	0.0166199	0.1885590	0.1128097	0.0000000	0.0000000
7384.9972154	7355.0052834	7354.8890430	0.0000000	0.0000000	0.0166665	0.1891384	0.1114159	0.0000000	0.0000000
7384.9972154	7349.9995447	7349.6991016	0.0000000	0.0000000	0.0132261	0.1908848	0.1082266	0.0000000	0.0000000
7384.9972154	7345.0035385	7344.9696387	0.0000000	0.0000000	0.0120585	0.1912075	0.1067499	0.0000000	0.0000000
7384.9972154	7340.0010440	7339.8102246	0.0000000	0.0000000	0.0111746	0.1903197	0.1083068	0.0000000	0.0000000
7384.9972154	7335.0082820	7334.6508105	0.0000000	0.0000000	0.0147335	0.1891864	0.1069589	0.0000000	0.0000000
7384.9972154	7329.9960551	7329.9213477	0.0000000	0.0000000	0.0174336	0.1899313	0.1053647	0.0000000	0.0000000
7384.9972154	7325.0216617	7324.7619336	0.0000000	0.0000000	0.0128665	0.1901310	0.1054963	0.0000000	0.0000000
7384.9972154	7319.9871765	7319.6025195	0.0000000	0.0000000	0.0128439	0.1900747	0.1057423	0.0000000	0.0000000
7384.9972154	7315.0315753	7314.8730566	0.0000000	0.0000000	0.0191241	0.1901583	0.1071080	0.0000000	0.0000000
7384.9972154	7309.9886382	7309.7136426	0.0000000	0.0000000	0.0175001	0.1896458	0.1079037	0.0000000	0.0000000
7384.9972154	7304.9851431	7304.6092822	0.0000000	0.0000000	0.0172384	0.1906405	0.1091390	0.0000000	0.0000000
7384.9972154	7299.9816481	7299.9348730	0.0000000	0.0000000	0.0184818	0.1898279	0.1101659	0.0000000	0.0000000
7384.9972154	7294.9837875	7294.8355176	0.0000000	0.0000000	0.0193528	0.1899304	0.1116276	0.0000000	0.0000000
7384.9972154	7290.0338208	7289.7361621	0.0000000	0.0000000	0.0179849	0.1889825	0.1095525	0.0000000	0.0000000
7384.9972154	7284.9852492	7284.6368066	0.0000000	0.0000000	0.0192636	0.1890016	0.1080731	0.0000000	0.0000000
7384.9972154	7279.9815887	7279.9623975	0.0000000	0.0000000	0.0218656	0.1898948	0.1078877	0.0000000	0.0000000
7384.9972154	7275.0065655	7274.8630420	0.0000000	0.0000000	0.0228947	0.1915055	0.1082634	0.0000000	0.0000000
7384.9972154	7270.0155042	7269.7636865	0.0000000	0.0000000	0.0197611	0.1911553	0.1080510	0.0000000	0.0000000
7384.9972154	7265.0116124	7264.6888672	0.0000000	0.0000000	0.0156837	0.1906005	0.1082750	0.0000000	0.0000000
7384.9972154	7260.0109282	7259.6483984	0.0000000	0.0000000	0.0147948	0.1892811	0.1072646	0.0000000	0.0000000
7384.9972154	7255.0166593	7254.6079297	0.0000000	0.0000000	0.0185861	0.1894185	0.1058873	0.0000000	0.0000000
7384.9972154	7250.0127675	7249.9875000	0.0000000	0.0000000	0.0188333	0.1897081	0.1053638	0.0000000	0.0000000
7384.9972154	7245.0152909	7244.9470313	0.0000000	0.0000000	0.0136650	0.1908677	0.1045840	0.0000000	0.0000000
7384.9972154	7240.0113991	7239.9065625	0.0000000	0.0000000	0.0092142	0.1911085	0.1033147	0.0000000	0.0000000
7384.9972154	7235.0042997	7234.8660938	0.0000000	0.0000000	0.0101375	0.1901367	0.1035841	0.0000000	0.0000000
7384.9972154	7230.0004079	7229.8256250	0.0000000	0.0000000	0.0074932	0.1898260	0.1036904	0.0000000	0.0000000
7384.9972154	7225.0033850	7224.7851563	0.0000000	0.0000000	0.0099766	0.1897246	0.1040868	0.0000000	0.0000000
7384.9972154	7220.0081975	7219.8026367	0.0000000	0.0000000	0.0129050	0.1897101	0.1036216	0.0000000	0.0000000
7384.9972154	7215.0064889	7214.8201172	0.0000000	0.0000000	0.0119747	0.1911631	0.1044623	0.0000000	0.0000000
7384.9972154	7210.0080408	7209.8375977	0.0000000	0.0000000	0.0153826	0.1903937	0.1046906	0.0000000	0.0000000
7384.9972154	7205.0030717	7204.8550781	0.0000000	0.0000000	0.0145574	0.1913898	0.1044904	0.0000000	0.0000000
7384.9972154	7200.0013630	7199.8725586	0.0000000	0.0000000	0.0103401	0.1900898	0.1055846	0.0000000	0.0000000
7384.9972154	7195.0094361	7194.8900391	0.0000000	0.0000000	0.0111110	0.1904972	0.1068552	0.0000000	0.0000000
7384.9972154	7190.0044669	7189.9075195	0.0000000	0.0000000	0.0135754	0.1908657	0.1078914	0.0000000	0.0000000
7384.9972154	7185.0125400	7184.9250000	0.0000000	0.0000000	0.0116947	0.1906493	0.1101470	0.0000000	0.0000000
7384.9972154	7180.0010497	7179.9804492	0.0000000	0.0000000	0.0078253	0.1899907	0.1085336	0.0000000	0.0000000
7384.9972154	7175.0026016	7174.6444189	0.0000000	0.0000000	0.0081414	0.1906056	0.1064922	0.0000000	0.0000000
7384.9972154	7170.0008930	7169.7188525	0.0000000	0.0000000	0.0072534	0.1904537	0.1037032	0.0000000	0.0000000
7384.9972154	7165.0270176	7164.7932861	0.0000000	0.0000000	0.0037758	0.1907819	0.1039908	0.0000000	0.0000000
7384.9972154	7160.0341256	7159.8677197	0.0000000	0.0000000	0.0038501	0.1902462	0.1044628	0.0000000	0.0000000
7384.9972154	7155.0292025	7154.9421533	0.0000000	0.0000000	0.0044232	0.1910348	0.1043169	0.0000000	0.0000000
7384.9972154	7150.0242795	7149.6061230	0.0000000	0.0000000	0.0044960	0.1911746	0.1040295	0.0000000	0.0000000
7384.9972154	7145.0253719	7144.6805566	0.0000000	0.0000000	0.0029225	0.1912135	0.1032053	0.0000000	0.0000000
7384.9972154	7140.0234567	7139.7829688	0.0000000	0.0000000	0.0019124	0.1918099	0.1024373	0.0000000	0.0000000
7384.9972154	7135.0155258	7134.9133594	0.0000000	0.0000000	0.0021989	0.1919183	0.1030854	0.0000000	0.0000000
7384.9972154	7130.0256416	7129.6379492	0.0000000	0.0000000	0.0035247	0.1905077	0.1036111	0.0000000	0.0000000
7384.9972154	7125.0387652	7124.7683398	0.0000000	0.0000000	0.0021052	0.1900448	0.1042662	0.0000000	0.0000000
7384.9972154	7120.0278266	7119.8987305	0.0000000	0.0000000	0.0010297	0.1891003	0.1032250	0.0000000	0.0000000
7384.9972154	7114.9843181	7114.6233203	0.0000000	0.0000000	0.0011445	0.1888064	0.1020397	0.0000000	0.0000000
7384.9972154	7109.9857704	7109.7537109	0.0000000	0.0000000	0.0012107	0.1897921	0.1017074	0.0000000	0.0000000
7384.9972154	7104.9837419	7104.8841016	0.0000000	0.0000000	0.0008752	0.1896897	0.1019092	0.0000000	0.0000000
7384.9972154	7099.9921561	7099.6316406	0.0000000	0.0000000	0.0009393	0.1904409	0.1011711	0.0000000	0.0000000
7384.9972154	7095.0005703	7094.8171094	0.0000000	0.0000000	0.0007321	0.1914001	0.1012240	0.0000000	0.0000000
7384.9972154	7089.9846182	7089.6013672	0.0000000	0.0000000	0.0009133	0.1909436	0.1012977	0.0000000	0.0000000
7384.9972154	7084.9930324	7084.7868359	0.0000000	0.0000000	0.0006208	0.1906958	0.1018983	0.0000000	0.0000000
7384.9972154	7079.9979657	7079.9723047	0.0000000	0.0000000	0.0003143	0.1902162	0.1013822	0.0000000	0.0000000
7384.9972154	7074.9889754	7074.7565625	0.0000000	0.0000000	0.0002982	0.1901154	0.1005695	0.0000000	0.0000000
7384.9972154	7069.9869469	7069.9420313	0.0000000	0.0000000	0.0002197	0.1900742	0.1006815	0.0000000	0.0000000
7384.9972154	7064.9849184	7064.7262891	0.0000000	0.0000000	0.0001400	0.1901924	0.0997195	0.0000000	0.0000000
7384.9972154	7059.9863559	7059.9297656	0.0000000	0.0000000	0.0001328	0.1898066	0.0990031	0.0000000	0.0000000
7384.9972154	7054.9841606	7054.7725488	0.0000000	0.0000000	0.0002415	0.1892881	0.0988461	0.0000000	0.0000000
7384.9972154	7049.9819654	7049.6153320	0.0000000	0.0000000	0.0001995	0.1910283	0.0986106	0.0000000	0.0000000
7384.9972154	7044.9875799	7044.8548242	0.0000000	0.0000000	0.0001833	0.1901948	0.0973921	0.0000000	0.0000000
7384.9972154	7039.9814797	7039.6976074	0.0000000	0.0000000	0.0001912	0.1894725	0.0977853	0.0000000	0.0000000
7384.9972154	7034.9831894	7034.9370996	0.0000000	0.0000000	0.0003126	0.1902097	0.0990082	0.0000000	0.0000000
7384.9972154	7029.9809941	7029.7798828	0.0000000	0.0000000	0.0002535	0.1889332	0.0995454	0.0000000	0.0000000
7384.9972154	7024.9787988	7024.6226660	0.0000000	0.0000000	0.0003112	0.1887717	0.1008898	0.0000000	0.0000000
7384.9972154	7019.9805085	7019.8843262	0.0000000	0.0000000	0.0002378	0.1892035	0.1004325	0.0000000	0.0000000
7384.9972154	7014.9900280	7014.7847461	0.0000000	0.0000000	0.0002109	0.1903810	0.1004043	0.0000000	0.0000000
7384.9972154	7009.9878327	7009.6851660	0.0000000	0.0000000	0.0001958	0.1904860	0.0976340	0.0000000	0.0000000
7384.9972154	7004.9856374	7004.9778613	0.0000000	0.0000000	0.0001699	0.1897021	0.0994669	0.0000000	0.0000000
