7479.9997568	7599.9977245	7599.5502051	0.0000000	0.0000000	0.0061454	0.1945103	0.1260820	0.0000000	7480.0000000
7479.9997568	7594.9867234	7594.9313574	0.0000000	0.0000000	0.0071121	0.1945175	0.1241907	0.0000000	0.0000000
7479.9997568	7589.9849267	7589.8506250	0.0000000	0.0000000	0.0089453	0.1926910	0.1256934	0.0000000	0.0000000
7479.9997568	7584.9923107	7584.7698926	0.0000000	0.0000000	0.0084117	0.1936213	0.1243311	0.0000000	0.0000000
7479.9997568	7579.9895004	7579.6891602	0.0000000	0.0000000	0.0092865	0.1938999	0.1241891	0.0000000	0.0000000
7479.9997568	7574.9892387	7574.6139941	0.0000000	0.0000000	0.0089238	0.1937510	0.1240046	0.0000000	0.0000000
7479.9997568	7569.9889770	7569.5944922	0.0000000	0.0000000	0.0107872	0.1937625	0.1252223	0.0000000	0.0000000
7479.9997568	7564.9887153	7564.5749902	0.0000000	0.0000000	0.0093899	0.1938518	0.1252618	0.0000000	0.0000000
7479.9997568	7559.9859050	7559.5554883	0.0000000	0.0000000	0.0076014	0.1935430	0.1239072	0.0000000	0.0000000
7479.9997568	7554.9881918	7554.9923047	0.0000000	0.0000000	0.0083333	0.1953278	0.1254354	0.0000000	0.0000000
7479.9997568	7549.9853816	7549.9728027	0.0000000	0.0000000	0.0079120	0.1941448	0.1253032	0.0000000	0.0000000
7479.9997568	7544.9876684	7544.9533008	0.0000000	0.0000000	0.0096311	0.1937572	0.1246710	0.0000000	0.0000000
7479.9997568	7539.9901987	7539.9337988	0.0000000	0.0000000	0.0093058	0.1933462	0.1244209	0.0000000	0.0000000
7479.9997568	7534.9866347	7534.9142969	0.0000000	0.0000000	0.0103463	0.1939054	0.1256056	0.0000000	0.0000000
7479.9997568	7529.9830707	7529.8947949	0.0000000	0.0000000	0.0114060	0.1936218	0.1252639	0.0000000	0.0000000
7479.9997568	7524.9853080	7524.9299316	0.0000000	0.0000000	0.0123658	0.1939135	0.1242125	0.0000000	0.0000000
7479.9997568	7519.9875452	7519.9705322	0.0000000	0.0000000	0.0130116	0.1943025	0.1251768	0.0000000	0.0000000
7479.9997568	7514.9897825	7514.5602783	0.0000000	0.0000000	0.0128112	0.1940364	0.1230089	0.0000000	0.0000000
7479.9997568	7509.9804173	7509.6008789	0.0000000	0.0000000	0.0158464	0.1934397	0.1239976	0.0000000	0.0000000
7479.9997568	7504.9826546	7504.6414795	0.0000000	0.0000000	0.0152577	0.1936321	0.1239393	0.0000000	0.0000000
7479.9997568	7499.9848918	7499.6820801	0.0000000	0.0000000	0.0188688	0.1948490	0.1234655	0.0000000	0.0000000
7479.9997568	7494.9842285	7494.7226807	0.0000000	0.0000000	0.0293271	0.1934375	0.1230497	0.0000000	0.0000000
7479.9997568	7489.9871487	7489.7632813	0.0000000	0.0000000	0.0497416	0.1930310	0.1235614	0.0000000	0.0000000
7479.9997568	7484.9843817	7484.8038818	0.0000000	0.0000000	0.0770281	0.1939889	0.1241273	0.0000000	0.0000000
7479.9997568	7479.9873061	7479.8981445	0.0000000	0.0000000	0.0901650	0.1942383	0.1240400	0.0000000	0.0000000
7479.9997568	7474.9873848	7474.9977734	0.0000000	0.0000000	0.0707479	0.1931040	0.1244755	0.0000000	0.0000000
7479.9997568	7469.9846178	7469.6519141	0.0000000	0.0000000	0.0304324	0.1934849	0.1233136	0.0000000	0.0000000
7479.9997568	7464.9875422	7464.7515430	0.0000000	0.0000000	0.0116036	0.1935237	0.1241860	0.0000000	0.0000000
7479.9997568	7459.9904666	7459.8511719	0.0000000	0.0000000	0.0062585	0.1939125	0.1239835	0.0000000	0.0000000
7479.9997568	7454.9848538	7454.9508008	0.0000000	0.0000000	0.0065424	0.1939913	0.1242123	0.0000000	0.0000000
7479.9997568	7449.9849325	7449.6049414	0.0000000	0.0000000	0.0060380	0.1933444	0.1228519	0.0000000	0.0000000
7479.9997568	7444.9878570	7444.7045703	0.0000000	0.0000000	0.0068375	0.1932026	0.1225614	0.0000000	0.0000000
7479.9997568	7439.9879357	7439.8041992	0.0000000	0.0000000	0.0072852	0.1931836	0.1230527	0.0000000	0.0000000
7479.9997568	7434.9851686	7434.9618359	0.0000000	0.0000000	0.0074722	0.1927922	0.1232030	0.0000000	0.0000000
7479.9997568	7429.9845495	7429.6792578	0.0000000	0.0000000	0.0059482	0.1944269	0.1225861	0.0000000	0.0000000
7479.9997568	7424.9918312	7424.8368945	0.0000000	0.0000000	0.0071859	0.1934286	0.1218481	0.0000000	0.0000000
7479.9997568	7419.9883932	7419.9945313	0.0000000	0.0000000	0.0065974	0.1923699	0.1218662	0.0000000	0.0000000
7479.9997568	7414.9903151	7414.7119531	0.0000000	0.0000000	0.0066840	0.1918202	0.1217557	0.0000000	0.0000000
7479.9997568	7409.9868772	7409.8695898	0.0000000	0.0000000	0.0059749	0.1924825	0.1202794	0.0000000	0.0000000
7479.9997568	7404.9861191	7404.5870117	0.0000000	0.0000000	0.0055266	0.1926731	0.1201180	0.0000000	0.0000000
7479.9997568	7399.9880410	7399.7446484	0.0000000	0.0000000	0.0058051	0.1938832	0.1200917	0.0000000	0.0000000
7479.9997568	7394.9846030	7394.9126367	0.0000000	0.0000000	0.0053679	0.1942590	0.1184149	0.0000000	0.0000000
7479.9997568	7389.9865249	7389.6921680	0.0000000	0.0000000	0.0073770	0.1930150	0.1194537	0.0000000	0.0000000
7479.9997568	7384.9857669	7384.9067383	0.0000000	0.0000000	0.0072413	0.1936971	0.1188317	0.0000000	0.0000000
7479.9997568	7379.9820701	7379.6862695	0.0000000	0.0000000	0.0059791	0.1937532	0.1173984	0.0000000	0.0000000
7479.9997568	7374.9893081	7374.9008398	0.0000000	0.0000000	0.0073641	0.1934697	0.1174194	0.0000000	0.0000000
7479.9997568	7369.9868136	7369.6803711	0.0000000	0.0000000	0.0067122	0.1935182	0.1159222	0.0000000	0.0000000
7479.9997568	7364.9810749	7364.8949414	0.0000000	0.0000000	0.0065188	0.1931620	0.1139253	0.0000000	0.0000000
7479.9997568	7359.9850687	7359.6744727	0.0000000	0.0000000	0.0071633	0.1926952	0.1147344	0.0000000	0.0000000
7479.9997568	7354.9858184	7354.8890430	0.0000000	0.0000000	0.0093065	0.1936865	0.1147593	0.0000000	0.0000000
7479.9997568	7349.9865681	7349.6991016	0.0000000	0.0000000	0.0073651	0.1926951	0.1124471	0.0000000	0.0000000
7479.9997568	7344.9840736	7344.9696387	0.0000000	0.0000000	0.0068677	0.1937042	0.1105769	0.0000000	0.0000000
7479.9997568	7339.9848232	7339.8102246	0.0000000	0.0000000	0.0045739	0.1939600	0.1086941	0.0000000	0.0000000
7479.9997568	7334.9855729	7334.6508105	0.0000000	0.0000000	0.0070370	0.1926100	0.1087852	0.0000000	0.0000000
7479.9997568	7329.9830784	7329.9213477	0.0000000	0.0000000	0.0080438	0.1932468	0.1099631	0.0000000	0.0000000
7479.9997568	7324.9878543	7324.7619336	0.0000000	0.0000000	0.0053617	0.1932682	0.1089745	0.0000000	0.0000000
7479.9997568	7319.9843593	7319.6025195	0.0000000	0.0000000	0.0060184	0.1923777	0.1087208	0.0000000	0.0000000
7479.9997568	7314.9864987	7314.8730566	0.0000000	0.0000000	0.0059232	0.1936089	0.1088002	0.0000000	0.0000000
7479.9997568	7309.9886382	7309.7136426	0.0000000	0.0000000	0.0055616	0.1937444	0.1085948	0.0000000	0.0000000
7479.9997568	7304.9879604	7304.6092822	0.0000000	0.0000000	0.0050734	0.1940524	0.1086458	0.0000000	0.0000000
7479.9997568	7299.9816481	7299.9348730	0.0000000	0.0000000	0.0055830	0.1931710	0.1088394	0.0000000	0.0000000
7479.9997568	7294.9866048	7294.8355176	0.0000000	0.0000000	0.0052081	0.1936552	0.1099113	0.0000000	0.0000000
7479.9997568	7289.9859270	7289.7361621	0.0000000	0.0000000	0.0057506	0.1938927	0.1093112	0.0000000	0.0000000
7479.9997568	7284.9852492	7284.6368066	0.0000000	0.0000000	0.0059973	0.1938094	0.1102007	0.0000000	0.0000000
7479.9997568	7279.9847963	7279.9623975	0.0000000	0.0000000	0.0062361	0.1929598	0.1105339	0.0000000	0.0000000
7479.9997568	7274.9809045	7274.8630420	0.0000000	0.0000000	0.0066401	0.1934758	0.1106194	0.0000000	0.0000000
7479.9997568	7269.9834279	7269.7636865	0.0000000	0.0000000	0.0068840	0.1928439	0.1110675	0.0000000	0.0000000
7479.9997568	7264.9859514	7264.6888672	0.0000000	0.0000000	0.0050444	0.1936438	0.1110055	0.0000000	0.0000000
7479.9997568	7259.9852672	7259.6483984	0.0000000	0.0000000	0.0050355	0.1934281	0.1096982	0.0000000	0.0000000
7479.9997568	7254.9813754	7254.6079297	0.0000000	0.0000000	0.0058099	0.1936030	0.1080294	0.0000000	0.0000000
7479.9997568	7249.9871065	7249.9875000	0.0000000	0.0000000	0.0052296	0.1926901	0.1079867	0.0000000	0.0000000
7479.9997568	7244.9864223	7244.9470313	0.0000000	0.0000000	0.0034772	0.1937988	0.1054384	0.0000000	0.0000000
7479.9997568	7239.9857381	7239.9065625	0.0000000	0.0000000	0.0018746	0.1933458	0.1032307	0.0000000	0.0000000
7479.9997568	7234.9818463	7234.8660938	0.0000000	0.0000000	0.0023845	0.1935956	0.1026210	0.0000000	0.0000000
7479.9997568	7229.9843698	7229.8256250	0.0000000	0.0000000	0.0022169	0.1943729	0.1023545	0.0000000	0.0000000
7479.9997568	7224.9838216	7224.7851563	0.0000000	0.0000000	0.0019342	0.1940380	0.1030886	0.0000000	0.0000000
7479.9997568	7219.9853736	7219.8026367	0.0000000	0.0000000	0.0019989	0.1935566	0.1047080	0.0000000	0.0000000
7479.9997568	7214.9869255	7214.8201172	0.0000000	0.0000000	0.0018959	0.1936388	0.1066423	0.0000000	0.0000000
7479.9997568	7209.9852169	7209.8375977	0.0000000	0.0000000	0.0024058	0.1936287	0.1068053	0.0000000	0.0000000
7479.9997568	7204.9867688	7204.8550781	0.0000000	0.0000000	0.0021259	0.1943326	0.1089320	0.0000000	0.0000000
7479.9997568	7199.9850602	7199.8725586	0.0000000	0.0000000	0.0017773	0.1942959	0.1100856	0.0000000	0.0000000
7479.9997568	7194.9866121	7194.8900391	0.0000000	0.0000000	0.0031563	0.1932860	0.1110538	0.0000000	0.0000000
7479.9997568	7189.9849035	7189.9075195	0.0000000	0.0000000	0.0021624	0.1927043	0.1118516	0.0000000	0.0000000
7479.9997568	7184.9864555	7184.9250000	0.0000000	0.0000000	0.0018809	0.1921298	0.1102220	0.0000000	0.0000000
7479.9997568	7179.9814863	7179.9804492	0.0000000	0.0000000	0.0012020	0.1928372	0.1077472	0.0000000	0.0000000
7479.9997568	7174.9862988	7174.6444189	0.0000000	0.0000000	0.0011174	0.1928114	0.1077599	0.0000000	0.0000000
7479.9997568	7169.9813296	7169.7188525	0.0000000	0.0000000	0.0011846	0.1937253	0.1050167	0.0000000	0.0000000
7479.9997568	7164.9909244	7164.7932861	0.0000000	0.0000000	0.0006296	0.1939192	0.1034639	0.0000000	0.0000000
7479.9997568	7159.9890091	7159.8677197	0.0000000	0.0000000	0.0005951	0.1941204	0.1069344	0.0000000	0.0000000
7479.9997568	7154.9840860	7154.9421533	0.0000000	0.0000000	0.0009388	0.1930920	0.1081119	0.0000000	0.0000000
7479.9997568	7149.9851785	7149.6061230	0.0000000	0.0000000	0.0008009	0.1930348	0.1061345	0.0000000	0.0000000
7479.9997568	7144.9862710	7144.6805566	0.0000000	0.0000000	0.0006969	0.1934950	0.1060077	0.0000000	0.0000000
7479.9997568	7139.9873635	7139.7829688	0.0000000	0.0000000	0.0004034	0.1939587	0.1041487	0.0000000	0.0000000
7479.9997568	7134.9854482	7134.9133594	0.0000000	0.0000000	0.0004015	0.1936643	0.1059102	0.0000000	0.0000000
7479.9997568	7129.9895484	7129.6379492	0.0000000	0.0000000	0.0008572	0.1939141	0.1068457	0.0000000	0.0000000
7479.9997568	7124.9876331	7124.7683398	0.0000000	0.0000000	0.0005074	0.1940839	0.1064340	0.0000000	0.0000000
7479.9997568	7119.9857178	7119.8987305	0.0000000	0.0000000	0.0003698	0.1939570	0.1051080	0.0000000	0.0000000
7479.9997568	7114.9843181	7114.6233203	0.0000000	0.0000000	0.0003053	0.1930444	0.1076464	0.0000000	0.0000000
7479.9997568	7109.9857704	7109.7537109	0.0000000	0.0000000	0.0004878	0.1933875	0.1055231	0.0000000	0.0000000
7479.9997568	7104.9837419	7104.8841016	0.0000000	0.0000000	0.0004510	0.1931628	0.1052906	0.0000000	0.0000000
7479.9997568	7099.9817134	7099.6316406	0.0000000	0.0000000	0.0004189	0.1933328	0.1038956	0.0000000	0.0000000
7479.9997568	7094.9831658	7094.8171094	0.0000000	0.0000000	0.0004657	0.1930856	0.1045092	0.0000000	0.0000000
7479.9997568	7089.9846182	7089.6013672	0.0000000	0.0000000	0.0002878	0.1929519	0.1047092	0.0000000	0.0000000
7479.9997568	7084.9895515	7084.7868359	0.0000000	0.0000000	0.0002424	0.1934465	0.1045304	0.0000000	0.0000000
7479.9997568	7079.9875230	7079.9723047	0.0000000	0.0000000	0.0002445	0.1926162	0.1032521	0.0000000	0.0000000
7479.9997568	7074.9889754	7074.7565625	0.0000000	0.0000000	0.0001567	0.1922766	0.1019264	0.0000000	0.0000000
7479.9997568	7069.9834660	7069.9420313	0.0000000	0.0000000	0.0000723	0.1918240	0.1027102	0.0000000	0.0000000
7479.9997568	7064.9849184	7064.7262891	0.0000000	0.0000000	0.0001416	0.1916289	0.1032006	0.0000000	0.0000000
7479.9997568	7059.9863559	7059.9297656	0.0000000	0.0000000	0.0000839	0.1930895	0.1012852	0.0000000	0.0000000
7479.9997568	7054.9841606	7054.7725488	0.0000000	0.0000000	0.0001229	0.1930647	0.1020018	0.0000000	0.0000000
7479.9997568	7049.9819654	7049.6153320	0.0000000	0.0000000	0.0000935	0.1937252	0.1010665	0.0000000	0.0000000
7479.9997568	7044.9875799	7044.8548242	0.0000000	0.0000000	0.0001354	0.1941215	0.1013680	0.0000000	0.0000000
7479.9997568	7039.9853847	7039.6976074	0.0000000	0.0000000	0.0001517	0.1933756	0.1013601	0.0000000	0.0000000
7479.9997568	7034.9831894	7034.9370996	0.0000000	0.0000000	0.0001418	0.1929636	0.1018546	0.0000000	0.0000000
7479.9997568	7029.9848990	7029.7798828	0.0000000	0.0000000	0.0001508	0.1923929	0.1018456	0.0000000	0.0000000
7479.9997568	7024.9827038	7024.6226660	0.0000000	0.0000000	0.0001718	0.1919127	0.1022178	0.0000000	0.0000000
7479.9997568	7019.9805085	7019.8843262	0.0000000	0.0000000	0.0000859	0.1928931	0.1021964	0.0000000	0.0000000
7479.9997568	7014.9822181	7014.7847461	0.0000000	0.0000000	0.0001584	0.1924871	0.1019377	0.0000000	0.0000000
7479.9997568	7009.9878327	7009.6851660	0.0000000	0.0000000	0.0001453	0.1941101	0.1012908	0.0000000	0.0000000
7479.9997568	7004.9817325	7004.9778613	0.0000000	0.0000000	0.0001021	0.1931318	0.1022251	0.0000000	0.0000000
