7069.9982522	7599.9977245	7599.5502051	0.0000000	0.0000000	0.0195449	0.1601414	0.1205927	0.0000000	7070.0000000
7069.9982522	7594.9867234	7594.9313574	0.0000000	0.0000000	0.0193280	0.1610354	0.1199618	0.0000000	0.0000000
7069.9982522	7589.9849267	7589.8506250	0.0000000	0.0000000	0.0194565	0.1620201	0.1189647	0.0000000	0.0000000
7069.9982522	7584.9923107	7584.7698926	0.0000000	0.0000000	0.0227141	0.1637703	0.1198107	0.0000000	0.0000000
7069.9982522	7579.9895004	7579.6891602	0.0000000	0.0000000	0.0237268	0.1634912	0.1202053	0.0000000	0.0000000
7069.9982522	7574.9866901	7574.6139941	0.0000000	0.0000000	0.0237451	0.1626680	0.1205393	0.0000000	0.0000000
7069.9982522	7569.9889770	7569.5944922	0.0000000	0.0000000	0.0243019	0.1624161	0.1208708	0.0000000	0.0000000
7069.9982522	7564.9887153	7564.5749902	0.0000000	0.0000000	0.0226458	0.1628745	0.1208728	0.0000000	0.0000000
7069.9982522	7559.9884535	7559.5554883	0.0000000	0.0000000	0.0205773	0.1626318	0.1212616	0.0000000	0.0000000
7069.9982522	7554.9881918	7554.9923047	0.0000000	0.0000000	0.0219054	0.1618998	0.1223597	0.0000000	0.0000000
7069.9982522	7549.9853816	7549.9728027	0.0000000	0.0000000	0.0186683	0.1617522	0.1206351	0.0000000	0.0000000
7069.9982522	7544.9851198	7544.9533008	0.0000000	0.0000000	0.0165697	0.1604869	0.1203917	0.0000000	0.0000000
7069.9982522	7539.9872981	7539.9337988	0.0000000	0.0000000	0.0163878	0.1594602	0.1205308	0.0000000	0.0000000
7069.9982522	7535.0301440	7534.9142969	0.0000000	0.0000000	0.0196274	0.1607076	0.1233783	0.0000000	0.0000000
7069.9982522	7530.0323812	7529.8947949	0.0000000	0.0000000	0.0203337	0.1597585	0.1202994	0.0000000	0.0000000
7069.9982522	7525.0317179	7524.9299316	0.0000000	0.0000000	0.0206475	0.1602736	0.1209916	0.0000000	0.0000000
7069.9982522	7520.0368557	7519.9705322	0.0000000	0.0000000	0.0204034	0.1610293	0.1207827	0.0000000	0.0000000
7069.9982522	7515.0390930	7514.5602783	0.0000000	0.0000000	0.0209985	0.1616575	0.1205375	0.0000000	0.0000000
7069.9982522	7509.9804173	7509.6008789	0.0000000	0.0000000	0.0197529	0.1609070	0.1199442	0.0000000	0.0000000
7069.9982522	7505.0290644	7504.6414795	0.0000000	0.0000000	0.0195476	0.1611281	0.1196473	0.0000000	0.0000000
7069.9982522	7499.9877924	7499.6820801	0.0000000	0.0000000	0.0263372	0.1625302	0.1199467	0.0000000	0.0000000
7069.9982522	7494.9871291	7494.7226807	0.0000000	0.0000000	0.0197317	0.1627371	0.1195286	0.0000000	0.0000000
7069.9982522	7490.0326801	7489.7632813	0.0000000	0.0000000	0.0218607	0.1624371	0.1201501	0.0000000	0.0000000
7069.9982522	7485.0356045	7484.8038818	0.0000000	0.0000000	0.0212046	0.1632261	0.1206401	0.0000000	0.0000000
7069.9982522	7479.9873061	7479.8981445	0.0000000	0.0000000	0.0215870	0.1628915	0.1216798	0.0000000	0.0000000
7069.9982522	7474.9845391	7474.9977734	0.0000000	0.0000000	0.0188790	0.1617775	0.1209655	0.0000000	0.0000000
7069.9982522	7469.9846178	7469.6519141	0.0000000	0.0000000	0.0165685	0.1626422	0.1197288	0.0000000	0.0000000
7069.9982522	7464.9875422	7464.7515430	0.0000000	0.0000000	0.0157977	0.1637566	0.1193965	0.0000000	0.0000000
7069.9982522	7459.9819294	7459.8511719	0.0000000	0.0000000	0.0158893	0.1632333	0.1203235	0.0000000	0.0000000
7069.9982522	7454.9820081	7454.9508008	0.0000000	0.0000000	0.0161298	0.1621169	0.1213208	0.0000000	0.0000000
7069.9982522	7449.9849325	7449.6049414	0.0000000	0.0000000	0.0147256	0.1627905	0.1207100	0.0000000	0.0000000
7069.9982522	7444.9850112	7444.7045703	0.0000000	0.0000000	0.0133684	0.1633683	0.1193590	0.0000000	0.0000000
7069.9982522	7439.9822442	7439.8041992	0.0000000	0.0000000	0.0132070	0.1650386	0.1176804	0.0000000	0.0000000
7069.9982522	7434.9823229	7434.9618359	0.0000000	0.0000000	0.0129636	0.1633118	0.1181487	0.0000000	0.0000000
7069.9982522	7429.9899093	7429.6792578	0.0000000	0.0000000	0.0115653	0.1634988	0.1180508	0.0000000	0.0000000
7069.9982522	7424.9918312	7424.8368945	0.0000000	0.0000000	0.0121547	0.1627061	0.1179027	0.0000000	0.0000000
7069.9982522	7419.9857133	7419.9945313	0.0000000	0.0000000	0.0107263	0.1628988	0.1173759	0.0000000	0.0000000
7069.9982522	7414.9876352	7414.7119531	0.0000000	0.0000000	0.0108572	0.1619663	0.1186526	0.0000000	0.0000000
7069.9982522	7409.9868772	7409.8695898	0.0000000	0.0000000	0.0100576	0.1626034	0.1182631	0.0000000	0.0000000
7069.9982522	7404.9887990	7404.5870117	0.0000000	0.0000000	0.0098418	0.1636282	0.1167510	0.0000000	0.0000000
7069.9982522	7399.9880410	7399.7446484	0.0000000	0.0000000	0.0097944	0.1641853	0.1151973	0.0000000	0.0000000
7069.9982522	7394.9872830	7394.9126367	0.0000000	0.0000000	0.0105505	0.1647537	0.1147273	0.0000000	0.0000000
7069.9982522	7389.9865249	7389.6921680	0.0000000	0.0000000	0.0100631	0.1653479	0.1148898	0.0000000	0.0000000
7069.9982522	7384.9884468	7384.9067383	0.0000000	0.0000000	0.0109899	0.1647804	0.1149244	0.0000000	0.0000000
7069.9982522	7379.9853142	7379.6862695	0.0000000	0.0000000	0.0095090	0.1645674	0.1130070	0.0000000	0.0000000
7069.9982522	7375.0055289	7374.9008398	0.0000000	0.0000000	0.0099176	0.1637815	0.1110887	0.0000000	0.0000000
7069.9982522	7370.0095227	7369.6803711	0.0000000	0.0000000	0.0101495	0.1634231	0.1107048	0.0000000	0.0000000
7069.9982522	7365.0037840	7364.8949414	0.0000000	0.0000000	0.0123776	0.1622495	0.1103945	0.0000000	0.0000000
7069.9982522	7360.0045337	7359.6744727	0.0000000	0.0000000	0.0160814	0.1621431	0.1132361	0.0000000	0.0000000
7069.9982522	7354.9987950	7354.8890430	0.0000000	0.0000000	0.0137421	0.1639583	0.1102250	0.0000000	0.0000000
7069.9982522	7350.0190097	7349.6991016	0.0000000	0.0000000	0.0141514	0.1643062	0.1096243	0.0000000	0.0000000
7069.9982522	7345.0100269	7344.9696387	0.0000000	0.0000000	0.0131277	0.1639612	0.1089526	0.0000000	0.0000000
7069.9982522	7340.0075324	7339.8102246	0.0000000	0.0000000	0.0127783	0.1634730	0.1083541	0.0000000	0.0000000
7069.9982522	7335.0082820	7334.6508105	0.0000000	0.0000000	0.0131154	0.1634242	0.1076161	0.0000000	0.0000000
7069.9982522	7330.0057875	7329.9213477	0.0000000	0.0000000	0.0188523	0.1626295	0.1074518	0.0000000	0.0000000
7069.9982522	7325.0272963	7324.7619336	0.0000000	0.0000000	0.0180986	0.1632328	0.1046248	0.0000000	0.0000000
7069.9982522	7319.9871765	7319.6025195	0.0000000	0.0000000	0.0161224	0.1634554	0.1046561	0.0000000	0.0000000
7069.9982522	7314.9864987	7314.8730566	0.0000000	0.0000000	0.0188077	0.1631990	0.1039174	0.0000000	0.0000000
7069.9982522	7309.9914555	7309.7136426	0.0000000	0.0000000	0.0200076	0.1626906	0.1046625	0.0000000	0.0000000
7069.9982522	7304.9851431	7304.6092822	0.0000000	0.0000000	0.0197587	0.1641332	0.1038744	0.0000000	0.0000000
7069.9982522	7299.9844653	7299.9348730	0.0000000	0.0000000	0.0203655	0.1650090	0.1038423	0.0000000	0.0000000
7069.9982522	7294.9837875	7294.8355176	0.0000000	0.0000000	0.0250955	0.1651375	0.1067504	0.0000000	0.0000000
7069.9982522	7289.9831097	7289.7361621	0.0000000	0.0000000	0.0261508	0.1643639	0.1072896	0.0000000	0.0000000
7069.9982522	7284.9852492	7284.6368066	0.0000000	0.0000000	0.0252620	0.1643982	0.1057911	0.0000000	0.0000000
7069.9982522	7280.0393259	7279.9623975	0.0000000	0.0000000	0.0268914	0.1635659	0.1063856	0.0000000	0.0000000
7069.9982522	7275.0129807	7274.8630420	0.0000000	0.0000000	0.0328187	0.1629695	0.1064622	0.0000000	0.0000000
7069.9982522	7270.0058813	7269.7636865	0.0000000	0.0000000	0.0337889	0.1627185	0.1074907	0.0000000	0.0000000
7069.9982522	7265.0116124	7264.6888672	0.0000000	0.0000000	0.0342943	0.1616831	0.1066753	0.0000000	0.0000000
7069.9982522	7260.0045130	7259.6483984	0.0000000	0.0000000	0.0333052	0.1624954	0.1049470	0.0000000	0.0000000
7069.9982522	7255.0102440	7254.6079297	0.0000000	0.0000000	0.0323143	0.1641067	0.1026610	0.0000000	0.0000000
7069.9982522	7250.0159751	7249.9875000	0.0000000	0.0000000	0.0303981	0.1634540	0.1009301	0.0000000	0.0000000
7069.9982522	7245.0056680	7244.9470313	0.0000000	0.0000000	0.0306036	0.1634510	0.0989325	0.0000000	0.0000000
7069.9982522	7240.0049839	7239.9065625	0.0000000	0.0000000	0.0287269	0.1639987	0.0982272	0.0000000	0.0000000
7069.9982522	7235.0171302	7234.8660938	0.0000000	0.0000000	0.0332694	0.1651144	0.0977510	0.0000000	0.0000000
7069.9982522	7230.0036155	7229.8256250	0.0000000	0.0000000	0.0371783	0.1637343	0.0981243	0.0000000	0.0000000
7069.9982522	7225.0033850	7224.7851563	0.0000000	0.0000000	0.0410459	0.1640558	0.0988732	0.0000000	0.0000000
7069.9982522	7220.0016764	7219.8026367	0.0000000	0.0000000	0.0559996	0.1635431	0.1008000	0.0000000	0.0000000
7069.9982522	7215.0195312	7214.8201172	0.0000000	0.0000000	0.0750284	0.1622628	0.1033560	0.0000000	0.0000000
7069.9982522	7210.0113014	7209.8375977	0.0000000	0.0000000	0.0847715	0.1626656	0.1033734	0.0000000	0.0000000
7069.9982522	7205.0030717	7204.8550781	0.0000000	0.0000000	0.0920417	0.1634441	0.1043308	0.0000000	0.0000000
7069.9982522	7200.0111447	7199.8725586	0.0000000	0.0000000	0.0829346	0.1643359	0.1040641	0.0000000	0.0000000
7069.9982522	7195.0126967	7194.8900391	0.0000000	0.0000000	0.0898593	0.1651505	0.1062368	0.0000000	0.0000000
7069.9982522	7190.0012064	7189.9075195	0.0000000	0.0000000	0.1088123	0.1637408	0.1059003	0.0000000	0.0000000
7069.9982522	7185.0060189	7184.9250000	0.0000000	0.0000000	0.1217150	0.1629518	0.1050859	0.0000000	0.0000000
7069.9982522	7180.0075708	7179.9804492	0.0000000	0.0000000	0.1160388	0.1622216	0.1041882	0.0000000	0.0000000
7069.9982522	7175.0058622	7174.6444189	0.0000000	0.0000000	0.1222664	0.1622542	0.1035681	0.0000000	0.0000000
7069.9982522	7170.0041536	7169.7188525	0.0000000	0.0000000	0.1269108	0.1633535	0.1025685	0.0000000	0.0000000
7069.9982522	7165.0240098	7164.7932861	0.0000000	0.0000000	0.1057039	0.1633517	0.0999537	0.0000000	0.0000000
7069.9982522	7160.0220945	7159.8677197	0.0000000	0.0000000	0.1023204	0.1631304	0.1004525	0.0000000	0.0000000
7069.9982522	7155.0292025	7154.9421533	0.0000000	0.0000000	0.1086272	0.1633573	0.1021497	0.0000000	0.0000000
7069.9982522	7150.0242795	7149.6061230	0.0000000	0.0000000	0.1273109	0.1640498	0.1014225	0.0000000	0.0000000
7069.9982522	7145.0163486	7144.6805566	0.0000000	0.0000000	0.1333684	0.1628334	0.1007305	0.0000000	0.0000000
7069.9982522	7140.0204489	7139.7829688	0.0000000	0.0000000	0.1192512	0.1630466	0.1003145	0.0000000	0.0000000
7069.9982522	7135.0305647	7134.9133594	0.0000000	0.0000000	0.1136326	0.1635690	0.1006272	0.0000000	0.0000000
7069.9982522	7130.0226338	7129.6379492	0.0000000	0.0000000	0.1416919	0.1627310	0.1010140	0.0000000	0.0000000
7069.9982522	7125.0267341	7124.7683398	0.0000000	0.0000000	0.1471057	0.1619685	0.1004222	0.0000000	0.0000000
7069.9982522	7120.0278266	7119.8987305	0.0000000	0.0000000	0.1329562	0.1633572	0.1000082	0.0000000	0.0000000
7069.9982522	7114.9808372	7114.6233203	0.0000000	0.0000000	0.1292844	0.1643475	0.1004792	0.0000000	0.0000000
7069.9982522	7110.0066557	7109.7537109	0.0000000	0.0000000	0.1481201	0.1638651	0.1001659	0.0000000	0.0000000
7069.9982522	7104.9837419	7104.8841016	0.0000000	0.0000000	0.1516604	0.1638042	0.1001014	0.0000000	0.0000000
7069.9982522	7099.9817134	7099.6316406	0.0000000	0.0000000	0.1642587	0.1635597	0.1009867	0.0000000	0.0000000
7069.9982522	7094.9831658	7094.8171094	0.0000000	0.0000000	0.1478301	0.1625187	0.0993715	0.0000000	0.0000000
7069.9982522	7089.9846182	7089.6013672	0.0000000	0.0000000	0.1605729	0.1625804	0.0990493	0.0000000	0.0000000
7069.9982522	7084.9860706	7084.7868359	0.0000000	0.0000000	0.2109967	0.1631753	0.0999082	0.0000000	0.0000000
7069.9982522	7079.9875230	7079.9723047	0.0000000	0.0000000	0.2626133	0.1635262	0.0972061	0.0000000	0.0000000
7069.9982522	7074.9889754	7074.7565625	0.0000000	0.0000000	0.2868197	0.1629696	0.0969725	0.0000000	0.0000000
7069.9982522	7069.9834660	7069.9420313	0.0000000	0.0000000	0.2369734	0.1643217	0.0960225	0.0000000	0.0000000
7069.9982522	7064.9883993	7064.7262891	0.0000000	0.0000000	0.1907457	0.1639060	0.0960200	0.0000000	0.0000000
7069.9982522	7059.9863559	7059.9297656	0.0000000	0.0000000	0.1378240	0.1639067	0.0959348	0.0000000	0.0000000
7069.9982522	7054.9841606	7054.7725488	0.0000000	0.0000000	0.1212477	0.1634493	0.0960714	0.0000000	0.0000000
7069.9982522	7049.9819654	7049.6153320	0.0000000	0.0000000	0.1162151	0.1625479	0.0966113	0.0000000	0.0000000
7069.9982522	7044.9875799	7044.8548242	0.0000000	0.0000000	0.1209996	0.1632107	0.0967134	0.0000000	0.0000000
7069.9982522	7039.9814797	7039.6976074	0.0000000	0.0000000	0.1310419	0.1640183	0.0959503	0.0000000	0.0000000
7069.9982522	7034.9831894	7034.9370996	0.0000000	0.0000000	0.1472317	0.1649396	0.0952096	0.0000000	0.0000000
7069.9982522	7029.9809941	7029.7798828	0.0000000	0.0000000	0.1661956	0.1642308	0.0956786	0.0000000	0.0000000
7069.9982522	7024.9827038	7024.6226660	0.0000000	0.0000000	0.1841386	0.1644963	0.0953314	0.0000000	0.0000000
7069.9982522	7019.9805085	7019.8843262	0.0000000	0.0000000	0.1796625	0.1643533	0.0952847	0.0000000	0.0000000
7069.9982522	7014.9822181	7014.7847461	0.0000000	0.0000000	0.1919036	0.1653306	0.0953967	0.0000000	0.0000000
7069.9982522	7009.9878327	7009.6851660	0.0000000	0.0000000	0.2012511	0.1642148	0.0960789	0.0000000	0.0000000
7069.9982522	7004.9817325	7004.9778613	0.0000000	0.0000000	0.2149072	0.1640142	0.0980938	0.0000000	0.0000000
