7284.9938282	7599.9977245	7599.5502051	0.0000000	0.0000000	0.0179642	0.1905129	0.1235901	0.0000000	7285.0000000
7284.9938282	7594.9867234	7594.9313574	0.0000000	0.0000000	0.0191040	0.1899043	0.1228713	0.0000000	0.0000000
7284.9938282	7589.9849267	7589.8506250	0.0000000	0.0000000	0.0210803	0.1902568	0.1248058	0.0000000	0.0000000
7284.9938282	7584.9897621	7584.7698926	0.0000000	0.0000000	0.0207078	0.1897656	0.1251163	0.0000000	0.0000000
7284.9938282	7579.9895004	7579.6891602	0.0000000	0.0000000	0.0186877	0.1888165	0.1260975	0.0000000	0.0000000
7284.9938282	7574.9866901	7574.6139941	0.0000000	0.0000000	0.0181311	0.1886418	0.1247731	0.0000000	0.0000000
7284.9938282	7569.9889770	7569.5944922	0.0000000	0.0000000	0.0152151	0.1889456	0.1226969	0.0000000	0.0000000
7284.9938282	7564.9887153	7564.5749902	0.0000000	0.0000000	0.0177310	0.1893840	0.1235979	0.0000000	0.0000000
7284.9938282	7559.9910021	7559.5554883	0.0000000	0.0000000	0.0196891	0.1888893	0.1233728	0.0000000	0.0000000
7284.9938282	7554.9856433	7554.9923047	0.0000000	0.0000000	0.0187551	0.1887769	0.1239113	0.0000000	0.0000000
7284.9938282	7549.9853816	7549.9728027	0.0000000	0.0000000	0.0188387	0.1884742	0.1246998	0.0000000	0.0000000
7284.9938282	7544.9851198	7544.9533008	0.0000000	0.0000000	0.0211638	0.1889166	0.1246292	0.0000000	0.0000000
7284.9938282	7539.9872981	7539.9337988	0.0000000	0.0000000	0.0218557	0.1892676	0.1252916	0.0000000	0.0000000
7284.9938282	7534.9866347	7534.9142969	0.0000000	0.0000000	0.0263065	0.1893854	0.1257573	0.0000000	0.0000000
7284.9938282	7530.0265800	7529.8947949	0.0000000	0.0000000	0.0203866	0.1892826	0.1268430	0.0000000	0.0000000
7284.9938282	7524.9853080	7524.9299316	0.0000000	0.0000000	0.0216005	0.1895493	0.1257523	0.0000000	0.0000000
7284.9938282	7520.0368557	7519.9705322	0.0000000	0.0000000	0.0216595	0.1896858	0.1249268	0.0000000	0.0000000
7284.9938282	7515.0332918	7514.5602783	0.0000000	0.0000000	0.0251823	0.1898041	0.1246891	0.0000000	0.0000000
7284.9938282	7510.0326284	7509.6008789	0.0000000	0.0000000	0.0232137	0.1900378	0.1237615	0.0000000	0.0000000
7284.9938282	7505.0319651	7504.6414795	0.0000000	0.0000000	0.0238990	0.1897532	0.1210002	0.0000000	0.0000000
7284.9938282	7500.0342023	7499.6820801	0.0000000	0.0000000	0.0228223	0.1889279	0.1228075	0.0000000	0.0000000
7284.9938282	7494.9871291	7494.7226807	0.0000000	0.0000000	0.0224266	0.1896470	0.1230129	0.0000000	0.0000000
7284.9938282	7490.0298344	7489.7632813	0.0000000	0.0000000	0.0239644	0.1899479	0.1239634	0.0000000	0.0000000
7284.9938282	7484.9872274	7484.8038818	0.0000000	0.0000000	0.0260757	0.1904310	0.1246296	0.0000000	0.0000000
7284.9938282	7479.9844604	7479.8981445	0.0000000	0.0000000	0.0238261	0.1894860	0.1238660	0.0000000	0.0000000
7284.9938282	7474.9845391	7474.9977734	0.0000000	0.0000000	0.0267323	0.1882690	0.1254392	0.0000000	0.0000000
7284.9938282	7469.9846178	7469.6519141	0.0000000	0.0000000	0.0254113	0.1885940	0.1244664	0.0000000	0.0000000
7284.9938282	7464.9846965	7464.7515430	0.0000000	0.0000000	0.0207528	0.1898440	0.1229423	0.0000000	0.0000000
7284.9938282	7459.9847751	7459.8511719	0.0000000	0.0000000	0.0226857	0.1903307	0.1226671	0.0000000	0.0000000
7284.9938282	7454.9820081	7454.9508008	0.0000000	0.0000000	0.0211775	0.1899205	0.1219078	0.0000000	0.0000000
7284.9938282	7449.9877783	7449.6049414	0.0000000	0.0000000	0.0238549	0.1887898	0.1224060	0.0000000	0.0000000
7284.9938282	7444.9878570	7444.7045703	0.0000000	0.0000000	0.0197740	0.1891704	0.1216313	0.0000000	0.0000000
7284.9938282	7439.9850899	7439.8041992	0.0000000	0.0000000	0.0234579	0.1905034	0.1228636	0.0000000	0.0000000
7284.9938282	7434.9851686	7434.9618359	0.0000000	0.0000000	0.0262728	0.1890693	0.1239969	0.0000000	0.0000000
7284.9938282	7429.9872294	7429.6792578	0.0000000	0.0000000	0.0254806	0.1891296	0.1242677	0.0000000	0.0000000
7284.9938282	7424.9918312	7424.8368945	0.0000000	0.0000000	0.0237534	0.1886084	0.1218754	0.0000000	0.0000000
7284.9938282	7419.9857133	7419.9945313	0.0000000	0.0000000	0.0204604	0.1883252	0.1218245	0.0000000	0.0000000
7284.9938282	7414.9849553	7414.7119531	0.0000000	0.0000000	0.0195841	0.1889105	0.1227135	0.0000000	0.0000000
7284.9938282	7409.9868772	7409.8695898	0.0000000	0.0000000	0.0165698	0.1897971	0.1205382	0.0000000	0.0000000
7284.9938282	7404.9861191	7404.5870117	0.0000000	0.0000000	0.0191752	0.1897294	0.1191427	0.0000000	0.0000000
7284.9938282	7399.9853611	7399.7446484	0.0000000	0.0000000	0.0214491	0.1904768	0.1183875	0.0000000	0.0000000
7284.9938282	7394.9872830	7394.9126367	0.0000000	0.0000000	0.0229353	0.1889629	0.1172241	0.0000000	0.0000000
7284.9938282	7389.9838450	7389.6921680	0.0000000	0.0000000	0.0267408	0.1892847	0.1197487	0.0000000	0.0000000
7284.9938282	7384.9857669	7384.9067383	0.0000000	0.0000000	0.0252954	0.1895138	0.1181605	0.0000000	0.0000000
7284.9938282	7379.9820701	7379.6862695	0.0000000	0.0000000	0.0263108	0.1875575	0.1179225	0.0000000	0.0000000
7284.9938282	7375.0087730	7374.9008398	0.0000000	0.0000000	0.0258087	0.1885840	0.1153479	0.0000000	0.0000000
7284.9938282	7370.0095227	7369.6803711	0.0000000	0.0000000	0.0281936	0.1889069	0.1159192	0.0000000	0.0000000
7284.9938282	7365.0070282	7364.8949414	0.0000000	0.0000000	0.0306162	0.1887754	0.1174185	0.0000000	0.0000000
7284.9938282	7360.0045337	7359.6744727	0.0000000	0.0000000	0.0365154	0.1879209	0.1158525	0.0000000	0.0000000
7284.9938282	7355.0020392	7354.8890430	0.0000000	0.0000000	0.0336904	0.1891129	0.1137661	0.0000000	0.0000000
7284.9938282	7350.0092772	7349.6991016	0.0000000	0.0000000	0.0371243	0.1895660	0.1112767	0.0000000	0.0000000
7284.9938282	7345.0002944	7344.9696387	0.0000000	0.0000000	0.0311121	0.1888831	0.1073888	0.0000000	0.0000000
7284.9938282	7340.0075324	7339.8102246	0.0000000	0.0000000	0.0322179	0.1891821	0.1077417	0.0000000	0.0000000
7284.9938282	7335.0017937	7334.6508105	0.0000000	0.0000000	0.0371024	0.1892216	0.1073242	0.0000000	0.0000000
7284.9938282	7330.0057875	7329.9213477	0.0000000	0.0000000	0.0476180	0.1880334	0.1071506	0.0000000	0.0000000
7284.9938282	7325.0301136	7324.7619336	0.0000000	0.0000000	0.0479127	0.1897957	0.1080095	0.0000000	0.0000000
7284.9938282	7319.9843593	7319.6025195	0.0000000	0.0000000	0.0545840	0.1903956	0.1093749	0.0000000	0.0000000
7284.9938282	7314.9836815	7314.8730566	0.0000000	0.0000000	0.0617938	0.1880554	0.1097592	0.0000000	0.0000000
7284.9938282	7309.9858209	7309.7136426	0.0000000	0.0000000	0.0634812	0.1878749	0.1104235	0.0000000	0.0000000
7284.9938282	7304.9851431	7304.6092822	0.0000000	0.0000000	0.0575063	0.1875720	0.1104303	0.0000000	0.0000000
7284.9938282	7299.9844653	7299.9348730	0.0000000	0.0000000	0.0832216	0.1888923	0.1101107	0.0000000	0.0000000
7284.9938282	7294.9837875	7294.8355176	0.0000000	0.0000000	0.1369110	0.1875248	0.1095223	0.0000000	0.0000000
7284.9938282	7289.9831097	7289.7361621	0.0000000	0.0000000	0.1919377	0.1887476	0.1075001	0.0000000	0.0000000
7284.9938282	7284.9852492	7284.6368066	0.0000000	0.0000000	0.2259583	0.1892866	0.1088444	0.0000000	0.0000000
7284.9938282	7279.9815887	7279.9623975	0.0000000	0.0000000	0.1983472	0.1888380	0.1089746	0.0000000	0.0000000
7284.9938282	7275.0065655	7274.8630420	0.0000000	0.0000000	0.1407321	0.1892804	0.1099968	0.0000000	0.0000000
7284.9938282	7270.0058813	7269.7636865	0.0000000	0.0000000	0.0860922	0.1889625	0.1098386	0.0000000	0.0000000
7284.9938282	7265.0019895	7264.6888672	0.0000000	0.0000000	0.0597898	0.1892539	0.1084557	0.0000000	0.0000000
7284.9938282	7260.0173434	7259.6483984	0.0000000	0.0000000	0.0536907	0.1889774	0.1080996	0.0000000	0.0000000
7284.9938282	7255.0134516	7254.6079297	0.0000000	0.0000000	0.0579376	0.1886603	0.1081621	0.0000000	0.0000000
7284.9938282	7250.0095598	7249.9875000	0.0000000	0.0000000	0.0535035	0.1888514	0.1053884	0.0000000	0.0000000
7284.9938282	7245.0088757	7244.9470313	0.0000000	0.0000000	0.0462565	0.1880417	0.1036433	0.0000000	0.0000000
7284.9938282	7240.0146067	7239.9065625	0.0000000	0.0000000	0.0401958	0.1887239	0.0995442	0.0000000	0.0000000
7284.9938282	7235.0010921	7234.8660938	0.0000000	0.0000000	0.0415264	0.1897067	0.0990199	0.0000000	0.0000000
7284.9938282	7230.0100308	7229.8256250	0.0000000	0.0000000	0.0404980	0.1890062	0.0987145	0.0000000	0.0000000
7284.9938282	7225.0099061	7224.7851563	0.0000000	0.0000000	0.0429431	0.1884515	0.0996995	0.0000000	0.0000000
7284.9938282	7220.0049369	7219.8026367	0.0000000	0.0000000	0.0600822	0.1871132	0.1032014	0.0000000	0.0000000
7284.9938282	7215.0130100	7214.8201172	0.0000000	0.0000000	0.0659878	0.1878915	0.1051588	0.0000000	0.0000000
7284.9938282	7210.0145620	7209.8375977	0.0000000	0.0000000	0.0704229	0.1877239	0.1077318	0.0000000	0.0000000
7284.9938282	7204.9998111	7204.8550781	0.0000000	0.0000000	0.0761985	0.1885701	0.1066143	0.0000000	0.0000000
7284.9938282	7200.0046236	7199.8725586	0.0000000	0.0000000	0.0692115	0.1873635	0.1072980	0.0000000	0.0000000
7284.9938282	7195.0094361	7194.8900391	0.0000000	0.0000000	0.0701304	0.1875150	0.1087849	0.0000000	0.0000000
7284.9938282	7190.0012064	7189.9075195	0.0000000	0.0000000	0.0783571	0.1878356	0.1090286	0.0000000	0.0000000
7284.9938282	7185.0092794	7184.9250000	0.0000000	0.0000000	0.0731509	0.1873739	0.1085059	0.0000000	0.0000000
7284.9938282	7180.0010497	7179.9804492	0.0000000	0.0000000	0.0610695	0.1879865	0.1065837	0.0000000	0.0000000
7284.9938282	7174.9993411	7174.6444189	0.0000000	0.0000000	0.0616780	0.1874794	0.1078853	0.0000000	0.0000000
7284.9938282	7170.0074141	7169.7188525	0.0000000	0.0000000	0.0590540	0.1879299	0.1071593	0.0000000	0.0000000
7284.9938282	7165.0360409	7164.7932861	0.0000000	0.0000000	0.0428268	0.1871497	0.1045179	0.0000000	0.0000000
7284.9938282	7160.0281100	7159.8677197	0.0000000	0.0000000	0.0394703	0.1873254	0.1058472	0.0000000	0.0000000
7284.9938282	7155.0231870	7154.9421533	0.0000000	0.0000000	0.0423971	0.1885015	0.1050815	0.0000000	0.0000000
7284.9938282	7149.9881863	7149.6061230	0.0000000	0.0000000	0.0460807	0.1876791	0.1051483	0.0000000	0.0000000
7284.9938282	7145.0253719	7144.6805566	0.0000000	0.0000000	0.0381161	0.1874399	0.1038412	0.0000000	0.0000000
7284.9938282	7140.0294722	7139.7829688	0.0000000	0.0000000	0.0274667	0.1883558	0.1029636	0.0000000	0.0000000
7284.9938282	7135.0215414	7134.9133594	0.0000000	0.0000000	0.0272269	0.1884136	0.1038997	0.0000000	0.0000000
7284.9938282	7130.0196261	7129.6379492	0.0000000	0.0000000	0.0322256	0.1883756	0.1041122	0.0000000	0.0000000
7284.9938282	7125.0237263	7124.7683398	0.0000000	0.0000000	0.0320028	0.1870592	0.1038579	0.0000000	0.0000000
7284.9938282	7120.0278266	7119.8987305	0.0000000	0.0000000	0.0213348	0.1877500	0.1024211	0.0000000	0.0000000
7284.9938282	7114.9843181	7114.6233203	0.0000000	0.0000000	0.0232535	0.1874839	0.1013933	0.0000000	0.0000000
7284.9938282	7109.9857704	7109.7537109	0.0000000	0.0000000	0.0254745	0.1874633	0.1029602	0.0000000	0.0000000
7284.9938282	7104.9837419	7104.8841016	0.0000000	0.0000000	0.0220690	0.1873623	0.1037993	0.0000000	0.0000000
7284.9938282	7099.9817134	7099.6316406	0.0000000	0.0000000	0.0209130	0.1880587	0.1023621	0.0000000	0.0000000
7284.9938282	7094.9831658	7094.8171094	0.0000000	0.0000000	0.0162855	0.1885892	0.1014517	0.0000000	0.0000000
7284.9938282	7089.9846182	7089.6013672	0.0000000	0.0000000	0.0137756	0.1883528	0.1015585	0.0000000	0.0000000
7284.9938282	7084.9999941	7084.7868359	0.0000000	0.0000000	0.0121907	0.1883507	0.1007434	0.0000000	0.0000000
7284.9938282	7079.9875230	7079.9723047	0.0000000	0.0000000	0.0091897	0.1875709	0.1005918	0.0000000	0.0000000
7284.9938282	7074.9889754	7074.7565625	0.0000000	0.0000000	0.0068290	0.1872822	0.0998301	0.0000000	0.0000000
7284.9938282	7069.9973895	7069.9420313	0.0000000	0.0000000	0.0044213	0.1886913	0.0988041	0.0000000	0.0000000
7284.9938282	7064.9883993	7064.7262891	0.0000000	0.0000000	0.0046102	0.1869510	0.0988462	0.0000000	0.0000000
7284.9938282	7059.9863559	7059.9297656	0.0000000	0.0000000	0.0049082	0.1863027	0.1005955	0.0000000	0.0000000
7284.9938282	7054.9841606	7054.7725488	0.0000000	0.0000000	0.0053871	0.1866727	0.0993602	0.0000000	0.0000000
7284.9938282	7049.9819654	7049.6153320	0.0000000	0.0000000	0.0048911	0.1879047	0.0983163	0.0000000	0.0000000
7284.9938282	7044.9875799	7044.8548242	0.0000000	0.0000000	0.0055697	0.1883188	0.0975975	0.0000000	0.0000000
7284.9938282	7039.9775748	7039.6976074	0.0000000	0.0000000	0.0062789	0.1886680	0.0969187	0.0000000	0.0000000
7284.9938282	7034.9831894	7034.9370996	0.0000000	0.0000000	0.0065629	0.1884055	0.0981044	0.0000000	0.0000000
7284.9938282	7029.9809941	7029.7798828	0.0000000	0.0000000	0.0065580	0.1894690	0.0981989	0.0000000	0.0000000
7284.9938282	7024.9787988	7024.6226660	0.0000000	0.0000000	0.0068247	0.1875887	0.0994194	0.0000000	0.0000000
7284.9938282	7019.9805085	7019.8843262	0.0000000	0.0000000	0.0059590	0.1883596	0.0994159	0.0000000	0.0000000
7284.9938282	7014.9861230	7014.7847461	0.0000000	0.0000000	0.0057141	0.1882101	0.0988274	0.0000000	0.0000000
7284.9938282	7009.9839278	7009.6851660	0.0000000	0.0000000	0.0058571	0.1872694	0.0982720	0.0000000	0.0000000
7284.9938282	7004.9817325	7004.9778613	0.0000000	0.0000000	0.0061328	0.1873966	0.0991084	0.0000000	0.0000000
