7484.9959649	7599.9977245	7599.5502051	0.0000000	0.0000000	0.0063278	0.1922915	0.1241017	0.0000000	7485.0000000
7484.9959649	7594.9867234	7594.9313574	0.0000000	0.0000000	0.0083737	0.1926095	0.1239243	0.0000000	0.0000000
7484.9959649	7589.9849267	7589.8506250	0.0000000	0.0000000	0.0081345	0.1931290	0.1239703	0.0000000	0.0000000
7484.9959649	7584.9923107	7584.7698926	0.0000000	0.0000000	0.0072759	0.1936562	0.1227969	0.0000000	0.0000000
7484.9959649	7579.9869519	7579.6891602	0.0000000	0.0000000	0.0109474	0.1924406	0.1243306	0.0000000	0.0000000
7484.9959649	7574.9866901	7574.6139941	0.0000000	0.0000000	0.0103173	0.1923385	0.1238008	0.0000000	0.0000000
7484.9959649	7569.9889770	7569.5944922	0.0000000	0.0000000	0.0081630	0.1939193	0.1240558	0.0000000	0.0000000
7484.9959649	7564.9887153	7564.5749902	0.0000000	0.0000000	0.0089318	0.1928237	0.1254888	0.0000000	0.0000000
7484.9959649	7559.9910021	7559.5554883	0.0000000	0.0000000	0.0069976	0.1929688	0.1251360	0.0000000	0.0000000
7484.9959649	7554.9856433	7554.9923047	0.0000000	0.0000000	0.0081500	0.1934806	0.1243938	0.0000000	0.0000000
7484.9959649	7549.9853816	7549.9728027	0.0000000	0.0000000	0.0083938	0.1924530	0.1240844	0.0000000	0.0000000
7484.9959649	7544.9851198	7544.9533008	0.0000000	0.0000000	0.0107578	0.1934227	0.1251117	0.0000000	0.0000000
7484.9959649	7539.9872981	7539.9337988	0.0000000	0.0000000	0.0104261	0.1931439	0.1251284	0.0000000	0.0000000
7484.9959649	7534.9866347	7534.9142969	0.0000000	0.0000000	0.0091925	0.1931163	0.1235652	0.0000000	0.0000000
7484.9959649	7529.9830707	7529.8947949	0.0000000	0.0000000	0.0125732	0.1928589	0.1236125	0.0000000	0.0000000
7484.9959649	7524.9882086	7524.9299316	0.0000000	0.0000000	0.0117725	0.1933535	0.1244535	0.0000000	0.0000000
7484.9959649	7519.9875452	7519.9705322	0.0000000	0.0000000	0.0134552	0.1932063	0.1242101	0.0000000	0.0000000
7484.9959649	7514.9839813	7514.5602783	0.0000000	0.0000000	0.0121808	0.1931667	0.1245613	0.0000000	0.0000000
7484.9959649	7509.9833179	7509.6008789	0.0000000	0.0000000	0.0123192	0.1929974	0.1240275	0.0000000	0.0000000
7484.9959649	7504.9884558	7504.6414795	0.0000000	0.0000000	0.0151768	0.1932975	0.1244734	0.0000000	0.0000000
7484.9959649	7499.9906931	7499.6820801	0.0000000	0.0000000	0.0240205	0.1935581	0.1238231	0.0000000	0.0000000
7484.9959649	7494.9900297	7494.7226807	0.0000000	0.0000000	0.0555880	0.1930739	0.1245872	0.0000000	0.0000000
7484.9959649	7489.9843030	7489.7632813	0.0000000	0.0000000	0.0853336	0.1933086	0.1236543	0.0000000	0.0000000
7484.9959649	7484.9872274	7484.8038818	0.0000000	0.0000000	0.0898358	0.1932164	0.1237629	0.0000000	0.0000000
7484.9959649	7479.9873061	7479.8981445	0.0000000	0.0000000	0.0649779	0.1924751	0.1238528	0.0000000	0.0000000
7484.9959649	7474.9845391	7474.9977734	0.0000000	0.0000000	0.0338442	0.1932747	0.1243016	0.0000000	0.0000000
7484.9959649	7469.9846178	7469.6519141	0.0000000	0.0000000	0.0106471	0.1925878	0.1234443	0.0000000	0.0000000
7484.9959649	7464.9846965	7464.7515430	0.0000000	0.0000000	0.0071541	0.1925822	0.1245740	0.0000000	0.0000000
7484.9959649	7459.9876209	7459.8511719	0.0000000	0.0000000	0.0043403	0.1928307	0.1252534	0.0000000	0.0000000
7484.9959649	7454.9848538	7454.9508008	0.0000000	0.0000000	0.0048447	0.1936563	0.1241139	0.0000000	0.0000000
7484.9959649	7449.9877783	7449.6049414	0.0000000	0.0000000	0.0048815	0.1931503	0.1230079	0.0000000	0.0000000
7484.9959649	7444.9850112	7444.7045703	0.0000000	0.0000000	0.0052325	0.1929727	0.1230042	0.0000000	0.0000000
7484.9959649	7439.9879357	7439.8041992	0.0000000	0.0000000	0.0057617	0.1944481	0.1236792	0.0000000	0.0000000
7484.9959649	7434.9880144	7434.9618359	0.0000000	0.0000000	0.0053960	0.1938307	0.1222446	0.0000000	0.0000000
7484.9959649	7429.9899093	7429.6792578	0.0000000	0.0000000	0.0062579	0.1927793	0.1221940	0.0000000	0.0000000
7484.9959649	7424.9864714	7424.8368945	0.0000000	0.0000000	0.0068591	0.1922416	0.1231927	0.0000000	0.0000000
7484.9959649	7419.9857133	7419.9945313	0.0000000	0.0000000	0.0070753	0.1927207	0.1228361	0.0000000	0.0000000
7484.9959649	7414.9849553	7414.7119531	0.0000000	0.0000000	0.0061035	0.1924313	0.1210142	0.0000000	0.0000000
7484.9959649	7409.9868772	7409.8695898	0.0000000	0.0000000	0.0041859	0.1922168	0.1209713	0.0000000	0.0000000
7484.9959649	7404.9861191	7404.5870117	0.0000000	0.0000000	0.0050100	0.1928137	0.1202758	0.0000000	0.0000000
7484.9959649	7399.9880410	7399.7446484	0.0000000	0.0000000	0.0056063	0.1937772	0.1189968	0.0000000	0.0000000
7484.9959649	7394.9872830	7394.9126367	0.0000000	0.0000000	0.0057285	0.1928972	0.1190942	0.0000000	0.0000000
7484.9959649	7389.9892049	7389.6921680	0.0000000	0.0000000	0.0046057	0.1930830	0.1184871	0.0000000	0.0000000
7484.9959649	7384.9857669	7384.9067383	0.0000000	0.0000000	0.0061765	0.1921212	0.1187992	0.0000000	0.0000000
7484.9959649	7379.9820701	7379.6862695	0.0000000	0.0000000	0.0069883	0.1937789	0.1164691	0.0000000	0.0000000
7484.9959649	7374.9893081	7374.9008398	0.0000000	0.0000000	0.0055209	0.1930863	0.1161133	0.0000000	0.0000000
7484.9959649	7369.9868136	7369.6803711	0.0000000	0.0000000	0.0065254	0.1935586	0.1155988	0.0000000	0.0000000
7484.9959649	7364.9810749	7364.8949414	0.0000000	0.0000000	0.0064564	0.1935966	0.1144150	0.0000000	0.0000000
7484.9959649	7359.9850687	7359.6744727	0.0000000	0.0000000	0.0060846	0.1937748	0.1140454	0.0000000	0.0000000
7484.9959649	7354.9890626	7354.8890430	0.0000000	0.0000000	0.0065198	0.1925527	0.1143558	0.0000000	0.0000000
7484.9959649	7349.9865681	7349.6991016	0.0000000	0.0000000	0.0069707	0.1927804	0.1112600	0.0000000	0.0000000
7484.9959649	7344.9840736	7344.9696387	0.0000000	0.0000000	0.0049236	0.1933506	0.1101974	0.0000000	0.0000000
7484.9959649	7339.9848232	7339.8102246	0.0000000	0.0000000	0.0034730	0.1934597	0.1066257	0.0000000	0.0000000
7484.9959649	7334.9855729	7334.6508105	0.0000000	0.0000000	0.0048206	0.1941433	0.1077257	0.0000000	0.0000000
7484.9959649	7329.9863226	7329.9213477	0.0000000	0.0000000	0.0062915	0.1943164	0.1095421	0.0000000	0.0000000
7484.9959649	7324.9878543	7324.7619336	0.0000000	0.0000000	0.0042273	0.1932808	0.1070964	0.0000000	0.0000000
7484.9959649	7319.9871765	7319.6025195	0.0000000	0.0000000	0.0033175	0.1923270	0.1079958	0.0000000	0.0000000
7484.9959649	7314.9864987	7314.8730566	0.0000000	0.0000000	0.0057334	0.1930297	0.1081595	0.0000000	0.0000000
7484.9959649	7309.9886382	7309.7136426	0.0000000	0.0000000	0.0040493	0.1927632	0.1085931	0.0000000	0.0000000
7484.9959649	7304.9879604	7304.6092822	0.0000000	0.0000000	0.0036381	0.1928730	0.1076407	0.0000000	0.0000000
7484.9959649	7299.9844653	7299.9348730	0.0000000	0.0000000	0.0047792	0.1932994	0.1077163	0.0000000	0.0000000
7484.9959649	7294.9837875	7294.8355176	0.0000000	0.0000000	0.0052889	0.1934620	0.1097863	0.0000000	0.0000000
7484.9959649	7289.9831097	7289.7361621	0.0000000	0.0000000	0.0043258	0.1948267	0.1092570	0.0000000	0.0000000
7484.9959649	7284.9852492	7284.6368066	0.0000000	0.0000000	0.0046472	0.1941908	0.1093472	0.0000000	0.0000000
7484.9959649	7279.9847963	7279.9623975	0.0000000	0.0000000	0.0058859	0.1925842	0.1111304	0.0000000	0.0000000
7484.9959649	7274.9841121	7274.8630420	0.0000000	0.0000000	0.0052041	0.1926763	0.1109502	0.0000000	0.0000000
7484.9959649	7269.9866356	7269.7636865	0.0000000	0.0000000	0.0057598	0.1937064	0.1122388	0.0000000	0.0000000
7484.9959649	7264.9859514	7264.6888672	0.0000000	0.0000000	0.0040802	0.1942841	0.1093066	0.0000000	0.0000000
7484.9959649	7259.9852672	7259.6483984	0.0000000	0.0000000	0.0034012	0.1936936	0.1087726	0.0000000	0.0000000
7484.9959649	7254.9813754	7254.6079297	0.0000000	0.0000000	0.0042429	0.1931714	0.1093320	0.0000000	0.0000000
7484.9959649	7249.9838989	7249.9875000	0.0000000	0.0000000	0.0030397	0.1937034	0.1061384	0.0000000	0.0000000
7484.9959649	7244.9864223	7244.9470313	0.0000000	0.0000000	0.0021882	0.1924159	0.1046265	0.0000000	0.0000000
7484.9959649	7239.9857381	7239.9065625	0.0000000	0.0000000	0.0015261	0.1921920	0.1030364	0.0000000	0.0000000
7484.9959649	7234.9818463	7234.8660938	0.0000000	0.0000000	0.0011851	0.1924988	0.1023304	0.0000000	0.0000000
7484.9959649	7229.9811622	7229.8256250	0.0000000	0.0000000	0.0009954	0.1928428	0.1016730	0.0000000	0.0000000
7484.9959649	7224.9838216	7224.7851563	0.0000000	0.0000000	0.0013345	0.1925319	0.1025105	0.0000000	0.0000000
7484.9959649	7219.9886341	7219.8026367	0.0000000	0.0000000	0.0015028	0.1933221	0.1043386	0.0000000	0.0000000
7484.9959649	7214.9869255	7214.8201172	0.0000000	0.0000000	0.0019427	0.1929261	0.1072534	0.0000000	0.0000000
7484.9959649	7209.9852169	7209.8375977	0.0000000	0.0000000	0.0022600	0.1935370	0.1080476	0.0000000	0.0000000
7484.9959649	7204.9867688	7204.8550781	0.0000000	0.0000000	0.0024698	0.1932645	0.1085525	0.0000000	0.0000000
7484.9959649	7199.9850602	7199.8725586	0.0000000	0.0000000	0.0017570	0.1922500	0.1096718	0.0000000	0.0000000
7484.9959649	7194.9833516	7194.8900391	0.0000000	0.0000000	0.0014745	0.1927799	0.1098804	0.0000000	0.0000000
7484.9959649	7189.9849035	7189.9075195	0.0000000	0.0000000	0.0016691	0.1917659	0.1113313	0.0000000	0.0000000
7484.9959649	7184.9864555	7184.9250000	0.0000000	0.0000000	0.0014435	0.1919685	0.1093286	0.0000000	0.0000000
7484.9959649	7179.9814863	7179.9804492	0.0000000	0.0000000	0.0009054	0.1930571	0.1083042	0.0000000	0.0000000
7484.9959649	7174.9862988	7174.6444189	0.0000000	0.0000000	0.0010912	0.1925928	0.1076335	0.0000000	0.0000000
7484.9959649	7169.9845902	7169.7188525	0.0000000	0.0000000	0.0008499	0.1930981	0.1072300	0.0000000	0.0000000
7484.9959649	7164.9879166	7164.7932861	0.0000000	0.0000000	0.0004161	0.1928362	0.1040453	0.0000000	0.0000000
7484.9959649	7159.9860013	7159.8677197	0.0000000	0.0000000	0.0004008	0.1931473	0.1042511	0.0000000	0.0000000
7484.9959649	7154.9840860	7154.9421533	0.0000000	0.0000000	0.0007325	0.1928896	0.1060110	0.0000000	0.0000000
7484.9959649	7149.9851785	7149.6061230	0.0000000	0.0000000	0.0007955	0.1934966	0.1056486	0.0000000	0.0000000
7484.9959649	7144.9892787	7144.6805566	0.0000000	0.0000000	0.0004279	0.1923176	0.1053313	0.0000000	0.0000000
7484.9959649	7139.9873635	7139.7829688	0.0000000	0.0000000	0.0003547	0.1920747	0.1044994	0.0000000	0.0000000
7484.9959649	7134.9854482	7134.9133594	0.0000000	0.0000000	0.0004849	0.1924042	0.1063186	0.0000000	0.0000000
7484.9959649	7129.9865407	7129.6379492	0.0000000	0.0000000	0.0005361	0.1930599	0.1069711	0.0000000	0.0000000
7484.9959649	7124.9876331	7124.7683398	0.0000000	0.0000000	0.0004114	0.1923406	0.1056532	0.0000000	0.0000000
7484.9959649	7119.9827101	7119.8987305	0.0000000	0.0000000	0.0002521	0.1927692	0.1046772	0.0000000	0.0000000
7484.9959649	7114.9808372	7114.6233203	0.0000000	0.0000000	0.0002819	0.1934174	0.1040892	0.0000000	0.0000000
7484.9959649	7109.9822896	7109.7537109	0.0000000	0.0000000	0.0002905	0.1931743	0.1054031	0.0000000	0.0000000
7484.9959649	7104.9837419	7104.8841016	0.0000000	0.0000000	0.0003239	0.1929232	0.1053346	0.0000000	0.0000000
7484.9959649	7099.9886752	7099.6316406	0.0000000	0.0000000	0.0002400	0.1932596	0.1040663	0.0000000	0.0000000
7484.9959649	7094.9831658	7094.8171094	0.0000000	0.0000000	0.0001821	0.1926748	0.1044749	0.0000000	0.0000000
7484.9959649	7089.9846182	7089.6013672	0.0000000	0.0000000	0.0001570	0.1932870	0.1035427	0.0000000	0.0000000
7484.9959649	7084.9860706	7084.7868359	0.0000000	0.0000000	0.0001912	0.1920598	0.1037086	0.0000000	0.0000000
7484.9959649	7079.9875230	7079.9723047	0.0000000	0.0000000	0.0000938	0.1928975	0.1024236	0.0000000	0.0000000
7484.9959649	7074.9889754	7074.7565625	0.0000000	0.0000000	0.0001351	0.1926729	0.1020112	0.0000000	0.0000000
7484.9959649	7069.9869469	7069.9420313	0.0000000	0.0000000	0.0000548	0.1929188	0.1019633	0.0000000	0.0000000
7484.9959649	7064.9883993	7064.7262891	0.0000000	0.0000000	0.0001069	0.1928855	0.1014731	0.0000000	0.0000000
7484.9959649	7059.9863559	7059.9297656	0.0000000	0.0000000	0.0000564	0.1932206	0.1002240	0.0000000	0.0000000
7484.9959649	7054.9841606	7054.7725488	0.0000000	0.0000000	0.0000834	0.1937134	0.1000624	0.0000000	0.0000000
7484.9959649	7049.9819654	7049.6153320	0.0000000	0.0000000	0.0000865	0.1928796	0.1000734	0.0000000	0.0000000
7484.9959649	7044.9875799	7044.8548242	0.0000000	0.0000000	0.0000624	0.1942780	0.0995529	0.0000000	0.0000000
7484.9959649	7039.9814797	7039.6976074	0.0000000	0.0000000	0.0000762	0.1935033	0.1012813	0.0000000	0.0000000
7484.9959649	7034.9909992	7034.9370996	0.0000000	0.0000000	0.0001083	0.1931937	0.1018004	0.0000000	0.0000000
7484.9959649	7029.9809941	7029.7798828	0.0000000	0.0000000	0.0000748	0.1937233	0.1002069	0.0000000	0.0000000
7484.9959649	7024.9866087	7024.6226660	0.0000000	0.0000000	0.0001083	0.1931459	0.1014315	0.0000000	0.0000000
7484.9959649	7019.9805085	7019.8843262	0.0000000	0.0000000	0.0000797	0.1931335	0.1008708	0.0000000	0.0000000
7484.9959649	7014.9822181	7014.7847461	0.0000000	0.0000000	0.0001167	0.1934478	0.1010980	0.0000000	0.0000000
7484.9959649	7009.9878327	7009.6851660	0.0000000	0.0000000	0.0001547	0.1932329	0.1031635	0.0000000	0.0000000
7484.9959649	7004.9817325	7004.9778613	0.0000000	0.0000000	0.0001567	0.1939535	0.1021218	0.0000000	0.0000000
