7249.9943433	7599.9977245	7599.5502051	0.0000000	0.0000000	0.0195408	0.1856937	0.1233636	0.0000000	7250.0000000
7249.9943433	7594.9867234	7594.9313574	0.0000000	0.0000000	0.0197806	0.1846997	0.1229149	0.0000000	0.0000000
7249.9943433	7589.9849267	7589.8506250	0.0000000	0.0000000	0.0213535	0.1845135	0.1232714	0.0000000	0.0000000
7249.9943433	7584.9897621	7584.7698926	0.0000000	0.0000000	0.0227881	0.1843698	0.1236592	0.0000000	0.0000000
7249.9943433	7579.9895004	7579.6891602	0.0000000	0.0000000	0.0210836	0.1837642	0.1226810	0.0000000	0.0000000
7249.9943433	7574.9866901	7574.6139941	0.0000000	0.0000000	0.0202394	0.1843368	0.1223636	0.0000000	0.0000000
7249.9943433	7569.9889770	7569.5944922	0.0000000	0.0000000	0.0186064	0.1840431	0.1216803	0.0000000	0.0000000
7249.9943433	7564.9861667	7564.5749902	0.0000000	0.0000000	0.0220199	0.1845250	0.1220072	0.0000000	0.0000000
7249.9943433	7559.9859050	7559.5554883	0.0000000	0.0000000	0.0187126	0.1853051	0.1223934	0.0000000	0.0000000
7249.9943433	7554.9856433	7554.9923047	0.0000000	0.0000000	0.0208324	0.1858313	0.1225029	0.0000000	0.0000000
7249.9943433	7549.9853816	7549.9728027	0.0000000	0.0000000	0.0185466	0.1865092	0.1228031	0.0000000	0.0000000
7249.9943433	7544.9876684	7544.9533008	0.0000000	0.0000000	0.0174238	0.1848595	0.1239583	0.0000000	0.0000000
7249.9943433	7539.9872981	7539.9337988	0.0000000	0.0000000	0.0225033	0.1840481	0.1261855	0.0000000	0.0000000
7249.9943433	7534.9866347	7534.9142969	0.0000000	0.0000000	0.0184574	0.1834033	0.1256281	0.0000000	0.0000000
7249.9943433	7530.0294806	7529.8947949	0.0000000	0.0000000	0.0188610	0.1837476	0.1237494	0.0000000	0.0000000
7249.9943433	7524.9853080	7524.9299316	0.0000000	0.0000000	0.0197747	0.1843347	0.1243319	0.0000000	0.0000000
7249.9943433	7519.9875452	7519.9705322	0.0000000	0.0000000	0.0172706	0.1834865	0.1224414	0.0000000	0.0000000
7249.9943433	7514.9839813	7514.5602783	0.0000000	0.0000000	0.0173978	0.1844133	0.1227405	0.0000000	0.0000000
7249.9943433	7510.0239266	7509.6008789	0.0000000	0.0000000	0.0171711	0.1846615	0.1219128	0.0000000	0.0000000
7249.9943433	7504.9826546	7504.6414795	0.0000000	0.0000000	0.0168262	0.1844451	0.1212157	0.0000000	0.0000000
7249.9943433	7500.0313017	7499.6820801	0.0000000	0.0000000	0.0163806	0.1844229	0.1213529	0.0000000	0.0000000
7249.9943433	7494.9842285	7494.7226807	0.0000000	0.0000000	0.0185834	0.1832319	0.1227549	0.0000000	0.0000000
7249.9943433	7489.9843030	7489.7632813	0.0000000	0.0000000	0.0173273	0.1827922	0.1235527	0.0000000	0.0000000
7249.9943433	7484.9843817	7484.8038818	0.0000000	0.0000000	0.0197003	0.1827787	0.1244304	0.0000000	0.0000000
7249.9943433	7479.9873061	7479.8981445	0.0000000	0.0000000	0.0197936	0.1823937	0.1243907	0.0000000	0.0000000
7249.9943433	7474.9845391	7474.9977734	0.0000000	0.0000000	0.0170172	0.1837299	0.1241764	0.0000000	0.0000000
7249.9943433	7469.9846178	7469.6519141	0.0000000	0.0000000	0.0176228	0.1837844	0.1250569	0.0000000	0.0000000
7249.9943433	7465.0359193	7464.7515430	0.0000000	0.0000000	0.0169506	0.1835894	0.1234229	0.0000000	0.0000000
7249.9943433	7459.9847751	7459.8511719	0.0000000	0.0000000	0.0151622	0.1854493	0.1224156	0.0000000	0.0000000
7249.9943433	7454.9820081	7454.9508008	0.0000000	0.0000000	0.0162720	0.1850431	0.1220936	0.0000000	0.0000000
7249.9943433	7449.9877783	7449.6049414	0.0000000	0.0000000	0.0149626	0.1854838	0.1209048	0.0000000	0.0000000
7249.9943433	7445.0333884	7444.7045703	0.0000000	0.0000000	0.0156560	0.1851062	0.1218231	0.0000000	0.0000000
7249.9943433	7439.9850899	7439.8041992	0.0000000	0.0000000	0.0159556	0.1847058	0.1222881	0.0000000	0.0000000
7249.9943433	7434.9851686	7434.9618359	0.0000000	0.0000000	0.0214429	0.1840345	0.1230708	0.0000000	0.0000000
7249.9943433	7429.9872294	7429.6792578	0.0000000	0.0000000	0.0154246	0.1843555	0.1200798	0.0000000	0.0000000
7249.9943433	7424.9864714	7424.8368945	0.0000000	0.0000000	0.0163550	0.1837048	0.1199795	0.0000000	0.0000000
7249.9943433	7419.9857133	7419.9945313	0.0000000	0.0000000	0.0151798	0.1843993	0.1198231	0.0000000	0.0000000
7249.9943433	7414.9876352	7414.7119531	0.0000000	0.0000000	0.0140142	0.1835660	0.1186746	0.0000000	0.0000000
7249.9943433	7409.9868772	7409.8695898	0.0000000	0.0000000	0.0141914	0.1830560	0.1189435	0.0000000	0.0000000
7249.9943433	7404.9861191	7404.5870117	0.0000000	0.0000000	0.0149275	0.1832633	0.1195123	0.0000000	0.0000000
7249.9943433	7399.9853611	7399.7446484	0.0000000	0.0000000	0.0159479	0.1835361	0.1183657	0.0000000	0.0000000
7249.9943433	7394.9846030	7394.9126367	0.0000000	0.0000000	0.0159149	0.1840377	0.1164418	0.0000000	0.0000000
7249.9943433	7389.9865249	7389.6921680	0.0000000	0.0000000	0.0152769	0.1838633	0.1153981	0.0000000	0.0000000
7249.9943433	7384.9857669	7384.9067383	0.0000000	0.0000000	0.0177676	0.1843608	0.1153768	0.0000000	0.0000000
7249.9943433	7379.9820701	7379.6862695	0.0000000	0.0000000	0.0159806	0.1838783	0.1143176	0.0000000	0.0000000
7249.9943433	7375.0120172	7374.9008398	0.0000000	0.0000000	0.0180751	0.1836669	0.1135208	0.0000000	0.0000000
7249.9943433	7370.0030344	7369.6803711	0.0000000	0.0000000	0.0189868	0.1841914	0.1122720	0.0000000	0.0000000
7249.9943433	7365.0135165	7364.8949414	0.0000000	0.0000000	0.0206521	0.1843674	0.1110548	0.0000000	0.0000000
7249.9943433	7360.0142662	7359.6744727	0.0000000	0.0000000	0.0266476	0.1837051	0.1117263	0.0000000	0.0000000
7249.9943433	7355.0117717	7354.8890430	0.0000000	0.0000000	0.0255499	0.1838429	0.1094509	0.0000000	0.0000000
7249.9943433	7349.9995447	7349.6991016	0.0000000	0.0000000	0.0262300	0.1842246	0.1082744	0.0000000	0.0000000
7249.9943433	7345.0067827	7344.9696387	0.0000000	0.0000000	0.0270540	0.1842334	0.1062639	0.0000000	0.0000000
7249.9943433	7340.0042882	7339.8102246	0.0000000	0.0000000	0.0244347	0.1839260	0.1056096	0.0000000	0.0000000
7249.9943433	7335.0082820	7334.6508105	0.0000000	0.0000000	0.0286183	0.1838723	0.1063646	0.0000000	0.0000000
7249.9943433	7330.0122759	7329.9213477	0.0000000	0.0000000	0.0372787	0.1838728	0.1058727	0.0000000	0.0000000
7249.9943433	7325.0244790	7324.7619336	0.0000000	0.0000000	0.0363704	0.1838376	0.1052300	0.0000000	0.0000000
7249.9943433	7319.9843593	7319.6025195	0.0000000	0.0000000	0.0369760	0.1840765	0.1053914	0.0000000	0.0000000
7249.9943433	7314.9864987	7314.8730566	0.0000000	0.0000000	0.0454369	0.1840963	0.1050778	0.0000000	0.0000000
7249.9943433	7309.9886382	7309.7136426	0.0000000	0.0000000	0.0496260	0.1836200	0.1045105	0.0000000	0.0000000
7249.9943433	7304.9879604	7304.6092822	0.0000000	0.0000000	0.0432719	0.1840072	0.1041447	0.0000000	0.0000000
7249.9943433	7299.9816481	7299.9348730	0.0000000	0.0000000	0.0499915	0.1847308	0.1053580	0.0000000	0.0000000
7249.9943433	7294.9837875	7294.8355176	0.0000000	0.0000000	0.0575897	0.1844634	0.1067166	0.0000000	0.0000000
7249.9943433	7289.9831097	7289.7361621	0.0000000	0.0000000	0.0568251	0.1847527	0.1066456	0.0000000	0.0000000
7249.9943433	7284.9852492	7284.6368066	0.0000000	0.0000000	0.0588099	0.1849946	0.1072712	0.0000000	0.0000000
7249.9943433	7279.9815887	7279.9623975	0.0000000	0.0000000	0.0636310	0.1843741	0.1076671	0.0000000	0.0000000
7249.9943433	7275.0161883	7274.8630420	0.0000000	0.0000000	0.0725927	0.1838734	0.1087716	0.0000000	0.0000000
7249.9943433	7270.0155042	7269.7636865	0.0000000	0.0000000	0.0692246	0.1840172	0.1075431	0.0000000	0.0000000
7249.9943433	7265.0084048	7264.6888672	0.0000000	0.0000000	0.0898129	0.1838452	0.1062615	0.0000000	0.0000000
7249.9943433	7260.0045130	7259.6483984	0.0000000	0.0000000	0.1362636	0.1847384	0.1059888	0.0000000	0.0000000
7249.9943433	7255.0038288	7254.6079297	0.0000000	0.0000000	0.1973333	0.1844501	0.1062155	0.0000000	0.0000000
7249.9943433	7250.0127675	7249.9875000	0.0000000	0.0000000	0.2130508	0.1843934	0.1052366	0.0000000	0.0000000
7249.9943433	7244.9992528	7244.9470313	0.0000000	0.0000000	0.1791399	0.1833545	0.1016769	0.0000000	0.0000000
7249.9943433	7240.0146067	7239.9065625	0.0000000	0.0000000	0.1170059	0.1836552	0.1007893	0.0000000	0.0000000
7249.9943433	7235.0075073	7234.8660938	0.0000000	0.0000000	0.0711748	0.1843107	0.1001748	0.0000000	0.0000000
7249.9943433	7230.0036155	7229.8256250	0.0000000	0.0000000	0.0543656	0.1848641	0.1003082	0.0000000	0.0000000
7249.9943433	7225.0033850	7224.7851563	0.0000000	0.0000000	0.0555543	0.1845554	0.1011324	0.0000000	0.0000000
7249.9943433	7220.0049369	7219.8026367	0.0000000	0.0000000	0.0751320	0.1848679	0.1036226	0.0000000	0.0000000
7249.9943433	7215.0064889	7214.8201172	0.0000000	0.0000000	0.0829329	0.1847366	0.1055680	0.0000000	0.0000000
7249.9943433	7210.0047803	7209.8375977	0.0000000	0.0000000	0.0923212	0.1843467	0.1067974	0.0000000	0.0000000
7249.9943433	7205.0095928	7204.8550781	0.0000000	0.0000000	0.0969623	0.1838616	0.1074946	0.0000000	0.0000000
7249.9943433	7200.0046236	7199.8725586	0.0000000	0.0000000	0.0893613	0.1834412	0.1071453	0.0000000	0.0000000
7249.9943433	7195.0061755	7194.8900391	0.0000000	0.0000000	0.0896996	0.1837397	0.1057623	0.0000000	0.0000000
7249.9943433	7190.0109881	7189.9075195	0.0000000	0.0000000	0.1027894	0.1833928	0.1074590	0.0000000	0.0000000
7249.9943433	7185.0092794	7184.9250000	0.0000000	0.0000000	0.0975826	0.1836857	0.1079757	0.0000000	0.0000000
7249.9943433	7180.0010497	7179.9804492	0.0000000	0.0000000	0.0835291	0.1842396	0.1068417	0.0000000	0.0000000
7249.9943433	7174.9993411	7174.6444189	0.0000000	0.0000000	0.0868893	0.1841035	0.1071866	0.0000000	0.0000000
7249.9943433	7170.0074141	7169.7188525	0.0000000	0.0000000	0.0867527	0.1846429	0.1057996	0.0000000	0.0000000
7249.9943433	7165.0300253	7164.7932861	0.0000000	0.0000000	0.0669436	0.1836968	0.1039492	0.0000000	0.0000000
7249.9943433	7160.0281100	7159.8677197	0.0000000	0.0000000	0.0572330	0.1849528	0.1030793	0.0000000	0.0000000
7249.9943433	7155.0352180	7154.9421533	0.0000000	0.0000000	0.0629110	0.1839854	0.1043557	0.0000000	0.0000000
7249.9943433	7150.0302950	7149.6061230	0.0000000	0.0000000	0.0703917	0.1834288	0.1034933	0.0000000	0.0000000
7249.9943433	7145.0283797	7144.6805566	0.0000000	0.0000000	0.0594213	0.1840690	0.1011945	0.0000000	0.0000000
7249.9943433	7140.0174411	7139.7829688	0.0000000	0.0000000	0.0470481	0.1842130	0.1025431	0.0000000	0.0000000
7249.9943433	7135.0215414	7134.9133594	0.0000000	0.0000000	0.0469736	0.1836792	0.1037667	0.0000000	0.0000000
7249.9943433	7129.9865407	7129.6379492	0.0000000	0.0000000	0.0584965	0.1846372	0.1047242	0.0000000	0.0000000
7249.9943433	7125.0297419	7124.7683398	0.0000000	0.0000000	0.0572253	0.1847539	0.1045840	0.0000000	0.0000000
7249.9943433	7120.0248188	7119.8987305	0.0000000	0.0000000	0.0420164	0.1841046	0.1036952	0.0000000	0.0000000
7249.9943433	7114.9808372	7114.6233203	0.0000000	0.0000000	0.0432966	0.1841927	0.1027468	0.0000000	0.0000000
7249.9943433	7109.9822896	7109.7537109	0.0000000	0.0000000	0.0456053	0.1844545	0.1043601	0.0000000	0.0000000
7249.9943433	7104.9802611	7104.8841016	0.0000000	0.0000000	0.0406602	0.1844381	0.1028650	0.0000000	0.0000000
7249.9943433	7099.9817134	7099.6316406	0.0000000	0.0000000	0.0409132	0.1841672	0.1013698	0.0000000	0.0000000
7249.9943433	7094.9796850	7094.8171094	0.0000000	0.0000000	0.0335273	0.1841675	0.1005449	0.0000000	0.0000000
7249.9943433	7089.9846182	7089.6013672	0.0000000	0.0000000	0.0306853	0.1833481	0.1019772	0.0000000	0.0000000
7249.9943433	7084.9860706	7084.7868359	0.0000000	0.0000000	0.0252284	0.1826779	0.1007267	0.0000000	0.0000000
7249.9943433	7079.9875230	7079.9723047	0.0000000	0.0000000	0.0188975	0.1830867	0.1008831	0.0000000	0.0000000
7249.9943433	7074.9889754	7074.7565625	0.0000000	0.0000000	0.0149547	0.1833732	0.1003589	0.0000000	0.0000000
7249.9943433	7069.9869469	7069.9420313	0.0000000	0.0000000	0.0112916	0.1839081	0.1004022	0.0000000	0.0000000
7249.9943433	7064.9883993	7064.7262891	0.0000000	0.0000000	0.0108817	0.1834844	0.1005162	0.0000000	0.0000000
7249.9943433	7059.9863559	7059.9297656	0.0000000	0.0000000	0.0120984	0.1836438	0.1003600	0.0000000	0.0000000
7249.9943433	7054.9841606	7054.7725488	0.0000000	0.0000000	0.0131794	0.1838070	0.0984373	0.0000000	0.0000000
7249.9943433	7049.9819654	7049.6153320	0.0000000	0.0000000	0.0134956	0.1841188	0.0981658	0.0000000	0.0000000
7249.9943433	7044.9875799	7044.8548242	0.0000000	0.0000000	0.0129188	0.1835570	0.0977313	0.0000000	0.0000000
7249.9943433	7039.9775748	7039.6976074	0.0000000	0.0000000	0.0143008	0.1831729	0.0971400	0.0000000	0.0000000
7249.9943433	7034.9831894	7034.9370996	0.0000000	0.0000000	0.0152791	0.1846475	0.0966244	0.0000000	0.0000000
7249.9943433	7029.9848990	7029.7798828	0.0000000	0.0000000	0.0177011	0.1848242	0.0983690	0.0000000	0.0000000
7249.9943433	7024.9827038	7024.6226660	0.0000000	0.0000000	0.0179248	0.1848024	0.0984871	0.0000000	0.0000000
7249.9943433	7019.9844134	7019.8843262	0.0000000	0.0000000	0.0166150	0.1838379	0.0993033	0.0000000	0.0000000
7249.9943433	7014.9861230	7014.7847461	0.0000000	0.0000000	0.0152615	0.1842863	0.0986174	0.0000000	0.0000000
7249.9943433	7009.9839278	7009.6851660	0.0000000	0.0000000	0.0131237	0.1833390	0.0985510	0.0000000	0.0000000
7249.9943433	7004.9817325	7004.9778613	0.0000000	0.0000000	0.0145990	0.1839930	0.0984097	0.0000000	0.0000000
