7234.9963177	7599.9977245	7599.5502051	0.0000000	0.0000000	0.0180791	0.1709625	0.1214174	0.0000000	7235.0000000
7234.9963177	7594.9867234	7594.9313574	0.0000000	0.0000000	0.0187697	0.1703076	0.1205851	0.0000000	0.0000000
7234.9963177	7589.9900238	7589.8506250	0.0000000	0.0000000	0.0152528	0.1691814	0.1199684	0.0000000	0.0000000
7234.9963177	7584.9897621	7584.7698926	0.0000000	0.0000000	0.0154730	0.1681790	0.1223131	0.0000000	0.0000000
7234.9963177	7579.9895004	7579.6891602	0.0000000	0.0000000	0.0158057	0.1684022	0.1228053	0.0000000	0.0000000
7234.9963177	7574.9866901	7574.6139941	0.0000000	0.0000000	0.0171929	0.1684209	0.1224991	0.0000000	0.0000000
7234.9963177	7569.9864284	7569.5944922	0.0000000	0.0000000	0.0161395	0.1676708	0.1233500	0.0000000	0.0000000
7234.9963177	7564.9861667	7564.5749902	0.0000000	0.0000000	0.0160006	0.1683290	0.1230414	0.0000000	0.0000000
7234.9963177	7559.9910021	7559.5554883	0.0000000	0.0000000	0.0146738	0.1683008	0.1222911	0.0000000	0.0000000
7234.9963177	7554.9856433	7554.9923047	0.0000000	0.0000000	0.0158022	0.1686104	0.1217654	0.0000000	0.0000000
7234.9963177	7549.9853816	7549.9728027	0.0000000	0.0000000	0.0175701	0.1684563	0.1220795	0.0000000	0.0000000
7234.9963177	7544.9825713	7544.9533008	0.0000000	0.0000000	0.0165724	0.1692145	0.1224554	0.0000000	0.0000000
7234.9963177	7539.9843974	7539.9337988	0.0000000	0.0000000	0.0170526	0.1690752	0.1223016	0.0000000	0.0000000
7234.9963177	7534.9866347	7534.9142969	0.0000000	0.0000000	0.0177838	0.1702369	0.1224185	0.0000000	0.0000000
7234.9963177	7529.9830707	7529.8947949	0.0000000	0.0000000	0.0169097	0.1708887	0.1220095	0.0000000	0.0000000
7234.9963177	7524.9853080	7524.9299316	0.0000000	0.0000000	0.0161742	0.1716335	0.1212449	0.0000000	0.0000000
7234.9963177	7519.9875452	7519.9705322	0.0000000	0.0000000	0.0152021	0.1703088	0.1200081	0.0000000	0.0000000
7234.9963177	7514.9839813	7514.5602783	0.0000000	0.0000000	0.0147942	0.1712424	0.1204292	0.0000000	0.0000000
7234.9963177	7509.9833179	7509.6008789	0.0000000	0.0000000	0.0153157	0.1710724	0.1201614	0.0000000	0.0000000
7234.9963177	7505.0261638	7504.6414795	0.0000000	0.0000000	0.0158640	0.1713857	0.1200752	0.0000000	0.0000000
7234.9963177	7499.9877924	7499.6820801	0.0000000	0.0000000	0.0150291	0.1700109	0.1205115	0.0000000	0.0000000
7234.9963177	7495.0277377	7494.7226807	0.0000000	0.0000000	0.0179868	0.1697074	0.1201152	0.0000000	0.0000000
7234.9963177	7489.9843030	7489.7632813	0.0000000	0.0000000	0.0165249	0.1697448	0.1212030	0.0000000	0.0000000
7234.9963177	7484.9872274	7484.8038818	0.0000000	0.0000000	0.0156337	0.1702943	0.1201060	0.0000000	0.0000000
7234.9963177	7480.0328375	7479.8981445	0.0000000	0.0000000	0.0155078	0.1692014	0.1202168	0.0000000	0.0000000
7234.9963177	7474.9845391	7474.9977734	0.0000000	0.0000000	0.0143185	0.1675601	0.1207123	0.0000000	0.0000000
7234.9963177	7469.9846178	7469.6519141	0.0000000	0.0000000	0.0125625	0.1688948	0.1213837	0.0000000	0.0000000
7234.9963177	7464.9846965	7464.7515430	0.0000000	0.0000000	0.0112042	0.1699510	0.1203020	0.0000000	0.0000000
7234.9963177	7459.9847751	7459.8511719	0.0000000	0.0000000	0.0125634	0.1694575	0.1207947	0.0000000	0.0000000
7234.9963177	7454.9820081	7454.9508008	0.0000000	0.0000000	0.0121277	0.1691929	0.1204943	0.0000000	0.0000000
7234.9963177	7449.9849325	7449.6049414	0.0000000	0.0000000	0.0119551	0.1697480	0.1199641	0.0000000	0.0000000
7234.9963177	7444.9850112	7444.7045703	0.0000000	0.0000000	0.0119142	0.1708956	0.1197450	0.0000000	0.0000000
7234.9963177	7439.9850899	7439.8041992	0.0000000	0.0000000	0.0119205	0.1720681	0.1190055	0.0000000	0.0000000
7234.9963177	7435.0363915	7434.9618359	0.0000000	0.0000000	0.0111401	0.1713765	0.1187451	0.0000000	0.0000000
7234.9963177	7429.9845495	7429.6792578	0.0000000	0.0000000	0.0114196	0.1722128	0.1178363	0.0000000	0.0000000
7234.9963177	7424.9864714	7424.8368945	0.0000000	0.0000000	0.0121560	0.1717830	0.1192609	0.0000000	0.0000000
7234.9963177	7419.9857133	7419.9945313	0.0000000	0.0000000	0.0106962	0.1720349	0.1192654	0.0000000	0.0000000
7234.9963177	7414.9849553	7414.7119531	0.0000000	0.0000000	0.0087838	0.1717651	0.1176981	0.0000000	0.0000000
7234.9963177	7409.9868772	7409.8695898	0.0000000	0.0000000	0.0094332	0.1716991	0.1176377	0.0000000	0.0000000
7234.9963177	7404.9861191	7404.5870117	0.0000000	0.0000000	0.0091974	0.1712338	0.1171694	0.0000000	0.0000000
7234.9963177	7399.9853611	7399.7446484	0.0000000	0.0000000	0.0095387	0.1702751	0.1159226	0.0000000	0.0000000
7234.9963177	7394.9872830	7394.9126367	0.0000000	0.0000000	0.0099606	0.1707290	0.1149263	0.0000000	0.0000000
7234.9963177	7389.9865249	7389.6921680	0.0000000	0.0000000	0.0105266	0.1708138	0.1146111	0.0000000	0.0000000
7234.9963177	7384.9857669	7384.9067383	0.0000000	0.0000000	0.0114587	0.1704609	0.1133949	0.0000000	0.0000000
7234.9963177	7379.9820701	7379.6862695	0.0000000	0.0000000	0.0110913	0.1702104	0.1125713	0.0000000	0.0000000
7234.9963177	7375.0120172	7374.9008398	0.0000000	0.0000000	0.0109558	0.1716902	0.1116196	0.0000000	0.0000000
7234.9963177	7370.0030344	7369.6803711	0.0000000	0.0000000	0.0111620	0.1734136	0.1098724	0.0000000	0.0000000
7234.9963177	7365.0102724	7364.8949414	0.0000000	0.0000000	0.0117557	0.1731459	0.1091619	0.0000000	0.0000000
7234.9963177	7360.0142662	7359.6744727	0.0000000	0.0000000	0.0161685	0.1713892	0.1096730	0.0000000	0.0000000
7234.9963177	7355.0020392	7354.8890430	0.0000000	0.0000000	0.0202258	0.1705498	0.1094619	0.0000000	0.0000000
7234.9963177	7350.0027889	7349.6991016	0.0000000	0.0000000	0.0223419	0.1713158	0.1082991	0.0000000	0.0000000
7234.9963177	7345.0132710	7344.9696387	0.0000000	0.0000000	0.0167919	0.1728929	0.1049037	0.0000000	0.0000000
7234.9963177	7340.0010440	7339.8102246	0.0000000	0.0000000	0.0157694	0.1727517	0.1045964	0.0000000	0.0000000
7234.9963177	7334.9985496	7334.6508105	0.0000000	0.0000000	0.0225364	0.1713499	0.1051672	0.0000000	0.0000000
7234.9963177	7330.0122759	7329.9213477	0.0000000	0.0000000	0.0280645	0.1714087	0.1042980	0.0000000	0.0000000
7234.9963177	7325.0244790	7324.7619336	0.0000000	0.0000000	0.0290291	0.1714847	0.1047509	0.0000000	0.0000000
7234.9963177	7319.9871765	7319.6025195	0.0000000	0.0000000	0.0244387	0.1726655	0.1044153	0.0000000	0.0000000
7234.9963177	7314.9864987	7314.8730566	0.0000000	0.0000000	0.0327828	0.1733398	0.1047749	0.0000000	0.0000000
7234.9963177	7309.9886382	7309.7136426	0.0000000	0.0000000	0.0342979	0.1721743	0.1040629	0.0000000	0.0000000
7234.9963177	7304.9879604	7304.6092822	0.0000000	0.0000000	0.0347410	0.1714648	0.1043630	0.0000000	0.0000000
7234.9963177	7299.9816481	7299.9348730	0.0000000	0.0000000	0.0382965	0.1718373	0.1046152	0.0000000	0.0000000
7234.9963177	7294.9866048	7294.8355176	0.0000000	0.0000000	0.0418806	0.1731595	0.1048242	0.0000000	0.0000000
7234.9963177	7289.9831097	7289.7361621	0.0000000	0.0000000	0.0429105	0.1725787	0.1046384	0.0000000	0.0000000
7234.9963177	7284.9852492	7284.6368066	0.0000000	0.0000000	0.0450104	0.1726788	0.1057129	0.0000000	0.0000000
7234.9963177	7279.9783810	7279.9623975	0.0000000	0.0000000	0.0448961	0.1736869	0.1056451	0.0000000	0.0000000
7234.9963177	7275.0193960	7274.8630420	0.0000000	0.0000000	0.0462529	0.1731912	0.1054194	0.0000000	0.0000000
7234.9963177	7270.0122966	7269.7636865	0.0000000	0.0000000	0.0517467	0.1734249	0.1067288	0.0000000	0.0000000
7234.9963177	7265.0051971	7264.6888672	0.0000000	0.0000000	0.0544763	0.1714308	0.1061901	0.0000000	0.0000000
7234.9963177	7260.0013053	7259.6483984	0.0000000	0.0000000	0.0570822	0.1705963	0.1076394	0.0000000	0.0000000
7234.9963177	7255.0166593	7254.6079297	0.0000000	0.0000000	0.0584500	0.1723412	0.1055707	0.0000000	0.0000000
7234.9963177	7250.0191827	7249.9875000	0.0000000	0.0000000	0.0706415	0.1728699	0.1019993	0.0000000	0.0000000
7234.9963177	7245.0056680	7244.9470313	0.0000000	0.0000000	0.1096556	0.1726234	0.1002832	0.0000000	0.0000000
7234.9963177	7240.0146067	7239.9065625	0.0000000	0.0000000	0.1545613	0.1724163	0.0991969	0.0000000	0.0000000
7234.9963177	7235.0171302	7234.8660938	0.0000000	0.0000000	0.1841997	0.1726586	0.0997599	0.0000000	0.0000000
7234.9963177	7230.0100308	7229.8256250	0.0000000	0.0000000	0.1602935	0.1719823	0.0995164	0.0000000	0.0000000
7234.9963177	7225.0033850	7224.7851563	0.0000000	0.0000000	0.1081217	0.1714869	0.1014086	0.0000000	0.0000000
7234.9963177	7220.0049369	7219.8026367	0.0000000	0.0000000	0.0871934	0.1718740	0.1030580	0.0000000	0.0000000
7234.9963177	7215.0097495	7214.8201172	0.0000000	0.0000000	0.0762756	0.1710566	0.1050853	0.0000000	0.0000000
7234.9963177	7210.0015197	7209.8375977	0.0000000	0.0000000	0.0795454	0.1721565	0.1068976	0.0000000	0.0000000
7234.9963177	7205.0063322	7204.8550781	0.0000000	0.0000000	0.0864180	0.1731063	0.1053197	0.0000000	0.0000000
7234.9963177	7200.0046236	7199.8725586	0.0000000	0.0000000	0.0786963	0.1731626	0.1053047	0.0000000	0.0000000
7234.9963177	7195.0094361	7194.8900391	0.0000000	0.0000000	0.0787269	0.1731949	0.1062551	0.0000000	0.0000000
7234.9963177	7190.0044669	7189.9075195	0.0000000	0.0000000	0.0867737	0.1722520	0.1063259	0.0000000	0.0000000
7234.9963177	7185.0092794	7184.9250000	0.0000000	0.0000000	0.0857535	0.1724657	0.1066967	0.0000000	0.0000000
7234.9963177	7179.9977891	7179.9804492	0.0000000	0.0000000	0.0719596	0.1726932	0.1055996	0.0000000	0.0000000
7234.9963177	7175.0123833	7174.6444189	0.0000000	0.0000000	0.0736010	0.1726237	0.1054431	0.0000000	0.0000000
7234.9963177	7170.0041536	7169.7188525	0.0000000	0.0000000	0.0707445	0.1719266	0.1035786	0.0000000	0.0000000
7234.9963177	7165.0270176	7164.7932861	0.0000000	0.0000000	0.0531433	0.1730365	0.1003492	0.0000000	0.0000000
7234.9963177	7160.0281100	7159.8677197	0.0000000	0.0000000	0.0448606	0.1745493	0.1001572	0.0000000	0.0000000
7234.9963177	7155.0231870	7154.9421533	0.0000000	0.0000000	0.0504974	0.1741984	0.1006951	0.0000000	0.0000000
7234.9963177	7150.0333028	7149.6061230	0.0000000	0.0000000	0.0579219	0.1732177	0.1017906	0.0000000	0.0000000
7234.9963177	7145.0283797	7144.6805566	0.0000000	0.0000000	0.0515265	0.1732236	0.1015640	0.0000000	0.0000000
7234.9963177	7140.0234567	7139.7829688	0.0000000	0.0000000	0.0390519	0.1728903	0.1012786	0.0000000	0.0000000
7234.9963177	7135.0245491	7134.9133594	0.0000000	0.0000000	0.0404475	0.1730284	0.1031553	0.0000000	0.0000000
7234.9963177	7129.9865407	7129.6379492	0.0000000	0.0000000	0.0507600	0.1725900	0.1033108	0.0000000	0.0000000
7234.9963177	7125.0267341	7124.7683398	0.0000000	0.0000000	0.0462570	0.1721251	0.1018937	0.0000000	0.0000000
7234.9963177	7120.0248188	7119.8987305	0.0000000	0.0000000	0.0352804	0.1720129	0.0999355	0.0000000	0.0000000
7234.9963177	7114.9843181	7114.6233203	0.0000000	0.0000000	0.0368252	0.1729393	0.0993170	0.0000000	0.0000000
7234.9963177	7109.9857704	7109.7537109	0.0000000	0.0000000	0.0376055	0.1740925	0.0991290	0.0000000	0.0000000
7234.9963177	7104.9837419	7104.8841016	0.0000000	0.0000000	0.0346178	0.1739252	0.0989972	0.0000000	0.0000000
7234.9963177	7099.9817134	7099.6316406	0.0000000	0.0000000	0.0353717	0.1733291	0.0994874	0.0000000	0.0000000
7234.9963177	7094.9796850	7094.8171094	0.0000000	0.0000000	0.0280964	0.1729940	0.1008087	0.0000000	0.0000000
7234.9963177	7089.9846182	7089.6013672	0.0000000	0.0000000	0.0289208	0.1731746	0.1023992	0.0000000	0.0000000
7234.9963177	7084.9860706	7084.7868359	0.0000000	0.0000000	0.0237803	0.1729586	0.1023540	0.0000000	0.0000000
7234.9963177	7079.9875230	7079.9723047	0.0000000	0.0000000	0.0172601	0.1728679	0.0982194	0.0000000	0.0000000
7234.9963177	7074.9889754	7074.7565625	0.0000000	0.0000000	0.0114655	0.1728428	0.0972286	0.0000000	0.0000000
7234.9963177	7069.9869469	7069.9420313	0.0000000	0.0000000	0.0086243	0.1729347	0.0978010	0.0000000	0.0000000
7234.9963177	7064.9953610	7064.7262891	0.0000000	0.0000000	0.0081091	0.1717144	0.0977030	0.0000000	0.0000000
7234.9963177	7059.9863559	7059.9297656	0.0000000	0.0000000	0.0088715	0.1735002	0.0965161	0.0000000	0.0000000
7234.9963177	7054.9841606	7054.7725488	0.0000000	0.0000000	0.0104529	0.1734039	0.0977742	0.0000000	0.0000000
7234.9963177	7049.9858703	7049.6153320	0.0000000	0.0000000	0.0116156	0.1723523	0.0971794	0.0000000	0.0000000
7234.9963177	7044.9836750	7044.8548242	0.0000000	0.0000000	0.0111379	0.1723940	0.0959489	0.0000000	0.0000000
7234.9963177	7039.9814797	7039.6976074	0.0000000	0.0000000	0.0126860	0.1724758	0.0966458	0.0000000	0.0000000
7234.9963177	7034.9831894	7034.9370996	0.0000000	0.0000000	0.0137048	0.1722625	0.0982393	0.0000000	0.0000000
7234.9963177	7029.9809941	7029.7798828	0.0000000	0.0000000	0.0148794	0.1724271	0.0986235	0.0000000	0.0000000
7234.9963177	7024.9827038	7024.6226660	0.0000000	0.0000000	0.0150267	0.1721072	0.0987177	0.0000000	0.0000000
7234.9963177	7019.9805085	7019.8843262	0.0000000	0.0000000	0.0152906	0.1728883	0.0989200	0.0000000	0.0000000
7234.9963177	7014.9822181	7014.7847461	0.0000000	0.0000000	0.0152714	0.1736243	0.0977539	0.0000000	0.0000000
7234.9963177	7009.9839278	7009.6851660	0.0000000	0.0000000	0.0157697	0.1734296	0.0970093	0.0000000	0.0000000
7234.9963177	7004.9817325	7004.9778613	0.0000000	0.0000000	0.0127570	0.1737136	0.0977084	0.0000000	0.0000000
