7289.9917486	7599.9977245	7599.5502051	0.0000000	0.0000000	0.0180155	0.1906718	0.1231917	0.0000000	7290.0000000
7289.9917486	7594.9867234	7594.9313574	0.0000000	0.0000000	0.0195696	0.1906276	0.1214117	0.0000000	0.0000000
7289.9917486	7589.9849267	7589.8506250	0.0000000	0.0000000	0.0222151	0.1916779	0.1220129	0.0000000	0.0000000
7289.9917486	7584.9923107	7584.7698926	0.0000000	0.0000000	0.0196296	0.1910497	0.1221978	0.0000000	0.0000000
7289.9917486	7579.9895004	7579.6891602	0.0000000	0.0000000	0.0188715	0.1903379	0.1224022	0.0000000	0.0000000
7289.9917486	7574.9866901	7574.6139941	0.0000000	0.0000000	0.0217631	0.1902767	0.1234250	0.0000000	0.0000000
7289.9917486	7569.9889770	7569.5944922	0.0000000	0.0000000	0.0187828	0.1895096	0.1227422	0.0000000	0.0000000
7289.9917486	7564.9861667	7564.5749902	0.0000000	0.0000000	0.0190399	0.1906659	0.1222020	0.0000000	0.0000000
7289.9917486	7559.9859050	7559.5554883	0.0000000	0.0000000	0.0224683	0.1913563	0.1230938	0.0000000	0.0000000
7289.9917486	7554.9856433	7554.9923047	0.0000000	0.0000000	0.0199568	0.1912572	0.1222926	0.0000000	0.0000000
7289.9917486	7549.9853816	7549.9728027	0.0000000	0.0000000	0.0193320	0.1913379	0.1221406	0.0000000	0.0000000
7289.9917486	7544.9851198	7544.9533008	0.0000000	0.0000000	0.0219554	0.1903995	0.1225066	0.0000000	0.0000000
7289.9917486	7539.9843974	7539.9337988	0.0000000	0.0000000	0.0199460	0.1905225	0.1220504	0.0000000	0.0000000
7289.9917486	7534.9866347	7534.9142969	0.0000000	0.0000000	0.0205054	0.1919197	0.1219718	0.0000000	0.0000000
7289.9917486	7529.9830707	7529.8947949	0.0000000	0.0000000	0.0235393	0.1904634	0.1224880	0.0000000	0.0000000
7289.9917486	7525.0317179	7524.9299316	0.0000000	0.0000000	0.0217120	0.1899155	0.1228466	0.0000000	0.0000000
7289.9917486	7520.0368557	7519.9705322	0.0000000	0.0000000	0.0219779	0.1900403	0.1226708	0.0000000	0.0000000
7289.9917486	7515.0332918	7514.5602783	0.0000000	0.0000000	0.0202174	0.1903650	0.1216892	0.0000000	0.0000000
7289.9917486	7509.9833179	7509.6008789	0.0000000	0.0000000	0.0226846	0.1897451	0.1224730	0.0000000	0.0000000
7289.9917486	7504.9855552	7504.6414795	0.0000000	0.0000000	0.0224255	0.1901715	0.1222207	0.0000000	0.0000000
7289.9917486	7499.9848918	7499.6820801	0.0000000	0.0000000	0.0237639	0.1897909	0.1216412	0.0000000	0.0000000
7289.9917486	7495.0306383	7494.7226807	0.0000000	0.0000000	0.0238315	0.1907303	0.1213224	0.0000000	0.0000000
7289.9917486	7489.9843030	7489.7632813	0.0000000	0.0000000	0.0221522	0.1909214	0.1203721	0.0000000	0.0000000
7289.9917486	7485.0356045	7484.8038818	0.0000000	0.0000000	0.0254354	0.1913600	0.1211827	0.0000000	0.0000000
7289.9917486	7479.9844604	7479.8981445	0.0000000	0.0000000	0.0304329	0.1905229	0.1225005	0.0000000	0.0000000
7289.9917486	7474.9845391	7474.9977734	0.0000000	0.0000000	0.0243324	0.1912632	0.1226384	0.0000000	0.0000000
7289.9917486	7469.9846178	7469.6519141	0.0000000	0.0000000	0.0275356	0.1916312	0.1234218	0.0000000	0.0000000
7289.9917486	7464.9875422	7464.7515430	0.0000000	0.0000000	0.0246985	0.1897684	0.1222917	0.0000000	0.0000000
7289.9917486	7459.9847751	7459.8511719	0.0000000	0.0000000	0.0275610	0.1906448	0.1241355	0.0000000	0.0000000
7289.9917486	7454.9820081	7454.9508008	0.0000000	0.0000000	0.0250511	0.1905293	0.1247131	0.0000000	0.0000000
7289.9917486	7449.9849325	7449.6049414	0.0000000	0.0000000	0.0221781	0.1902825	0.1211440	0.0000000	0.0000000
7289.9917486	7444.9850112	7444.7045703	0.0000000	0.0000000	0.0214530	0.1911259	0.1198478	0.0000000	0.0000000
7289.9917486	7439.9850899	7439.8041992	0.0000000	0.0000000	0.0225593	0.1909724	0.1199624	0.0000000	0.0000000
7289.9917486	7434.9823229	7434.9618359	0.0000000	0.0000000	0.0212578	0.1905594	0.1188170	0.0000000	0.0000000
7289.9917486	7429.9845495	7429.6792578	0.0000000	0.0000000	0.0212036	0.1910083	0.1182090	0.0000000	0.0000000
7289.9917486	7424.9864714	7424.8368945	0.0000000	0.0000000	0.0209548	0.1898759	0.1181792	0.0000000	0.0000000
7289.9917486	7419.9857133	7419.9945313	0.0000000	0.0000000	0.0203407	0.1907882	0.1177271	0.0000000	0.0000000
7289.9917486	7414.9849553	7414.7119531	0.0000000	0.0000000	0.0245868	0.1904829	0.1201387	0.0000000	0.0000000
7289.9917486	7409.9868772	7409.8695898	0.0000000	0.0000000	0.0217845	0.1905035	0.1191023	0.0000000	0.0000000
7289.9917486	7404.9861191	7404.5870117	0.0000000	0.0000000	0.0189270	0.1904840	0.1182589	0.0000000	0.0000000
7289.9917486	7399.9880410	7399.7446484	0.0000000	0.0000000	0.0211685	0.1900524	0.1188861	0.0000000	0.0000000
7289.9917486	7394.9872830	7394.9126367	0.0000000	0.0000000	0.0204458	0.1902721	0.1182281	0.0000000	0.0000000
7289.9917486	7389.9838450	7389.6921680	0.0000000	0.0000000	0.0215343	0.1899469	0.1160623	0.0000000	0.0000000
7289.9917486	7384.9857669	7384.9067383	0.0000000	0.0000000	0.0227328	0.1894635	0.1153365	0.0000000	0.0000000
7289.9917486	7379.9820701	7379.6862695	0.0000000	0.0000000	0.0250757	0.1907539	0.1143374	0.0000000	0.0000000
7289.9917486	7375.0022847	7374.9008398	0.0000000	0.0000000	0.0238969	0.1911805	0.1127468	0.0000000	0.0000000
7289.9917486	7370.0095227	7369.6803711	0.0000000	0.0000000	0.0289868	0.1893494	0.1135529	0.0000000	0.0000000
7289.9917486	7365.0005399	7364.8949414	0.0000000	0.0000000	0.0307880	0.1898076	0.1132339	0.0000000	0.0000000
7289.9917486	7360.0207545	7359.6744727	0.0000000	0.0000000	0.0328339	0.1896503	0.1121270	0.0000000	0.0000000
7289.9917486	7355.0117717	7354.8890430	0.0000000	0.0000000	0.0362653	0.1901160	0.1123971	0.0000000	0.0000000
7289.9917486	7349.9995447	7349.6991016	0.0000000	0.0000000	0.0398058	0.1902520	0.1108983	0.0000000	0.0000000
7289.9917486	7345.0100269	7344.9696387	0.0000000	0.0000000	0.0355271	0.1891959	0.1095188	0.0000000	0.0000000
7289.9917486	7340.0075324	7339.8102246	0.0000000	0.0000000	0.0320632	0.1885385	0.1081633	0.0000000	0.0000000
7289.9917486	7335.0050379	7334.6508105	0.0000000	0.0000000	0.0338187	0.1901986	0.1070948	0.0000000	0.0000000
7289.9917486	7330.0057875	7329.9213477	0.0000000	0.0000000	0.0431788	0.1898120	0.1054495	0.0000000	0.0000000
7289.9917486	7325.0244790	7324.7619336	0.0000000	0.0000000	0.0418014	0.1895176	0.1041737	0.0000000	0.0000000
7289.9917486	7319.9843593	7319.6025195	0.0000000	0.0000000	0.0430354	0.1898805	0.1052034	0.0000000	0.0000000
7289.9917486	7314.9864987	7314.8730566	0.0000000	0.0000000	0.0534594	0.1903275	0.1060010	0.0000000	0.0000000
7289.9917486	7309.9858209	7309.7136426	0.0000000	0.0000000	0.0543835	0.1896682	0.1064921	0.0000000	0.0000000
7289.9917486	7304.9879604	7304.6092822	0.0000000	0.0000000	0.0707498	0.1909493	0.1063287	0.0000000	0.0000000
7289.9917486	7299.9844653	7299.9348730	0.0000000	0.0000000	0.1198523	0.1896025	0.1065393	0.0000000	0.0000000
7289.9917486	7294.9837875	7294.8355176	0.0000000	0.0000000	0.1966837	0.1900203	0.1080146	0.0000000	0.0000000
7289.9917486	7289.9859270	7289.7361621	0.0000000	0.0000000	0.2219231	0.1898223	0.1075342	0.0000000	0.0000000
7289.9917486	7284.9852492	7284.6368066	0.0000000	0.0000000	0.1952988	0.1891877	0.1079135	0.0000000	0.0000000
7289.9917486	7279.9815887	7279.9623975	0.0000000	0.0000000	0.1288545	0.1898962	0.1072378	0.0000000	0.0000000
7289.9917486	7275.0161883	7274.8630420	0.0000000	0.0000000	0.0808749	0.1893584	0.1072633	0.0000000	0.0000000
7289.9917486	7270.0058813	7269.7636865	0.0000000	0.0000000	0.0508497	0.1898109	0.1061932	0.0000000	0.0000000
7289.9917486	7265.0019895	7264.6888672	0.0000000	0.0000000	0.0477670	0.1906348	0.1065562	0.0000000	0.0000000
7289.9917486	7260.0045130	7259.6483984	0.0000000	0.0000000	0.0443074	0.1909297	0.1051174	0.0000000	0.0000000
7289.9917486	7255.0070364	7254.6079297	0.0000000	0.0000000	0.0528071	0.1907798	0.1062247	0.0000000	0.0000000
7289.9917486	7250.0127675	7249.9875000	0.0000000	0.0000000	0.0467445	0.1902036	0.1049126	0.0000000	0.0000000
7289.9917486	7245.0120833	7244.9470313	0.0000000	0.0000000	0.0483955	0.1893904	0.1049419	0.0000000	0.0000000
7289.9917486	7240.0146067	7239.9065625	0.0000000	0.0000000	0.0424663	0.1886797	0.1028425	0.0000000	0.0000000
7289.9917486	7235.0107149	7234.8660938	0.0000000	0.0000000	0.0424313	0.1887429	0.1023654	0.0000000	0.0000000
7289.9917486	7230.0068231	7229.8256250	0.0000000	0.0000000	0.0407706	0.1903163	0.1007235	0.0000000	0.0000000
7289.9917486	7224.9968639	7224.7851563	0.0000000	0.0000000	0.0367838	0.1900667	0.0997041	0.0000000	0.0000000
7289.9917486	7220.0049369	7219.8026367	0.0000000	0.0000000	0.0495197	0.1910951	0.1019231	0.0000000	0.0000000
7289.9917486	7215.0032283	7214.8201172	0.0000000	0.0000000	0.0567239	0.1905912	0.1034434	0.0000000	0.0000000
7289.9917486	7210.0145620	7209.8375977	0.0000000	0.0000000	0.0643669	0.1896580	0.1062908	0.0000000	0.0000000
7289.9917486	7205.0128534	7204.8550781	0.0000000	0.0000000	0.0700729	0.1896013	0.1073635	0.0000000	0.0000000
7289.9917486	7200.0013630	7199.8725586	0.0000000	0.0000000	0.0656884	0.1885382	0.1082867	0.0000000	0.0000000
7289.9917486	7195.0061755	7194.8900391	0.0000000	0.0000000	0.0662726	0.1891849	0.1090498	0.0000000	0.0000000
7289.9917486	7190.0044669	7189.9075195	0.0000000	0.0000000	0.0741011	0.1885059	0.1106625	0.0000000	0.0000000
7289.9917486	7185.0190611	7184.9250000	0.0000000	0.0000000	0.0679683	0.1878301	0.1087947	0.0000000	0.0000000
7289.9917486	7180.0075708	7179.9804492	0.0000000	0.0000000	0.0556057	0.1886368	0.1084498	0.0000000	0.0000000
7289.9917486	7175.0058622	7174.6444189	0.0000000	0.0000000	0.0542100	0.1899750	0.1069558	0.0000000	0.0000000
7289.9917486	7170.0074141	7169.7188525	0.0000000	0.0000000	0.0509733	0.1905903	0.1041390	0.0000000	0.0000000
7289.9917486	7165.0300253	7164.7932861	0.0000000	0.0000000	0.0392666	0.1894598	0.1035854	0.0000000	0.0000000
7289.9917486	7160.0251023	7159.8677197	0.0000000	0.0000000	0.0328353	0.1905295	0.1036207	0.0000000	0.0000000
7289.9917486	7155.0292025	7154.9421533	0.0000000	0.0000000	0.0365300	0.1909030	0.1049083	0.0000000	0.0000000
7289.9917486	7149.9881863	7149.6061230	0.0000000	0.0000000	0.0403203	0.1899197	0.1057921	0.0000000	0.0000000
7289.9917486	7145.0283797	7144.6805566	0.0000000	0.0000000	0.0316313	0.1894004	0.1038278	0.0000000	0.0000000
7289.9917486	7140.0204489	7139.7829688	0.0000000	0.0000000	0.0228926	0.1885688	0.1030792	0.0000000	0.0000000
7289.9917486	7135.0245491	7134.9133594	0.0000000	0.0000000	0.0230143	0.1894680	0.1041694	0.0000000	0.0000000
7289.9917486	7130.0256416	7129.6379492	0.0000000	0.0000000	0.0289224	0.1883179	0.1060358	0.0000000	0.0000000
7289.9917486	7125.0267341	7124.7683398	0.0000000	0.0000000	0.0257213	0.1891528	0.1032555	0.0000000	0.0000000
7289.9917486	7120.0218110	7119.8987305	0.0000000	0.0000000	0.0179279	0.1889861	0.1010142	0.0000000	0.0000000
7289.9917486	7114.9912798	7114.6233203	0.0000000	0.0000000	0.0190232	0.1890599	0.1002815	0.0000000	0.0000000
7289.9917486	7109.9822896	7109.7537109	0.0000000	0.0000000	0.0222885	0.1898374	0.1012798	0.0000000	0.0000000
7289.9917486	7104.9802611	7104.8841016	0.0000000	0.0000000	0.0185980	0.1885194	0.1013417	0.0000000	0.0000000
7289.9917486	7099.9851943	7099.6316406	0.0000000	0.0000000	0.0185536	0.1897842	0.1019810	0.0000000	0.0000000
7289.9917486	7094.9831658	7094.8171094	0.0000000	0.0000000	0.0138831	0.1891295	0.1026538	0.0000000	0.0000000
7289.9917486	7089.9846182	7089.6013672	0.0000000	0.0000000	0.0128115	0.1884990	0.1037668	0.0000000	0.0000000
7289.9917486	7084.9860706	7084.7868359	0.0000000	0.0000000	0.0101057	0.1884108	0.1035300	0.0000000	0.0000000
7289.9917486	7079.9875230	7079.9723047	0.0000000	0.0000000	0.0068402	0.1887145	0.1011396	0.0000000	0.0000000
7289.9917486	7074.9889754	7074.7565625	0.0000000	0.0000000	0.0045946	0.1879871	0.0999280	0.0000000	0.0000000
7289.9917486	7069.9869469	7069.9420313	0.0000000	0.0000000	0.0029939	0.1889723	0.0995677	0.0000000	0.0000000
7289.9917486	7064.9883993	7064.7262891	0.0000000	0.0000000	0.0032072	0.1900343	0.0977118	0.0000000	0.0000000
7289.9917486	7059.9824510	7059.9297656	0.0000000	0.0000000	0.0035286	0.1905529	0.0968842	0.0000000	0.0000000
7289.9917486	7054.9841606	7054.7725488	0.0000000	0.0000000	0.0040350	0.1898301	0.0980496	0.0000000	0.0000000
7289.9917486	7049.9819654	7049.6153320	0.0000000	0.0000000	0.0044894	0.1884982	0.1003724	0.0000000	0.0000000
7289.9917486	7044.9836750	7044.8548242	0.0000000	0.0000000	0.0036825	0.1892627	0.0989950	0.0000000	0.0000000
7289.9917486	7039.9814797	7039.6976074	0.0000000	0.0000000	0.0040200	0.1887185	0.0988228	0.0000000	0.0000000
7289.9917486	7034.9831894	7034.9370996	0.0000000	0.0000000	0.0044142	0.1880214	0.0993514	0.0000000	0.0000000
7289.9917486	7029.9809941	7029.7798828	0.0000000	0.0000000	0.0053317	0.1880950	0.0997351	0.0000000	0.0000000
7289.9917486	7024.9827038	7024.6226660	0.0000000	0.0000000	0.0054810	0.1882736	0.0983353	0.0000000	0.0000000
7289.9917486	7019.9805085	7019.8843262	0.0000000	0.0000000	0.0047969	0.1892174	0.0991320	0.0000000	0.0000000
7289.9917486	7014.9861230	7014.7847461	0.0000000	0.0000000	0.0047445	0.1897551	0.0988754	0.0000000	0.0000000
7289.9917486	7009.9878327	7009.6851660	0.0000000	0.0000000	0.0047449	0.1892866	0.0986932	0.0000000	0.0000000
7289.9917486	7004.9817325	7004.9778613	0.0000000	0.0000000	0.0035057	0.1888977	0.0975564	0.0000000	0.0000000
