7019.9946449	7599.9977245	7599.5502051	0.0000000	0.0000000	0.0200758	0.1530382	0.1218610	0.0000000	7020.0000000
7019.9946449	7594.9892152	7594.9313574	0.0000000	0.0000000	0.0213579	0.1521047	0.1214570	0.0000000	0.0000000
7019.9946449	7589.9849267	7589.8506250	0.0000000	0.0000000	0.0179591	0.1532109	0.1205750	0.0000000	0.0000000
7019.9946449	7584.9897621	7584.7698926	0.0000000	0.0000000	0.0194056	0.1525806	0.1206415	0.0000000	0.0000000
7019.9946449	7579.9895004	7579.6891602	0.0000000	0.0000000	0.0208092	0.1541235	0.1219272	0.0000000	0.0000000
7019.9946449	7574.9866901	7574.6139941	0.0000000	0.0000000	0.0182411	0.1547061	0.1213124	0.0000000	0.0000000
7019.9946449	7569.9889770	7569.5944922	0.0000000	0.0000000	0.0165271	0.1540438	0.1203262	0.0000000	0.0000000
7019.9946449	7564.9887153	7564.5749902	0.0000000	0.0000000	0.0208580	0.1544590	0.1220024	0.0000000	0.0000000
7019.9946449	7559.9884535	7559.5554883	0.0000000	0.0000000	0.0170817	0.1534095	0.1215498	0.0000000	0.0000000
7019.9946449	7554.9856433	7554.9923047	0.0000000	0.0000000	0.0201913	0.1517527	0.1233544	0.0000000	0.0000000
7019.9946449	7549.9853816	7549.9728027	0.0000000	0.0000000	0.0208386	0.1529467	0.1226288	0.0000000	0.0000000
7019.9946449	7544.9851198	7544.9533008	0.0000000	0.0000000	0.0188180	0.1538130	0.1232344	0.0000000	0.0000000
7019.9946449	7539.9872981	7539.9337988	0.0000000	0.0000000	0.0195718	0.1551459	0.1233599	0.0000000	0.0000000
7019.9946449	7534.9837341	7534.9142969	0.0000000	0.0000000	0.0182971	0.1548624	0.1231024	0.0000000	0.0000000
7019.9946449	7529.9830707	7529.8947949	0.0000000	0.0000000	0.0222637	0.1526218	0.1224845	0.0000000	0.0000000
7019.9946449	7525.0288172	7524.9299316	0.0000000	0.0000000	0.0195070	0.1531353	0.1214186	0.0000000	0.0000000
7019.9946449	7519.9875452	7519.9705322	0.0000000	0.0000000	0.0203745	0.1521226	0.1237356	0.0000000	0.0000000
7019.9946449	7514.9839813	7514.5602783	0.0000000	0.0000000	0.0191797	0.1512759	0.1227094	0.0000000	0.0000000
7019.9946449	7510.0268272	7509.6008789	0.0000000	0.0000000	0.0199575	0.1527676	0.1235889	0.0000000	0.0000000
7019.9946449	7505.0290644	7504.6414795	0.0000000	0.0000000	0.0215836	0.1525544	0.1221249	0.0000000	0.0000000
7019.9946449	7500.0342023	7499.6820801	0.0000000	0.0000000	0.0181715	0.1523008	0.1221431	0.0000000	0.0000000
7019.9946449	7495.0306383	7494.7226807	0.0000000	0.0000000	0.0181107	0.1533845	0.1214830	0.0000000	0.0000000
7019.9946449	7490.0269887	7489.7632813	0.0000000	0.0000000	0.0186185	0.1532335	0.1229814	0.0000000	0.0000000
7019.9946449	7484.9872274	7484.8038818	0.0000000	0.0000000	0.0177507	0.1537428	0.1240597	0.0000000	0.0000000
7019.9946449	7479.9844604	7479.8981445	0.0000000	0.0000000	0.0179501	0.1529926	0.1229983	0.0000000	0.0000000
7019.9946449	7474.9845391	7474.9977734	0.0000000	0.0000000	0.0170944	0.1527433	0.1213553	0.0000000	0.0000000
7019.9946449	7469.9846178	7469.6519141	0.0000000	0.0000000	0.0159187	0.1514987	0.1220459	0.0000000	0.0000000
7019.9946449	7464.9846965	7464.7515430	0.0000000	0.0000000	0.0131563	0.1525260	0.1210201	0.0000000	0.0000000
7019.9946449	7459.9847751	7459.8511719	0.0000000	0.0000000	0.0132327	0.1515479	0.1213881	0.0000000	0.0000000
7019.9946449	7454.9820081	7454.9508008	0.0000000	0.0000000	0.0119542	0.1528389	0.1228948	0.0000000	0.0000000
7019.9946449	7449.9906240	7449.6049414	0.0000000	0.0000000	0.0148135	0.1520040	0.1212844	0.0000000	0.0000000
7019.9946449	7444.9878570	7444.7045703	0.0000000	0.0000000	0.0138616	0.1524813	0.1208545	0.0000000	0.0000000
7019.9946449	7439.9850899	7439.8041992	0.0000000	0.0000000	0.0136360	0.1535583	0.1233983	0.0000000	0.0000000
7019.9946449	7434.9851686	7434.9618359	0.0000000	0.0000000	0.0132511	0.1536919	0.1239121	0.0000000	0.0000000
7019.9946449	7429.9872294	7429.6792578	0.0000000	0.0000000	0.0093320	0.1537988	0.1203740	0.0000000	0.0000000
7019.9946449	7424.9864714	7424.8368945	0.0000000	0.0000000	0.0084871	0.1539078	0.1181426	0.0000000	0.0000000
7019.9946449	7419.9857133	7419.9945313	0.0000000	0.0000000	0.0072198	0.1550177	0.1178307	0.0000000	0.0000000
7019.9946449	7414.9849553	7414.7119531	0.0000000	0.0000000	0.0065702	0.1550313	0.1172681	0.0000000	0.0000000
7019.9946449	7409.9868772	7409.8695898	0.0000000	0.0000000	0.0073417	0.1542986	0.1173241	0.0000000	0.0000000
7019.9946449	7404.9861191	7404.5870117	0.0000000	0.0000000	0.0075365	0.1547723	0.1163176	0.0000000	0.0000000
7019.9946449	7399.9907209	7399.7446484	0.0000000	0.0000000	0.0078102	0.1537455	0.1158884	0.0000000	0.0000000
7019.9946449	7394.9872830	7394.9126367	0.0000000	0.0000000	0.0071134	0.1545220	0.1163416	0.0000000	0.0000000
7019.9946449	7389.9865249	7389.6921680	0.0000000	0.0000000	0.0080923	0.1524327	0.1180594	0.0000000	0.0000000
7019.9946449	7384.9884468	7384.9067383	0.0000000	0.0000000	0.0084299	0.1512164	0.1181140	0.0000000	0.0000000
7019.9946449	7379.9820701	7379.6862695	0.0000000	0.0000000	0.0085249	0.1509614	0.1162412	0.0000000	0.0000000
7019.9946449	7375.0055289	7374.9008398	0.0000000	0.0000000	0.0081586	0.1511027	0.1131422	0.0000000	0.0000000
7019.9946449	7370.0095227	7369.6803711	0.0000000	0.0000000	0.0076632	0.1519667	0.1119773	0.0000000	0.0000000
7019.9946449	7365.0005399	7364.8949414	0.0000000	0.0000000	0.0102668	0.1521503	0.1132496	0.0000000	0.0000000
7019.9946449	7360.0012895	7359.6744727	0.0000000	0.0000000	0.0088270	0.1526576	0.1098303	0.0000000	0.0000000
7019.9946449	7355.0150158	7354.8890430	0.0000000	0.0000000	0.0085964	0.1543313	0.1090082	0.0000000	0.0000000
7019.9946449	7350.0027889	7349.6991016	0.0000000	0.0000000	0.0089659	0.1541724	0.1072277	0.0000000	0.0000000
7019.9946449	7345.0067827	7344.9696387	0.0000000	0.0000000	0.0077844	0.1547163	0.1057153	0.0000000	0.0000000
7019.9946449	7340.0042882	7339.8102246	0.0000000	0.0000000	0.0078458	0.1545831	0.1058013	0.0000000	0.0000000
7019.9946449	7335.0180145	7334.6508105	0.0000000	0.0000000	0.0087621	0.1538679	0.1062327	0.0000000	0.0000000
7019.9946449	7330.0122759	7329.9213477	0.0000000	0.0000000	0.0099230	0.1537023	0.1060946	0.0000000	0.0000000
7019.9946449	7325.0301136	7324.7619336	0.0000000	0.0000000	0.0096158	0.1542297	0.1052208	0.0000000	0.0000000
7019.9946449	7319.9843593	7319.6025195	0.0000000	0.0000000	0.0081975	0.1539188	0.1040759	0.0000000	0.0000000
7019.9946449	7314.9864987	7314.8730566	0.0000000	0.0000000	0.0095219	0.1538600	0.1041331	0.0000000	0.0000000
7019.9946449	7309.9858209	7309.7136426	0.0000000	0.0000000	0.0096227	0.1543916	0.1046759	0.0000000	0.0000000
7019.9946449	7304.9879604	7304.6092822	0.0000000	0.0000000	0.0081591	0.1551361	0.1045420	0.0000000	0.0000000
7019.9946449	7299.9844653	7299.9348730	0.0000000	0.0000000	0.0090367	0.1546208	0.1041063	0.0000000	0.0000000
7019.9946449	7294.9866048	7294.8355176	0.0000000	0.0000000	0.0104972	0.1537548	0.1047432	0.0000000	0.0000000
7019.9946449	7289.9859270	7289.7361621	0.0000000	0.0000000	0.0143091	0.1533824	0.1063025	0.0000000	0.0000000
7019.9946449	7284.9852492	7284.6368066	0.0000000	0.0000000	0.0167333	0.1513656	0.1077620	0.0000000	0.0000000
7019.9946449	7279.9815887	7279.9623975	0.0000000	0.0000000	0.0181783	0.1517671	0.1074877	0.0000000	0.0000000
7019.9946449	7275.0033579	7274.8630420	0.0000000	0.0000000	0.0192336	0.1523168	0.1074751	0.0000000	0.0000000
7019.9946449	7270.0090889	7269.7636865	0.0000000	0.0000000	0.0151543	0.1530000	0.1068553	0.0000000	0.0000000
7019.9946449	7265.0116124	7264.6888672	0.0000000	0.0000000	0.0161282	0.1531509	0.1062676	0.0000000	0.0000000
7019.9946449	7260.0173434	7259.6483984	0.0000000	0.0000000	0.0145776	0.1528751	0.1041101	0.0000000	0.0000000
7019.9946449	7255.0134516	7254.6079297	0.0000000	0.0000000	0.0179862	0.1524818	0.1043057	0.0000000	0.0000000
7019.9946449	7250.0095598	7249.9875000	0.0000000	0.0000000	0.0189663	0.1522817	0.1030178	0.0000000	0.0000000
7019.9946449	7245.0120833	7244.9470313	0.0000000	0.0000000	0.0198347	0.1539816	0.1021509	0.0000000	0.0000000
7019.9946449	7240.0049839	7239.9065625	0.0000000	0.0000000	0.0126490	0.1544459	0.0998795	0.0000000	0.0000000
7019.9946449	7235.0042997	7234.8660938	0.0000000	0.0000000	0.0143204	0.1561616	0.0984939	0.0000000	0.0000000
7019.9946449	7230.0164460	7229.8256250	0.0000000	0.0000000	0.0189846	0.1538398	0.0991602	0.0000000	0.0000000
7019.9946449	7225.0066456	7224.7851563	0.0000000	0.0000000	0.0256063	0.1525500	0.1016965	0.0000000	0.0000000
7019.9946449	7220.0114581	7219.8026367	0.0000000	0.0000000	0.0295308	0.1529861	0.1026826	0.0000000	0.0000000
7019.9946449	7215.0097495	7214.8201172	0.0000000	0.0000000	0.0282526	0.1556975	0.1030508	0.0000000	0.0000000
7019.9946449	7210.0047803	7209.8375977	0.0000000	0.0000000	0.0350336	0.1563070	0.1026055	0.0000000	0.0000000
7019.9946449	7205.0095928	7204.8550781	0.0000000	0.0000000	0.0474138	0.1548694	0.1042712	0.0000000	0.0000000
7019.9946449	7200.0078842	7199.8725586	0.0000000	0.0000000	0.0515477	0.1536958	0.1064004	0.0000000	0.0000000
7019.9946449	7195.0029150	7194.8900391	0.0000000	0.0000000	0.0621864	0.1541276	0.1078118	0.0000000	0.0000000
7019.9946449	7190.0109881	7189.9075195	0.0000000	0.0000000	0.0659214	0.1552876	0.1062195	0.0000000	0.0000000
7019.9946449	7185.0092794	7184.9250000	0.0000000	0.0000000	0.0717233	0.1537711	0.1062563	0.0000000	0.0000000
7019.9946449	7180.0010497	7179.9804492	0.0000000	0.0000000	0.0596938	0.1534530	0.1043011	0.0000000	0.0000000
7019.9946449	7175.0091228	7174.6444189	0.0000000	0.0000000	0.0684645	0.1537894	0.1040310	0.0000000	0.0000000
7019.9946449	7170.0008930	7169.7188525	0.0000000	0.0000000	0.0684069	0.1543611	0.1008831	0.0000000	0.0000000
7019.9946449	7165.0360409	7164.7932861	0.0000000	0.0000000	0.0693555	0.1540668	0.1030178	0.0000000	0.0000000
7019.9946449	7160.0220945	7159.8677197	0.0000000	0.0000000	0.0647064	0.1550558	0.1032336	0.0000000	0.0000000
7019.9946449	7155.0231870	7154.9421533	0.0000000	0.0000000	0.0720145	0.1556238	0.1023904	0.0000000	0.0000000
7019.9946449	7150.0212717	7149.6061230	0.0000000	0.0000000	0.0904027	0.1551619	0.1035516	0.0000000	0.0000000
7019.9946449	7145.0223642	7144.6805566	0.0000000	0.0000000	0.0819788	0.1556912	0.1014406	0.0000000	0.0000000
7019.9946449	7140.0264644	7139.7829688	0.0000000	0.0000000	0.0711509	0.1554597	0.0995415	0.0000000	0.0000000
7019.9946449	7135.0185336	7134.9133594	0.0000000	0.0000000	0.0726908	0.1559919	0.1010687	0.0000000	0.0000000
7019.9946449	7130.0256416	7129.6379492	0.0000000	0.0000000	0.0943114	0.1555610	0.1020330	0.0000000	0.0000000
7019.9946449	7125.0267341	7124.7683398	0.0000000	0.0000000	0.0999218	0.1549791	0.0998635	0.0000000	0.0000000
7019.9946449	7120.0218110	7119.8987305	0.0000000	0.0000000	0.0897284	0.1557123	0.0997111	0.0000000	0.0000000
7019.9946449	7114.9808372	7114.6233203	0.0000000	0.0000000	0.0999822	0.1560291	0.0998019	0.0000000	0.0000000
7019.9946449	7109.9857704	7109.7537109	0.0000000	0.0000000	0.1273451	0.1544904	0.1004304	0.0000000	0.0000000
7019.9946449	7104.9837419	7104.8841016	0.0000000	0.0000000	0.1200653	0.1547299	0.0988750	0.0000000	0.0000000
7019.9946449	7099.9851943	7099.6316406	0.0000000	0.0000000	0.1172408	0.1543907	0.0987913	0.0000000	0.0000000
7019.9946449	7094.9831658	7094.8171094	0.0000000	0.0000000	0.1240370	0.1545283	0.1004703	0.0000000	0.0000000
7019.9946449	7089.9846182	7089.6013672	0.0000000	0.0000000	0.1307524	0.1550515	0.0995125	0.0000000	0.0000000
7019.9946449	7084.9895515	7084.7868359	0.0000000	0.0000000	0.1292865	0.1563054	0.0976591	0.0000000	0.0000000
7019.9946449	7079.9944848	7079.9723047	0.0000000	0.0000000	0.1218806	0.1574806	0.0992446	0.0000000	0.0000000
7019.9946449	7074.9889754	7074.7565625	0.0000000	0.0000000	0.1015448	0.1580138	0.0964417	0.0000000	0.0000000
7019.9946449	7069.9869469	7069.9420313	0.0000000	0.0000000	0.0905980	0.1566252	0.0947885	0.0000000	0.0000000
7019.9946449	7064.9883993	7064.7262891	0.0000000	0.0000000	0.1143768	0.1560062	0.0953929	0.0000000	0.0000000
7019.9946449	7059.9863559	7059.9297656	0.0000000	0.0000000	0.1314392	0.1555984	0.0963352	0.0000000	0.0000000
7019.9946449	7054.9841606	7054.7725488	0.0000000	0.0000000	0.1432512	0.1563726	0.0957701	0.0000000	0.0000000
7019.9946449	7049.9819654	7049.6153320	0.0000000	0.0000000	0.1449363	0.1564139	0.0947888	0.0000000	0.0000000
7019.9946449	7044.9875799	7044.8548242	0.0000000	0.0000000	0.1526427	0.1547853	0.0960756	0.0000000	0.0000000
7019.9946449	7039.9814797	7039.6976074	0.0000000	0.0000000	0.1970143	0.1549266	0.0980240	0.0000000	0.0000000
7019.9946449	7034.9831894	7034.9370996	0.0000000	0.0000000	0.2827419	0.1539550	0.0966080	0.0000000	0.0000000
7019.9946449	7029.9848990	7029.7798828	0.0000000	0.0000000	0.4114352	0.1541329	0.0988899	0.0000000	0.0000000
7019.9946449	7024.9827038	7024.6226660	0.0000000	0.0000000	0.5311102	0.1544193	0.0973837	0.0000000	0.0000000
7019.9946449	7019.9805085	7019.8843262	0.0000000	0.0000000	0.5472603	0.1550620	0.0966654	0.0000000	0.0000000
7019.9946449	7014.9822181	7014.7847461	0.0000000	0.0000000	0.5013438	0.1547124	0.0964858	0.0000000	0.0000000
7019.9946449	7009.9839278	7009.6851660	0.0000000	0.0000000	0.4190629	0.1557056	0.0971586	0.0000000	0.0000000
7019.9946449	7004.9817325	7004.9778613	0.0000000	0.0000000	0.3473320	0.1558951	0.0974764	0.0000000	0.0000000
