7334.9984714	7600.0002163	7599.5502051	0.0000000	0.0000000	0.0187529	0.1797787	0.1221154	0.0000000	7335.0000000
7334.9984714	7594.9867234	7594.9313574	0.0000000	0.0000000	0.0191210	0.1794215	0.1212335	0.0000000	0.0000000
7334.9984714	7589.9900238	7589.8506250	0.0000000	0.0000000	0.0188032	0.1796874	0.1214261	0.0000000	0.0000000
7334.9984714	7584.9923107	7584.7698926	0.0000000	0.0000000	0.0184883	0.1800999	0.1216329	0.0000000	0.0000000
7334.9984714	7579.9869519	7579.6891602	0.0000000	0.0000000	0.0213153	0.1799735	0.1214550	0.0000000	0.0000000
7334.9984714	7574.9866901	7574.6139941	0.0000000	0.0000000	0.0203262	0.1801603	0.1228496	0.0000000	0.0000000
7334.9984714	7569.9889770	7569.5944922	0.0000000	0.0000000	0.0196470	0.1802452	0.1245923	0.0000000	0.0000000
7334.9984714	7564.9887153	7564.5749902	0.0000000	0.0000000	0.0229290	0.1797697	0.1253341	0.0000000	0.0000000
7334.9984714	7559.9859050	7559.5554883	0.0000000	0.0000000	0.0202471	0.1785905	0.1258275	0.0000000	0.0000000
7334.9984714	7554.9881918	7554.9923047	0.0000000	0.0000000	0.0166897	0.1782771	0.1242400	0.0000000	0.0000000
7334.9984714	7549.9853816	7549.9728027	0.0000000	0.0000000	0.0188860	0.1792292	0.1233750	0.0000000	0.0000000
7334.9984714	7544.9876684	7544.9533008	0.0000000	0.0000000	0.0184805	0.1796169	0.1243792	0.0000000	0.0000000
7334.9984714	7539.9872981	7539.9337988	0.0000000	0.0000000	0.0213929	0.1796866	0.1248422	0.0000000	0.0000000
7334.9984714	7534.9866347	7534.9142969	0.0000000	0.0000000	0.0226259	0.1800991	0.1249789	0.0000000	0.0000000
7334.9984714	7530.0236794	7529.8947949	0.0000000	0.0000000	0.0225555	0.1802211	0.1260455	0.0000000	0.0000000
7334.9984714	7524.9853080	7524.9299316	0.0000000	0.0000000	0.0221630	0.1797897	0.1269976	0.0000000	0.0000000
7334.9984714	7520.0397564	7519.9705322	0.0000000	0.0000000	0.0257698	0.1782294	0.1264055	0.0000000	0.0000000
7334.9984714	7514.9839813	7514.5602783	0.0000000	0.0000000	0.0276107	0.1787957	0.1246694	0.0000000	0.0000000
7334.9984714	7510.0297278	7509.6008789	0.0000000	0.0000000	0.0251866	0.1791207	0.1228301	0.0000000	0.0000000
7334.9984714	7504.9826546	7504.6414795	0.0000000	0.0000000	0.0246379	0.1785820	0.1282573	0.0000000	0.0000000
7334.9984714	7499.9848918	7499.6820801	0.0000000	0.0000000	0.0287550	0.1794404	0.1277927	0.0000000	0.0000000
7334.9984714	7495.0306383	7494.7226807	0.0000000	0.0000000	0.0214646	0.1787596	0.1259774	0.0000000	0.0000000
7334.9984714	7489.9843030	7489.7632813	0.0000000	0.0000000	0.0252600	0.1773602	0.1242845	0.0000000	0.0000000
7334.9984714	7485.0356045	7484.8038818	0.0000000	0.0000000	0.0242957	0.1783019	0.1253650	0.0000000	0.0000000
7334.9984714	7479.9844604	7479.8981445	0.0000000	0.0000000	0.0279526	0.1776409	0.1228068	0.0000000	0.0000000
7334.9984714	7474.9845391	7474.9977734	0.0000000	0.0000000	0.0261478	0.1777922	0.1238507	0.0000000	0.0000000
7334.9984714	7469.9846178	7469.6519141	0.0000000	0.0000000	0.0257437	0.1785831	0.1257449	0.0000000	0.0000000
7334.9984714	7464.9846965	7464.7515430	0.0000000	0.0000000	0.0223546	0.1788018	0.1284515	0.0000000	0.0000000
7334.9984714	7459.9847751	7459.8511719	0.0000000	0.0000000	0.0215186	0.1779138	0.1254421	0.0000000	0.0000000
7334.9984714	7454.9820081	7454.9508008	0.0000000	0.0000000	0.0211238	0.1780663	0.1223794	0.0000000	0.0000000
7334.9984714	7449.9849325	7449.6049414	0.0000000	0.0000000	0.0221476	0.1788093	0.1235964	0.0000000	0.0000000
7334.9984714	7444.9850112	7444.7045703	0.0000000	0.0000000	0.0246616	0.1804323	0.1278081	0.0000000	0.0000000
7334.9984714	7439.9850899	7439.8041992	0.0000000	0.0000000	0.0257472	0.1805630	0.1275555	0.0000000	0.0000000
7334.9984714	7434.9851686	7434.9618359	0.0000000	0.0000000	0.0238275	0.1786477	0.1241771	0.0000000	0.0000000
7334.9984714	7429.9899093	7429.6792578	0.0000000	0.0000000	0.0264164	0.1790217	0.1221761	0.0000000	0.0000000
7334.9984714	7424.9918312	7424.8368945	0.0000000	0.0000000	0.0246791	0.1780153	0.1194523	0.0000000	0.0000000
7334.9984714	7419.9883932	7419.9945313	0.0000000	0.0000000	0.0258958	0.1787081	0.1213279	0.0000000	0.0000000
7334.9984714	7414.9876352	7414.7119531	0.0000000	0.0000000	0.0238439	0.1786401	0.1203772	0.0000000	0.0000000
7334.9984714	7409.9868772	7409.8695898	0.0000000	0.0000000	0.0279041	0.1790245	0.1222081	0.0000000	0.0000000
7334.9984714	7404.9887990	7404.5870117	0.0000000	0.0000000	0.0264840	0.1791931	0.1208092	0.0000000	0.0000000
7334.9984714	7399.9853611	7399.7446484	0.0000000	0.0000000	0.0229424	0.1777537	0.1218035	0.0000000	0.0000000
7334.9984714	7394.9846030	7394.9126367	0.0000000	0.0000000	0.0213728	0.1777761	0.1216974	0.0000000	0.0000000
7334.9984714	7389.9865249	7389.6921680	0.0000000	0.0000000	0.0209664	0.1792748	0.1200946	0.0000000	0.0000000
7334.9984714	7384.9857669	7384.9067383	0.0000000	0.0000000	0.0206532	0.1792782	0.1177832	0.0000000	0.0000000
7334.9984714	7379.9853142	7379.6862695	0.0000000	0.0000000	0.0190062	0.1800284	0.1153638	0.0000000	0.0000000
7334.9984714	7375.0120172	7374.9008398	0.0000000	0.0000000	0.0190909	0.1794779	0.1146880	0.0000000	0.0000000
7334.9984714	7370.0095227	7369.6803711	0.0000000	0.0000000	0.0208870	0.1789196	0.1134530	0.0000000	0.0000000
7334.9984714	7365.0102724	7364.8949414	0.0000000	0.0000000	0.0299959	0.1773804	0.1149388	0.0000000	0.0000000
7334.9984714	7360.0110220	7359.6744727	0.0000000	0.0000000	0.0324783	0.1769880	0.1161366	0.0000000	0.0000000
7334.9984714	7355.0052834	7354.8890430	0.0000000	0.0000000	0.0348981	0.1756266	0.1145861	0.0000000	0.0000000
7334.9984714	7350.0060330	7349.6991016	0.0000000	0.0000000	0.0475352	0.1778391	0.1110348	0.0000000	0.0000000
7334.9984714	7345.0002944	7344.9696387	0.0000000	0.0000000	0.0737511	0.1781887	0.1078329	0.0000000	0.0000000
7334.9984714	7340.0140207	7339.8102246	0.0000000	0.0000000	0.1099623	0.1785469	0.1085807	0.0000000	0.0000000
7334.9984714	7335.0115262	7334.6508105	0.0000000	0.0000000	0.1434633	0.1786683	0.1081067	0.0000000	0.0000000
7334.9984714	7330.0025434	7329.9213477	0.0000000	0.0000000	0.1390734	0.1791842	0.1088514	0.0000000	0.0000000
7334.9984714	7325.0272963	7324.7619336	0.0000000	0.0000000	0.0942078	0.1795474	0.1123651	0.0000000	0.0000000
7334.9984714	7319.9843593	7319.6025195	0.0000000	0.0000000	0.0505145	0.1794814	0.1111838	0.0000000	0.0000000
7334.9984714	7314.9864987	7314.8730566	0.0000000	0.0000000	0.0424457	0.1781549	0.1106998	0.0000000	0.0000000
7334.9984714	7309.9886382	7309.7136426	0.0000000	0.0000000	0.0407855	0.1782311	0.1101115	0.0000000	0.0000000
7334.9984714	7304.9851431	7304.6092822	0.0000000	0.0000000	0.0383721	0.1785842	0.1115725	0.0000000	0.0000000
7334.9984714	7299.9816481	7299.9348730	0.0000000	0.0000000	0.0380670	0.1787794	0.1122281	0.0000000	0.0000000
7334.9984714	7294.9837875	7294.8355176	0.0000000	0.0000000	0.0400215	0.1779950	0.1124454	0.0000000	0.0000000
7334.9984714	7289.9831097	7289.7361621	0.0000000	0.0000000	0.0372095	0.1777427	0.1108367	0.0000000	0.0000000
7334.9984714	7284.9852492	7284.6368066	0.0000000	0.0000000	0.0351533	0.1781924	0.1094707	0.0000000	0.0000000
7334.9984714	7279.9815887	7279.9623975	0.0000000	0.0000000	0.0362762	0.1780660	0.1082109	0.0000000	0.0000000
7334.9984714	7275.0065655	7274.8630420	0.0000000	0.0000000	0.0360056	0.1792498	0.1078158	0.0000000	0.0000000
7334.9984714	7270.0122966	7269.7636865	0.0000000	0.0000000	0.0300938	0.1807152	0.1095258	0.0000000	0.0000000
7334.9984714	7265.0051971	7264.6888672	0.0000000	0.0000000	0.0310452	0.1796476	0.1097930	0.0000000	0.0000000
7334.9984714	7260.0077206	7259.6483984	0.0000000	0.0000000	0.0331844	0.1772292	0.1098180	0.0000000	0.0000000
7334.9984714	7255.0038288	7254.6079297	0.0000000	0.0000000	0.0366386	0.1778571	0.1093420	0.0000000	0.0000000
7334.9984714	7250.0095598	7249.9875000	0.0000000	0.0000000	0.0344126	0.1784618	0.1124047	0.0000000	0.0000000
7334.9984714	7245.0056680	7244.9470313	0.0000000	0.0000000	0.0284364	0.1782581	0.1106796	0.0000000	0.0000000
7334.9984714	7240.0210220	7239.9065625	0.0000000	0.0000000	0.0210768	0.1786573	0.1032826	0.0000000	0.0000000
7334.9984714	7235.0107149	7234.8660938	0.0000000	0.0000000	0.0199019	0.1792770	0.1008685	0.0000000	0.0000000
7334.9984714	7230.0100308	7229.8256250	0.0000000	0.0000000	0.0194414	0.1786730	0.0990808	0.0000000	0.0000000
7334.9984714	7225.0001244	7224.7851563	0.0000000	0.0000000	0.0214215	0.1797103	0.1001776	0.0000000	0.0000000
7334.9984714	7219.9984158	7219.8026367	0.0000000	0.0000000	0.0288606	0.1793507	0.1033219	0.0000000	0.0000000
7334.9984714	7215.0162706	7214.8201172	0.0000000	0.0000000	0.0326862	0.1784546	0.1043696	0.0000000	0.0000000
7334.9984714	7210.0047803	7209.8375977	0.0000000	0.0000000	0.0343749	0.1785426	0.1067002	0.0000000	0.0000000
7334.9984714	7204.9998111	7204.8550781	0.0000000	0.0000000	0.0365170	0.1786019	0.1076622	0.0000000	0.0000000
7334.9984714	7200.0046236	7199.8725586	0.0000000	0.0000000	0.0332722	0.1778889	0.1108827	0.0000000	0.0000000
7334.9984714	7195.0029150	7194.8900391	0.0000000	0.0000000	0.0341919	0.1771880	0.1107003	0.0000000	0.0000000
7334.9984714	7190.0077275	7189.9075195	0.0000000	0.0000000	0.0348625	0.1766515	0.1115702	0.0000000	0.0000000
7334.9984714	7185.0092794	7184.9250000	0.0000000	0.0000000	0.0306884	0.1761812	0.1108226	0.0000000	0.0000000
7334.9984714	7180.0010497	7179.9804492	0.0000000	0.0000000	0.0213094	0.1774458	0.1063901	0.0000000	0.0000000
7334.9984714	7175.0091228	7174.6444189	0.0000000	0.0000000	0.0246357	0.1784093	0.1070201	0.0000000	0.0000000
7334.9984714	7170.0074141	7169.7188525	0.0000000	0.0000000	0.0213132	0.1785779	0.1066484	0.0000000	0.0000000
7334.9984714	7165.0210020	7164.7932861	0.0000000	0.0000000	0.0132657	0.1784215	0.1051234	0.0000000	0.0000000
7334.9984714	7160.0251023	7159.8677197	0.0000000	0.0000000	0.0109965	0.1780183	0.1044476	0.0000000	0.0000000
7334.9984714	7155.0292025	7154.9421533	0.0000000	0.0000000	0.0124703	0.1790289	0.1060632	0.0000000	0.0000000
7334.9984714	7150.0212717	7149.6061230	0.0000000	0.0000000	0.0134839	0.1800045	0.1060790	0.0000000	0.0000000
7334.9984714	7145.0223642	7144.6805566	0.0000000	0.0000000	0.0103251	0.1783901	0.1046628	0.0000000	0.0000000
7334.9984714	7140.0204489	7139.7829688	0.0000000	0.0000000	0.0065933	0.1780522	0.1029600	0.0000000	0.0000000
7334.9984714	7135.0245491	7134.9133594	0.0000000	0.0000000	0.0079980	0.1785637	0.1033834	0.0000000	0.0000000
7334.9984714	7130.0316571	7129.6379492	0.0000000	0.0000000	0.0102189	0.1791194	0.1016211	0.0000000	0.0000000
7334.9984714	7125.0297419	7124.7683398	0.0000000	0.0000000	0.0079132	0.1789720	0.1038083	0.0000000	0.0000000
7334.9984714	7120.0308343	7119.8987305	0.0000000	0.0000000	0.0039341	0.1764373	0.1055677	0.0000000	0.0000000
7334.9984714	7114.9877989	7114.6233203	0.0000000	0.0000000	0.0051996	0.1776377	0.1046346	0.0000000	0.0000000
7334.9984714	7109.9857704	7109.7537109	0.0000000	0.0000000	0.0060463	0.1782104	0.1046874	0.0000000	0.0000000
7334.9984714	7104.9837419	7104.8841016	0.0000000	0.0000000	0.0045468	0.1773375	0.1039810	0.0000000	0.0000000
7334.9984714	7099.9817134	7099.6316406	0.0000000	0.0000000	0.0038346	0.1780851	0.1016237	0.0000000	0.0000000
7334.9984714	7094.9796850	7094.8171094	0.0000000	0.0000000	0.0030721	0.1782477	0.1015081	0.0000000	0.0000000
7334.9984714	7089.9811373	7089.6013672	0.0000000	0.0000000	0.0023230	0.1772368	0.1032969	0.0000000	0.0000000
7334.9984714	7084.9860706	7084.7868359	0.0000000	0.0000000	0.0019275	0.1768066	0.1022230	0.0000000	0.0000000
7334.9984714	7079.9875230	7079.9723047	0.0000000	0.0000000	0.0020928	0.1765547	0.1018149	0.0000000	0.0000000
7334.9984714	7074.9889754	7074.7565625	0.0000000	0.0000000	0.0014940	0.1768853	0.0998651	0.0000000	0.0000000
7334.9984714	7069.9939087	7069.9420313	0.0000000	0.0000000	0.0008561	0.1765253	0.0997987	0.0000000	0.0000000
7334.9984714	7064.9849184	7064.7262891	0.0000000	0.0000000	0.0008873	0.1768300	0.0990220	0.0000000	0.0000000
7334.9984714	7059.9863559	7059.9297656	0.0000000	0.0000000	0.0006217	0.1771632	0.0979409	0.0000000	0.0000000
7334.9984714	7054.9880656	7054.7725488	0.0000000	0.0000000	0.0013516	0.1779584	0.0978588	0.0000000	0.0000000
7334.9984714	7049.9819654	7049.6153320	0.0000000	0.0000000	0.0007234	0.1775320	0.0980496	0.0000000	0.0000000
7334.9984714	7044.9875799	7044.8548242	0.0000000	0.0000000	0.0010477	0.1776810	0.0972789	0.0000000	0.0000000
7334.9984714	7039.9814797	7039.6976074	0.0000000	0.0000000	0.0011747	0.1771914	0.0975123	0.0000000	0.0000000
7334.9984714	7034.9831894	7034.9370996	0.0000000	0.0000000	0.0012261	0.1774197	0.0991083	0.0000000	0.0000000
7334.9984714	7029.9848990	7029.7798828	0.0000000	0.0000000	0.0008534	0.1753591	0.1006183	0.0000000	0.0000000
7334.9984714	7024.9827038	7024.6226660	0.0000000	0.0000000	0.0007753	0.1748973	0.1015035	0.0000000	0.0000000
7334.9984714	7019.9805085	7019.8843262	0.0000000	0.0000000	0.0010576	0.1764438	0.1004696	0.0000000	0.0000000
7334.9984714	7014.9861230	7014.7847461	0.0000000	0.0000000	0.0016238	0.1792749	0.0993330	0.0000000	0.0000000
7334.9984714	7009.9839278	7009.6851660	0.0000000	0.0000000	0.0013763	0.1793970	0.0987037	0.0000000	0.0000000
7334.9984714	7004.9817325	7004.9778613	0.0000000	0.0000000	0.0009321	0.1786956	0.0978608	0.0000000	0.0000000
