7564.9933899	7599.9977245	7599.5502051	0.0000000	0.0000000	0.0069852	0.1783339	0.1244587	0.0000000	7565.0000000
7564.9933899	7594.9892152	7594.9313574	0.0000000	0.0000000	0.0091636	0.1787773	0.1239279	0.0000000	0.0000000
7564.9933899	7589.9849267	7589.8506250	0.0000000	0.0000000	0.0103286	0.1791111	0.1239047	0.0000000	0.0000000
7564.9933899	7584.9897621	7584.7698926	0.0000000	0.0000000	0.0145577	0.1793351	0.1252023	0.0000000	0.0000000
7564.9933899	7579.9895004	7579.6891602	0.0000000	0.0000000	0.0174348	0.1785946	0.1253646	0.0000000	0.0000000
7564.9933899	7574.9866901	7574.6139941	0.0000000	0.0000000	0.0421429	0.1785092	0.1248971	0.0000000	0.0000000
7564.9933899	7569.9889770	7569.5944922	0.0000000	0.0000000	0.0804126	0.1785017	0.1254365	0.0000000	0.0000000
7564.9933899	7564.9887153	7564.5749902	0.0000000	0.0000000	0.0900770	0.1790770	0.1251720	0.0000000	0.0000000
7564.9933899	7559.9910021	7559.5554883	0.0000000	0.0000000	0.0768229	0.1788547	0.1258075	0.0000000	0.0000000
7564.9933899	7554.9856433	7554.9923047	0.0000000	0.0000000	0.0471405	0.1790063	0.1256749	0.0000000	0.0000000
7564.9933899	7549.9853816	7549.9728027	0.0000000	0.0000000	0.0236990	0.1783098	0.1253053	0.0000000	0.0000000
7564.9933899	7544.9851198	7544.9533008	0.0000000	0.0000000	0.0158568	0.1784066	0.1240188	0.0000000	0.0000000
7564.9933899	7539.9872981	7539.9337988	0.0000000	0.0000000	0.0126946	0.1786515	0.1243429	0.0000000	0.0000000
7564.9933899	7534.9837341	7534.9142969	0.0000000	0.0000000	0.0159648	0.1776876	0.1257644	0.0000000	0.0000000
7564.9933899	7529.9859713	7529.8947949	0.0000000	0.0000000	0.0165038	0.1794948	0.1261812	0.0000000	0.0000000
7564.9933899	7524.9853080	7524.9299316	0.0000000	0.0000000	0.0160039	0.1786654	0.1250096	0.0000000	0.0000000
7564.9933899	7519.9875452	7519.9705322	0.0000000	0.0000000	0.0164519	0.1790015	0.1244130	0.0000000	0.0000000
7564.9933899	7514.9868819	7514.5602783	0.0000000	0.0000000	0.0184141	0.1786366	0.1242288	0.0000000	0.0000000
7564.9933899	7509.9833179	7509.6008789	0.0000000	0.0000000	0.0198721	0.1791768	0.1244474	0.0000000	0.0000000
7564.9933899	7504.9826546	7504.6414795	0.0000000	0.0000000	0.0167135	0.1796414	0.1234231	0.0000000	0.0000000
7564.9933899	7499.9848918	7499.6820801	0.0000000	0.0000000	0.0182294	0.1789014	0.1235219	0.0000000	0.0000000
7564.9933899	7494.9842285	7494.7226807	0.0000000	0.0000000	0.0199719	0.1796329	0.1245444	0.0000000	0.0000000
7564.9933899	7489.9843030	7489.7632813	0.0000000	0.0000000	0.0164196	0.1790801	0.1227092	0.0000000	0.0000000
7564.9933899	7484.9843817	7484.8038818	0.0000000	0.0000000	0.0161835	0.1782098	0.1234844	0.0000000	0.0000000
7564.9933899	7479.9844604	7479.8981445	0.0000000	0.0000000	0.0126588	0.1800459	0.1218861	0.0000000	0.0000000
7564.9933899	7474.9845391	7474.9977734	0.0000000	0.0000000	0.0143798	0.1779901	0.1249639	0.0000000	0.0000000
7564.9933899	7469.9846178	7469.6519141	0.0000000	0.0000000	0.0095023	0.1783472	0.1229380	0.0000000	0.0000000
7564.9933899	7464.9846965	7464.7515430	0.0000000	0.0000000	0.0091466	0.1787437	0.1250876	0.0000000	0.0000000
7564.9933899	7459.9847751	7459.8511719	0.0000000	0.0000000	0.0084532	0.1798180	0.1241212	0.0000000	0.0000000
7564.9933899	7454.9848538	7454.9508008	0.0000000	0.0000000	0.0082687	0.1796243	0.1238781	0.0000000	0.0000000
7564.9933899	7449.9877783	7449.6049414	0.0000000	0.0000000	0.0090602	0.1788120	0.1234470	0.0000000	0.0000000
7564.9933899	7444.9850112	7444.7045703	0.0000000	0.0000000	0.0104803	0.1786838	0.1245131	0.0000000	0.0000000
7564.9933899	7439.9850899	7439.8041992	0.0000000	0.0000000	0.0139452	0.1791644	0.1239878	0.0000000	0.0000000
7564.9933899	7434.9851686	7434.9618359	0.0000000	0.0000000	0.0156486	0.1783231	0.1228524	0.0000000	0.0000000
7564.9933899	7429.9899093	7429.6792578	0.0000000	0.0000000	0.0154493	0.1794967	0.1217324	0.0000000	0.0000000
7564.9933899	7424.9864714	7424.8368945	0.0000000	0.0000000	0.0119839	0.1799656	0.1213960	0.0000000	0.0000000
7564.9933899	7419.9883932	7419.9945313	0.0000000	0.0000000	0.0102253	0.1799230	0.1220996	0.0000000	0.0000000
7564.9933899	7414.9876352	7414.7119531	0.0000000	0.0000000	0.0094691	0.1787943	0.1202209	0.0000000	0.0000000
7564.9933899	7409.9868772	7409.8695898	0.0000000	0.0000000	0.0097554	0.1785209	0.1208115	0.0000000	0.0000000
7564.9933899	7404.9861191	7404.5870117	0.0000000	0.0000000	0.0118641	0.1793220	0.1201459	0.0000000	0.0000000
7564.9933899	7399.9907209	7399.7446484	0.0000000	0.0000000	0.0095521	0.1792257	0.1192285	0.0000000	0.0000000
7564.9933899	7394.9872830	7394.9126367	0.0000000	0.0000000	0.0106299	0.1781886	0.1201119	0.0000000	0.0000000
7564.9933899	7389.9865249	7389.6921680	0.0000000	0.0000000	0.0096193	0.1789581	0.1193370	0.0000000	0.0000000
7564.9933899	7384.9884468	7384.9067383	0.0000000	0.0000000	0.0084414	0.1788804	0.1189189	0.0000000	0.0000000
7564.9933899	7379.9820701	7379.6862695	0.0000000	0.0000000	0.0069329	0.1785284	0.1178424	0.0000000	0.0000000
7564.9933899	7374.9860639	7374.9008398	0.0000000	0.0000000	0.0069899	0.1791729	0.1150510	0.0000000	0.0000000
7564.9933899	7369.9868136	7369.6803711	0.0000000	0.0000000	0.0076051	0.1781040	0.1150883	0.0000000	0.0000000
7564.9933899	7364.9843191	7364.8949414	0.0000000	0.0000000	0.0086971	0.1795305	0.1136637	0.0000000	0.0000000
7564.9933899	7359.9883129	7359.6744727	0.0000000	0.0000000	0.0103479	0.1788279	0.1147290	0.0000000	0.0000000
7564.9933899	7354.9858184	7354.8890430	0.0000000	0.0000000	0.0102494	0.1788148	0.1130936	0.0000000	0.0000000
7564.9933899	7349.9865681	7349.6991016	0.0000000	0.0000000	0.0078892	0.1794047	0.1107292	0.0000000	0.0000000
7564.9933899	7344.9840736	7344.9696387	0.0000000	0.0000000	0.0073796	0.1786196	0.1093289	0.0000000	0.0000000
7564.9933899	7339.9848232	7339.8102246	0.0000000	0.0000000	0.0046614	0.1788949	0.1072747	0.0000000	0.0000000
7564.9933899	7334.9855729	7334.6508105	0.0000000	0.0000000	0.0058024	0.1792856	0.1074669	0.0000000	0.0000000
7564.9933899	7329.9863226	7329.9213477	0.0000000	0.0000000	0.0067002	0.1790812	0.1091119	0.0000000	0.0000000
7564.9933899	7324.9878543	7324.7619336	0.0000000	0.0000000	0.0052482	0.1784316	0.1073281	0.0000000	0.0000000
7564.9933899	7319.9871765	7319.6025195	0.0000000	0.0000000	0.0050308	0.1782560	0.1080604	0.0000000	0.0000000
7564.9933899	7314.9836815	7314.8730566	0.0000000	0.0000000	0.0051516	0.1798600	0.1084072	0.0000000	0.0000000
7564.9933899	7309.9886382	7309.7136426	0.0000000	0.0000000	0.0042207	0.1783878	0.1071359	0.0000000	0.0000000
7564.9933899	7304.9851431	7304.6092822	0.0000000	0.0000000	0.0037563	0.1787506	0.1072889	0.0000000	0.0000000
7564.9933899	7299.9844653	7299.9348730	0.0000000	0.0000000	0.0045116	0.1783062	0.1077101	0.0000000	0.0000000
7564.9933899	7294.9837875	7294.8355176	0.0000000	0.0000000	0.0047927	0.1790597	0.1085557	0.0000000	0.0000000
7564.9933899	7289.9859270	7289.7361621	0.0000000	0.0000000	0.0044275	0.1790156	0.1081222	0.0000000	0.0000000
7564.9933899	7284.9880665	7284.6368066	0.0000000	0.0000000	0.0050875	0.1788019	0.1098162	0.0000000	0.0000000
7564.9933899	7279.9880039	7279.9623975	0.0000000	0.0000000	0.0057252	0.1789420	0.1098682	0.0000000	0.0000000
7564.9933899	7274.9841121	7274.8630420	0.0000000	0.0000000	0.0045759	0.1790448	0.1091937	0.0000000	0.0000000
7564.9933899	7269.9866356	7269.7636865	0.0000000	0.0000000	0.0047542	0.1786899	0.1095745	0.0000000	0.0000000
7564.9933899	7264.9859514	7264.6888672	0.0000000	0.0000000	0.0034332	0.1793257	0.1088145	0.0000000	0.0000000
7564.9933899	7259.9852672	7259.6483984	0.0000000	0.0000000	0.0036544	0.1795956	0.1097145	0.0000000	0.0000000
7564.9933899	7254.9845830	7254.6079297	0.0000000	0.0000000	0.0026039	0.1789791	0.1079083	0.0000000	0.0000000
7564.9933899	7249.9838989	7249.9875000	0.0000000	0.0000000	0.0024918	0.1788645	0.1071525	0.0000000	0.0000000
7564.9933899	7244.9864223	7244.9470313	0.0000000	0.0000000	0.0017727	0.1780133	0.1046472	0.0000000	0.0000000
7564.9933899	7239.9857381	7239.9065625	0.0000000	0.0000000	0.0012241	0.1796232	0.1016860	0.0000000	0.0000000
7564.9933899	7234.9818463	7234.8660938	0.0000000	0.0000000	0.0014297	0.1784478	0.1017720	0.0000000	0.0000000
7564.9933899	7229.9811622	7229.8256250	0.0000000	0.0000000	0.0011368	0.1787239	0.1012245	0.0000000	0.0000000
7564.9933899	7224.9838216	7224.7851563	0.0000000	0.0000000	0.0011552	0.1786980	0.1029232	0.0000000	0.0000000
7564.9933899	7219.9886341	7219.8026367	0.0000000	0.0000000	0.0014209	0.1794633	0.1050238	0.0000000	0.0000000
7564.9933899	7214.9869255	7214.8201172	0.0000000	0.0000000	0.0012063	0.1799486	0.1055392	0.0000000	0.0000000
7564.9933899	7209.9852169	7209.8375977	0.0000000	0.0000000	0.0011300	0.1791677	0.1071782	0.0000000	0.0000000
7564.9933899	7204.9867688	7204.8550781	0.0000000	0.0000000	0.0014747	0.1790010	0.1087552	0.0000000	0.0000000
7564.9933899	7199.9850602	7199.8725586	0.0000000	0.0000000	0.0010651	0.1788578	0.1087365	0.0000000	0.0000000
7564.9933899	7194.9866121	7194.8900391	0.0000000	0.0000000	0.0011333	0.1787372	0.1089225	0.0000000	0.0000000
7564.9933899	7189.9849035	7189.9075195	0.0000000	0.0000000	0.0012765	0.1786431	0.1101731	0.0000000	0.0000000
7564.9933899	7184.9864555	7184.9250000	0.0000000	0.0000000	0.0010802	0.1793571	0.1095370	0.0000000	0.0000000
7564.9933899	7179.9814863	7179.9804492	0.0000000	0.0000000	0.0005925	0.1799166	0.1081572	0.0000000	0.0000000
7564.9933899	7174.9862988	7174.6444189	0.0000000	0.0000000	0.0005245	0.1790903	0.1069160	0.0000000	0.0000000
7564.9933899	7169.9845902	7169.7188525	0.0000000	0.0000000	0.0005621	0.1786729	0.1055214	0.0000000	0.0000000
7564.9933899	7164.9879166	7164.7932861	0.0000000	0.0000000	0.0004211	0.1778271	0.1046455	0.0000000	0.0000000
7564.9933899	7159.9860013	7159.8677197	0.0000000	0.0000000	0.0001858	0.1786727	0.1054822	0.0000000	0.0000000
7564.9933899	7154.9840860	7154.9421533	0.0000000	0.0000000	0.0003387	0.1783735	0.1061512	0.0000000	0.0000000
7564.9933899	7149.9851785	7149.6061230	0.0000000	0.0000000	0.0004961	0.1787606	0.1059266	0.0000000	0.0000000
7564.9933899	7144.9892787	7144.6805566	0.0000000	0.0000000	0.0002976	0.1789780	0.1042371	0.0000000	0.0000000
7564.9933899	7139.9873635	7139.7829688	0.0000000	0.0000000	0.0000659	0.1803165	0.1049010	0.0000000	0.0000000
7564.9933899	7134.9854482	7134.9133594	0.0000000	0.0000000	0.0002314	0.1801210	0.1066445	0.0000000	0.0000000
7564.9933899	7129.9865407	7129.6379492	0.0000000	0.0000000	0.0002708	0.1788428	0.1081229	0.0000000	0.0000000
7564.9933899	7124.9876331	7124.7683398	0.0000000	0.0000000	0.0003477	0.1787786	0.1065985	0.0000000	0.0000000
7564.9933899	7119.9857178	7119.8987305	0.0000000	0.0000000	0.0002063	0.1788586	0.1054384	0.0000000	0.0000000
7564.9933899	7114.9843181	7114.6233203	0.0000000	0.0000000	0.0001776	0.1794084	0.1055988	0.0000000	0.0000000
7564.9933899	7109.9857704	7109.7537109	0.0000000	0.0000000	0.0001837	0.1784611	0.1056187	0.0000000	0.0000000
7564.9933899	7104.9837419	7104.8841016	0.0000000	0.0000000	0.0001334	0.1784349	0.1055389	0.0000000	0.0000000
7564.9933899	7099.9817134	7099.6316406	0.0000000	0.0000000	0.0002319	0.1788203	0.1038678	0.0000000	0.0000000
7564.9933899	7094.9796850	7094.8171094	0.0000000	0.0000000	0.0001085	0.1798867	0.1041353	0.0000000	0.0000000
7564.9933899	7089.9846182	7089.6013672	0.0000000	0.0000000	0.0001058	0.1794805	0.1041964	0.0000000	0.0000000
7564.9933899	7084.9895515	7084.7868359	0.0000000	0.0000000	0.0001133	0.1789923	0.1044078	0.0000000	0.0000000
7564.9933899	7079.9875230	7079.9723047	0.0000000	0.0000000	0.0000612	0.1787336	0.1030568	0.0000000	0.0000000
7564.9933899	7074.9924563	7074.7565625	0.0000000	0.0000000	0.0000569	0.1788672	0.1027113	0.0000000	0.0000000
7564.9933899	7069.9869469	7069.9420313	0.0000000	0.0000000	0.0000314	0.1790634	0.1018848	0.0000000	0.0000000
7564.9933899	7064.9883993	7064.7262891	0.0000000	0.0000000	0.0000193	0.1790854	0.1011477	0.0000000	0.0000000
7564.9933899	7059.9863559	7059.9297656	0.0000000	0.0000000	0.0000229	0.1792375	0.1015732	0.0000000	0.0000000
7564.9933899	7054.9880656	7054.7725488	0.0000000	0.0000000	0.0000128	0.1799369	0.1007971	0.0000000	0.0000000
7564.9933899	7049.9819654	7049.6153320	0.0000000	0.0000000	0.0000286	0.1797751	0.1007006	0.0000000	0.0000000
7564.9933899	7044.9875799	7044.8548242	0.0000000	0.0000000	0.0000123	0.1796519	0.1013296	0.0000000	0.0000000
7564.9933899	7039.9853847	7039.6976074	0.0000000	0.0000000	0.0000630	0.1801990	0.1008873	0.0000000	0.0000000
7564.9933899	7034.9831894	7034.9370996	0.0000000	0.0000000	0.0000282	0.1794785	0.1011058	0.0000000	0.0000000
7564.9933899	7029.9809941	7029.7798828	0.0000000	0.0000000	0.0001001	0.1788484	0.1005673	0.0000000	0.0000000
7564.9933899	7024.9827038	7024.6226660	0.0000000	0.0000000	0.0000667	0.1789226	0.1008531	0.0000000	0.0000000
7564.9933899	7019.9805085	7019.8843262	0.0000000	0.0000000	0.0000432	0.1792932	0.1021332	0.0000000	0.0000000
7564.9933899	7014.9822181	7014.7847461	0.0000000	0.0000000	0.0000465	0.1788298	0.1027440	0.0000000	0.0000000
7564.9933899	7009.9878327	7009.6851660	0.0000000	0.0000000	0.0000391	0.1790074	0.1018456	0.0000000	0.0000000
7564.9933899	7004.9817325	7004.9778613	0.0000000	0.0000000	0.0001108	0.1793010	0.1017523	0.0000000	0.0000000
