7529.9922905	7599.9977245	7599.5502051	0.0000000	0.0000000	0.0066393	0.1850062	0.1258826	0.0000000	7530.0000000
7529.9922905	7594.9867234	7594.9313574	0.0000000	0.0000000	0.0081422	0.1842675	0.1241797	0.0000000	0.0000000
7529.9922905	7589.9849267	7589.8506250	0.0000000	0.0000000	0.0090443	0.1851710	0.1242643	0.0000000	0.0000000
7529.9922905	7584.9897621	7584.7698926	0.0000000	0.0000000	0.0116042	0.1858806	0.1244587	0.0000000	0.0000000
7529.9922905	7579.9895004	7579.6891602	0.0000000	0.0000000	0.0106785	0.1858542	0.1244520	0.0000000	0.0000000
7529.9922905	7574.9866901	7574.6139941	0.0000000	0.0000000	0.0140134	0.1840973	0.1251005	0.0000000	0.0000000
7529.9922905	7569.9889770	7569.5944922	0.0000000	0.0000000	0.0122427	0.1850940	0.1249502	0.0000000	0.0000000
7529.9922905	7564.9861667	7564.5749902	0.0000000	0.0000000	0.0116078	0.1851512	0.1252913	0.0000000	0.0000000
7529.9922905	7559.9859050	7559.5554883	0.0000000	0.0000000	0.0125415	0.1854832	0.1251261	0.0000000	0.0000000
7529.9922905	7554.9856433	7554.9923047	0.0000000	0.0000000	0.0130840	0.1855466	0.1241196	0.0000000	0.0000000
7529.9922905	7549.9853816	7549.9728027	0.0000000	0.0000000	0.0202688	0.1852668	0.1260197	0.0000000	0.0000000
7529.9922905	7544.9851198	7544.9533008	0.0000000	0.0000000	0.0704037	0.1853928	0.1251857	0.0000000	0.0000000
7529.9922905	7539.9872981	7539.9337988	0.0000000	0.0000000	0.0736984	0.1855157	0.1245453	0.0000000	0.0000000
7529.9922905	7534.9866347	7534.9142969	0.0000000	0.0000000	0.1008861	0.1847311	0.1266752	0.0000000	0.0000000
7529.9922905	7529.9830707	7529.8947949	0.0000000	0.0000000	0.1169137	0.1848038	0.1258840	0.0000000	0.0000000
7529.9922905	7524.9853080	7524.9299316	0.0000000	0.0000000	0.0919443	0.1846781	0.1267614	0.0000000	0.0000000
7529.9922905	7519.9875452	7519.9705322	0.0000000	0.0000000	0.0556056	0.1832988	0.1256423	0.0000000	0.0000000
7529.9922905	7514.9868819	7514.5602783	0.0000000	0.0000000	0.0273403	0.1831672	0.1254979	0.0000000	0.0000000
7529.9922905	7509.9833179	7509.6008789	0.0000000	0.0000000	0.0173622	0.1840192	0.1256440	0.0000000	0.0000000
7529.9922905	7504.9855552	7504.6414795	0.0000000	0.0000000	0.0207235	0.1851539	0.1250103	0.0000000	0.0000000
7529.9922905	7499.9906931	7499.6820801	0.0000000	0.0000000	0.0186342	0.1852891	0.1250852	0.0000000	0.0000000
7529.9922905	7494.9842285	7494.7226807	0.0000000	0.0000000	0.0178773	0.1852631	0.1260713	0.0000000	0.0000000
7529.9922905	7489.9843030	7489.7632813	0.0000000	0.0000000	0.0197026	0.1855342	0.1253264	0.0000000	0.0000000
7529.9922905	7484.9872274	7484.8038818	0.0000000	0.0000000	0.0176411	0.1840548	0.1251410	0.0000000	0.0000000
7529.9922905	7479.9844604	7479.8981445	0.0000000	0.0000000	0.0125116	0.1835571	0.1246149	0.0000000	0.0000000
7529.9922905	7474.9845391	7474.9977734	0.0000000	0.0000000	0.0138947	0.1845529	0.1255784	0.0000000	0.0000000
7529.9922905	7469.9846178	7469.6519141	0.0000000	0.0000000	0.0135864	0.1849580	0.1254902	0.0000000	0.0000000
7529.9922905	7464.9875422	7464.7515430	0.0000000	0.0000000	0.0145630	0.1847290	0.1259949	0.0000000	0.0000000
7529.9922905	7459.9847751	7459.8511719	0.0000000	0.0000000	0.0125845	0.1849287	0.1246067	0.0000000	0.0000000
7529.9922905	7454.9848538	7454.9508008	0.0000000	0.0000000	0.0091421	0.1838956	0.1236498	0.0000000	0.0000000
7529.9922905	7449.9849325	7449.6049414	0.0000000	0.0000000	0.0092194	0.1840029	0.1237739	0.0000000	0.0000000
7529.9922905	7444.9878570	7444.7045703	0.0000000	0.0000000	0.0152917	0.1849158	0.1234052	0.0000000	0.0000000
7529.9922905	7439.9850899	7439.8041992	0.0000000	0.0000000	0.0158405	0.1838276	0.1230006	0.0000000	0.0000000
7529.9922905	7434.9880144	7434.9618359	0.0000000	0.0000000	0.0148142	0.1840558	0.1225748	0.0000000	0.0000000
7529.9922905	7429.9872294	7429.6792578	0.0000000	0.0000000	0.0132633	0.1847926	0.1231249	0.0000000	0.0000000
7529.9922905	7424.9918312	7424.8368945	0.0000000	0.0000000	0.0116721	0.1836570	0.1226290	0.0000000	0.0000000
7529.9922905	7419.9857133	7419.9945313	0.0000000	0.0000000	0.0138853	0.1850494	0.1222640	0.0000000	0.0000000
7529.9922905	7414.9876352	7414.7119531	0.0000000	0.0000000	0.0126469	0.1841785	0.1226547	0.0000000	0.0000000
7529.9922905	7409.9841972	7409.8695898	0.0000000	0.0000000	0.0093420	0.1833196	0.1211509	0.0000000	0.0000000
7529.9922905	7404.9861191	7404.5870117	0.0000000	0.0000000	0.0151844	0.1834526	0.1212561	0.0000000	0.0000000
7529.9922905	7399.9880410	7399.7446484	0.0000000	0.0000000	0.0127775	0.1834438	0.1209021	0.0000000	0.0000000
7529.9922905	7394.9872830	7394.9126367	0.0000000	0.0000000	0.0119838	0.1855172	0.1198424	0.0000000	0.0000000
7529.9922905	7389.9865249	7389.6921680	0.0000000	0.0000000	0.0107383	0.1849105	0.1196453	0.0000000	0.0000000
7529.9922905	7384.9857669	7384.9067383	0.0000000	0.0000000	0.0095748	0.1847748	0.1181978	0.0000000	0.0000000
7529.9922905	7379.9820701	7379.6862695	0.0000000	0.0000000	0.0083395	0.1835546	0.1163074	0.0000000	0.0000000
7529.9922905	7374.9828197	7374.9008398	0.0000000	0.0000000	0.0067085	0.1846497	0.1151371	0.0000000	0.0000000
7529.9922905	7369.9868136	7369.6803711	0.0000000	0.0000000	0.0083954	0.1841012	0.1152708	0.0000000	0.0000000
7529.9922905	7364.9810749	7364.8949414	0.0000000	0.0000000	0.0105715	0.1828055	0.1163435	0.0000000	0.0000000
7529.9922905	7359.9850687	7359.6744727	0.0000000	0.0000000	0.0112209	0.1843743	0.1151437	0.0000000	0.0000000
7529.9922905	7354.9890626	7354.8890430	0.0000000	0.0000000	0.0120826	0.1847772	0.1127565	0.0000000	0.0000000
7529.9922905	7349.9865681	7349.6991016	0.0000000	0.0000000	0.0118657	0.1842152	0.1117949	0.0000000	0.0000000
7529.9922905	7344.9840736	7344.9696387	0.0000000	0.0000000	0.0092676	0.1848650	0.1097887	0.0000000	0.0000000
7529.9922905	7339.9848232	7339.8102246	0.0000000	0.0000000	0.0077319	0.1838904	0.1089363	0.0000000	0.0000000
7529.9922905	7334.9855729	7334.6508105	0.0000000	0.0000000	0.0079171	0.1842191	0.1084376	0.0000000	0.0000000
7529.9922905	7329.9863226	7329.9213477	0.0000000	0.0000000	0.0113381	0.1835983	0.1102041	0.0000000	0.0000000
7529.9922905	7324.9878543	7324.7619336	0.0000000	0.0000000	0.0082252	0.1838984	0.1099642	0.0000000	0.0000000
7529.9922905	7319.9843593	7319.6025195	0.0000000	0.0000000	0.0088265	0.1841772	0.1103838	0.0000000	0.0000000
7529.9922905	7314.9864987	7314.8730566	0.0000000	0.0000000	0.0110243	0.1844146	0.1106619	0.0000000	0.0000000
7529.9922905	7309.9886382	7309.7136426	0.0000000	0.0000000	0.0106840	0.1837729	0.1110847	0.0000000	0.0000000
7529.9922905	7304.9879604	7304.6092822	0.0000000	0.0000000	0.0063458	0.1846835	0.1085867	0.0000000	0.0000000
7529.9922905	7299.9844653	7299.9348730	0.0000000	0.0000000	0.0065900	0.1840419	0.1088842	0.0000000	0.0000000
7529.9922905	7294.9837875	7294.8355176	0.0000000	0.0000000	0.0101278	0.1839586	0.1107812	0.0000000	0.0000000
7529.9922905	7289.9859270	7289.7361621	0.0000000	0.0000000	0.0072690	0.1832616	0.1113318	0.0000000	0.0000000
7529.9922905	7284.9852492	7284.6368066	0.0000000	0.0000000	0.0075367	0.1838701	0.1102666	0.0000000	0.0000000
7529.9922905	7279.9815887	7279.9623975	0.0000000	0.0000000	0.0076819	0.1840183	0.1112000	0.0000000	0.0000000
7529.9922905	7274.9841121	7274.8630420	0.0000000	0.0000000	0.0055875	0.1854211	0.1110424	0.0000000	0.0000000
7529.9922905	7269.9866356	7269.7636865	0.0000000	0.0000000	0.0055828	0.1837974	0.1112069	0.0000000	0.0000000
7529.9922905	7264.9859514	7264.6888672	0.0000000	0.0000000	0.0054650	0.1840504	0.1117407	0.0000000	0.0000000
7529.9922905	7259.9852672	7259.6483984	0.0000000	0.0000000	0.0034012	0.1839398	0.1099979	0.0000000	0.0000000
7529.9922905	7254.9845830	7254.6079297	0.0000000	0.0000000	0.0030940	0.1847075	0.1090585	0.0000000	0.0000000
7529.9922905	7249.9871065	7249.9875000	0.0000000	0.0000000	0.0025085	0.1842881	0.1061725	0.0000000	0.0000000
7529.9922905	7244.9832147	7244.9470313	0.0000000	0.0000000	0.0027188	0.1833591	0.1053086	0.0000000	0.0000000
7529.9922905	7239.9857381	7239.9065625	0.0000000	0.0000000	0.0016046	0.1842406	0.1025238	0.0000000	0.0000000
7529.9922905	7234.9850540	7234.8660938	0.0000000	0.0000000	0.0011589	0.1841132	0.1022274	0.0000000	0.0000000
7529.9922905	7229.9843698	7229.8256250	0.0000000	0.0000000	0.0012668	0.1840890	0.1016477	0.0000000	0.0000000
7529.9922905	7224.9838216	7224.7851563	0.0000000	0.0000000	0.0014736	0.1844049	0.1027513	0.0000000	0.0000000
7529.9922905	7219.9886341	7219.8026367	0.0000000	0.0000000	0.0014285	0.1843036	0.1066559	0.0000000	0.0000000
7529.9922905	7214.9869255	7214.8201172	0.0000000	0.0000000	0.0015995	0.1833826	0.1082825	0.0000000	0.0000000
7529.9922905	7209.9852169	7209.8375977	0.0000000	0.0000000	0.0018787	0.1839066	0.1077596	0.0000000	0.0000000
7529.9922905	7204.9867688	7204.8550781	0.0000000	0.0000000	0.0017108	0.1836598	0.1079066	0.0000000	0.0000000
7529.9922905	7199.9883208	7199.8725586	0.0000000	0.0000000	0.0011757	0.1855826	0.1076530	0.0000000	0.0000000
7529.9922905	7194.9866121	7194.8900391	0.0000000	0.0000000	0.0010028	0.1852755	0.1081635	0.0000000	0.0000000
7529.9922905	7189.9849035	7189.9075195	0.0000000	0.0000000	0.0016322	0.1843722	0.1096140	0.0000000	0.0000000
7529.9922905	7184.9864555	7184.9250000	0.0000000	0.0000000	0.0009619	0.1846755	0.1093718	0.0000000	0.0000000
7529.9922905	7179.9814863	7179.9804492	0.0000000	0.0000000	0.0007050	0.1842058	0.1092407	0.0000000	0.0000000
7529.9922905	7174.9862988	7174.6444189	0.0000000	0.0000000	0.0006981	0.1842097	0.1078383	0.0000000	0.0000000
7529.9922905	7169.9813296	7169.7188525	0.0000000	0.0000000	0.0004956	0.1832819	0.1070361	0.0000000	0.0000000
7529.9922905	7164.9909244	7164.7932861	0.0000000	0.0000000	0.0004630	0.1845132	0.1055287	0.0000000	0.0000000
7529.9922905	7159.9890091	7159.8677197	0.0000000	0.0000000	0.0003706	0.1847057	0.1055736	0.0000000	0.0000000
7529.9922905	7154.9840860	7154.9421533	0.0000000	0.0000000	0.0003214	0.1849003	0.1076505	0.0000000	0.0000000
7529.9922905	7149.9881863	7149.6061230	0.0000000	0.0000000	0.0002174	0.1842960	0.1061261	0.0000000	0.0000000
7529.9922905	7144.9892787	7144.6805566	0.0000000	0.0000000	0.0002335	0.1840973	0.1052053	0.0000000	0.0000000
7529.9922905	7139.9873635	7139.7829688	0.0000000	0.0000000	0.0001149	0.1844902	0.1049225	0.0000000	0.0000000
7529.9922905	7134.9854482	7134.9133594	0.0000000	0.0000000	0.0001626	0.1845679	0.1058702	0.0000000	0.0000000
7529.9922905	7129.9865407	7129.6379492	0.0000000	0.0000000	0.0002150	0.1844288	0.1070985	0.0000000	0.0000000
7529.9922905	7124.9876331	7124.7683398	0.0000000	0.0000000	0.0001843	0.1839950	0.1064104	0.0000000	0.0000000
7529.9922905	7119.9857178	7119.8987305	0.0000000	0.0000000	0.0001390	0.1841830	0.1059901	0.0000000	0.0000000
7529.9922905	7114.9843181	7114.6233203	0.0000000	0.0000000	0.0001959	0.1839512	0.1040549	0.0000000	0.0000000
7529.9922905	7109.9857704	7109.7537109	0.0000000	0.0000000	0.0002260	0.1840605	0.1049795	0.0000000	0.0000000
7529.9922905	7104.9837419	7104.8841016	0.0000000	0.0000000	0.0002098	0.1846337	0.1047786	0.0000000	0.0000000
7529.9922905	7099.9886752	7099.6316406	0.0000000	0.0000000	0.0001918	0.1846490	0.1050760	0.0000000	0.0000000
7529.9922905	7094.9831658	7094.8171094	0.0000000	0.0000000	0.0001461	0.1847245	0.1034333	0.0000000	0.0000000
7529.9922905	7089.9846182	7089.6013672	0.0000000	0.0000000	0.0003708	0.1844758	0.1035494	0.0000000	0.0000000
7529.9922905	7084.9895515	7084.7868359	0.0000000	0.0000000	0.0000840	0.1835094	0.1031516	0.0000000	0.0000000
7529.9922905	7079.9910039	7079.9723047	0.0000000	0.0000000	0.0001150	0.1850924	0.1024093	0.0000000	0.0000000
7529.9922905	7074.9889754	7074.7565625	0.0000000	0.0000000	0.0000258	0.1837067	0.1023944	0.0000000	0.0000000
7529.9922905	7069.9869469	7069.9420313	0.0000000	0.0000000	0.0000203	0.1836182	0.1027389	0.0000000	0.0000000
7529.9922905	7064.9883993	7064.7262891	0.0000000	0.0000000	0.0000493	0.1838068	0.1017666	0.0000000	0.0000000
7529.9922905	7059.9863559	7059.9297656	0.0000000	0.0000000	0.0000441	0.1838383	0.1014485	0.0000000	0.0000000
7529.9922905	7054.9880656	7054.7725488	0.0000000	0.0000000	0.0000553	0.1845073	0.1008929	0.0000000	0.0000000
7529.9922905	7049.9858703	7049.6153320	0.0000000	0.0000000	0.0000613	0.1844574	0.0997069	0.0000000	0.0000000
7529.9922905	7044.9875799	7044.8548242	0.0000000	0.0000000	0.0000369	0.1847906	0.1011113	0.0000000	0.0000000
7529.9922905	7039.9814797	7039.6976074	0.0000000	0.0000000	0.0000345	0.1850688	0.1009651	0.0000000	0.0000000
7529.9922905	7034.9831894	7034.9370996	0.0000000	0.0000000	0.0000569	0.1850206	0.1010851	0.0000000	0.0000000
7529.9922905	7029.9848990	7029.7798828	0.0000000	0.0000000	0.0000403	0.1844794	0.1015699	0.0000000	0.0000000
7529.9922905	7024.9827038	7024.6226660	0.0000000	0.0000000	0.0000558	0.1845549	0.1020013	0.0000000	0.0000000
7529.9922905	7019.9805085	7019.8843262	0.0000000	0.0000000	0.0000426	0.1851216	0.1001157	0.0000000	0.0000000
7529.9922905	7014.9822181	7014.7847461	0.0000000	0.0000000	0.0000764	0.1848217	0.1017125	0.0000000	0.0000000
7529.9922905	7009.9878327	7009.6851660	0.0000000	0.0000000	0.0000795	0.1835747	0.1027819	0.0000000	0.0000000
7529.9922905	7004.9817325	7004.9778613	0.0000000	0.0000000	0.0000403	0.1845629	0.1034180	0.0000000	0.0000000
