7449.9965533	7599.9977245	7599.5502051	0.0000000	0.0000000	0.0070725	0.1918827	0.1256294	0.0000000	7450.0000000
7449.9965533	7594.9867234	7594.9313574	0.0000000	0.0000000	0.0078456	0.1921101	0.1246226	0.0000000	0.0000000
7449.9965533	7589.9849267	7589.8506250	0.0000000	0.0000000	0.0081901	0.1916421	0.1243716	0.0000000	0.0000000
7449.9965533	7584.9897621	7584.7698926	0.0000000	0.0000000	0.0095179	0.1917284	0.1248851	0.0000000	0.0000000
7449.9965533	7579.9895004	7579.6891602	0.0000000	0.0000000	0.0105194	0.1913281	0.1248815	0.0000000	0.0000000
7449.9965533	7574.9866901	7574.6139941	0.0000000	0.0000000	0.0114581	0.1917623	0.1240588	0.0000000	0.0000000
7449.9965533	7569.9889770	7569.5944922	0.0000000	0.0000000	0.0092919	0.1922708	0.1235160	0.0000000	0.0000000
7449.9965533	7564.9887153	7564.5749902	0.0000000	0.0000000	0.0111624	0.1922281	0.1252251	0.0000000	0.0000000
7449.9965533	7559.9910021	7559.5554883	0.0000000	0.0000000	0.0128126	0.1909985	0.1239956	0.0000000	0.0000000
7449.9965533	7554.9881918	7554.9923047	0.0000000	0.0000000	0.0096276	0.1915577	0.1245403	0.0000000	0.0000000
7449.9965533	7549.9853816	7549.9728027	0.0000000	0.0000000	0.0121504	0.1920300	0.1265890	0.0000000	0.0000000
7449.9965533	7544.9851198	7544.9533008	0.0000000	0.0000000	0.0099009	0.1905800	0.1238818	0.0000000	0.0000000
7449.9965533	7539.9872981	7539.9337988	0.0000000	0.0000000	0.0109413	0.1902953	0.1250134	0.0000000	0.0000000
7449.9965533	7534.9866347	7534.9142969	0.0000000	0.0000000	0.0097720	0.1906766	0.1244403	0.0000000	0.0000000
7449.9965533	7529.9801701	7529.8947949	0.0000000	0.0000000	0.0120598	0.1909843	0.1246962	0.0000000	0.0000000
7449.9965533	7524.9853080	7524.9299316	0.0000000	0.0000000	0.0115089	0.1914207	0.1245116	0.0000000	0.0000000
7449.9965533	7519.9875452	7519.9705322	0.0000000	0.0000000	0.0104376	0.1918699	0.1241863	0.0000000	0.0000000
7449.9965533	7514.9839813	7514.5602783	0.0000000	0.0000000	0.0105491	0.1918281	0.1237822	0.0000000	0.0000000
7449.9965533	7509.9833179	7509.6008789	0.0000000	0.0000000	0.0110828	0.1929252	0.1244044	0.0000000	0.0000000
7449.9965533	7504.9855552	7504.6414795	0.0000000	0.0000000	0.0127998	0.1936442	0.1242844	0.0000000	0.0000000
7449.9965533	7499.9848918	7499.6820801	0.0000000	0.0000000	0.0128906	0.1928042	0.1246688	0.0000000	0.0000000
7449.9965533	7494.9842285	7494.7226807	0.0000000	0.0000000	0.0150601	0.1924113	0.1242023	0.0000000	0.0000000
7449.9965533	7489.9843030	7489.7632813	0.0000000	0.0000000	0.0108811	0.1924236	0.1243286	0.0000000	0.0000000
7449.9965533	7484.9843817	7484.8038818	0.0000000	0.0000000	0.0093987	0.1925065	0.1236445	0.0000000	0.0000000
7449.9965533	7479.9873061	7479.8981445	0.0000000	0.0000000	0.0099135	0.1924208	0.1241088	0.0000000	0.0000000
7449.9965533	7474.9845391	7474.9977734	0.0000000	0.0000000	0.0089476	0.1925089	0.1242872	0.0000000	0.0000000
7449.9965533	7469.9817720	7469.6519141	0.0000000	0.0000000	0.0088922	0.1927357	0.1235743	0.0000000	0.0000000
7449.9965533	7464.9846965	7464.7515430	0.0000000	0.0000000	0.0139492	0.1922754	0.1245582	0.0000000	0.0000000
7449.9965533	7459.9847751	7459.8511719	0.0000000	0.0000000	0.0378873	0.1910735	0.1246980	0.0000000	0.0000000
7449.9965533	7454.9848538	7454.9508008	0.0000000	0.0000000	0.0669517	0.1921090	0.1247615	0.0000000	0.0000000
7449.9965533	7449.9877783	7449.6049414	0.0000000	0.0000000	0.0902656	0.1914956	0.1247139	0.0000000	0.0000000
7449.9965533	7444.9850112	7444.7045703	0.0000000	0.0000000	0.0773217	0.1913602	0.1232540	0.0000000	0.0000000
7449.9965533	7439.9850899	7439.8041992	0.0000000	0.0000000	0.0355082	0.1911683	0.1217173	0.0000000	0.0000000
7449.9965533	7434.9851686	7434.9618359	0.0000000	0.0000000	0.0148262	0.1905599	0.1224552	0.0000000	0.0000000
7449.9965533	7429.9899093	7429.6792578	0.0000000	0.0000000	0.0099296	0.1921134	0.1220745	0.0000000	0.0000000
7449.9965533	7424.9864714	7424.8368945	0.0000000	0.0000000	0.0082686	0.1916150	0.1215990	0.0000000	0.0000000
7449.9965533	7419.9857133	7419.9945313	0.0000000	0.0000000	0.0080221	0.1917927	0.1223180	0.0000000	0.0000000
7449.9965533	7414.9849553	7414.7119531	0.0000000	0.0000000	0.0064812	0.1922844	0.1212990	0.0000000	0.0000000
7449.9965533	7409.9868772	7409.8695898	0.0000000	0.0000000	0.0064435	0.1911588	0.1200507	0.0000000	0.0000000
7449.9965533	7404.9861191	7404.5870117	0.0000000	0.0000000	0.0068894	0.1920686	0.1203876	0.0000000	0.0000000
7449.9965533	7399.9853611	7399.7446484	0.0000000	0.0000000	0.0058137	0.1922084	0.1204495	0.0000000	0.0000000
7449.9965533	7394.9872830	7394.9126367	0.0000000	0.0000000	0.0058901	0.1917035	0.1192590	0.0000000	0.0000000
7449.9965533	7389.9865249	7389.6921680	0.0000000	0.0000000	0.0043374	0.1910054	0.1184314	0.0000000	0.0000000
7449.9965533	7384.9857669	7384.9067383	0.0000000	0.0000000	0.0049408	0.1905172	0.1192161	0.0000000	0.0000000
7449.9965533	7379.9820701	7379.6862695	0.0000000	0.0000000	0.0041534	0.1926860	0.1170905	0.0000000	0.0000000
7449.9965533	7374.9828197	7374.9008398	0.0000000	0.0000000	0.0040043	0.1920813	0.1152157	0.0000000	0.0000000
7449.9965533	7369.9868136	7369.6803711	0.0000000	0.0000000	0.0049044	0.1916003	0.1152264	0.0000000	0.0000000
7449.9965533	7364.9810749	7364.8949414	0.0000000	0.0000000	0.0054346	0.1911656	0.1149785	0.0000000	0.0000000
7449.9965533	7359.9850687	7359.6744727	0.0000000	0.0000000	0.0056925	0.1915112	0.1154379	0.0000000	0.0000000
7449.9965533	7354.9858184	7354.8890430	0.0000000	0.0000000	0.0078136	0.1914476	0.1135715	0.0000000	0.0000000
7449.9965533	7349.9865681	7349.6991016	0.0000000	0.0000000	0.0067415	0.1912267	0.1114835	0.0000000	0.0000000
7449.9965533	7344.9840736	7344.9696387	0.0000000	0.0000000	0.0052483	0.1916813	0.1099562	0.0000000	0.0000000
7449.9965533	7339.9848232	7339.8102246	0.0000000	0.0000000	0.0045752	0.1916367	0.1089125	0.0000000	0.0000000
7449.9965533	7334.9855729	7334.6508105	0.0000000	0.0000000	0.0047921	0.1908207	0.1075618	0.0000000	0.0000000
7449.9965533	7329.9830784	7329.9213477	0.0000000	0.0000000	0.0068644	0.1913964	0.1075637	0.0000000	0.0000000
7449.9965533	7324.9850371	7324.7619336	0.0000000	0.0000000	0.0067286	0.1916250	0.1078296	0.0000000	0.0000000
7449.9965533	7319.9843593	7319.6025195	0.0000000	0.0000000	0.0065039	0.1917988	0.1085471	0.0000000	0.0000000
7449.9965533	7314.9864987	7314.8730566	0.0000000	0.0000000	0.0084814	0.1911046	0.1096102	0.0000000	0.0000000
7449.9965533	7309.9830037	7309.7136426	0.0000000	0.0000000	0.0066639	0.1919680	0.1084518	0.0000000	0.0000000
7449.9965533	7304.9851431	7304.6092822	0.0000000	0.0000000	0.0053108	0.1921512	0.1086619	0.0000000	0.0000000
7449.9965533	7299.9844653	7299.9348730	0.0000000	0.0000000	0.0082651	0.1920203	0.1098894	0.0000000	0.0000000
7449.9965533	7294.9837875	7294.8355176	0.0000000	0.0000000	0.0065079	0.1916948	0.1101862	0.0000000	0.0000000
7449.9965533	7289.9859270	7289.7361621	0.0000000	0.0000000	0.0060150	0.1913417	0.1103851	0.0000000	0.0000000
7449.9965533	7284.9852492	7284.6368066	0.0000000	0.0000000	0.0079420	0.1921682	0.1103214	0.0000000	0.0000000
7449.9965533	7279.9783810	7279.9623975	0.0000000	0.0000000	0.0089957	0.1919850	0.1111250	0.0000000	0.0000000
7449.9965533	7274.9809045	7274.8630420	0.0000000	0.0000000	0.0079855	0.1909512	0.1121388	0.0000000	0.0000000
7449.9965533	7269.9866356	7269.7636865	0.0000000	0.0000000	0.0069651	0.1911230	0.1113542	0.0000000	0.0000000
7449.9965533	7264.9859514	7264.6888672	0.0000000	0.0000000	0.0058429	0.1912104	0.1092224	0.0000000	0.0000000
7449.9965533	7259.9852672	7259.6483984	0.0000000	0.0000000	0.0055942	0.1916832	0.1090521	0.0000000	0.0000000
7449.9965533	7254.9845830	7254.6079297	0.0000000	0.0000000	0.0058004	0.1922300	0.1089390	0.0000000	0.0000000
7449.9965533	7249.9838989	7249.9875000	0.0000000	0.0000000	0.0054232	0.1916267	0.1063777	0.0000000	0.0000000
7449.9965533	7244.9832147	7244.9470313	0.0000000	0.0000000	0.0040909	0.1915621	0.1053147	0.0000000	0.0000000
7449.9965533	7239.9825305	7239.9065625	0.0000000	0.0000000	0.0027139	0.1920718	0.1043400	0.0000000	0.0000000
7449.9965533	7234.9818463	7234.8660938	0.0000000	0.0000000	0.0019398	0.1921309	0.1023020	0.0000000	0.0000000
7449.9965533	7229.9811622	7229.8256250	0.0000000	0.0000000	0.0017633	0.1917764	0.1019617	0.0000000	0.0000000
7449.9965533	7224.9838216	7224.7851563	0.0000000	0.0000000	0.0023687	0.1923558	0.1026189	0.0000000	0.0000000
7449.9965533	7219.9886341	7219.8026367	0.0000000	0.0000000	0.0022284	0.1919744	0.1040231	0.0000000	0.0000000
7449.9965533	7214.9869255	7214.8201172	0.0000000	0.0000000	0.0028894	0.1912319	0.1065745	0.0000000	0.0000000
7449.9965533	7209.9852169	7209.8375977	0.0000000	0.0000000	0.0031599	0.1914010	0.1074952	0.0000000	0.0000000
7449.9965533	7204.9867688	7204.8550781	0.0000000	0.0000000	0.0035848	0.1922561	0.1091012	0.0000000	0.0000000
7449.9965533	7199.9850602	7199.8725586	0.0000000	0.0000000	0.0023167	0.1916517	0.1089069	0.0000000	0.0000000
7449.9965533	7194.9866121	7194.8900391	0.0000000	0.0000000	0.0027776	0.1917330	0.1101982	0.0000000	0.0000000
7449.9965533	7189.9816430	7189.9075195	0.0000000	0.0000000	0.0039307	0.1910706	0.1120834	0.0000000	0.0000000
7449.9965533	7184.9831949	7184.9250000	0.0000000	0.0000000	0.0028092	0.1920071	0.1100099	0.0000000	0.0000000
7449.9965533	7179.9814863	7179.9804492	0.0000000	0.0000000	0.0020089	0.1910575	0.1093287	0.0000000	0.0000000
7449.9965533	7174.9862988	7174.6444189	0.0000000	0.0000000	0.0014882	0.1923428	0.1067227	0.0000000	0.0000000
7449.9965533	7169.9813296	7169.7188525	0.0000000	0.0000000	0.0016389	0.1912512	0.1068203	0.0000000	0.0000000
7449.9965533	7164.9849088	7164.7932861	0.0000000	0.0000000	0.0010850	0.1914442	0.1062836	0.0000000	0.0000000
7449.9965533	7159.9860013	7159.8677197	0.0000000	0.0000000	0.0008253	0.1923335	0.1063112	0.0000000	0.0000000
7449.9965533	7154.9840860	7154.9421533	0.0000000	0.0000000	0.0011125	0.1929374	0.1063483	0.0000000	0.0000000
7449.9965533	7149.9851785	7149.6061230	0.0000000	0.0000000	0.0014810	0.1909301	0.1070043	0.0000000	0.0000000
7449.9965533	7144.9892787	7144.6805566	0.0000000	0.0000000	0.0007535	0.1922263	0.1052841	0.0000000	0.0000000
7449.9965533	7139.9873635	7139.7829688	0.0000000	0.0000000	0.0005724	0.1915750	0.1054219	0.0000000	0.0000000
7449.9965533	7134.9854482	7134.9133594	0.0000000	0.0000000	0.0005593	0.1911975	0.1039185	0.0000000	0.0000000
7449.9965533	7129.9895484	7129.6379492	0.0000000	0.0000000	0.0008108	0.1923268	0.1062057	0.0000000	0.0000000
7449.9965533	7124.9876331	7124.7683398	0.0000000	0.0000000	0.0005377	0.1911974	0.1055651	0.0000000	0.0000000
7449.9965533	7119.9857178	7119.8987305	0.0000000	0.0000000	0.0003275	0.1915116	0.1043680	0.0000000	0.0000000
7449.9965533	7114.9843181	7114.6233203	0.0000000	0.0000000	0.0004413	0.1912029	0.1072307	0.0000000	0.0000000
7449.9965533	7109.9857704	7109.7537109	0.0000000	0.0000000	0.0005525	0.1916929	0.1059968	0.0000000	0.0000000
7449.9965533	7104.9802611	7104.8841016	0.0000000	0.0000000	0.0004425	0.1930226	0.1054763	0.0000000	0.0000000
7449.9965533	7099.9817134	7099.6316406	0.0000000	0.0000000	0.0004966	0.1908824	0.1057159	0.0000000	0.0000000
7449.9965533	7094.9831658	7094.8171094	0.0000000	0.0000000	0.0002898	0.1920682	0.1049714	0.0000000	0.0000000
7449.9965533	7089.9846182	7089.6013672	0.0000000	0.0000000	0.0004559	0.1915894	0.1047374	0.0000000	0.0000000
7449.9965533	7084.9860706	7084.7868359	0.0000000	0.0000000	0.0002626	0.1918623	0.1032502	0.0000000	0.0000000
7449.9965533	7079.9875230	7079.9723047	0.0000000	0.0000000	0.0002889	0.1901492	0.1032678	0.0000000	0.0000000
7449.9965533	7074.9924563	7074.7565625	0.0000000	0.0000000	0.0001780	0.1916460	0.1034282	0.0000000	0.0000000
7449.9965533	7069.9869469	7069.9420313	0.0000000	0.0000000	0.0000996	0.1916536	0.1014470	0.0000000	0.0000000
7449.9965533	7064.9883993	7064.7262891	0.0000000	0.0000000	0.0000933	0.1919725	0.1025649	0.0000000	0.0000000
7449.9965533	7059.9863559	7059.9297656	0.0000000	0.0000000	0.0001100	0.1916281	0.1015775	0.0000000	0.0000000
7449.9965533	7054.9841606	7054.7725488	0.0000000	0.0000000	0.0001123	0.1927771	0.0995372	0.0000000	0.0000000
7449.9965533	7049.9819654	7049.6153320	0.0000000	0.0000000	0.0001699	0.1924586	0.1007260	0.0000000	0.0000000
7449.9965533	7044.9875799	7044.8548242	0.0000000	0.0000000	0.0001398	0.1933402	0.1001085	0.0000000	0.0000000
7449.9965533	7039.9814797	7039.6976074	0.0000000	0.0000000	0.0001571	0.1933619	0.0999913	0.0000000	0.0000000
7449.9965533	7034.9831894	7034.9370996	0.0000000	0.0000000	0.0001819	0.1932292	0.1003973	0.0000000	0.0000000
7449.9965533	7029.9848990	7029.7798828	0.0000000	0.0000000	0.0001240	0.1918773	0.1022549	0.0000000	0.0000000
7449.9965533	7024.9827038	7024.6226660	0.0000000	0.0000000	0.0001683	0.1909248	0.1010992	0.0000000	0.0000000
7449.9965533	7019.9805085	7019.8843262	0.0000000	0.0000000	0.0001191	0.1919037	0.1006229	0.0000000	0.0000000
7449.9965533	7014.9861230	7014.7847461	0.0000000	0.0000000	0.0001362	0.1906113	0.1039467	0.0000000	0.0000000
7449.9965533	7009.9839278	7009.6851660	0.0000000	0.0000000	0.0001259	0.1926045	0.1030000	0.0000000	0.0000000
7449.9965533	7004.9817325	7004.9778613	0.0000000	0.0000000	0.0001588	0.1919841	0.1014266	0.0000000	0.0000000
