7419.9942875	7600.0002163	7599.5502051	0.0000000	0.0000000	0.0066733	0.1895720	0.1265114	0.0000000	7420.0000000
7419.9942875	7594.9867234	7594.9313574	0.0000000	0.0000000	0.0100796	0.1880793	0.1258727	0.0000000	0.0000000
7419.9942875	7589.9849267	7589.8506250	0.0000000	0.0000000	0.0107483	0.1876506	0.1236791	0.0000000	0.0000000
7419.9942875	7584.9897621	7584.7698926	0.0000000	0.0000000	0.0104471	0.1882917	0.1232339	0.0000000	0.0000000
7419.9942875	7579.9895004	7579.6891602	0.0000000	0.0000000	0.0102648	0.1874164	0.1226523	0.0000000	0.0000000
7419.9942875	7574.9866901	7574.6139941	0.0000000	0.0000000	0.0122997	0.1884073	0.1255269	0.0000000	0.0000000
7419.9942875	7569.9889770	7569.5944922	0.0000000	0.0000000	0.0131917	0.1890858	0.1238226	0.0000000	0.0000000
7419.9942875	7564.9887153	7564.5749902	0.0000000	0.0000000	0.0094017	0.1898940	0.1243771	0.0000000	0.0000000
7419.9942875	7559.9910021	7559.5554883	0.0000000	0.0000000	0.0104471	0.1903853	0.1232622	0.0000000	0.0000000
7419.9942875	7554.9856433	7554.9923047	0.0000000	0.0000000	0.0112557	0.1888574	0.1247114	0.0000000	0.0000000
7419.9942875	7549.9853816	7549.9728027	0.0000000	0.0000000	0.0117153	0.1883372	0.1262777	0.0000000	0.0000000
7419.9942875	7544.9851198	7544.9533008	0.0000000	0.0000000	0.0098894	0.1885656	0.1254792	0.0000000	0.0000000
7419.9942875	7539.9872981	7539.9337988	0.0000000	0.0000000	0.0098943	0.1896743	0.1238995	0.0000000	0.0000000
7419.9942875	7534.9837341	7534.9142969	0.0000000	0.0000000	0.0095642	0.1892731	0.1239229	0.0000000	0.0000000
7419.9942875	7530.0352818	7529.8947949	0.0000000	0.0000000	0.0130126	0.1881348	0.1257870	0.0000000	0.0000000
7419.9942875	7524.9853080	7524.9299316	0.0000000	0.0000000	0.0124901	0.1881770	0.1265676	0.0000000	0.0000000
7419.9942875	7519.9875452	7519.9705322	0.0000000	0.0000000	0.0151626	0.1883962	0.1267087	0.0000000	0.0000000
7419.9942875	7514.9839813	7514.5602783	0.0000000	0.0000000	0.0092843	0.1889921	0.1238513	0.0000000	0.0000000
7419.9942875	7509.9833179	7509.6008789	0.0000000	0.0000000	0.0095062	0.1883912	0.1246609	0.0000000	0.0000000
7419.9942875	7505.0290644	7504.6414795	0.0000000	0.0000000	0.0109692	0.1883088	0.1245664	0.0000000	0.0000000
7419.9942875	7500.0342023	7499.6820801	0.0000000	0.0000000	0.0103883	0.1882202	0.1248293	0.0000000	0.0000000
7419.9942875	7495.0277377	7494.7226807	0.0000000	0.0000000	0.0108900	0.1877965	0.1242493	0.0000000	0.0000000
7419.9942875	7490.0326801	7489.7632813	0.0000000	0.0000000	0.0096525	0.1886351	0.1230759	0.0000000	0.0000000
7419.9942875	7485.0270674	7484.8038818	0.0000000	0.0000000	0.0091527	0.1882173	0.1233868	0.0000000	0.0000000
7419.9942875	7479.9873061	7479.8981445	0.0000000	0.0000000	0.0074215	0.1883774	0.1232257	0.0000000	0.0000000
7419.9942875	7474.9873848	7474.9977734	0.0000000	0.0000000	0.0060967	0.1872711	0.1229891	0.0000000	0.0000000
7419.9942875	7469.9846178	7469.6519141	0.0000000	0.0000000	0.0040983	0.1884432	0.1232600	0.0000000	0.0000000
7419.9942875	7464.9875422	7464.7515430	0.0000000	0.0000000	0.0053441	0.1873221	0.1236371	0.0000000	0.0000000
7419.9942875	7459.9904666	7459.8511719	0.0000000	0.0000000	0.0042825	0.1888849	0.1232456	0.0000000	0.0000000
7419.9942875	7454.9848538	7454.9508008	0.0000000	0.0000000	0.0046062	0.1886342	0.1225021	0.0000000	0.0000000
7419.9942875	7449.9849325	7449.6049414	0.0000000	0.0000000	0.0045520	0.1885249	0.1224899	0.0000000	0.0000000
7419.9942875	7444.9850112	7444.7045703	0.0000000	0.0000000	0.0071509	0.1882003	0.1243544	0.0000000	0.0000000
7419.9942875	7439.9850899	7439.8041992	0.0000000	0.0000000	0.0089015	0.1881250	0.1232805	0.0000000	0.0000000
7419.9942875	7434.9908601	7434.9618359	0.0000000	0.0000000	0.0161405	0.1889712	0.1220439	0.0000000	0.0000000
7419.9942875	7429.9899093	7429.6792578	0.0000000	0.0000000	0.0397056	0.1887050	0.1215093	0.0000000	0.0000000
7419.9942875	7424.9864714	7424.8368945	0.0000000	0.0000000	0.0771760	0.1883461	0.1213514	0.0000000	0.0000000
7419.9942875	7419.9857133	7419.9945313	0.0000000	0.0000000	0.1003417	0.1892556	0.1225977	0.0000000	0.0000000
7419.9942875	7414.9849553	7414.7119531	0.0000000	0.0000000	0.0729876	0.1885850	0.1210736	0.0000000	0.0000000
7419.9942875	7409.9841972	7409.8695898	0.0000000	0.0000000	0.0363243	0.1876675	0.1210492	0.0000000	0.0000000
7419.9942875	7404.9861191	7404.5870117	0.0000000	0.0000000	0.0161302	0.1872081	0.1208611	0.0000000	0.0000000
7419.9942875	7399.9880410	7399.7446484	0.0000000	0.0000000	0.0078318	0.1886160	0.1192169	0.0000000	0.0000000
7419.9942875	7394.9872830	7394.9126367	0.0000000	0.0000000	0.0058885	0.1891500	0.1189197	0.0000000	0.0000000
7419.9942875	7389.9838450	7389.6921680	0.0000000	0.0000000	0.0055675	0.1869686	0.1174570	0.0000000	0.0000000
7419.9942875	7384.9884468	7384.9067383	0.0000000	0.0000000	0.0061141	0.1877350	0.1176115	0.0000000	0.0000000
7419.9942875	7379.9853142	7379.6862695	0.0000000	0.0000000	0.0044293	0.1872499	0.1152943	0.0000000	0.0000000
7419.9942875	7375.0152613	7374.9008398	0.0000000	0.0000000	0.0048235	0.1885017	0.1154724	0.0000000	0.0000000
7419.9942875	7370.0192552	7369.6803711	0.0000000	0.0000000	0.0039664	0.1878470	0.1139346	0.0000000	0.0000000
7419.9942875	7365.0135165	7364.8949414	0.0000000	0.0000000	0.0060428	0.1878041	0.1132124	0.0000000	0.0000000
7419.9942875	7360.0142662	7359.6744727	0.0000000	0.0000000	0.0067722	0.1881658	0.1140109	0.0000000	0.0000000
7419.9942875	7355.0182600	7354.8890430	0.0000000	0.0000000	0.0071021	0.1891664	0.1115316	0.0000000	0.0000000
7419.9942875	7350.0125214	7349.6991016	0.0000000	0.0000000	0.0085471	0.1889396	0.1096257	0.0000000	0.0000000
7419.9942875	7345.0035385	7344.9696387	0.0000000	0.0000000	0.0052258	0.1882395	0.1080511	0.0000000	0.0000000
7419.9942875	7340.0010440	7339.8102246	0.0000000	0.0000000	0.0053151	0.1887134	0.1073518	0.0000000	0.0000000
7419.9942875	7335.0050379	7334.6508105	0.0000000	0.0000000	0.0058921	0.1902354	0.1065337	0.0000000	0.0000000
7419.9942875	7330.0090317	7329.9213477	0.0000000	0.0000000	0.0072581	0.1900132	0.1057015	0.0000000	0.0000000
7419.9942875	7325.0244790	7324.7619336	0.0000000	0.0000000	0.0065122	0.1902341	0.1058356	0.0000000	0.0000000
7419.9942875	7319.9843593	7319.6025195	0.0000000	0.0000000	0.0080968	0.1902284	0.1073065	0.0000000	0.0000000
7419.9942875	7314.9864987	7314.8730566	0.0000000	0.0000000	0.0090808	0.1892877	0.1080509	0.0000000	0.0000000
7419.9942875	7309.9886382	7309.7136426	0.0000000	0.0000000	0.0071030	0.1886018	0.1084680	0.0000000	0.0000000
7419.9942875	7304.9851431	7304.6092822	0.0000000	0.0000000	0.0081287	0.1890641	0.1078007	0.0000000	0.0000000
7419.9942875	7299.9844653	7299.9348730	0.0000000	0.0000000	0.0092776	0.1898079	0.1066643	0.0000000	0.0000000
7419.9942875	7294.9837875	7294.8355176	0.0000000	0.0000000	0.0087463	0.1876353	0.1095848	0.0000000	0.0000000
7419.9942875	7289.9831097	7289.7361621	0.0000000	0.0000000	0.0079766	0.1883381	0.1084365	0.0000000	0.0000000
7419.9942875	7284.9852492	7284.6368066	0.0000000	0.0000000	0.0076837	0.1884956	0.1084557	0.0000000	0.0000000
7419.9942875	7279.9847963	7279.9623975	0.0000000	0.0000000	0.0087643	0.1872588	0.1110157	0.0000000	0.0000000
7419.9942875	7275.0097731	7274.8630420	0.0000000	0.0000000	0.0111486	0.1876625	0.1117001	0.0000000	0.0000000
7419.9942875	7270.0058813	7269.7636865	0.0000000	0.0000000	0.0090382	0.1878379	0.1106169	0.0000000	0.0000000
7419.9942875	7265.0019895	7264.6888672	0.0000000	0.0000000	0.0065042	0.1881541	0.1090667	0.0000000	0.0000000
7419.9942875	7260.0173434	7259.6483984	0.0000000	0.0000000	0.0067974	0.1877003	0.1081073	0.0000000	0.0000000
7419.9942875	7255.0134516	7254.6079297	0.0000000	0.0000000	0.0081287	0.1877622	0.1081361	0.0000000	0.0000000
7419.9942875	7250.0095598	7249.9875000	0.0000000	0.0000000	0.0058160	0.1869753	0.1043334	0.0000000	0.0000000
7419.9942875	7245.0056680	7244.9470313	0.0000000	0.0000000	0.0058556	0.1879513	0.1047054	0.0000000	0.0000000
7419.9942875	7240.0081915	7239.9065625	0.0000000	0.0000000	0.0047316	0.1884298	0.1036067	0.0000000	0.0000000
7419.9942875	7235.0042997	7234.8660938	0.0000000	0.0000000	0.0053207	0.1894827	0.1014680	0.0000000	0.0000000
7419.9942875	7230.0068231	7229.8256250	0.0000000	0.0000000	0.0035759	0.1900995	0.1018495	0.0000000	0.0000000
7419.9942875	7225.0099061	7224.7851563	0.0000000	0.0000000	0.0035114	0.1892308	0.1015076	0.0000000	0.0000000
7419.9942875	7220.0147186	7219.8026367	0.0000000	0.0000000	0.0046364	0.1904116	0.1035449	0.0000000	0.0000000
7419.9942875	7215.0064889	7214.8201172	0.0000000	0.0000000	0.0044181	0.1882742	0.1062969	0.0000000	0.0000000
7419.9942875	7210.0080408	7209.8375977	0.0000000	0.0000000	0.0053060	0.1901814	0.1071927	0.0000000	0.0000000
7419.9942875	7205.0063322	7204.8550781	0.0000000	0.0000000	0.0071333	0.1890916	0.1089845	0.0000000	0.0000000
7419.9942875	7200.0013630	7199.8725586	0.0000000	0.0000000	0.0052499	0.1909111	0.1071808	0.0000000	0.0000000
7419.9942875	7195.0094361	7194.8900391	0.0000000	0.0000000	0.0055856	0.1916060	0.1074054	0.0000000	0.0000000
7419.9942875	7190.0109881	7189.9075195	0.0000000	0.0000000	0.0059121	0.1922346	0.1062292	0.0000000	0.0000000
7419.9942875	7185.0092794	7184.9250000	0.0000000	0.0000000	0.0052352	0.1906182	0.1069053	0.0000000	0.0000000
7419.9942875	7180.0075708	7179.9804492	0.0000000	0.0000000	0.0036016	0.1892916	0.1060309	0.0000000	0.0000000
7419.9942875	7175.0221650	7174.6444189	0.0000000	0.0000000	0.0036493	0.1892896	0.1066102	0.0000000	0.0000000
7419.9942875	7169.9976324	7169.7188525	0.0000000	0.0000000	0.0034860	0.1896703	0.1041451	0.0000000	0.0000000
7419.9942875	7164.9849088	7164.7932861	0.0000000	0.0000000	0.0021160	0.1898451	0.1026361	0.0000000	0.0000000
7419.9942875	7160.0311178	7159.8677197	0.0000000	0.0000000	0.0019500	0.1901387	0.1033641	0.0000000	0.0000000
7419.9942875	7155.0261947	7154.9421533	0.0000000	0.0000000	0.0021925	0.1887189	0.1065264	0.0000000	0.0000000
7419.9942875	7150.0302950	7149.6061230	0.0000000	0.0000000	0.0025020	0.1883625	0.1066853	0.0000000	0.0000000
7419.9942875	7145.0223642	7144.6805566	0.0000000	0.0000000	0.0012996	0.1883239	0.1042211	0.0000000	0.0000000
7419.9942875	7140.0264644	7139.7829688	0.0000000	0.0000000	0.0007439	0.1887928	0.1025823	0.0000000	0.0000000
7419.9942875	7135.0185336	7134.9133594	0.0000000	0.0000000	0.0007933	0.1891516	0.1029048	0.0000000	0.0000000
7419.9942875	7130.0256416	7129.6379492	0.0000000	0.0000000	0.0013577	0.1910702	0.1038656	0.0000000	0.0000000
7419.9942875	7125.0207186	7124.7683398	0.0000000	0.0000000	0.0012695	0.1888663	0.1041647	0.0000000	0.0000000
7419.9942875	7120.0248188	7119.8987305	0.0000000	0.0000000	0.0006663	0.1890104	0.1028862	0.0000000	0.0000000
7419.9942875	7114.9843181	7114.6233203	0.0000000	0.0000000	0.0007843	0.1876691	0.1043805	0.0000000	0.0000000
7419.9942875	7109.9857704	7109.7537109	0.0000000	0.0000000	0.0008090	0.1870261	0.1041920	0.0000000	0.0000000
7419.9942875	7104.9837419	7104.8841016	0.0000000	0.0000000	0.0009291	0.1876465	0.1032969	0.0000000	0.0000000
7419.9942875	7099.9851943	7099.6316406	0.0000000	0.0000000	0.0006798	0.1887150	0.1034861	0.0000000	0.0000000
7419.9942875	7094.9831658	7094.8171094	0.0000000	0.0000000	0.0006021	0.1898832	0.1031484	0.0000000	0.0000000
7419.9942875	7089.9846182	7089.6013672	0.0000000	0.0000000	0.0003744	0.1896050	0.1039108	0.0000000	0.0000000
7419.9942875	7084.9930324	7084.7868359	0.0000000	0.0000000	0.0003396	0.1888104	0.1023951	0.0000000	0.0000000
7419.9942875	7079.9875230	7079.9723047	0.0000000	0.0000000	0.0002872	0.1889041	0.1033907	0.0000000	0.0000000
7419.9942875	7074.9889754	7074.7565625	0.0000000	0.0000000	0.0002683	0.1881732	0.1023477	0.0000000	0.0000000
7419.9942875	7069.9834660	7069.9420313	0.0000000	0.0000000	0.0001396	0.1881465	0.1019142	0.0000000	0.0000000
7419.9942875	7065.0058037	7064.7262891	0.0000000	0.0000000	0.0001041	0.1885775	0.1019497	0.0000000	0.0000000
7419.9942875	7059.9824510	7059.9297656	0.0000000	0.0000000	0.0001398	0.1886279	0.1026750	0.0000000	0.0000000
7419.9942875	7054.9841606	7054.7725488	0.0000000	0.0000000	0.0001615	0.1884425	0.1019109	0.0000000	0.0000000
7419.9942875	7049.9819654	7049.6153320	0.0000000	0.0000000	0.0001786	0.1888545	0.1004723	0.0000000	0.0000000
7419.9942875	7044.9875799	7044.8548242	0.0000000	0.0000000	0.0001222	0.1894379	0.0983816	0.0000000	0.0000000
7419.9942875	7039.9853847	7039.6976074	0.0000000	0.0000000	0.0001744	0.1899148	0.1002366	0.0000000	0.0000000
7419.9942875	7034.9831894	7034.9370996	0.0000000	0.0000000	0.0001989	0.1892319	0.0988278	0.0000000	0.0000000
7419.9942875	7029.9809941	7029.7798828	0.0000000	0.0000000	0.0002083	0.1887695	0.0993889	0.0000000	0.0000000
7419.9942875	7024.9827038	7024.6226660	0.0000000	0.0000000	0.0002008	0.1883177	0.0995260	0.0000000	0.0000000
7419.9942875	7019.9805085	7019.8843262	0.0000000	0.0000000	0.0001285	0.1872235	0.1005333	0.0000000	0.0000000
7419.9942875	7014.9822181	7014.7847461	0.0000000	0.0000000	0.0002467	0.1883208	0.1006683	0.0000000	0.0000000
7419.9942875	7009.9839278	7009.6851660	0.0000000	0.0000000	0.0001266	0.1887103	0.0994376	0.0000000	0.0000000
7419.9942875	7004.9778276	7004.9778613	0.0000000	0.0000000	0.0001088	0.1887244	0.0990162	0.0000000	0.0000000
