7079.9971531	7599.9977245	7599.5502051	0.0000000	0.0000000	0.0186979	0.1673387	0.1224760	0.0000000	7080.0000000
7079.9971531	7594.9867234	7594.9313574	0.0000000	0.0000000	0.0200367	0.1665868	0.1194247	0.0000000	0.0000000
7079.9971531	7589.9849267	7589.8506250	0.0000000	0.0000000	0.0219369	0.1656437	0.1222369	0.0000000	0.0000000
7079.9971531	7584.9923107	7584.7698926	0.0000000	0.0000000	0.0218999	0.1659497	0.1225922	0.0000000	0.0000000
7079.9971531	7579.9869519	7579.6891602	0.0000000	0.0000000	0.0206643	0.1663860	0.1221654	0.0000000	0.0000000
7079.9971531	7574.9866901	7574.6139941	0.0000000	0.0000000	0.0220544	0.1659141	0.1231937	0.0000000	0.0000000
7079.9971531	7569.9889770	7569.5944922	0.0000000	0.0000000	0.0250708	0.1652551	0.1236823	0.0000000	0.0000000
7079.9971531	7564.9887153	7564.5749902	0.0000000	0.0000000	0.0219534	0.1645244	0.1232777	0.0000000	0.0000000
7079.9971531	7559.9859050	7559.5554883	0.0000000	0.0000000	0.0213756	0.1661798	0.1233840	0.0000000	0.0000000
7079.9971531	7554.9881918	7554.9923047	0.0000000	0.0000000	0.0202699	0.1661744	0.1225739	0.0000000	0.0000000
7079.9971531	7549.9853816	7549.9728027	0.0000000	0.0000000	0.0212784	0.1656276	0.1238357	0.0000000	0.0000000
7079.9971531	7544.9851198	7544.9533008	0.0000000	0.0000000	0.0188408	0.1659153	0.1210579	0.0000000	0.0000000
7079.9971531	7539.9872981	7539.9337988	0.0000000	0.0000000	0.0211835	0.1657811	0.1225179	0.0000000	0.0000000
7079.9971531	7535.0301440	7534.9142969	0.0000000	0.0000000	0.0197161	0.1663772	0.1214237	0.0000000	0.0000000
7079.9971531	7529.9859713	7529.8947949	0.0000000	0.0000000	0.0215402	0.1662281	0.1218893	0.0000000	0.0000000
7079.9971531	7525.0375191	7524.9299316	0.0000000	0.0000000	0.0234619	0.1656788	0.1233468	0.0000000	0.0000000
7079.9971531	7519.9875452	7519.9705322	0.0000000	0.0000000	0.0208217	0.1661383	0.1238666	0.0000000	0.0000000
7079.9971531	7515.0361924	7514.5602783	0.0000000	0.0000000	0.0187961	0.1660052	0.1225923	0.0000000	0.0000000
7079.9971531	7510.0239266	7509.6008789	0.0000000	0.0000000	0.0202004	0.1656707	0.1223552	0.0000000	0.0000000
7079.9971531	7505.0319651	7504.6414795	0.0000000	0.0000000	0.0217158	0.1658773	0.1223680	0.0000000	0.0000000
7079.9971531	7499.9848918	7499.6820801	0.0000000	0.0000000	0.0214513	0.1657847	0.1214857	0.0000000	0.0000000
7079.9971531	7495.0364396	7494.7226807	0.0000000	0.0000000	0.0187875	0.1664713	0.1205300	0.0000000	0.0000000
7079.9971531	7489.9899944	7489.7632813	0.0000000	0.0000000	0.0179153	0.1661583	0.1198398	0.0000000	0.0000000
7079.9971531	7484.9843817	7484.8038818	0.0000000	0.0000000	0.0196747	0.1651877	0.1200282	0.0000000	0.0000000
7079.9971531	7479.9844604	7479.8981445	0.0000000	0.0000000	0.0179666	0.1663842	0.1199414	0.0000000	0.0000000
7079.9971531	7474.9845391	7474.9977734	0.0000000	0.0000000	0.0212516	0.1656909	0.1221006	0.0000000	0.0000000
7079.9971531	7470.0301492	7469.6519141	0.0000000	0.0000000	0.0192662	0.1665363	0.1218544	0.0000000	0.0000000
7079.9971531	7464.9846965	7464.7515430	0.0000000	0.0000000	0.0186213	0.1656737	0.1225706	0.0000000	0.0000000
7079.9971531	7459.9847751	7459.8511719	0.0000000	0.0000000	0.0165902	0.1656807	0.1238624	0.0000000	0.0000000
7079.9971531	7454.9820081	7454.9508008	0.0000000	0.0000000	0.0136880	0.1648199	0.1230004	0.0000000	0.0000000
7079.9971531	7449.9849325	7449.6049414	0.0000000	0.0000000	0.0122921	0.1644070	0.1205732	0.0000000	0.0000000
7079.9971531	7444.9850112	7444.7045703	0.0000000	0.0000000	0.0128726	0.1658158	0.1198218	0.0000000	0.0000000
7079.9971531	7439.9850899	7439.8041992	0.0000000	0.0000000	0.0123248	0.1667104	0.1183414	0.0000000	0.0000000
7079.9971531	7434.9851686	7434.9618359	0.0000000	0.0000000	0.0140573	0.1646056	0.1185999	0.0000000	0.0000000
7079.9971531	7429.9899093	7429.6792578	0.0000000	0.0000000	0.0118267	0.1655916	0.1176846	0.0000000	0.0000000
7079.9971531	7424.9918312	7424.8368945	0.0000000	0.0000000	0.0107781	0.1660785	0.1166111	0.0000000	0.0000000
7079.9971531	7419.9883932	7419.9945313	0.0000000	0.0000000	0.0104358	0.1657972	0.1176067	0.0000000	0.0000000
7079.9971531	7414.9849553	7414.7119531	0.0000000	0.0000000	0.0098649	0.1648557	0.1167272	0.0000000	0.0000000
7079.9971531	7409.9868772	7409.8695898	0.0000000	0.0000000	0.0103960	0.1652438	0.1181841	0.0000000	0.0000000
7079.9971531	7404.9861191	7404.5870117	0.0000000	0.0000000	0.0105665	0.1657853	0.1172944	0.0000000	0.0000000
7079.9971531	7399.9853611	7399.7446484	0.0000000	0.0000000	0.0119250	0.1654236	0.1193066	0.0000000	0.0000000
7079.9971531	7394.9872830	7394.9126367	0.0000000	0.0000000	0.0094702	0.1658945	0.1169911	0.0000000	0.0000000
7079.9971531	7389.9838450	7389.6921680	0.0000000	0.0000000	0.0104275	0.1638105	0.1148496	0.0000000	0.0000000
7079.9971531	7384.9884468	7384.9067383	0.0000000	0.0000000	0.0106470	0.1644686	0.1138848	0.0000000	0.0000000
7079.9971531	7379.9820701	7379.6862695	0.0000000	0.0000000	0.0090759	0.1652573	0.1118634	0.0000000	0.0000000
7079.9971531	7375.0152613	7374.9008398	0.0000000	0.0000000	0.0092427	0.1649379	0.1122250	0.0000000	0.0000000
7079.9971531	7369.9997902	7369.6803711	0.0000000	0.0000000	0.0091119	0.1658031	0.1102860	0.0000000	0.0000000
7079.9971531	7365.0102724	7364.8949414	0.0000000	0.0000000	0.0112502	0.1657780	0.1111887	0.0000000	0.0000000
7079.9971531	7360.0012895	7359.6744727	0.0000000	0.0000000	0.0138839	0.1648408	0.1114065	0.0000000	0.0000000
7079.9971531	7355.0085275	7354.8890430	0.0000000	0.0000000	0.0142509	0.1657781	0.1113114	0.0000000	0.0000000
7079.9971531	7350.0157655	7349.6991016	0.0000000	0.0000000	0.0152488	0.1646650	0.1095498	0.0000000	0.0000000
7079.9971531	7345.0002944	7344.9696387	0.0000000	0.0000000	0.0143591	0.1636545	0.1071440	0.0000000	0.0000000
7079.9971531	7340.0042882	7339.8102246	0.0000000	0.0000000	0.0115933	0.1640734	0.1042747	0.0000000	0.0000000
7079.9971531	7335.0082820	7334.6508105	0.0000000	0.0000000	0.0125001	0.1655565	0.1041252	0.0000000	0.0000000
7079.9971531	7330.0025434	7329.9213477	0.0000000	0.0000000	0.0158359	0.1658557	0.1044116	0.0000000	0.0000000
7079.9971531	7325.0272963	7324.7619336	0.0000000	0.0000000	0.0158481	0.1653098	0.1048831	0.0000000	0.0000000
7079.9971531	7319.9843593	7319.6025195	0.0000000	0.0000000	0.0182449	0.1647729	0.1059989	0.0000000	0.0000000
7079.9971531	7314.9864987	7314.8730566	0.0000000	0.0000000	0.0207888	0.1659503	0.1055138	0.0000000	0.0000000
7079.9971531	7309.9858209	7309.7136426	0.0000000	0.0000000	0.0239556	0.1646688	0.1072909	0.0000000	0.0000000
7079.9971531	7304.9851431	7304.6092822	0.0000000	0.0000000	0.0208281	0.1645690	0.1065133	0.0000000	0.0000000
7079.9971531	7299.9844653	7299.9348730	0.0000000	0.0000000	0.0244004	0.1643794	0.1069561	0.0000000	0.0000000
7079.9971531	7294.9866048	7294.8355176	0.0000000	0.0000000	0.0275714	0.1643708	0.1080701	0.0000000	0.0000000
7079.9971531	7289.9831097	7289.7361621	0.0000000	0.0000000	0.0269253	0.1653342	0.1071720	0.0000000	0.0000000
7079.9971531	7284.9852492	7284.6368066	0.0000000	0.0000000	0.0264213	0.1651843	0.1065010	0.0000000	0.0000000
7079.9971531	7279.9912115	7279.9623975	0.0000000	0.0000000	0.0277036	0.1654510	0.1060033	0.0000000	0.0000000
7079.9971531	7275.0065655	7274.8630420	0.0000000	0.0000000	0.0334227	0.1647410	0.1068503	0.0000000	0.0000000
7079.9971531	7270.0026737	7269.7636865	0.0000000	0.0000000	0.0361162	0.1649240	0.1073169	0.0000000	0.0000000
7079.9971531	7265.0084048	7264.6888672	0.0000000	0.0000000	0.0397410	0.1644810	0.1078317	0.0000000	0.0000000
7079.9971531	7260.0141358	7259.6483984	0.0000000	0.0000000	0.0359197	0.1651031	0.1051747	0.0000000	0.0000000
7079.9971531	7255.0102440	7254.6079297	0.0000000	0.0000000	0.0417904	0.1647617	0.1052103	0.0000000	0.0000000
7079.9971531	7250.0063522	7249.9875000	0.0000000	0.0000000	0.0388672	0.1654570	0.1031741	0.0000000	0.0000000
7079.9971531	7245.0184985	7244.9470313	0.0000000	0.0000000	0.0479708	0.1645331	0.1041506	0.0000000	0.0000000
7079.9971531	7240.0049839	7239.9065625	0.0000000	0.0000000	0.0451600	0.1645298	0.1024601	0.0000000	0.0000000
7079.9971531	7235.0010921	7234.8660938	0.0000000	0.0000000	0.0452361	0.1644583	0.1000016	0.0000000	0.0000000
7079.9971531	7230.0100308	7229.8256250	0.0000000	0.0000000	0.0485271	0.1648146	0.1001206	0.0000000	0.0000000
7079.9971531	7225.0131667	7224.7851563	0.0000000	0.0000000	0.0505577	0.1651624	0.0996400	0.0000000	0.0000000
7079.9971531	7220.0016764	7219.8026367	0.0000000	0.0000000	0.0621179	0.1649315	0.1015359	0.0000000	0.0000000
7079.9971531	7215.0064889	7214.8201172	0.0000000	0.0000000	0.0800386	0.1639775	0.1044122	0.0000000	0.0000000
7079.9971531	7210.0113014	7209.8375977	0.0000000	0.0000000	0.0894169	0.1636461	0.1043638	0.0000000	0.0000000
7079.9971531	7205.0095928	7204.8550781	0.0000000	0.0000000	0.1060767	0.1652104	0.1060195	0.0000000	0.0000000
7079.9971531	7200.0111447	7199.8725586	0.0000000	0.0000000	0.1119758	0.1642947	0.1071383	0.0000000	0.0000000
7079.9971531	7195.0094361	7194.8900391	0.0000000	0.0000000	0.1106906	0.1648699	0.1066658	0.0000000	0.0000000
7079.9971531	7190.0044669	7189.9075195	0.0000000	0.0000000	0.1186842	0.1661265	0.1060071	0.0000000	0.0000000
7079.9971531	7185.0027583	7184.9250000	0.0000000	0.0000000	0.1291403	0.1654120	0.1073969	0.0000000	0.0000000
7079.9971531	7180.0010497	7179.9804492	0.0000000	0.0000000	0.1254218	0.1636595	0.1064823	0.0000000	0.0000000
7079.9971531	7175.0091228	7174.6444189	0.0000000	0.0000000	0.1307875	0.1651674	0.1058265	0.0000000	0.0000000
7079.9971531	7169.9943719	7169.7188525	0.0000000	0.0000000	0.1373086	0.1650536	0.1035553	0.0000000	0.0000000
7079.9971531	7165.0300253	7164.7932861	0.0000000	0.0000000	0.1192032	0.1643428	0.1010861	0.0000000	0.0000000
7079.9971531	7160.0220945	7159.8677197	0.0000000	0.0000000	0.1126996	0.1642983	0.1013655	0.0000000	0.0000000
7079.9971531	7155.0261947	7154.9421533	0.0000000	0.0000000	0.1186168	0.1646837	0.1022349	0.0000000	0.0000000
7079.9971531	7150.0333028	7149.6061230	0.0000000	0.0000000	0.1414833	0.1657632	0.1025492	0.0000000	0.0000000
7079.9971531	7145.0283797	7144.6805566	0.0000000	0.0000000	0.1405023	0.1654584	0.1017074	0.0000000	0.0000000
7079.9971531	7140.0324800	7139.7829688	0.0000000	0.0000000	0.1228483	0.1652288	0.1025081	0.0000000	0.0000000
7079.9971531	7135.0275569	7134.9133594	0.0000000	0.0000000	0.1208904	0.1661493	0.1018782	0.0000000	0.0000000
7079.9971531	7130.0346649	7129.6379492	0.0000000	0.0000000	0.1534605	0.1650162	0.1032052	0.0000000	0.0000000
7079.9971531	7125.0297419	7124.7683398	0.0000000	0.0000000	0.1554458	0.1644186	0.1015762	0.0000000	0.0000000
7079.9971531	7120.0278266	7119.8987305	0.0000000	0.0000000	0.1417188	0.1649348	0.0999424	0.0000000	0.0000000
7079.9971531	7114.9877989	7114.6233203	0.0000000	0.0000000	0.1469241	0.1649279	0.0993396	0.0000000	0.0000000
7079.9971531	7109.9822896	7109.7537109	0.0000000	0.0000000	0.1602947	0.1652075	0.0996678	0.0000000	0.0000000
7079.9971531	7104.9802611	7104.8841016	0.0000000	0.0000000	0.1601176	0.1637614	0.1009862	0.0000000	0.0000000
7079.9971531	7099.9851943	7099.6316406	0.0000000	0.0000000	0.1799845	0.1646515	0.0993970	0.0000000	0.0000000
7079.9971531	7094.9831658	7094.8171094	0.0000000	0.0000000	0.2257593	0.1639113	0.0992650	0.0000000	0.0000000
7079.9971531	7089.9811373	7089.6013672	0.0000000	0.0000000	0.3077903	0.1646715	0.0984514	0.0000000	0.0000000
7079.9971531	7084.9860706	7084.7868359	0.0000000	0.0000000	0.3452573	0.1647439	0.0984651	0.0000000	0.0000000
7079.9971531	7079.9910039	7079.9723047	0.0000000	0.0000000	0.2979973	0.1639391	0.0976328	0.0000000	0.0000000
7079.9971531	7074.9994180	7074.7565625	0.0000000	0.0000000	0.2001349	0.1646068	0.0963251	0.0000000	0.0000000
7079.9971531	7069.9869469	7069.9420313	0.0000000	0.0000000	0.1205624	0.1656508	0.0989775	0.0000000	0.0000000
7079.9971531	7064.9849184	7064.7262891	0.0000000	0.0000000	0.0923523	0.1639957	0.0987560	0.0000000	0.0000000
7079.9971531	7059.9824510	7059.9297656	0.0000000	0.0000000	0.0929143	0.1635156	0.0976766	0.0000000	0.0000000
7079.9971531	7054.9841606	7054.7725488	0.0000000	0.0000000	0.1024160	0.1644270	0.0952234	0.0000000	0.0000000
7079.9971531	7049.9819654	7049.6153320	0.0000000	0.0000000	0.1204491	0.1634963	0.0955533	0.0000000	0.0000000
7079.9971531	7044.9875799	7044.8548242	0.0000000	0.0000000	0.1184072	0.1628947	0.0958265	0.0000000	0.0000000
7079.9971531	7039.9814797	7039.6976074	0.0000000	0.0000000	0.1360748	0.1653202	0.0962367	0.0000000	0.0000000
7079.9971531	7034.9831894	7034.9370996	0.0000000	0.0000000	0.1559829	0.1640405	0.0979882	0.0000000	0.0000000
7079.9971531	7029.9848990	7029.7798828	0.0000000	0.0000000	0.1767853	0.1654515	0.0982581	0.0000000	0.0000000
7079.9971531	7024.9827038	7024.6226660	0.0000000	0.0000000	0.1821324	0.1650797	0.0958191	0.0000000	0.0000000
7079.9971531	7019.9766036	7019.8843262	0.0000000	0.0000000	0.1838246	0.1654987	0.0971544	0.0000000	0.0000000
7079.9971531	7014.9861230	7014.7847461	0.0000000	0.0000000	0.1945034	0.1637065	0.0995806	0.0000000	0.0000000
7079.9971531	7009.9878327	7009.6851660	0.0000000	0.0000000	0.1966381	0.1632269	0.0979326	0.0000000	0.0000000
7079.9971531	7004.9817325	7004.9778613	0.0000000	0.0000000	0.1942598	0.1638010	0.0973704	0.0000000	0.0000000
