7054.9999625	7599.9977245	7599.5502051	0.0000000	0.0000000	0.0186073	0.1613502	0.1208972	0.0000000	7055.0000000
7054.9999625	7594.9867234	7594.9313574	0.0000000	0.0000000	0.0192847	0.1620162	0.1193464	0.0000000	0.0000000
7054.9999625	7589.9849267	7589.8506250	0.0000000	0.0000000	0.0171534	0.1602391	0.1182826	0.0000000	0.0000000
7054.9999625	7584.9897621	7584.7698926	0.0000000	0.0000000	0.0190890	0.1604697	0.1195107	0.0000000	0.0000000
7054.9999625	7579.9895004	7579.6891602	0.0000000	0.0000000	0.0176960	0.1595619	0.1196597	0.0000000	0.0000000
7054.9999625	7574.9866901	7574.6139941	0.0000000	0.0000000	0.0172637	0.1584856	0.1196113	0.0000000	0.0000000
7054.9999625	7569.9864284	7569.5944922	0.0000000	0.0000000	0.0203784	0.1582662	0.1216085	0.0000000	0.0000000
7054.9999625	7564.9887153	7564.5749902	0.0000000	0.0000000	0.0206196	0.1599883	0.1218738	0.0000000	0.0000000
7054.9999625	7559.9884535	7559.5554883	0.0000000	0.0000000	0.0186580	0.1599949	0.1207822	0.0000000	0.0000000
7054.9999625	7554.9856433	7554.9923047	0.0000000	0.0000000	0.0186451	0.1608013	0.1207068	0.0000000	0.0000000
7054.9999625	7549.9853816	7549.9728027	0.0000000	0.0000000	0.0192882	0.1612371	0.1209116	0.0000000	0.0000000
7054.9999625	7544.9851198	7544.9533008	0.0000000	0.0000000	0.0186228	0.1615850	0.1209941	0.0000000	0.0000000
7054.9999625	7539.9872981	7539.9337988	0.0000000	0.0000000	0.0217926	0.1611216	0.1219636	0.0000000	0.0000000
7054.9999625	7534.9866347	7534.9142969	0.0000000	0.0000000	0.0191119	0.1602424	0.1204913	0.0000000	0.0000000
7054.9999625	7529.9830707	7529.8947949	0.0000000	0.0000000	0.0200421	0.1609293	0.1202899	0.0000000	0.0000000
7054.9999625	7525.0288172	7524.9299316	0.0000000	0.0000000	0.0210184	0.1618568	0.1211123	0.0000000	0.0000000
7054.9999625	7519.9875452	7519.9705322	0.0000000	0.0000000	0.0214656	0.1613251	0.1193785	0.0000000	0.0000000
7054.9999625	7515.0303911	7514.5602783	0.0000000	0.0000000	0.0257607	0.1614440	0.1203864	0.0000000	0.0000000
7054.9999625	7510.0297278	7509.6008789	0.0000000	0.0000000	0.0209899	0.1621095	0.1201440	0.0000000	0.0000000
7054.9999625	7505.0348657	7504.6414795	0.0000000	0.0000000	0.0243748	0.1605095	0.1200419	0.0000000	0.0000000
7054.9999625	7500.0342023	7499.6820801	0.0000000	0.0000000	0.0223274	0.1603872	0.1199923	0.0000000	0.0000000
7054.9999625	7495.0335390	7494.7226807	0.0000000	0.0000000	0.0223597	0.1595605	0.1200377	0.0000000	0.0000000
7054.9999625	7490.0241430	7489.7632813	0.0000000	0.0000000	0.0235696	0.1615334	0.1205210	0.0000000	0.0000000
7054.9999625	7484.9843817	7484.8038818	0.0000000	0.0000000	0.0218828	0.1617341	0.1209950	0.0000000	0.0000000
7054.9999625	7479.9873061	7479.8981445	0.0000000	0.0000000	0.0210763	0.1609812	0.1197870	0.0000000	0.0000000
7054.9999625	7474.9873848	7474.9977734	0.0000000	0.0000000	0.0212361	0.1601213	0.1204687	0.0000000	0.0000000
7054.9999625	7469.9846178	7469.6519141	0.0000000	0.0000000	0.0171121	0.1578801	0.1200693	0.0000000	0.0000000
7054.9999625	7465.0359193	7464.7515430	0.0000000	0.0000000	0.0146844	0.1565997	0.1197825	0.0000000	0.0000000
7054.9999625	7459.9847751	7459.8511719	0.0000000	0.0000000	0.0140576	0.1576011	0.1189508	0.0000000	0.0000000
7054.9999625	7455.0275396	7454.9508008	0.0000000	0.0000000	0.0139756	0.1590024	0.1196171	0.0000000	0.0000000
7054.9999625	7449.9877783	7449.6049414	0.0000000	0.0000000	0.0127485	0.1597651	0.1188766	0.0000000	0.0000000
7054.9999625	7445.0333884	7444.7045703	0.0000000	0.0000000	0.0139005	0.1585917	0.1186725	0.0000000	0.0000000
7054.9999625	7439.9850899	7439.8041992	0.0000000	0.0000000	0.0139696	0.1594043	0.1189612	0.0000000	0.0000000
7054.9999625	7434.9880144	7434.9618359	0.0000000	0.0000000	0.0167196	0.1612091	0.1198108	0.0000000	0.0000000
7054.9999625	7429.9872294	7429.6792578	0.0000000	0.0000000	0.0140564	0.1615250	0.1184816	0.0000000	0.0000000
7054.9999625	7424.9918312	7424.8368945	0.0000000	0.0000000	0.0120262	0.1628264	0.1171792	0.0000000	0.0000000
7054.9999625	7419.9857133	7419.9945313	0.0000000	0.0000000	0.0110613	0.1599053	0.1174376	0.0000000	0.0000000
7054.9999625	7414.9849553	7414.7119531	0.0000000	0.0000000	0.0100498	0.1599595	0.1151031	0.0000000	0.0000000
7054.9999625	7409.9841972	7409.8695898	0.0000000	0.0000000	0.0128794	0.1591559	0.1171211	0.0000000	0.0000000
7054.9999625	7404.9861191	7404.5870117	0.0000000	0.0000000	0.0109304	0.1576954	0.1163809	0.0000000	0.0000000
7054.9999625	7399.9853611	7399.7446484	0.0000000	0.0000000	0.0111343	0.1585850	0.1166968	0.0000000	0.0000000
7054.9999625	7394.9872830	7394.9126367	0.0000000	0.0000000	0.0108910	0.1585647	0.1162006	0.0000000	0.0000000
7054.9999625	7389.9865249	7389.6921680	0.0000000	0.0000000	0.0097123	0.1588304	0.1162206	0.0000000	0.0000000
7054.9999625	7384.9857669	7384.9067383	0.0000000	0.0000000	0.0089064	0.1589950	0.1135776	0.0000000	0.0000000
7054.9999625	7379.9820701	7379.6862695	0.0000000	0.0000000	0.0093203	0.1585271	0.1131722	0.0000000	0.0000000
7054.9999625	7375.0055289	7374.9008398	0.0000000	0.0000000	0.0090138	0.1590343	0.1117269	0.0000000	0.0000000
7054.9999625	7370.0062785	7369.6803711	0.0000000	0.0000000	0.0097379	0.1586078	0.1112275	0.0000000	0.0000000
7054.9999625	7365.0037840	7364.8949414	0.0000000	0.0000000	0.0100427	0.1577726	0.1096874	0.0000000	0.0000000
7054.9999625	7360.0045337	7359.6744727	0.0000000	0.0000000	0.0120337	0.1585079	0.1106449	0.0000000	0.0000000
7054.9999625	7355.0150158	7354.8890430	0.0000000	0.0000000	0.0117531	0.1610638	0.1087546	0.0000000	0.0000000
7054.9999625	7350.0027889	7349.6991016	0.0000000	0.0000000	0.0116620	0.1610508	0.1077932	0.0000000	0.0000000
7054.9999625	7344.9970502	7344.9696387	0.0000000	0.0000000	0.0109320	0.1612239	0.1051080	0.0000000	0.0000000
7054.9999625	7340.0140207	7339.8102246	0.0000000	0.0000000	0.0094634	0.1604764	0.1023693	0.0000000	0.0000000
7054.9999625	7335.0082820	7334.6508105	0.0000000	0.0000000	0.0110731	0.1605529	0.1029674	0.0000000	0.0000000
7054.9999625	7330.0122759	7329.9213477	0.0000000	0.0000000	0.0148290	0.1603463	0.1045433	0.0000000	0.0000000
7054.9999625	7325.0244790	7324.7619336	0.0000000	0.0000000	0.0168445	0.1591179	0.1059688	0.0000000	0.0000000
7054.9999625	7319.9843593	7319.6025195	0.0000000	0.0000000	0.0153676	0.1603677	0.1046926	0.0000000	0.0000000
7054.9999625	7314.9864987	7314.8730566	0.0000000	0.0000000	0.0174979	0.1592666	0.1047996	0.0000000	0.0000000
7054.9999625	7309.9886382	7309.7136426	0.0000000	0.0000000	0.0184385	0.1581310	0.1044420	0.0000000	0.0000000
7054.9999625	7304.9851431	7304.6092822	0.0000000	0.0000000	0.0167192	0.1581021	0.1053495	0.0000000	0.0000000
7054.9999625	7299.9844653	7299.9348730	0.0000000	0.0000000	0.0173527	0.1604618	0.1053750	0.0000000	0.0000000
7054.9999625	7294.9837875	7294.8355176	0.0000000	0.0000000	0.0172687	0.1609160	0.1042202	0.0000000	0.0000000
7054.9999625	7289.9831097	7289.7361621	0.0000000	0.0000000	0.0220433	0.1596288	0.1079755	0.0000000	0.0000000
7054.9999625	7284.9852492	7284.6368066	0.0000000	0.0000000	0.0243589	0.1599263	0.1087888	0.0000000	0.0000000
7054.9999625	7279.9880039	7279.9623975	0.0000000	0.0000000	0.0265270	0.1588060	0.1074587	0.0000000	0.0000000
7054.9999625	7275.0161883	7274.8630420	0.0000000	0.0000000	0.0282269	0.1588181	0.1071536	0.0000000	0.0000000
7054.9999625	7270.0155042	7269.7636865	0.0000000	0.0000000	0.0290890	0.1576248	0.1071567	0.0000000	0.0000000
7054.9999625	7265.0084048	7264.6888672	0.0000000	0.0000000	0.0278833	0.1587623	0.1056925	0.0000000	0.0000000
7054.9999625	7260.0045130	7259.6483984	0.0000000	0.0000000	0.0277670	0.1594929	0.1048901	0.0000000	0.0000000
7054.9999625	7255.0134516	7254.6079297	0.0000000	0.0000000	0.0309585	0.1589197	0.1049299	0.0000000	0.0000000
7054.9999625	7250.0095598	7249.9875000	0.0000000	0.0000000	0.0380332	0.1593552	0.1065319	0.0000000	0.0000000
7054.9999625	7245.0184985	7244.9470313	0.0000000	0.0000000	0.0373160	0.1585748	0.1035219	0.0000000	0.0000000
7054.9999625	7240.0113991	7239.9065625	0.0000000	0.0000000	0.0266307	0.1600741	0.0987037	0.0000000	0.0000000
7054.9999625	7235.0075073	7234.8660938	0.0000000	0.0000000	0.0284749	0.1601155	0.0976555	0.0000000	0.0000000
7054.9999625	7230.0100308	7229.8256250	0.0000000	0.0000000	0.0322408	0.1595109	0.0973280	0.0000000	0.0000000
7054.9999625	7225.0001244	7224.7851563	0.0000000	0.0000000	0.0377817	0.1590795	0.0995479	0.0000000	0.0000000
7054.9999625	7220.0114581	7219.8026367	0.0000000	0.0000000	0.0495692	0.1588430	0.1007439	0.0000000	0.0000000
7054.9999625	7215.0097495	7214.8201172	0.0000000	0.0000000	0.0619927	0.1577780	0.1034771	0.0000000	0.0000000
7054.9999625	7210.0113014	7209.8375977	0.0000000	0.0000000	0.0776758	0.1562180	0.1045240	0.0000000	0.0000000
7054.9999625	7205.0095928	7204.8550781	0.0000000	0.0000000	0.0885929	0.1566273	0.1048763	0.0000000	0.0000000
7054.9999625	7200.0078842	7199.8725586	0.0000000	0.0000000	0.0859800	0.1577367	0.1055238	0.0000000	0.0000000
7054.9999625	7195.0061755	7194.8900391	0.0000000	0.0000000	0.0838290	0.1589489	0.1042491	0.0000000	0.0000000
7054.9999625	7190.0109881	7189.9075195	0.0000000	0.0000000	0.1004321	0.1590983	0.1050824	0.0000000	0.0000000
7054.9999625	7184.9994977	7184.9250000	0.0000000	0.0000000	0.1111700	0.1589717	0.1057422	0.0000000	0.0000000
7054.9999625	7180.0043103	7179.9804492	0.0000000	0.0000000	0.1070823	0.1582412	0.1048893	0.0000000	0.0000000
7054.9999625	7175.0091228	7174.6444189	0.0000000	0.0000000	0.1119233	0.1592179	0.1046863	0.0000000	0.0000000
7054.9999625	7170.0008930	7169.7188525	0.0000000	0.0000000	0.1193815	0.1590833	0.1036514	0.0000000	0.0000000
7054.9999625	7165.0300253	7164.7932861	0.0000000	0.0000000	0.1081350	0.1589293	0.1017063	0.0000000	0.0000000
7054.9999625	7160.0311178	7159.8677197	0.0000000	0.0000000	0.1017054	0.1589244	0.1025391	0.0000000	0.0000000
7054.9999625	7155.0231870	7154.9421533	0.0000000	0.0000000	0.1033568	0.1603372	0.1017401	0.0000000	0.0000000
7054.9999625	7150.0302950	7149.6061230	0.0000000	0.0000000	0.1246509	0.1598905	0.1018663	0.0000000	0.0000000
7054.9999625	7145.0223642	7144.6805566	0.0000000	0.0000000	0.1202762	0.1595555	0.1005303	0.0000000	0.0000000
7054.9999625	7140.0204489	7139.7829688	0.0000000	0.0000000	0.1084244	0.1598732	0.1011276	0.0000000	0.0000000
7054.9999625	7135.0305647	7134.9133594	0.0000000	0.0000000	0.1106252	0.1592888	0.1010710	0.0000000	0.0000000
7054.9999625	7130.0256416	7129.6379492	0.0000000	0.0000000	0.1385137	0.1601958	0.1028682	0.0000000	0.0000000
7054.9999625	7125.0327496	7124.7683398	0.0000000	0.0000000	0.1357003	0.1598068	0.1014762	0.0000000	0.0000000
7054.9999625	7120.0248188	7119.8987305	0.0000000	0.0000000	0.1285490	0.1616091	0.0991760	0.0000000	0.0000000
7054.9999625	7114.9843181	7114.6233203	0.0000000	0.0000000	0.1292727	0.1606331	0.0989741	0.0000000	0.0000000
7054.9999625	7109.9857704	7109.7537109	0.0000000	0.0000000	0.1443123	0.1598979	0.1008188	0.0000000	0.0000000
7054.9999625	7104.9837419	7104.8841016	0.0000000	0.0000000	0.1401527	0.1608535	0.0991761	0.0000000	0.0000000
7054.9999625	7099.9817134	7099.6316406	0.0000000	0.0000000	0.1467505	0.1616270	0.0977443	0.0000000	0.0000000
7054.9999625	7094.9831658	7094.8171094	0.0000000	0.0000000	0.1498276	0.1619950	0.0997167	0.0000000	0.0000000
7054.9999625	7089.9811373	7089.6013672	0.0000000	0.0000000	0.1524439	0.1616536	0.0987825	0.0000000	0.0000000
7054.9999625	7084.9860706	7084.7868359	0.0000000	0.0000000	0.1451910	0.1604471	0.0990814	0.0000000	0.0000000
7054.9999625	7079.9910039	7079.9723047	0.0000000	0.0000000	0.1199143	0.1600654	0.0968964	0.0000000	0.0000000
7054.9999625	7074.9889754	7074.7565625	0.0000000	0.0000000	0.1335217	0.1587792	0.0965294	0.0000000	0.0000000
7054.9999625	7069.9834660	7069.9420313	0.0000000	0.0000000	0.1728230	0.1580741	0.0972361	0.0000000	0.0000000
7054.9999625	7064.9883993	7064.7262891	0.0000000	0.0000000	0.2547465	0.1581675	0.0981432	0.0000000	0.0000000
7054.9999625	7059.9863559	7059.9297656	0.0000000	0.0000000	0.3092998	0.1597103	0.0969607	0.0000000	0.0000000
7054.9999625	7054.9841606	7054.7725488	0.0000000	0.0000000	0.3199153	0.1593597	0.0967036	0.0000000	0.0000000
7054.9999625	7049.9819654	7049.6153320	0.0000000	0.0000000	0.2812369	0.1603030	0.0958021	0.0000000	0.0000000
7054.9999625	7044.9875799	7044.8548242	0.0000000	0.0000000	0.2119786	0.1596367	0.0972206	0.0000000	0.0000000
7054.9999625	7039.9814797	7039.6976074	0.0000000	0.0000000	0.1807017	0.1599767	0.0990907	0.0000000	0.0000000
7054.9999625	7034.9870943	7034.9370996	0.0000000	0.0000000	0.1705385	0.1618445	0.0970232	0.0000000	0.0000000
7054.9999625	7029.9809941	7029.7798828	0.0000000	0.0000000	0.1824185	0.1621613	0.0948490	0.0000000	0.0000000
7054.9999625	7024.9827038	7024.6226660	0.0000000	0.0000000	0.2047351	0.1609636	0.0961616	0.0000000	0.0000000
7054.9999625	7019.9844134	7019.8843262	0.0000000	0.0000000	0.2007018	0.1611508	0.0950046	0.0000000	0.0000000
7054.9999625	7014.9861230	7014.7847461	0.0000000	0.0000000	0.2127544	0.1615128	0.0956080	0.0000000	0.0000000
7054.9999625	7009.9839278	7009.6851660	0.0000000	0.0000000	0.2218130	0.1610490	0.0958167	0.0000000	0.0000000
7054.9999625	7004.9817325	7004.9778613	0.0000000	0.0000000	0.2260570	0.1617103	0.0962975	0.0000000	0.0000000
