7279.9954639	7599.9977245	7599.5502051	0.0000000	0.0000000	0.0179513	0.1896030	0.1255800	0.0000000	7280.0000000
7279.9954639	7594.9867234	7594.9313574	0.0000000	0.0000000	0.0185270	0.1896156	0.1246725	0.0000000	0.0000000
7279.9954639	7589.9849267	7589.8506250	0.0000000	0.0000000	0.0202108	0.1907593	0.1240576	0.0000000	0.0000000
7279.9954639	7584.9897621	7584.7698926	0.0000000	0.0000000	0.0221678	0.1905868	0.1242419	0.0000000	0.0000000
7279.9954639	7579.9895004	7579.6891602	0.0000000	0.0000000	0.0216730	0.1912910	0.1249254	0.0000000	0.0000000
7279.9954639	7574.9866901	7574.6139941	0.0000000	0.0000000	0.0196448	0.1919854	0.1249651	0.0000000	0.0000000
7279.9954639	7569.9864284	7569.5944922	0.0000000	0.0000000	0.0195499	0.1911829	0.1256733	0.0000000	0.0000000
7279.9954639	7564.9887153	7564.5749902	0.0000000	0.0000000	0.0213131	0.1913689	0.1269039	0.0000000	0.0000000
7279.9954639	7559.9859050	7559.5554883	0.0000000	0.0000000	0.0212330	0.1907412	0.1253715	0.0000000	0.0000000
7279.9954639	7554.9881918	7554.9923047	0.0000000	0.0000000	0.0183789	0.1914574	0.1249564	0.0000000	0.0000000
7279.9954639	7549.9853816	7549.9728027	0.0000000	0.0000000	0.0222599	0.1922550	0.1281263	0.0000000	0.0000000
7279.9954639	7544.9851198	7544.9533008	0.0000000	0.0000000	0.0230336	0.1918403	0.1273506	0.0000000	0.0000000
7279.9954639	7539.9872981	7539.9337988	0.0000000	0.0000000	0.0201090	0.1901943	0.1261891	0.0000000	0.0000000
7279.9954639	7534.9837341	7534.9142969	0.0000000	0.0000000	0.0214447	0.1903148	0.1253353	0.0000000	0.0000000
7279.9954639	7530.0323812	7529.8947949	0.0000000	0.0000000	0.0211705	0.1903043	0.1247954	0.0000000	0.0000000
7279.9954639	7525.0288172	7524.9299316	0.0000000	0.0000000	0.0189546	0.1907834	0.1235891	0.0000000	0.0000000
7279.9954639	7519.9875452	7519.9705322	0.0000000	0.0000000	0.0187544	0.1898577	0.1218741	0.0000000	0.0000000
7279.9954639	7515.0274905	7514.5602783	0.0000000	0.0000000	0.0195206	0.1916743	0.1233364	0.0000000	0.0000000
7279.9954639	7510.0326284	7509.6008789	0.0000000	0.0000000	0.0216394	0.1917703	0.1243450	0.0000000	0.0000000
7279.9954639	7504.9826546	7504.6414795	0.0000000	0.0000000	0.0215186	0.1915476	0.1246554	0.0000000	0.0000000
7279.9954639	7500.0313017	7499.6820801	0.0000000	0.0000000	0.0217070	0.1908627	0.1257145	0.0000000	0.0000000
7279.9954639	7495.0364396	7494.7226807	0.0000000	0.0000000	0.0222555	0.1915901	0.1253235	0.0000000	0.0000000
7279.9954639	7490.0269887	7489.7632813	0.0000000	0.0000000	0.0233401	0.1907281	0.1267383	0.0000000	0.0000000
7279.9954639	7484.9843817	7484.8038818	0.0000000	0.0000000	0.0215831	0.1893544	0.1247979	0.0000000	0.0000000
7279.9954639	7479.9873061	7479.8981445	0.0000000	0.0000000	0.0258842	0.1898629	0.1259656	0.0000000	0.0000000
7279.9954639	7474.9845391	7474.9977734	0.0000000	0.0000000	0.0254445	0.1903315	0.1258429	0.0000000	0.0000000
7279.9954639	7469.9817720	7469.6519141	0.0000000	0.0000000	0.0261664	0.1894709	0.1253406	0.0000000	0.0000000
7279.9954639	7464.9846965	7464.7515430	0.0000000	0.0000000	0.0204728	0.1908334	0.1266565	0.0000000	0.0000000
7279.9954639	7459.9819294	7459.8511719	0.0000000	0.0000000	0.0201213	0.1907512	0.1265375	0.0000000	0.0000000
7279.9954639	7454.9820081	7454.9508008	0.0000000	0.0000000	0.0190468	0.1914966	0.1260342	0.0000000	0.0000000
7279.9954639	7449.9849325	7449.6049414	0.0000000	0.0000000	0.0194989	0.1901956	0.1261091	0.0000000	0.0000000
7279.9954639	7444.9850112	7444.7045703	0.0000000	0.0000000	0.0211342	0.1891929	0.1254398	0.0000000	0.0000000
7279.9954639	7439.9850899	7439.8041992	0.0000000	0.0000000	0.0236306	0.1900526	0.1244238	0.0000000	0.0000000
7279.9954639	7434.9851686	7434.9618359	0.0000000	0.0000000	0.0237395	0.1899001	0.1242898	0.0000000	0.0000000
7279.9954639	7429.9872294	7429.6792578	0.0000000	0.0000000	0.0204846	0.1902776	0.1235164	0.0000000	0.0000000
7279.9954639	7424.9864714	7424.8368945	0.0000000	0.0000000	0.0195254	0.1902556	0.1235690	0.0000000	0.0000000
7279.9954639	7419.9857133	7419.9945313	0.0000000	0.0000000	0.0184648	0.1911293	0.1221605	0.0000000	0.0000000
7279.9954639	7414.9849553	7414.7119531	0.0000000	0.0000000	0.0190903	0.1908839	0.1209966	0.0000000	0.0000000
7279.9954639	7409.9841972	7409.8695898	0.0000000	0.0000000	0.0165342	0.1908534	0.1208739	0.0000000	0.0000000
7279.9954639	7404.9861191	7404.5870117	0.0000000	0.0000000	0.0187810	0.1909603	0.1214648	0.0000000	0.0000000
7279.9954639	7399.9853611	7399.7446484	0.0000000	0.0000000	0.0188738	0.1902462	0.1198353	0.0000000	0.0000000
7279.9954639	7394.9846030	7394.9126367	0.0000000	0.0000000	0.0217130	0.1906078	0.1201746	0.0000000	0.0000000
7279.9954639	7389.9865249	7389.6921680	0.0000000	0.0000000	0.0238960	0.1908096	0.1200525	0.0000000	0.0000000
7279.9954639	7384.9857669	7384.9067383	0.0000000	0.0000000	0.0253511	0.1908597	0.1206433	0.0000000	0.0000000
7279.9954639	7379.9820701	7379.6862695	0.0000000	0.0000000	0.0249991	0.1911713	0.1199933	0.0000000	0.0000000
7279.9954639	7375.0055289	7374.9008398	0.0000000	0.0000000	0.0261735	0.1906581	0.1190391	0.0000000	0.0000000
7279.9954639	7370.0127668	7369.6803711	0.0000000	0.0000000	0.0263068	0.1904050	0.1151703	0.0000000	0.0000000
7279.9954639	7365.0037840	7364.8949414	0.0000000	0.0000000	0.0279069	0.1903501	0.1133931	0.0000000	0.0000000
7279.9954639	7360.0077779	7359.6744727	0.0000000	0.0000000	0.0321222	0.1915626	0.1126578	0.0000000	0.0000000
7279.9954639	7355.0052834	7354.8890430	0.0000000	0.0000000	0.0339424	0.1916825	0.1126022	0.0000000	0.0000000
7279.9954639	7350.0027889	7349.6991016	0.0000000	0.0000000	0.0345460	0.1908820	0.1099143	0.0000000	0.0000000
7279.9954639	7345.0132710	7344.9696387	0.0000000	0.0000000	0.0343827	0.1911851	0.1096409	0.0000000	0.0000000
7279.9954639	7340.0042882	7339.8102246	0.0000000	0.0000000	0.0309199	0.1925963	0.1081187	0.0000000	0.0000000
7279.9954639	7335.0147704	7334.6508105	0.0000000	0.0000000	0.0367748	0.1908700	0.1080664	0.0000000	0.0000000
7279.9954639	7330.0090317	7329.9213477	0.0000000	0.0000000	0.0489214	0.1900548	0.1097463	0.0000000	0.0000000
7279.9954639	7325.0272963	7324.7619336	0.0000000	0.0000000	0.0495868	0.1900162	0.1091843	0.0000000	0.0000000
7279.9954639	7319.9843593	7319.6025195	0.0000000	0.0000000	0.0489626	0.1906195	0.1098831	0.0000000	0.0000000
7279.9954639	7314.9864987	7314.8730566	0.0000000	0.0000000	0.0551615	0.1906091	0.1083706	0.0000000	0.0000000
7279.9954639	7309.9858209	7309.7136426	0.0000000	0.0000000	0.0627607	0.1895233	0.1105977	0.0000000	0.0000000
7279.9954639	7304.9879604	7304.6092822	0.0000000	0.0000000	0.0593036	0.1889761	0.1093246	0.0000000	0.0000000
7279.9954639	7299.9816481	7299.9348730	0.0000000	0.0000000	0.0619602	0.1905845	0.1068953	0.0000000	0.0000000
7279.9954639	7294.9837875	7294.8355176	0.0000000	0.0000000	0.0824674	0.1914655	0.1063969	0.0000000	0.0000000
7279.9954639	7289.9831097	7289.7361621	0.0000000	0.0000000	0.1383304	0.1905878	0.1067627	0.0000000	0.0000000
7279.9954639	7284.9852492	7284.6368066	0.0000000	0.0000000	0.2071722	0.1908783	0.1072893	0.0000000	0.0000000
7279.9954639	7280.0393259	7279.9623975	0.0000000	0.0000000	0.2292043	0.1905747	0.1080095	0.0000000	0.0000000
7279.9954639	7275.0161883	7274.8630420	0.0000000	0.0000000	0.2056853	0.1907286	0.1108489	0.0000000	0.0000000
7279.9954639	7270.0090889	7269.7636865	0.0000000	0.0000000	0.1289320	0.1908909	0.1111102	0.0000000	0.0000000
7279.9954639	7265.0051971	7264.6888672	0.0000000	0.0000000	0.0731617	0.1907135	0.1077440	0.0000000	0.0000000
7279.9954639	7260.0141358	7259.6483984	0.0000000	0.0000000	0.0542804	0.1900956	0.1058792	0.0000000	0.0000000
7279.9954639	7255.0070364	7254.6079297	0.0000000	0.0000000	0.0542907	0.1905952	0.1046799	0.0000000	0.0000000
7279.9954639	7250.0063522	7249.9875000	0.0000000	0.0000000	0.0567225	0.1899984	0.1066754	0.0000000	0.0000000
7279.9954639	7245.0184985	7244.9470313	0.0000000	0.0000000	0.0544753	0.1900651	0.1029124	0.0000000	0.0000000
7279.9954639	7240.0049839	7239.9065625	0.0000000	0.0000000	0.0502061	0.1898462	0.1037513	0.0000000	0.0000000
7279.9954639	7235.0075073	7234.8660938	0.0000000	0.0000000	0.0551396	0.1899270	0.1056289	0.0000000	0.0000000
7279.9954639	7230.0228613	7229.8256250	0.0000000	0.0000000	0.0533265	0.1893176	0.1067410	0.0000000	0.0000000
7279.9954639	7225.0001244	7224.7851563	0.0000000	0.0000000	0.0560082	0.1896692	0.1065840	0.0000000	0.0000000
7279.9954639	7220.0016764	7219.8026367	0.0000000	0.0000000	0.0665684	0.1899822	0.1063751	0.0000000	0.0000000
7279.9954639	7215.0064889	7214.8201172	0.0000000	0.0000000	0.0697424	0.1900941	0.1046952	0.0000000	0.0000000
7279.9954639	7210.0015197	7209.8375977	0.0000000	0.0000000	0.0766798	0.1919998	0.1058749	0.0000000	0.0000000
7279.9954639	7204.9965505	7204.8550781	0.0000000	0.0000000	0.0788368	0.1909875	0.1051755	0.0000000	0.0000000
7279.9954639	7200.0111447	7199.8725586	0.0000000	0.0000000	0.0788208	0.1906271	0.1069081	0.0000000	0.0000000
7279.9954639	7195.0094361	7194.8900391	0.0000000	0.0000000	0.0796224	0.1921866	0.1075868	0.0000000	0.0000000
7279.9954639	7190.0012064	7189.9075195	0.0000000	0.0000000	0.0871138	0.1913511	0.1095916	0.0000000	0.0000000
7279.9954639	7185.0027583	7184.9250000	0.0000000	0.0000000	0.0868439	0.1899309	0.1096976	0.0000000	0.0000000
7279.9954639	7179.9977891	7179.9804492	0.0000000	0.0000000	0.0728458	0.1895728	0.1100194	0.0000000	0.0000000
7279.9954639	7175.0058622	7174.6444189	0.0000000	0.0000000	0.0697050	0.1893491	0.1071920	0.0000000	0.0000000
7279.9954639	7170.0041536	7169.7188525	0.0000000	0.0000000	0.0681899	0.1898198	0.1047655	0.0000000	0.0000000
7279.9954639	7164.9879166	7164.7932861	0.0000000	0.0000000	0.0506876	0.1908638	0.1023242	0.0000000	0.0000000
7279.9954639	7160.0251023	7159.8677197	0.0000000	0.0000000	0.0442460	0.1906686	0.1015830	0.0000000	0.0000000
7279.9954639	7155.0201792	7154.9421533	0.0000000	0.0000000	0.0506982	0.1889742	0.1055112	0.0000000	0.0000000
7279.9954639	7150.0302950	7149.6061230	0.0000000	0.0000000	0.0541052	0.1883058	0.1041620	0.0000000	0.0000000
7279.9954639	7145.0223642	7144.6805566	0.0000000	0.0000000	0.0443585	0.1904152	0.1015278	0.0000000	0.0000000
7279.9954639	7140.0264644	7139.7829688	0.0000000	0.0000000	0.0314165	0.1902576	0.1020439	0.0000000	0.0000000
7279.9954639	7135.0185336	7134.9133594	0.0000000	0.0000000	0.0320201	0.1902686	0.1036389	0.0000000	0.0000000
7279.9954639	7130.0256416	7129.6379492	0.0000000	0.0000000	0.0406152	0.1910284	0.1044390	0.0000000	0.0000000
7279.9954639	7125.0237263	7124.7683398	0.0000000	0.0000000	0.0382864	0.1900505	0.1048905	0.0000000	0.0000000
7279.9954639	7120.0248188	7119.8987305	0.0000000	0.0000000	0.0279698	0.1902277	0.1039543	0.0000000	0.0000000
7279.9954639	7114.9843181	7114.6233203	0.0000000	0.0000000	0.0281233	0.1888792	0.1039736	0.0000000	0.0000000
7279.9954639	7109.9857704	7109.7537109	0.0000000	0.0000000	0.0308053	0.1896093	0.1047766	0.0000000	0.0000000
7279.9954639	7104.9837419	7104.8841016	0.0000000	0.0000000	0.0269888	0.1896995	0.1024727	0.0000000	0.0000000
7279.9954639	7099.9817134	7099.6316406	0.0000000	0.0000000	0.0248439	0.1879954	0.1035199	0.0000000	0.0000000
7279.9954639	7094.9831658	7094.8171094	0.0000000	0.0000000	0.0195542	0.1888680	0.1028252	0.0000000	0.0000000
7279.9954639	7089.9846182	7089.6013672	0.0000000	0.0000000	0.0180815	0.1875995	0.1035161	0.0000000	0.0000000
7279.9954639	7084.9860706	7084.7868359	0.0000000	0.0000000	0.0152140	0.1873213	0.1001287	0.0000000	0.0000000
7279.9954639	7079.9910039	7079.9723047	0.0000000	0.0000000	0.0112130	0.1892372	0.0991017	0.0000000	0.0000000
7279.9954639	7074.9889754	7074.7565625	0.0000000	0.0000000	0.0078711	0.1898619	0.0960397	0.0000000	0.0000000
7279.9954639	7069.9869469	7069.9420313	0.0000000	0.0000000	0.0063297	0.1903818	0.0969752	0.0000000	0.0000000
7279.9954639	7064.9883993	7064.7262891	0.0000000	0.0000000	0.0054039	0.1897457	0.0958046	0.0000000	0.0000000
7279.9954639	7059.9863559	7059.9297656	0.0000000	0.0000000	0.0057279	0.1901982	0.0960181	0.0000000	0.0000000
7279.9954639	7054.9841606	7054.7725488	0.0000000	0.0000000	0.0063711	0.1896265	0.0957023	0.0000000	0.0000000
7279.9954639	7049.9819654	7049.6153320	0.0000000	0.0000000	0.0068475	0.1900120	0.0967211	0.0000000	0.0000000
7279.9954639	7044.9836750	7044.8548242	0.0000000	0.0000000	0.0067349	0.1890492	0.0977677	0.0000000	0.0000000
7279.9954639	7039.9775748	7039.6976074	0.0000000	0.0000000	0.0070168	0.1882047	0.0980168	0.0000000	0.0000000
7279.9954639	7034.9831894	7034.9370996	0.0000000	0.0000000	0.0079194	0.1886313	0.0980259	0.0000000	0.0000000
7279.9954639	7029.9809941	7029.7798828	0.0000000	0.0000000	0.0085516	0.1880447	0.0959091	0.0000000	0.0000000
7279.9954639	7024.9827038	7024.6226660	0.0000000	0.0000000	0.0090482	0.1901702	0.0951074	0.0000000	0.0000000
7279.9954639	7019.9805085	7019.8843262	0.0000000	0.0000000	0.0074994	0.1891761	0.0963517	0.0000000	0.0000000
7279.9954639	7014.9822181	7014.7847461	0.0000000	0.0000000	0.0074263	0.1903687	0.0955135	0.0000000	0.0000000
7279.9954639	7009.9878327	7009.6851660	0.0000000	0.0000000	0.0066865	0.1901115	0.0966957	0.0000000	0.0000000
7279.9954639	7004.9817325	7004.9778613	0.0000000	0.0000000	0.0066088	0.1905208	0.0965088	0.0000000	0.0000000
