7329.9954738	7599.9977245	7599.5502051	0.0000000	0.0000000	0.0140317	0.1838844	0.1235173	0.0000000	7330.0000000
7329.9954738	7594.9867234	7594.9313574	0.0000000	0.0000000	0.0187347	0.1845740	0.1233782	0.0000000	0.0000000
7329.9954738	7589.9849267	7589.8506250	0.0000000	0.0000000	0.0188232	0.1857036	0.1242089	0.0000000	0.0000000
7329.9954738	7584.9897621	7584.7698926	0.0000000	0.0000000	0.0179747	0.1849877	0.1242355	0.0000000	0.0000000
7329.9954738	7579.9895004	7579.6891602	0.0000000	0.0000000	0.0205018	0.1851178	0.1221011	0.0000000	0.0000000
7329.9954738	7574.9866901	7574.6139941	0.0000000	0.0000000	0.0161124	0.1852550	0.1222792	0.0000000	0.0000000
7329.9954738	7569.9889770	7569.5944922	0.0000000	0.0000000	0.0172524	0.1863887	0.1227302	0.0000000	0.0000000
7329.9954738	7564.9861667	7564.5749902	0.0000000	0.0000000	0.0202661	0.1860522	0.1231115	0.0000000	0.0000000
7329.9954738	7559.9884535	7559.5554883	0.0000000	0.0000000	0.0183551	0.1871268	0.1222527	0.0000000	0.0000000
7329.9954738	7554.9881918	7554.9923047	0.0000000	0.0000000	0.0187943	0.1858000	0.1227916	0.0000000	0.0000000
7329.9954738	7549.9853816	7549.9728027	0.0000000	0.0000000	0.0205299	0.1853066	0.1234188	0.0000000	0.0000000
7329.9954738	7544.9851198	7544.9533008	0.0000000	0.0000000	0.0197843	0.1844822	0.1232501	0.0000000	0.0000000
7329.9954738	7539.9872981	7539.9337988	0.0000000	0.0000000	0.0212531	0.1860469	0.1239844	0.0000000	0.0000000
7329.9954738	7535.0272433	7534.9142969	0.0000000	0.0000000	0.0200106	0.1866763	0.1230009	0.0000000	0.0000000
7329.9954738	7529.9830707	7529.8947949	0.0000000	0.0000000	0.0221166	0.1878005	0.1234420	0.0000000	0.0000000
7329.9954738	7525.0288172	7524.9299316	0.0000000	0.0000000	0.0220186	0.1864331	0.1217905	0.0000000	0.0000000
7329.9954738	7520.0368557	7519.9705322	0.0000000	0.0000000	0.0208040	0.1854951	0.1215613	0.0000000	0.0000000
7329.9954738	7515.0245899	7514.5602783	0.0000000	0.0000000	0.0229631	0.1841876	0.1220077	0.0000000	0.0000000
7329.9954738	7509.9833179	7509.6008789	0.0000000	0.0000000	0.0234667	0.1832499	0.1212112	0.0000000	0.0000000
7329.9954738	7505.0261638	7504.6414795	0.0000000	0.0000000	0.0254164	0.1844221	0.1236108	0.0000000	0.0000000
7329.9954738	7499.9848918	7499.6820801	0.0000000	0.0000000	0.0254741	0.1854279	0.1246317	0.0000000	0.0000000
7329.9954738	7495.0277377	7494.7226807	0.0000000	0.0000000	0.0255698	0.1858823	0.1255289	0.0000000	0.0000000
7329.9954738	7489.9843030	7489.7632813	0.0000000	0.0000000	0.0254232	0.1854349	0.1258612	0.0000000	0.0000000
7329.9954738	7485.0356045	7484.8038818	0.0000000	0.0000000	0.0271517	0.1863691	0.1239708	0.0000000	0.0000000
7329.9954738	7479.9844604	7479.8981445	0.0000000	0.0000000	0.0253511	0.1863805	0.1234232	0.0000000	0.0000000
7329.9954738	7474.9845391	7474.9977734	0.0000000	0.0000000	0.0244072	0.1861914	0.1223947	0.0000000	0.0000000
7329.9954738	7469.9846178	7469.6519141	0.0000000	0.0000000	0.0263446	0.1865352	0.1215803	0.0000000	0.0000000
7329.9954738	7464.9875422	7464.7515430	0.0000000	0.0000000	0.0259657	0.1874895	0.1225222	0.0000000	0.0000000
7329.9954738	7459.9847751	7459.8511719	0.0000000	0.0000000	0.0249828	0.1869271	0.1225802	0.0000000	0.0000000
7329.9954738	7454.9820081	7454.9508008	0.0000000	0.0000000	0.0247689	0.1859402	0.1217823	0.0000000	0.0000000
7329.9954738	7449.9877783	7449.6049414	0.0000000	0.0000000	0.0241317	0.1859564	0.1211152	0.0000000	0.0000000
7329.9954738	7444.9850112	7444.7045703	0.0000000	0.0000000	0.0243759	0.1863342	0.1200726	0.0000000	0.0000000
7329.9954738	7439.9850899	7439.8041992	0.0000000	0.0000000	0.0250596	0.1855222	0.1205732	0.0000000	0.0000000
7329.9954738	7434.9880144	7434.9618359	0.0000000	0.0000000	0.0256587	0.1850778	0.1195873	0.0000000	0.0000000
7329.9954738	7429.9899093	7429.6792578	0.0000000	0.0000000	0.0223937	0.1851892	0.1191431	0.0000000	0.0000000
7329.9954738	7424.9864714	7424.8368945	0.0000000	0.0000000	0.0196196	0.1862048	0.1184177	0.0000000	0.0000000
7329.9954738	7419.9857133	7419.9945313	0.0000000	0.0000000	0.0193409	0.1870854	0.1175055	0.0000000	0.0000000
7329.9954738	7414.9849553	7414.7119531	0.0000000	0.0000000	0.0204487	0.1849702	0.1177383	0.0000000	0.0000000
7329.9954738	7409.9841972	7409.8695898	0.0000000	0.0000000	0.0190663	0.1854889	0.1170043	0.0000000	0.0000000
7329.9954738	7404.9834392	7404.5870117	0.0000000	0.0000000	0.0227606	0.1852588	0.1171974	0.0000000	0.0000000
7329.9954738	7399.9853611	7399.7446484	0.0000000	0.0000000	0.0218224	0.1854185	0.1170740	0.0000000	0.0000000
7329.9954738	7394.9846030	7394.9126367	0.0000000	0.0000000	0.0214352	0.1849426	0.1159945	0.0000000	0.0000000
7329.9954738	7389.9865249	7389.6921680	0.0000000	0.0000000	0.0263811	0.1852131	0.1171376	0.0000000	0.0000000
7329.9954738	7384.9857669	7384.9067383	0.0000000	0.0000000	0.0244604	0.1851791	0.1154199	0.0000000	0.0000000
7329.9954738	7379.9820701	7379.6862695	0.0000000	0.0000000	0.0236207	0.1861851	0.1142849	0.0000000	0.0000000
7329.9954738	7375.0120172	7374.9008398	0.0000000	0.0000000	0.0230762	0.1870497	0.1125409	0.0000000	0.0000000
7329.9954738	7370.0095227	7369.6803711	0.0000000	0.0000000	0.0249996	0.1885967	0.1117352	0.0000000	0.0000000
7329.9954738	7364.9972957	7364.8949414	0.0000000	0.0000000	0.0275231	0.1870830	0.1112999	0.0000000	0.0000000
7329.9954738	7360.0045337	7359.6744727	0.0000000	0.0000000	0.0302032	0.1873048	0.1103992	0.0000000	0.0000000
7329.9954738	7355.0020392	7354.8890430	0.0000000	0.0000000	0.0309570	0.1870029	0.1094922	0.0000000	0.0000000
7329.9954738	7349.9995447	7349.6991016	0.0000000	0.0000000	0.0316539	0.1859808	0.1074314	0.0000000	0.0000000
7329.9954738	7345.0132710	7344.9696387	0.0000000	0.0000000	0.0401066	0.1837971	0.1058735	0.0000000	0.0000000
7329.9954738	7340.0010440	7339.8102246	0.0000000	0.0000000	0.0695739	0.1847577	0.1048977	0.0000000	0.0000000
7329.9954738	7335.0017937	7334.6508105	0.0000000	0.0000000	0.1299187	0.1848512	0.1047759	0.0000000	0.0000000
7329.9954738	7330.0090317	7329.9213477	0.0000000	0.0000000	0.1749591	0.1851010	0.1043114	0.0000000	0.0000000
7329.9954738	7325.0188445	7324.7619336	0.0000000	0.0000000	0.1503480	0.1846997	0.1044869	0.0000000	0.0000000
7329.9954738	7319.9815420	7319.6025195	0.0000000	0.0000000	0.0977877	0.1847360	0.1053673	0.0000000	0.0000000
7329.9954738	7314.9864987	7314.8730566	0.0000000	0.0000000	0.0652755	0.1845687	0.1050131	0.0000000	0.0000000
7329.9954738	7309.9886382	7309.7136426	0.0000000	0.0000000	0.0490272	0.1845222	0.1059973	0.0000000	0.0000000
7329.9954738	7304.9907777	7304.6092822	0.0000000	0.0000000	0.0355486	0.1848474	0.1056727	0.0000000	0.0000000
7329.9954738	7299.9844653	7299.9348730	0.0000000	0.0000000	0.0376398	0.1859067	0.1053351	0.0000000	0.0000000
7329.9954738	7294.9837875	7294.8355176	0.0000000	0.0000000	0.0379797	0.1862804	0.1059078	0.0000000	0.0000000
7329.9954738	7289.9859270	7289.7361621	0.0000000	0.0000000	0.0399441	0.1850074	0.1072726	0.0000000	0.0000000
7329.9954738	7284.9852492	7284.6368066	0.0000000	0.0000000	0.0383939	0.1843663	0.1061478	0.0000000	0.0000000
7329.9954738	7279.9847963	7279.9623975	0.0000000	0.0000000	0.0358009	0.1841970	0.1067228	0.0000000	0.0000000
7329.9954738	7275.0065655	7274.8630420	0.0000000	0.0000000	0.0366603	0.1844584	0.1073560	0.0000000	0.0000000
7329.9954738	7270.0187118	7269.7636865	0.0000000	0.0000000	0.0346561	0.1845702	0.1063164	0.0000000	0.0000000
7329.9954738	7265.0019895	7264.6888672	0.0000000	0.0000000	0.0308722	0.1850065	0.1052825	0.0000000	0.0000000
7329.9954738	7260.0077206	7259.6483984	0.0000000	0.0000000	0.0281031	0.1857925	0.1044969	0.0000000	0.0000000
7329.9954738	7255.0134516	7254.6079297	0.0000000	0.0000000	0.0301515	0.1854146	0.1042689	0.0000000	0.0000000
7329.9954738	7250.0191827	7249.9875000	0.0000000	0.0000000	0.0272943	0.1857130	0.1026041	0.0000000	0.0000000
7329.9954738	7245.0056680	7244.9470313	0.0000000	0.0000000	0.0254255	0.1854517	0.0999922	0.0000000	0.0000000
7329.9954738	7240.0081915	7239.9065625	0.0000000	0.0000000	0.0213922	0.1856450	0.0989812	0.0000000	0.0000000
7329.9954738	7235.0203378	7234.8660938	0.0000000	0.0000000	0.0224796	0.1854207	0.0987218	0.0000000	0.0000000
7329.9954738	7230.0100308	7229.8256250	0.0000000	0.0000000	0.0225265	0.1858252	0.0994568	0.0000000	0.0000000
7329.9954738	7225.0066456	7224.7851563	0.0000000	0.0000000	0.0236326	0.1858098	0.0990551	0.0000000	0.0000000
7329.9954738	7220.0016764	7219.8026367	0.0000000	0.0000000	0.0300233	0.1864691	0.1009626	0.0000000	0.0000000
7329.9954738	7215.0097495	7214.8201172	0.0000000	0.0000000	0.0317135	0.1862550	0.1024490	0.0000000	0.0000000
7329.9954738	7210.0113014	7209.8375977	0.0000000	0.0000000	0.0357180	0.1853234	0.1047897	0.0000000	0.0000000
7329.9954738	7205.0030717	7204.8550781	0.0000000	0.0000000	0.0363240	0.1850116	0.1065510	0.0000000	0.0000000
7329.9954738	7200.0013630	7199.8725586	0.0000000	0.0000000	0.0330400	0.1855704	0.1069712	0.0000000	0.0000000
7329.9954738	7195.0061755	7194.8900391	0.0000000	0.0000000	0.0360725	0.1857659	0.1085408	0.0000000	0.0000000
7329.9954738	7190.0077275	7189.9075195	0.0000000	0.0000000	0.0396834	0.1858328	0.1083743	0.0000000	0.0000000
7329.9954738	7185.0027583	7184.9250000	0.0000000	0.0000000	0.0335884	0.1857587	0.1078680	0.0000000	0.0000000
7329.9954738	7179.9977891	7179.9804492	0.0000000	0.0000000	0.0265736	0.1857026	0.1067931	0.0000000	0.0000000
7329.9954738	7175.0026016	7174.6444189	0.0000000	0.0000000	0.0249784	0.1859148	0.1057506	0.0000000	0.0000000
7329.9954738	7170.0041536	7169.7188525	0.0000000	0.0000000	0.0248413	0.1863660	0.1038074	0.0000000	0.0000000
7329.9954738	7165.0240098	7164.7932861	0.0000000	0.0000000	0.0162601	0.1869673	0.1019176	0.0000000	0.0000000
7329.9954738	7160.0281100	7159.8677197	0.0000000	0.0000000	0.0147120	0.1883933	0.1031221	0.0000000	0.0000000
7329.9954738	7155.0201792	7154.9421533	0.0000000	0.0000000	0.0159521	0.1877766	0.1046455	0.0000000	0.0000000
7329.9954738	7150.0242795	7149.6061230	0.0000000	0.0000000	0.0174681	0.1863628	0.1036720	0.0000000	0.0000000
7329.9954738	7145.0253719	7144.6805566	0.0000000	0.0000000	0.0127300	0.1849763	0.1033527	0.0000000	0.0000000
7329.9954738	7140.0204489	7139.7829688	0.0000000	0.0000000	0.0088507	0.1862963	0.1012930	0.0000000	0.0000000
7329.9954738	7135.0155258	7134.9133594	0.0000000	0.0000000	0.0092736	0.1871414	0.1020558	0.0000000	0.0000000
7329.9954738	7129.9865407	7129.6379492	0.0000000	0.0000000	0.0107317	0.1873524	0.1033223	0.0000000	0.0000000
7329.9954738	7125.0387652	7124.7683398	0.0000000	0.0000000	0.0105427	0.1865278	0.1029490	0.0000000	0.0000000
7329.9954738	7120.0248188	7119.8987305	0.0000000	0.0000000	0.0071206	0.1863950	0.1029028	0.0000000	0.0000000
7329.9954738	7114.9843181	7114.6233203	0.0000000	0.0000000	0.0065768	0.1847637	0.1031691	0.0000000	0.0000000
7329.9954738	7109.9822896	7109.7537109	0.0000000	0.0000000	0.0057010	0.1860602	0.1019854	0.0000000	0.0000000
7329.9954738	7104.9837419	7104.8841016	0.0000000	0.0000000	0.0050737	0.1869495	0.1025793	0.0000000	0.0000000
7329.9954738	7099.9817134	7099.6316406	0.0000000	0.0000000	0.0048367	0.1872898	0.0998037	0.0000000	0.0000000
7329.9954738	7094.9831658	7094.8171094	0.0000000	0.0000000	0.0043843	0.1858619	0.1001768	0.0000000	0.0000000
7329.9954738	7089.9846182	7089.6013672	0.0000000	0.0000000	0.0041560	0.1855092	0.1014668	0.0000000	0.0000000
7329.9954738	7084.9895515	7084.7868359	0.0000000	0.0000000	0.0034989	0.1868235	0.0998186	0.0000000	0.0000000
7329.9954738	7079.9944848	7079.9723047	0.0000000	0.0000000	0.0025471	0.1871587	0.0986698	0.0000000	0.0000000
7329.9954738	7074.9889754	7074.7565625	0.0000000	0.0000000	0.0017925	0.1859755	0.0984200	0.0000000	0.0000000
7329.9954738	7069.9939087	7069.9420313	0.0000000	0.0000000	0.0015005	0.1857241	0.0994623	0.0000000	0.0000000
7329.9954738	7064.9883993	7064.7262891	0.0000000	0.0000000	0.0011042	0.1855889	0.0994246	0.0000000	0.0000000
7329.9954738	7059.9824510	7059.9297656	0.0000000	0.0000000	0.0012953	0.1848163	0.0999474	0.0000000	0.0000000
7329.9954738	7054.9841606	7054.7725488	0.0000000	0.0000000	0.0017499	0.1859780	0.0984116	0.0000000	0.0000000
7329.9954738	7049.9819654	7049.6153320	0.0000000	0.0000000	0.0010436	0.1859313	0.0980352	0.0000000	0.0000000
7329.9954738	7044.9875799	7044.8548242	0.0000000	0.0000000	0.0016667	0.1859248	0.0985311	0.0000000	0.0000000
7329.9954738	7039.9814797	7039.6976074	0.0000000	0.0000000	0.0016887	0.1855161	0.0973333	0.0000000	0.0000000
7329.9954738	7034.9831894	7034.9370996	0.0000000	0.0000000	0.0020875	0.1855464	0.0982776	0.0000000	0.0000000
7329.9954738	7029.9848990	7029.7798828	0.0000000	0.0000000	0.0016632	0.1855745	0.0980162	0.0000000	0.0000000
7329.9954738	7024.9827038	7024.6226660	0.0000000	0.0000000	0.0021349	0.1864481	0.0976490	0.0000000	0.0000000
7329.9954738	7019.9805085	7019.8843262	0.0000000	0.0000000	0.0022704	0.1854304	0.0983627	0.0000000	0.0000000
7329.9954738	7014.9822181	7014.7847461	0.0000000	0.0000000	0.0015819	0.1866177	0.0994788	0.0000000	0.0000000
7329.9954738	7009.9839278	7009.6851660	0.0000000	0.0000000	0.0018955	0.1864291	0.0991118	0.0000000	0.0000000
7329.9954738	7004.9817325	7004.9778613	0.0000000	0.0000000	0.0013862	0.1861307	0.0978608	0.0000000	0.0000000
