7584.9940833	7599.9977245	7599.5502051	0.0000000	0.0000000	0.0164454	0.1832957	0.1263248	0.0000000	7585.0000000
7584.9940833	7594.9867234	7594.9313574	0.0000000	0.0000000	0.0418975	0.1838529	0.1263126	0.0000000	0.0000000
7584.9940833	7589.9849267	7589.8506250	0.0000000	0.0000000	0.0792786	0.1837133	0.1250165	0.0000000	0.0000000
7584.9940833	7584.9923107	7584.7698926	0.0000000	0.0000000	0.1026187	0.1850227	0.1250206	0.0000000	0.0000000
7584.9940833	7579.9895004	7579.6891602	0.0000000	0.0000000	0.0736370	0.1835643	0.1266870	0.0000000	0.0000000
7584.9940833	7574.9866901	7574.6139941	0.0000000	0.0000000	0.0350602	0.1839335	0.1253607	0.0000000	0.0000000
7584.9940833	7569.9864284	7569.5944922	0.0000000	0.0000000	0.0194983	0.1847413	0.1261267	0.0000000	0.0000000
7584.9940833	7564.9887153	7564.5749902	0.0000000	0.0000000	0.0130837	0.1845731	0.1255161	0.0000000	0.0000000
7584.9940833	7559.9884535	7559.5554883	0.0000000	0.0000000	0.0115974	0.1848685	0.1265419	0.0000000	0.0000000
7584.9940833	7554.9881918	7554.9923047	0.0000000	0.0000000	0.0129659	0.1839338	0.1257506	0.0000000	0.0000000
7584.9940833	7549.9853816	7549.9728027	0.0000000	0.0000000	0.0137098	0.1843541	0.1273368	0.0000000	0.0000000
7584.9940833	7544.9851198	7544.9533008	0.0000000	0.0000000	0.0136036	0.1842201	0.1263319	0.0000000	0.0000000
7584.9940833	7539.9843974	7539.9337988	0.0000000	0.0000000	0.0183196	0.1834978	0.1278660	0.0000000	0.0000000
7584.9940833	7534.9866347	7534.9142969	0.0000000	0.0000000	0.0164817	0.1834822	0.1281012	0.0000000	0.0000000
7584.9940833	7529.9830707	7529.8947949	0.0000000	0.0000000	0.0206299	0.1829963	0.1274457	0.0000000	0.0000000
7584.9940833	7524.9853080	7524.9299316	0.0000000	0.0000000	0.0234768	0.1831990	0.1274264	0.0000000	0.0000000
7584.9940833	7519.9875452	7519.9705322	0.0000000	0.0000000	0.0241628	0.1837106	0.1257220	0.0000000	0.0000000
7584.9940833	7514.9868819	7514.5602783	0.0000000	0.0000000	0.0286293	0.1837711	0.1259022	0.0000000	0.0000000
7584.9940833	7509.9833179	7509.6008789	0.0000000	0.0000000	0.0255337	0.1842883	0.1253341	0.0000000	0.0000000
7584.9940833	7504.9826546	7504.6414795	0.0000000	0.0000000	0.0230558	0.1856436	0.1249250	0.0000000	0.0000000
7584.9940833	7499.9877924	7499.6820801	0.0000000	0.0000000	0.0269138	0.1851353	0.1258506	0.0000000	0.0000000
7584.9940833	7494.9871291	7494.7226807	0.0000000	0.0000000	0.0288907	0.1844650	0.1250989	0.0000000	0.0000000
7584.9940833	7489.9843030	7489.7632813	0.0000000	0.0000000	0.0250430	0.1834299	0.1261312	0.0000000	0.0000000
7584.9940833	7484.9872274	7484.8038818	0.0000000	0.0000000	0.0205176	0.1841272	0.1250842	0.0000000	0.0000000
7584.9940833	7479.9873061	7479.8981445	0.0000000	0.0000000	0.0199458	0.1843165	0.1261752	0.0000000	0.0000000
7584.9940833	7474.9845391	7474.9977734	0.0000000	0.0000000	0.0291693	0.1849587	0.1256553	0.0000000	0.0000000
7584.9940833	7469.9874635	7469.6519141	0.0000000	0.0000000	0.0212656	0.1840183	0.1256870	0.0000000	0.0000000
7584.9940833	7464.9875422	7464.7515430	0.0000000	0.0000000	0.0164042	0.1844474	0.1252563	0.0000000	0.0000000
7584.9940833	7459.9847751	7459.8511719	0.0000000	0.0000000	0.0151093	0.1848822	0.1266980	0.0000000	0.0000000
7584.9940833	7454.9848538	7454.9508008	0.0000000	0.0000000	0.0110587	0.1848319	0.1266838	0.0000000	0.0000000
7584.9940833	7449.9849325	7449.6049414	0.0000000	0.0000000	0.0117308	0.1850181	0.1245188	0.0000000	0.0000000
7584.9940833	7444.9850112	7444.7045703	0.0000000	0.0000000	0.0104031	0.1848964	0.1254993	0.0000000	0.0000000
7584.9940833	7439.9850899	7439.8041992	0.0000000	0.0000000	0.0164080	0.1844293	0.1253534	0.0000000	0.0000000
7584.9940833	7434.9851686	7434.9618359	0.0000000	0.0000000	0.0139063	0.1852539	0.1239716	0.0000000	0.0000000
7584.9940833	7429.9872294	7429.6792578	0.0000000	0.0000000	0.0160166	0.1844318	0.1259985	0.0000000	0.0000000
7584.9940833	7424.9891513	7424.8368945	0.0000000	0.0000000	0.0158430	0.1851676	0.1236237	0.0000000	0.0000000
7584.9940833	7419.9857133	7419.9945313	0.0000000	0.0000000	0.0163855	0.1844208	0.1234447	0.0000000	0.0000000
7584.9940833	7414.9876352	7414.7119531	0.0000000	0.0000000	0.0154178	0.1851002	0.1231498	0.0000000	0.0000000
7584.9940833	7409.9868772	7409.8695898	0.0000000	0.0000000	0.0151890	0.1845763	0.1227036	0.0000000	0.0000000
7584.9940833	7404.9861191	7404.5870117	0.0000000	0.0000000	0.0156755	0.1851941	0.1230090	0.0000000	0.0000000
7584.9940833	7399.9853611	7399.7446484	0.0000000	0.0000000	0.0139821	0.1845978	0.1230101	0.0000000	0.0000000
7584.9940833	7394.9846030	7394.9126367	0.0000000	0.0000000	0.0141835	0.1843777	0.1212561	0.0000000	0.0000000
7584.9940833	7389.9865249	7389.6921680	0.0000000	0.0000000	0.0129194	0.1848671	0.1211089	0.0000000	0.0000000
7584.9940833	7384.9884468	7384.9067383	0.0000000	0.0000000	0.0120846	0.1844620	0.1187244	0.0000000	0.0000000
7584.9940833	7379.9820701	7379.6862695	0.0000000	0.0000000	0.0086107	0.1853260	0.1178430	0.0000000	0.0000000
7584.9940833	7374.9893081	7374.9008398	0.0000000	0.0000000	0.0095094	0.1842601	0.1169978	0.0000000	0.0000000
7584.9940833	7369.9868136	7369.6803711	0.0000000	0.0000000	0.0100204	0.1839865	0.1171632	0.0000000	0.0000000
7584.9940833	7364.9810749	7364.8949414	0.0000000	0.0000000	0.0101501	0.1842875	0.1172159	0.0000000	0.0000000
7584.9940833	7359.9850687	7359.6744727	0.0000000	0.0000000	0.0101387	0.1840897	0.1166431	0.0000000	0.0000000
7584.9940833	7354.9890626	7354.8890430	0.0000000	0.0000000	0.0185852	0.1845840	0.1144755	0.0000000	0.0000000
7584.9940833	7349.9865681	7349.6991016	0.0000000	0.0000000	0.0419366	0.1845135	0.1130764	0.0000000	0.0000000
7584.9940833	7344.9840736	7344.9696387	0.0000000	0.0000000	0.0069141	0.1845161	0.1127567	0.0000000	0.0000000
7584.9940833	7339.9848232	7339.8102246	0.0000000	0.0000000	0.0052438	0.1839730	0.1095570	0.0000000	0.0000000
7584.9940833	7334.9855729	7334.6508105	0.0000000	0.0000000	0.0060563	0.1839216	0.1097664	0.0000000	0.0000000
7584.9940833	7329.9830784	7329.9213477	0.0000000	0.0000000	0.0080930	0.1844843	0.1095850	0.0000000	0.0000000
7584.9940833	7324.9878543	7324.7619336	0.0000000	0.0000000	0.0066353	0.1853958	0.1085981	0.0000000	0.0000000
7584.9940833	7319.9871765	7319.6025195	0.0000000	0.0000000	0.0053525	0.1844882	0.1095187	0.0000000	0.0000000
7584.9940833	7314.9864987	7314.8730566	0.0000000	0.0000000	0.0067451	0.1842947	0.1104185	0.0000000	0.0000000
7584.9940833	7309.9886382	7309.7136426	0.0000000	0.0000000	0.0063895	0.1839240	0.1115608	0.0000000	0.0000000
7584.9940833	7304.9851431	7304.6092822	0.0000000	0.0000000	0.0048069	0.1837708	0.1119349	0.0000000	0.0000000
7584.9940833	7299.9844653	7299.9348730	0.0000000	0.0000000	0.0075935	0.1837399	0.1107443	0.0000000	0.0000000
7584.9940833	7294.9837875	7294.8355176	0.0000000	0.0000000	0.0067571	0.1841471	0.1111479	0.0000000	0.0000000
7584.9940833	7289.9831097	7289.7361621	0.0000000	0.0000000	0.0043707	0.1842537	0.1118427	0.0000000	0.0000000
7584.9940833	7284.9852492	7284.6368066	0.0000000	0.0000000	0.0049222	0.1837842	0.1123771	0.0000000	0.0000000
7584.9940833	7279.9880039	7279.9623975	0.0000000	0.0000000	0.0058613	0.1845210	0.1129960	0.0000000	0.0000000
7584.9940833	7274.9809045	7274.8630420	0.0000000	0.0000000	0.0051488	0.1842690	0.1123975	0.0000000	0.0000000
7584.9940833	7269.9866356	7269.7636865	0.0000000	0.0000000	0.0051796	0.1836036	0.1121962	0.0000000	0.0000000
7584.9940833	7264.9859514	7264.6888672	0.0000000	0.0000000	0.0051095	0.1844786	0.1115807	0.0000000	0.0000000
7584.9940833	7259.9852672	7259.6483984	0.0000000	0.0000000	0.0035675	0.1845442	0.1114313	0.0000000	0.0000000
7584.9940833	7254.9845830	7254.6079297	0.0000000	0.0000000	0.0034259	0.1846416	0.1110625	0.0000000	0.0000000
7584.9940833	7249.9838989	7249.9875000	0.0000000	0.0000000	0.0031694	0.1846257	0.1091243	0.0000000	0.0000000
7584.9940833	7244.9832147	7244.9470313	0.0000000	0.0000000	0.0022782	0.1844235	0.1083820	0.0000000	0.0000000
7584.9940833	7239.9857381	7239.9065625	0.0000000	0.0000000	0.0012595	0.1848208	0.1054431	0.0000000	0.0000000
7584.9940833	7234.9850540	7234.8660938	0.0000000	0.0000000	0.0014763	0.1841575	0.1048910	0.0000000	0.0000000
7584.9940833	7229.9843698	7229.8256250	0.0000000	0.0000000	0.0034282	0.1842286	0.1041754	0.0000000	0.0000000
7584.9940833	7224.9838216	7224.7851563	0.0000000	0.0000000	0.0014777	0.1844342	0.1050298	0.0000000	0.0000000
7584.9940833	7219.9886341	7219.8026367	0.0000000	0.0000000	0.0014028	0.1841389	0.1053311	0.0000000	0.0000000
7584.9940833	7214.9869255	7214.8201172	0.0000000	0.0000000	0.0013700	0.1847109	0.1072714	0.0000000	0.0000000
7584.9940833	7209.9852169	7209.8375977	0.0000000	0.0000000	0.0017334	0.1848057	0.1097245	0.0000000	0.0000000
7584.9940833	7204.9867688	7204.8550781	0.0000000	0.0000000	0.0011936	0.1850314	0.1091707	0.0000000	0.0000000
7584.9940833	7199.9850602	7199.8725586	0.0000000	0.0000000	0.0010200	0.1835304	0.1115979	0.0000000	0.0000000
7584.9940833	7194.9833516	7194.8900391	0.0000000	0.0000000	0.0010070	0.1831194	0.1126637	0.0000000	0.0000000
7584.9940833	7189.9849035	7189.9075195	0.0000000	0.0000000	0.0010840	0.1836797	0.1118832	0.0000000	0.0000000
7584.9940833	7184.9864555	7184.9250000	0.0000000	0.0000000	0.0012620	0.1839927	0.1109292	0.0000000	0.0000000
7584.9940833	7179.9814863	7179.9804492	0.0000000	0.0000000	0.0009944	0.1841378	0.1091022	0.0000000	0.0000000
7584.9940833	7174.9862988	7174.6444189	0.0000000	0.0000000	0.0005801	0.1844349	0.1089684	0.0000000	0.0000000
7584.9940833	7169.9813296	7169.7188525	0.0000000	0.0000000	0.0004653	0.1840928	0.1073668	0.0000000	0.0000000
7584.9940833	7164.9879166	7164.7932861	0.0000000	0.0000000	0.0003086	0.1837628	0.1065028	0.0000000	0.0000000
7584.9940833	7159.9860013	7159.8677197	0.0000000	0.0000000	0.0002896	0.1842388	0.1077142	0.0000000	0.0000000
7584.9940833	7154.9840860	7154.9421533	0.0000000	0.0000000	0.0002621	0.1835203	0.1099220	0.0000000	0.0000000
7584.9940833	7149.9851785	7149.6061230	0.0000000	0.0000000	0.0003165	0.1836339	0.1091082	0.0000000	0.0000000
7584.9940833	7144.9862710	7144.6805566	0.0000000	0.0000000	0.0003833	0.1835225	0.1077502	0.0000000	0.0000000
7584.9940833	7139.9873635	7139.7829688	0.0000000	0.0000000	0.0002737	0.1839271	0.1066071	0.0000000	0.0000000
7584.9940833	7134.9854482	7134.9133594	0.0000000	0.0000000	0.0001044	0.1846023	0.1073566	0.0000000	0.0000000
7584.9940833	7129.9865407	7129.6379492	0.0000000	0.0000000	0.0002531	0.1846765	0.1084982	0.0000000	0.0000000
7584.9940833	7124.9876331	7124.7683398	0.0000000	0.0000000	0.0002476	0.1848934	0.1082905	0.0000000	0.0000000
7584.9940833	7119.9857178	7119.8987305	0.0000000	0.0000000	0.0002327	0.1848553	0.1064668	0.0000000	0.0000000
7584.9940833	7114.9843181	7114.6233203	0.0000000	0.0000000	0.0001510	0.1843204	0.1076443	0.0000000	0.0000000
7584.9940833	7109.9892513	7109.7537109	0.0000000	0.0000000	0.0001672	0.1834066	0.1076683	0.0000000	0.0000000
7584.9940833	7104.9837419	7104.8841016	0.0000000	0.0000000	0.0001390	0.1846031	0.1073606	0.0000000	0.0000000
7584.9940833	7099.9817134	7099.6316406	0.0000000	0.0000000	0.0001581	0.1834276	0.1081006	0.0000000	0.0000000
7584.9940833	7094.9831658	7094.8171094	0.0000000	0.0000000	0.0000935	0.1842362	0.1059128	0.0000000	0.0000000
7584.9940833	7089.9846182	7089.6013672	0.0000000	0.0000000	0.0000569	0.1849088	0.1062683	0.0000000	0.0000000
7584.9940833	7084.9895515	7084.7868359	0.0000000	0.0000000	0.0000884	0.1843802	0.1065767	0.0000000	0.0000000
7584.9940833	7079.9875230	7079.9723047	0.0000000	0.0000000	0.0000197	0.1840553	0.1056603	0.0000000	0.0000000
7584.9940833	7074.9889754	7074.7565625	0.0000000	0.0000000	0.0000464	0.1844038	0.1042048	0.0000000	0.0000000
7584.9940833	7069.9834660	7069.9420313	0.0000000	0.0000000	0.0000300	0.1842603	0.1042134	0.0000000	0.0000000
7584.9940833	7064.9883993	7064.7262891	0.0000000	0.0000000	0.0000313	0.1847659	0.1044373	0.0000000	0.0000000
7584.9940833	7059.9863559	7059.9297656	0.0000000	0.0000000	0.0000398	0.1848972	0.1044558	0.0000000	0.0000000
7584.9940833	7054.9841606	7054.7725488	0.0000000	0.0000000	0.0000153	0.1841592	0.1055541	0.0000000	0.0000000
7584.9940833	7049.9858703	7049.6153320	0.0000000	0.0000000	0.0000569	0.1836940	0.1045294	0.0000000	0.0000000
7584.9940833	7044.9875799	7044.8548242	0.0000000	0.0000000	0.0000159	0.1835654	0.1041487	0.0000000	0.0000000
7584.9940833	7039.9814797	7039.6976074	0.0000000	0.0000000	0.0000311	0.1843492	0.1041824	0.0000000	0.0000000
7584.9940833	7034.9831894	7034.9370996	0.0000000	0.0000000	0.0000482	0.1844613	0.1038445	0.0000000	0.0000000
7584.9940833	7029.9809941	7029.7798828	0.0000000	0.0000000	0.0000651	0.1846985	0.1022064	0.0000000	0.0000000
7584.9940833	7024.9827038	7024.6226660	0.0000000	0.0000000	0.0000770	0.1851462	0.1042441	0.0000000	0.0000000
7584.9940833	7019.9805085	7019.8843262	0.0000000	0.0000000	0.0000350	0.1845826	0.1048005	0.0000000	0.0000000
7584.9940833	7014.9822181	7014.7847461	0.0000000	0.0000000	0.0000414	0.1843920	0.1050841	0.0000000	0.0000000
7584.9940833	7009.9839278	7009.6851660	0.0000000	0.0000000	0.0000586	0.1842615	0.1037854	0.0000000	0.0000000
7584.9940833	7004.9817325	7004.9778613	0.0000000	0.0000000	0.0000599	0.1845758	0.1041066	0.0000000	0.0000000
