7409.9965953	7599.9977245	7599.5502051	0.0000000	0.0000000	0.0086478	0.1864778	0.1257019	0.0000000	7410.0000000
7409.9965953	7594.9867234	7594.9313574	0.0000000	0.0000000	0.0097051	0.1851086	0.1242683	0.0000000	0.0000000
7409.9965953	7589.9849267	7589.8506250	0.0000000	0.0000000	0.0111470	0.1847819	0.1237612	0.0000000	0.0000000
7409.9965953	7584.9872136	7584.7698926	0.0000000	0.0000000	0.0159583	0.1866824	0.1246256	0.0000000	0.0000000
7409.9965953	7579.9895004	7579.6891602	0.0000000	0.0000000	0.0221306	0.1870875	0.1242385	0.0000000	0.0000000
7409.9965953	7574.9866901	7574.6139941	0.0000000	0.0000000	0.0164845	0.1870149	0.1228571	0.0000000	0.0000000
7409.9965953	7569.9915255	7569.5944922	0.0000000	0.0000000	0.0139552	0.1876752	0.1235923	0.0000000	0.0000000
7409.9965953	7564.9887153	7564.5749902	0.0000000	0.0000000	0.0108229	0.1867491	0.1231539	0.0000000	0.0000000
7409.9965953	7559.9859050	7559.5554883	0.0000000	0.0000000	0.0127887	0.1861439	0.1253765	0.0000000	0.0000000
7409.9965953	7554.9856433	7554.9923047	0.0000000	0.0000000	0.0152163	0.1861776	0.1253610	0.0000000	0.0000000
7409.9965953	7549.9853816	7549.9728027	0.0000000	0.0000000	0.0137676	0.1867499	0.1257684	0.0000000	0.0000000
7409.9965953	7544.9851198	7544.9533008	0.0000000	0.0000000	0.0116564	0.1859047	0.1247063	0.0000000	0.0000000
7409.9965953	7539.9872981	7539.9337988	0.0000000	0.0000000	0.0111576	0.1854714	0.1232108	0.0000000	0.0000000
7409.9965953	7535.0272433	7534.9142969	0.0000000	0.0000000	0.0118586	0.1869626	0.1230441	0.0000000	0.0000000
7409.9965953	7529.9830707	7529.8947949	0.0000000	0.0000000	0.0161398	0.1871674	0.1241831	0.0000000	0.0000000
7409.9965953	7525.0288172	7524.9299316	0.0000000	0.0000000	0.0167074	0.1868601	0.1240658	0.0000000	0.0000000
7409.9965953	7520.0368557	7519.9705322	0.0000000	0.0000000	0.0139830	0.1866384	0.1231177	0.0000000	0.0000000
7409.9965953	7514.9839813	7514.5602783	0.0000000	0.0000000	0.0123304	0.1849839	0.1240903	0.0000000	0.0000000
7409.9965953	7509.9833179	7509.6008789	0.0000000	0.0000000	0.0140950	0.1849501	0.1244731	0.0000000	0.0000000
7409.9965953	7504.9855552	7504.6414795	0.0000000	0.0000000	0.0141533	0.1866086	0.1232986	0.0000000	0.0000000
7409.9965953	7500.0313017	7499.6820801	0.0000000	0.0000000	0.0156766	0.1875802	0.1233265	0.0000000	0.0000000
7409.9965953	7494.9842285	7494.7226807	0.0000000	0.0000000	0.0129589	0.1870035	0.1224355	0.0000000	0.0000000
7409.9965953	7489.9843030	7489.7632813	0.0000000	0.0000000	0.0131429	0.1873247	0.1224786	0.0000000	0.0000000
7409.9965953	7484.9872274	7484.8038818	0.0000000	0.0000000	0.0147848	0.1885376	0.1227540	0.0000000	0.0000000
7409.9965953	7479.9844604	7479.8981445	0.0000000	0.0000000	0.0126556	0.1886995	0.1223588	0.0000000	0.0000000
7409.9965953	7474.9845391	7474.9977734	0.0000000	0.0000000	0.0112390	0.1870775	0.1223165	0.0000000	0.0000000
7409.9965953	7469.9846178	7469.6519141	0.0000000	0.0000000	0.0092670	0.1862150	0.1235929	0.0000000	0.0000000
7409.9965953	7464.9875422	7464.7515430	0.0000000	0.0000000	0.0088076	0.1861417	0.1230549	0.0000000	0.0000000
7409.9965953	7459.9819294	7459.8511719	0.0000000	0.0000000	0.0075676	0.1862301	0.1237632	0.0000000	0.0000000
7409.9965953	7454.9820081	7454.9508008	0.0000000	0.0000000	0.0090701	0.1852931	0.1240470	0.0000000	0.0000000
7409.9965953	7449.9877783	7449.6049414	0.0000000	0.0000000	0.0070332	0.1850610	0.1287830	0.0000000	0.0000000
7409.9965953	7444.9850112	7444.7045703	0.0000000	0.0000000	0.0092770	0.1844856	0.1282810	0.0000000	0.0000000
7409.9965953	7439.9850899	7439.8041992	0.0000000	0.0000000	0.0102080	0.1858151	0.1229821	0.0000000	0.0000000
7409.9965953	7434.9851686	7434.9618359	0.0000000	0.0000000	0.0114910	0.1864639	0.1215723	0.0000000	0.0000000
7409.9965953	7429.9845495	7429.6792578	0.0000000	0.0000000	0.0098894	0.1880476	0.1214235	0.0000000	0.0000000
7409.9965953	7424.9918312	7424.8368945	0.0000000	0.0000000	0.0174825	0.1880676	0.1208485	0.0000000	0.0000000
7409.9965953	7419.9857133	7419.9945313	0.0000000	0.0000000	0.0495389	0.1878655	0.1214855	0.0000000	0.0000000
7409.9965953	7414.9849553	7414.7119531	0.0000000	0.0000000	0.0942721	0.1875762	0.1200088	0.0000000	0.0000000
7409.9965953	7409.9868772	7409.8695898	0.0000000	0.0000000	0.1046285	0.1849930	0.1217567	0.0000000	0.0000000
7409.9965953	7404.9861191	7404.5870117	0.0000000	0.0000000	0.0843927	0.1860869	0.1197094	0.0000000	0.0000000
7409.9965953	7399.9880410	7399.7446484	0.0000000	0.0000000	0.0422648	0.1870914	0.1216117	0.0000000	0.0000000
7409.9965953	7394.9846030	7394.9126367	0.0000000	0.0000000	0.0189695	0.1871609	0.1190631	0.0000000	0.0000000
7409.9965953	7389.9865249	7389.6921680	0.0000000	0.0000000	0.0117397	0.1857819	0.1193746	0.0000000	0.0000000
7409.9965953	7384.9857669	7384.9067383	0.0000000	0.0000000	0.0080164	0.1874247	0.1172865	0.0000000	0.0000000
7409.9965953	7379.9820701	7379.6862695	0.0000000	0.0000000	0.0078624	0.1878501	0.1172598	0.0000000	0.0000000
7409.9965953	7375.0152613	7374.9008398	0.0000000	0.0000000	0.0062102	0.1868743	0.1171873	0.0000000	0.0000000
7409.9965953	7370.0062785	7369.6803711	0.0000000	0.0000000	0.0069025	0.1876901	0.1128574	0.0000000	0.0000000
7409.9965953	7364.9972957	7364.8949414	0.0000000	0.0000000	0.0083696	0.1880187	0.1130208	0.0000000	0.0000000
7409.9965953	7360.0110220	7359.6744727	0.0000000	0.0000000	0.0111390	0.1885420	0.1126730	0.0000000	0.0000000
7409.9965953	7355.0085275	7354.8890430	0.0000000	0.0000000	0.0105535	0.1871674	0.1119910	0.0000000	0.0000000
7409.9965953	7349.9995447	7349.6991016	0.0000000	0.0000000	0.0082882	0.1880642	0.1101624	0.0000000	0.0000000
7409.9965953	7345.0100269	7344.9696387	0.0000000	0.0000000	0.0086656	0.1883600	0.1092699	0.0000000	0.0000000
7409.9965953	7340.0042882	7339.8102246	0.0000000	0.0000000	0.0071986	0.1888453	0.1064192	0.0000000	0.0000000
7409.9965953	7335.0082820	7334.6508105	0.0000000	0.0000000	0.0087500	0.1906082	0.1060701	0.0000000	0.0000000
7409.9965953	7330.0090317	7329.9213477	0.0000000	0.0000000	0.0112551	0.1903066	0.1062297	0.0000000	0.0000000
7409.9965953	7325.0132099	7324.7619336	0.0000000	0.0000000	0.0089918	0.1897863	0.1060249	0.0000000	0.0000000
7409.9965953	7319.9871765	7319.6025195	0.0000000	0.0000000	0.0115962	0.1896495	0.1060612	0.0000000	0.0000000
7409.9965953	7314.9836815	7314.8730566	0.0000000	0.0000000	0.0173007	0.1889248	0.1074590	0.0000000	0.0000000
7409.9965953	7309.9914555	7309.7136426	0.0000000	0.0000000	0.0125706	0.1901575	0.1079364	0.0000000	0.0000000
7409.9965953	7304.9851431	7304.6092822	0.0000000	0.0000000	0.0093949	0.1881658	0.1093308	0.0000000	0.0000000
7409.9965953	7299.9844653	7299.9348730	0.0000000	0.0000000	0.0134904	0.1886902	0.1091758	0.0000000	0.0000000
7409.9965953	7294.9837875	7294.8355176	0.0000000	0.0000000	0.0147748	0.1884828	0.1095714	0.0000000	0.0000000
7409.9965953	7289.9859270	7289.7361621	0.0000000	0.0000000	0.0125990	0.1890217	0.1094103	0.0000000	0.0000000
7409.9965953	7284.9852492	7284.6368066	0.0000000	0.0000000	0.0144192	0.1892908	0.1082449	0.0000000	0.0000000
7409.9965953	7279.9847963	7279.9623975	0.0000000	0.0000000	0.0139612	0.1899858	0.1082076	0.0000000	0.0000000
7409.9965953	7275.0129807	7274.8630420	0.0000000	0.0000000	0.0138572	0.1890726	0.1085565	0.0000000	0.0000000
7409.9965953	7270.0090889	7269.7636865	0.0000000	0.0000000	0.0122543	0.1893154	0.1090210	0.0000000	0.0000000
7409.9965953	7265.0084048	7264.6888672	0.0000000	0.0000000	0.0106204	0.1891730	0.1091746	0.0000000	0.0000000
7409.9965953	7260.0013053	7259.6483984	0.0000000	0.0000000	0.0074346	0.1894711	0.1074106	0.0000000	0.0000000
7409.9965953	7255.0102440	7254.6079297	0.0000000	0.0000000	0.0085167	0.1896637	0.1055605	0.0000000	0.0000000
7409.9965953	7250.0159751	7249.9875000	0.0000000	0.0000000	0.0094926	0.1902040	0.1046580	0.0000000	0.0000000
7409.9965953	7245.0120833	7244.9470313	0.0000000	0.0000000	0.0067670	0.1894050	0.1032598	0.0000000	0.0000000
7409.9965953	7240.0017763	7239.9065625	0.0000000	0.0000000	0.0042230	0.1907426	0.0998427	0.0000000	0.0000000
7409.9965953	7235.0171302	7234.8660938	0.0000000	0.0000000	0.0048295	0.1900837	0.1000668	0.0000000	0.0000000
7409.9965953	7230.0100308	7229.8256250	0.0000000	0.0000000	0.0041554	0.1893322	0.1008881	0.0000000	0.0000000
7409.9965953	7225.0001244	7224.7851563	0.0000000	0.0000000	0.0046332	0.1899706	0.1021531	0.0000000	0.0000000
7409.9965953	7220.0081975	7219.8026367	0.0000000	0.0000000	0.0047017	0.1885121	0.1041057	0.0000000	0.0000000
7409.9965953	7215.0130100	7214.8201172	0.0000000	0.0000000	0.0049397	0.1887378	0.1080739	0.0000000	0.0000000
7409.9965953	7210.0080408	7209.8375977	0.0000000	0.0000000	0.0065134	0.1888491	0.1084729	0.0000000	0.0000000
7409.9965953	7205.0030717	7204.8550781	0.0000000	0.0000000	0.0057947	0.1891394	0.1075052	0.0000000	0.0000000
7409.9965953	7200.0111447	7199.8725586	0.0000000	0.0000000	0.0063425	0.1902662	0.1077389	0.0000000	0.0000000
7409.9965953	7195.0061755	7194.8900391	0.0000000	0.0000000	0.0072118	0.1908058	0.1073273	0.0000000	0.0000000
7409.9965953	7190.0077275	7189.9075195	0.0000000	0.0000000	0.0095328	0.1905005	0.1090679	0.0000000	0.0000000
7409.9965953	7185.0158006	7184.9250000	0.0000000	0.0000000	0.0069865	0.1897280	0.1078322	0.0000000	0.0000000
7409.9965953	7180.0043103	7179.9804492	0.0000000	0.0000000	0.0044504	0.1889841	0.1065751	0.0000000	0.0000000
7409.9965953	7175.0026016	7174.6444189	0.0000000	0.0000000	0.0042180	0.1877246	0.1070269	0.0000000	0.0000000
7409.9965953	7170.0008930	7169.7188525	0.0000000	0.0000000	0.0035640	0.1882075	0.1049219	0.0000000	0.0000000
7409.9965953	7165.0300253	7164.7932861	0.0000000	0.0000000	0.0018595	0.1893254	0.1038922	0.0000000	0.0000000
7409.9965953	7160.0220945	7159.8677197	0.0000000	0.0000000	0.0017711	0.1892751	0.1061687	0.0000000	0.0000000
7409.9965953	7155.0261947	7154.9421533	0.0000000	0.0000000	0.0024987	0.1916156	0.1054716	0.0000000	0.0000000
7409.9965953	7150.0212717	7149.6061230	0.0000000	0.0000000	0.0032996	0.1918107	0.1050140	0.0000000	0.0000000
7409.9965953	7145.0223642	7144.6805566	0.0000000	0.0000000	0.0021912	0.1915438	0.1060549	0.0000000	0.0000000
7409.9965953	7140.0294722	7139.7829688	0.0000000	0.0000000	0.0012241	0.1910319	0.1047673	0.0000000	0.0000000
7409.9965953	7135.0215414	7134.9133594	0.0000000	0.0000000	0.0011813	0.1914500	0.1024139	0.0000000	0.0000000
7409.9965953	7130.0286494	7129.6379492	0.0000000	0.0000000	0.0010928	0.1906577	0.1032979	0.0000000	0.0000000
7409.9965953	7124.9876331	7124.7683398	0.0000000	0.0000000	0.0012308	0.1917792	0.1026499	0.0000000	0.0000000
7409.9965953	7120.0278266	7119.8987305	0.0000000	0.0000000	0.0007773	0.1912999	0.1030480	0.0000000	0.0000000
7409.9965953	7114.9877989	7114.6233203	0.0000000	0.0000000	0.0007792	0.1902346	0.1023542	0.0000000	0.0000000
7409.9965953	7109.9857704	7109.7537109	0.0000000	0.0000000	0.0009167	0.1898260	0.1039988	0.0000000	0.0000000
7409.9965953	7104.9837419	7104.8841016	0.0000000	0.0000000	0.0008181	0.1907726	0.1042194	0.0000000	0.0000000
7409.9965953	7099.9991179	7099.6316406	0.0000000	0.0000000	0.0005928	0.1896967	0.1021829	0.0000000	0.0000000
7409.9965953	7094.9796850	7094.8171094	0.0000000	0.0000000	0.0005923	0.1906753	0.1028597	0.0000000	0.0000000
7409.9965953	7089.9846182	7089.6013672	0.0000000	0.0000000	0.0003851	0.1910394	0.1033846	0.0000000	0.0000000
7409.9965953	7084.9860706	7084.7868359	0.0000000	0.0000000	0.0004557	0.1900005	0.1040366	0.0000000	0.0000000
7409.9965953	7079.9875230	7079.9723047	0.0000000	0.0000000	0.0002397	0.1904185	0.1021240	0.0000000	0.0000000
7409.9965953	7074.9889754	7074.7565625	0.0000000	0.0000000	0.0001411	0.1918353	0.0999362	0.0000000	0.0000000
7409.9965953	7069.9834660	7069.9420313	0.0000000	0.0000000	0.0000698	0.1902556	0.1003381	0.0000000	0.0000000
7409.9965953	7064.9883993	7064.7262891	0.0000000	0.0000000	0.0001018	0.1896088	0.1027081	0.0000000	0.0000000
7409.9965953	7059.9902608	7059.9297656	0.0000000	0.0000000	0.0000968	0.1895177	0.1025326	0.0000000	0.0000000
7409.9965953	7054.9880656	7054.7725488	0.0000000	0.0000000	0.0001906	0.1894307	0.1031097	0.0000000	0.0000000
7409.9965953	7049.9819654	7049.6153320	0.0000000	0.0000000	0.0001987	0.1899113	0.1029448	0.0000000	0.0000000
7409.9965953	7044.9875799	7044.8548242	0.0000000	0.0000000	0.0000636	0.1887537	0.1022018	0.0000000	0.0000000
7409.9965953	7039.9814797	7039.6976074	0.0000000	0.0000000	0.0001376	0.1898228	0.1000439	0.0000000	0.0000000
7409.9965953	7034.9831894	7034.9370996	0.0000000	0.0000000	0.0001426	0.1898749	0.0994368	0.0000000	0.0000000
7409.9965953	7029.9809941	7029.7798828	0.0000000	0.0000000	0.0001293	0.1905973	0.0998060	0.0000000	0.0000000
7409.9965953	7024.9827038	7024.6226660	0.0000000	0.0000000	0.0001578	0.1903517	0.1019191	0.0000000	0.0000000
7409.9965953	7019.9805085	7019.8843262	0.0000000	0.0000000	0.0001121	0.1902827	0.1012921	0.0000000	0.0000000
7409.9965953	7014.9822181	7014.7847461	0.0000000	0.0000000	0.0001454	0.1909164	0.1014851	0.0000000	0.0000000
7409.9965953	7009.9839278	7009.6851660	0.0000000	0.0000000	0.0000895	0.1913951	0.1020101	0.0000000	0.0000000
7409.9965953	7004.9817325	7004.9778613	0.0000000	0.0000000	0.0000509	0.1900499	0.1032959	0.0000000	0.0000000
