7174.9939033	7599.9977245	7599.5502051	0.0000000	0.0000000	0.0192531	0.1675840	0.1225952	0.0000000	7175.0000000
7174.9939033	7594.9867234	7594.9313574	0.0000000	0.0000000	0.0197679	0.1674495	0.1215760	0.0000000	0.0000000
7174.9939033	7589.9849267	7589.8506250	0.0000000	0.0000000	0.0214128	0.1663690	0.1214019	0.0000000	0.0000000
7174.9939033	7584.9897621	7584.7698926	0.0000000	0.0000000	0.0207733	0.1663127	0.1215347	0.0000000	0.0000000
7174.9939033	7579.9895004	7579.6891602	0.0000000	0.0000000	0.0211512	0.1667622	0.1224957	0.0000000	0.0000000
7174.9939033	7574.9866901	7574.6139941	0.0000000	0.0000000	0.0208320	0.1660950	0.1218123	0.0000000	0.0000000
7174.9939033	7569.9915255	7569.5944922	0.0000000	0.0000000	0.0190803	0.1668951	0.1206270	0.0000000	0.0000000
7174.9939033	7564.9887153	7564.5749902	0.0000000	0.0000000	0.0241670	0.1667034	0.1222942	0.0000000	0.0000000
7174.9939033	7559.9859050	7559.5554883	0.0000000	0.0000000	0.0222371	0.1671935	0.1223433	0.0000000	0.0000000
7174.9939033	7554.9856433	7554.9923047	0.0000000	0.0000000	0.0225693	0.1669606	0.1226266	0.0000000	0.0000000
7174.9939033	7549.9853816	7549.9728027	0.0000000	0.0000000	0.0185319	0.1667228	0.1228240	0.0000000	0.0000000
7174.9939033	7544.9825713	7544.9533008	0.0000000	0.0000000	0.0190092	0.1673248	0.1243057	0.0000000	0.0000000
7174.9939033	7539.9872981	7539.9337988	0.0000000	0.0000000	0.0175771	0.1667567	0.1243988	0.0000000	0.0000000
7174.9939033	7535.0359452	7534.9142969	0.0000000	0.0000000	0.0174226	0.1654731	0.1226345	0.0000000	0.0000000
7174.9939033	7530.0323812	7529.8947949	0.0000000	0.0000000	0.0197262	0.1660168	0.1233602	0.0000000	0.0000000
7174.9939033	7524.9853080	7524.9299316	0.0000000	0.0000000	0.0176632	0.1652146	0.1225642	0.0000000	0.0000000
7174.9939033	7519.9904459	7519.9705322	0.0000000	0.0000000	0.0182355	0.1660616	0.1217919	0.0000000	0.0000000
7174.9939033	7515.0332918	7514.5602783	0.0000000	0.0000000	0.0189877	0.1667601	0.1213876	0.0000000	0.0000000
7174.9939033	7509.9833179	7509.6008789	0.0000000	0.0000000	0.0174871	0.1664897	0.1209340	0.0000000	0.0000000
7174.9939033	7505.0348657	7504.6414795	0.0000000	0.0000000	0.0189812	0.1664222	0.1212462	0.0000000	0.0000000
7174.9939033	7499.9877924	7499.6820801	0.0000000	0.0000000	0.0172903	0.1668285	0.1206865	0.0000000	0.0000000
7174.9939033	7495.0306383	7494.7226807	0.0000000	0.0000000	0.0174323	0.1667931	0.1208140	0.0000000	0.0000000
7174.9939033	7489.9843030	7489.7632813	0.0000000	0.0000000	0.0177422	0.1666205	0.1214120	0.0000000	0.0000000
7174.9939033	7484.9843817	7484.8038818	0.0000000	0.0000000	0.0167584	0.1670319	0.1221300	0.0000000	0.0000000
7174.9939033	7480.0271461	7479.8981445	0.0000000	0.0000000	0.0154153	0.1672211	0.1213051	0.0000000	0.0000000
7174.9939033	7474.9845391	7474.9977734	0.0000000	0.0000000	0.0160737	0.1662043	0.1221716	0.0000000	0.0000000
7174.9939033	7469.9846178	7469.6519141	0.0000000	0.0000000	0.0136991	0.1663115	0.1212919	0.0000000	0.0000000
7174.9939033	7464.9875422	7464.7515430	0.0000000	0.0000000	0.0130022	0.1665370	0.1207142	0.0000000	0.0000000
7174.9939033	7459.9847751	7459.8511719	0.0000000	0.0000000	0.0145946	0.1659150	0.1212114	0.0000000	0.0000000
7174.9939033	7455.0303853	7454.9508008	0.0000000	0.0000000	0.0113815	0.1665839	0.1200106	0.0000000	0.0000000
7174.9939033	7449.9849325	7449.6049414	0.0000000	0.0000000	0.0109388	0.1668097	0.1187434	0.0000000	0.0000000
7174.9939033	7444.9850112	7444.7045703	0.0000000	0.0000000	0.0132305	0.1669697	0.1191641	0.0000000	0.0000000
7174.9939033	7439.9850899	7439.8041992	0.0000000	0.0000000	0.0121515	0.1673500	0.1192284	0.0000000	0.0000000
7174.9939033	7434.9851686	7434.9618359	0.0000000	0.0000000	0.0120928	0.1681243	0.1198494	0.0000000	0.0000000
7174.9939033	7429.9899093	7429.6792578	0.0000000	0.0000000	0.0138838	0.1671025	0.1225452	0.0000000	0.0000000
7174.9939033	7424.9918312	7424.8368945	0.0000000	0.0000000	0.0104268	0.1670476	0.1216549	0.0000000	0.0000000
7174.9939033	7419.9883932	7419.9945313	0.0000000	0.0000000	0.0084323	0.1674589	0.1201858	0.0000000	0.0000000
7174.9939033	7414.9849553	7414.7119531	0.0000000	0.0000000	0.0072439	0.1663766	0.1198159	0.0000000	0.0000000
7174.9939033	7409.9841972	7409.8695898	0.0000000	0.0000000	0.0083419	0.1661544	0.1207858	0.0000000	0.0000000
7174.9939033	7404.9861191	7404.5870117	0.0000000	0.0000000	0.0086902	0.1662130	0.1187683	0.0000000	0.0000000
7174.9939033	7399.9853611	7399.7446484	0.0000000	0.0000000	0.0090206	0.1664004	0.1174969	0.0000000	0.0000000
7174.9939033	7394.9872830	7394.9126367	0.0000000	0.0000000	0.0087242	0.1664885	0.1166914	0.0000000	0.0000000
7174.9939033	7389.9838450	7389.6921680	0.0000000	0.0000000	0.0088418	0.1651945	0.1168049	0.0000000	0.0000000
7174.9939033	7384.9857669	7384.9067383	0.0000000	0.0000000	0.0100143	0.1658315	0.1154604	0.0000000	0.0000000
7174.9939033	7379.9820701	7379.6862695	0.0000000	0.0000000	0.0102380	0.1655519	0.1142736	0.0000000	0.0000000
7174.9939033	7375.0152613	7374.9008398	0.0000000	0.0000000	0.0106412	0.1664540	0.1140649	0.0000000	0.0000000
7174.9939033	7370.0127668	7369.6803711	0.0000000	0.0000000	0.0115433	0.1668676	0.1124614	0.0000000	0.0000000
7174.9939033	7365.0037840	7364.8949414	0.0000000	0.0000000	0.0136135	0.1658997	0.1122275	0.0000000	0.0000000
7174.9939033	7360.0077779	7359.6744727	0.0000000	0.0000000	0.0148680	0.1661292	0.1114115	0.0000000	0.0000000
7174.9939033	7355.0052834	7354.8890430	0.0000000	0.0000000	0.0157402	0.1664344	0.1085439	0.0000000	0.0000000
7174.9939033	7349.9995447	7349.6991016	0.0000000	0.0000000	0.0168171	0.1664496	0.1073090	0.0000000	0.0000000
7174.9939033	7345.0132710	7344.9696387	0.0000000	0.0000000	0.0167006	0.1666746	0.1059496	0.0000000	0.0000000
7174.9939033	7340.0140207	7339.8102246	0.0000000	0.0000000	0.0141105	0.1669045	0.1046732	0.0000000	0.0000000
7174.9939033	7335.0147704	7334.6508105	0.0000000	0.0000000	0.0157256	0.1683870	0.1034708	0.0000000	0.0000000
7174.9939033	7329.9992992	7329.9213477	0.0000000	0.0000000	0.0241176	0.1679872	0.1047434	0.0000000	0.0000000
7174.9939033	7325.0244790	7324.7619336	0.0000000	0.0000000	0.0265725	0.1668843	0.1059331	0.0000000	0.0000000
7174.9939033	7319.9843593	7319.6025195	0.0000000	0.0000000	0.0291027	0.1671393	0.1066766	0.0000000	0.0000000
7174.9939033	7314.9864987	7314.8730566	0.0000000	0.0000000	0.0355620	0.1662684	0.1071366	0.0000000	0.0000000
7174.9939033	7309.9886382	7309.7136426	0.0000000	0.0000000	0.0411293	0.1672448	0.1084395	0.0000000	0.0000000
7174.9939033	7304.9907777	7304.6092822	0.0000000	0.0000000	0.0373857	0.1672166	0.1074154	0.0000000	0.0000000
7174.9939033	7299.9844653	7299.9348730	0.0000000	0.0000000	0.0394021	0.1667896	0.1063459	0.0000000	0.0000000
7174.9939033	7294.9866048	7294.8355176	0.0000000	0.0000000	0.0495022	0.1668239	0.1076780	0.0000000	0.0000000
7174.9939033	7289.9831097	7289.7361621	0.0000000	0.0000000	0.0446403	0.1665665	0.1060402	0.0000000	0.0000000
7174.9939033	7284.9852492	7284.6368066	0.0000000	0.0000000	0.0500825	0.1668109	0.1069677	0.0000000	0.0000000
7174.9939033	7279.9783810	7279.9623975	0.0000000	0.0000000	0.0564851	0.1672588	0.1078712	0.0000000	0.0000000
7174.9939033	7275.0033579	7274.8630420	0.0000000	0.0000000	0.0638883	0.1669430	0.1096844	0.0000000	0.0000000
7174.9939033	7270.0090889	7269.7636865	0.0000000	0.0000000	0.0629662	0.1665483	0.1103909	0.0000000	0.0000000
7174.9939033	7265.0051971	7264.6888672	0.0000000	0.0000000	0.0634869	0.1665977	0.1093250	0.0000000	0.0000000
7174.9939033	7260.0109282	7259.6483984	0.0000000	0.0000000	0.0627052	0.1660210	0.1084381	0.0000000	0.0000000
7174.9939033	7255.0166593	7254.6079297	0.0000000	0.0000000	0.0683506	0.1653766	0.1076576	0.0000000	0.0000000
7174.9939033	7250.0095598	7249.9875000	0.0000000	0.0000000	0.0651147	0.1656665	0.1046617	0.0000000	0.0000000
7174.9939033	7245.0056680	7244.9470313	0.0000000	0.0000000	0.0640096	0.1673010	0.1024028	0.0000000	0.0000000
7174.9939033	7240.0113991	7239.9065625	0.0000000	0.0000000	0.0564088	0.1672556	0.0998517	0.0000000	0.0000000
7174.9939033	7235.0107149	7234.8660938	0.0000000	0.0000000	0.0628474	0.1667864	0.0991204	0.0000000	0.0000000
7174.9939033	7230.0068231	7229.8256250	0.0000000	0.0000000	0.0731613	0.1665991	0.0999248	0.0000000	0.0000000
7174.9939033	7225.0001244	7224.7851563	0.0000000	0.0000000	0.0760729	0.1665771	0.1004479	0.0000000	0.0000000
7174.9939033	7220.0114581	7219.8026367	0.0000000	0.0000000	0.0983212	0.1660359	0.1038081	0.0000000	0.0000000
7174.9939033	7215.0130100	7214.8201172	0.0000000	0.0000000	0.1123718	0.1657462	0.1057430	0.0000000	0.0000000
7174.9939033	7210.0080408	7209.8375977	0.0000000	0.0000000	0.1207380	0.1659432	0.1072704	0.0000000	0.0000000
7174.9939033	7205.0095928	7204.8550781	0.0000000	0.0000000	0.1290560	0.1661853	0.1067284	0.0000000	0.0000000
7174.9939033	7200.0046236	7199.8725586	0.0000000	0.0000000	0.1221707	0.1663323	0.1071920	0.0000000	0.0000000
7174.9939033	7195.0029150	7194.8900391	0.0000000	0.0000000	0.1312909	0.1659723	0.1079329	0.0000000	0.0000000
7174.9939033	7189.9979458	7189.9075195	0.0000000	0.0000000	0.1653073	0.1672874	0.1068068	0.0000000	0.0000000
7174.9939033	7185.0125400	7184.9250000	0.0000000	0.0000000	0.2343823	0.1670076	0.1047666	0.0000000	0.0000000
7174.9939033	7180.0010497	7179.9804492	0.0000000	0.0000000	0.2986755	0.1676324	0.1043556	0.0000000	0.0000000
7174.9939033	7175.0123833	7174.6444189	0.0000000	0.0000000	0.3468503	0.1667432	0.1036072	0.0000000	0.0000000
7174.9939033	7170.0008930	7169.7188525	0.0000000	0.0000000	0.3036146	0.1669047	0.1029667	0.0000000	0.0000000
7174.9939033	7165.0300253	7164.7932861	0.0000000	0.0000000	0.1769045	0.1659753	0.1043398	0.0000000	0.0000000
7174.9939033	7160.0281100	7159.8677197	0.0000000	0.0000000	0.1221207	0.1655497	0.1057719	0.0000000	0.0000000
7174.9939033	7155.0261947	7154.9421533	0.0000000	0.0000000	0.1110302	0.1639150	0.1064567	0.0000000	0.0000000
7174.9939033	7150.0212717	7149.6061230	0.0000000	0.0000000	0.1205582	0.1642100	0.1052197	0.0000000	0.0000000
7174.9939033	7145.0223642	7144.6805566	0.0000000	0.0000000	0.1127325	0.1660863	0.1042988	0.0000000	0.0000000
7174.9939033	7140.0174411	7139.7829688	0.0000000	0.0000000	0.0890527	0.1660575	0.1029763	0.0000000	0.0000000
7174.9939033	7134.9854482	7134.9133594	0.0000000	0.0000000	0.0910073	0.1662930	0.1036412	0.0000000	0.0000000
7174.9939033	7130.0256416	7129.6379492	0.0000000	0.0000000	0.1103886	0.1677958	0.1029893	0.0000000	0.0000000
7174.9939033	7125.0297419	7124.7683398	0.0000000	0.0000000	0.1050909	0.1671731	0.1031003	0.0000000	0.0000000
7174.9939033	7120.0218110	7119.8987305	0.0000000	0.0000000	0.0869064	0.1666913	0.1026919	0.0000000	0.0000000
7174.9939033	7114.9843181	7114.6233203	0.0000000	0.0000000	0.0912061	0.1665697	0.1035144	0.0000000	0.0000000
7174.9939033	7109.9962131	7109.7537109	0.0000000	0.0000000	0.1003705	0.1651095	0.1040175	0.0000000	0.0000000
7174.9939033	7104.9837419	7104.8841016	0.0000000	0.0000000	0.0906516	0.1657073	0.1043353	0.0000000	0.0000000
7174.9939033	7099.9817134	7099.6316406	0.0000000	0.0000000	0.0944495	0.1663425	0.1030081	0.0000000	0.0000000
7174.9939033	7094.9831658	7094.8171094	0.0000000	0.0000000	0.0848149	0.1657762	0.1025129	0.0000000	0.0000000
7174.9939033	7089.9846182	7089.6013672	0.0000000	0.0000000	0.0811132	0.1666317	0.1016635	0.0000000	0.0000000
7174.9939033	7084.9860706	7084.7868359	0.0000000	0.0000000	0.0732113	0.1671753	0.1012002	0.0000000	0.0000000
7174.9939033	7079.9875230	7079.9723047	0.0000000	0.0000000	0.0576335	0.1666552	0.1003457	0.0000000	0.0000000
7174.9939033	7074.9889754	7074.7565625	0.0000000	0.0000000	0.0469592	0.1669302	0.0982874	0.0000000	0.0000000
7174.9939033	7069.9834660	7069.9420313	0.0000000	0.0000000	0.0349700	0.1660880	0.0964716	0.0000000	0.0000000
7174.9939033	7064.9849184	7064.7262891	0.0000000	0.0000000	0.0387579	0.1667902	0.0962366	0.0000000	0.0000000
7174.9939033	7059.9863559	7059.9297656	0.0000000	0.0000000	0.0434318	0.1659810	0.0984633	0.0000000	0.0000000
7174.9939033	7054.9841606	7054.7725488	0.0000000	0.0000000	0.0478451	0.1659044	0.0984617	0.0000000	0.0000000
7174.9939033	7049.9819654	7049.6153320	0.0000000	0.0000000	0.0452532	0.1642775	0.0994854	0.0000000	0.0000000
7174.9939033	7044.9875799	7044.8548242	0.0000000	0.0000000	0.0484840	0.1639916	0.0989233	0.0000000	0.0000000
7174.9939033	7039.9775748	7039.6976074	0.0000000	0.0000000	0.0505479	0.1646598	0.0990962	0.0000000	0.0000000
7174.9939033	7034.9831894	7034.9370996	0.0000000	0.0000000	0.0537362	0.1648323	0.0972654	0.0000000	0.0000000
7174.9939033	7029.9809941	7029.7798828	0.0000000	0.0000000	0.0638101	0.1657777	0.0972672	0.0000000	0.0000000
7174.9939033	7024.9827038	7024.6226660	0.0000000	0.0000000	0.0651104	0.1660463	0.0987544	0.0000000	0.0000000
7174.9939033	7019.9766036	7019.8843262	0.0000000	0.0000000	0.0630699	0.1672052	0.0967294	0.0000000	0.0000000
7174.9939033	7014.9861230	7014.7847461	0.0000000	0.0000000	0.0613156	0.1660731	0.0986395	0.0000000	0.0000000
7174.9939033	7009.9839278	7009.6851660	0.0000000	0.0000000	0.0586025	0.1651696	0.0993959	0.0000000	0.0000000
7174.9939033	7004.9817325	7004.9778613	0.0000000	0.0000000	0.0544470	0.1651923	0.0997168	0.0000000	0.0000000
