7214.9929327	7600.0002163	7599.5502051	0.0000000	0.0000000	0.0189875	0.1737328	0.1226370	0.0000000	7215.0000000
7214.9929327	7594.9867234	7594.9313574	0.0000000	0.0000000	0.0196641	0.1714965	0.1218632	0.0000000	0.0000000
7214.9929327	7589.9849267	7589.8506250	0.0000000	0.0000000	0.0181445	0.1716355	0.1215947	0.0000000	0.0000000
7214.9929327	7584.9923107	7584.7698926	0.0000000	0.0000000	0.0202449	0.1715806	0.1254476	0.0000000	0.0000000
7214.9929327	7579.9869519	7579.6891602	0.0000000	0.0000000	0.0176738	0.1711221	0.1237213	0.0000000	0.0000000
7214.9929327	7574.9866901	7574.6139941	0.0000000	0.0000000	0.0187780	0.1728805	0.1235923	0.0000000	0.0000000
7214.9929327	7569.9864284	7569.5944922	0.0000000	0.0000000	0.0197240	0.1731733	0.1250979	0.0000000	0.0000000
7214.9929327	7564.9887153	7564.5749902	0.0000000	0.0000000	0.0191635	0.1749983	0.1256931	0.0000000	0.0000000
7214.9929327	7559.9910021	7559.5554883	0.0000000	0.0000000	0.0171324	0.1753229	0.1251996	0.0000000	0.0000000
7214.9929327	7554.9881918	7554.9923047	0.0000000	0.0000000	0.0181923	0.1758022	0.1270009	0.0000000	0.0000000
7214.9929327	7549.9853816	7549.9728027	0.0000000	0.0000000	0.0173116	0.1740305	0.1246511	0.0000000	0.0000000
7214.9929327	7544.9851198	7544.9533008	0.0000000	0.0000000	0.0159275	0.1737065	0.1235778	0.0000000	0.0000000
7214.9929327	7539.9872981	7539.9337988	0.0000000	0.0000000	0.0176433	0.1727709	0.1241838	0.0000000	0.0000000
7214.9929327	7534.9837341	7534.9142969	0.0000000	0.0000000	0.0181110	0.1743889	0.1226924	0.0000000	0.0000000
7214.9929327	7530.0352818	7529.8947949	0.0000000	0.0000000	0.0161832	0.1747743	0.1211550	0.0000000	0.0000000
7214.9929327	7524.9853080	7524.9299316	0.0000000	0.0000000	0.0159503	0.1746057	0.1210245	0.0000000	0.0000000
7214.9929327	7520.0339551	7519.9705322	0.0000000	0.0000000	0.0162957	0.1750778	0.1212882	0.0000000	0.0000000
7214.9929327	7514.9897825	7514.5602783	0.0000000	0.0000000	0.0154945	0.1760593	0.1239175	0.0000000	0.0000000
7214.9929327	7509.9862185	7509.6008789	0.0000000	0.0000000	0.0166386	0.1753956	0.1215641	0.0000000	0.0000000
7214.9929327	7504.9855552	7504.6414795	0.0000000	0.0000000	0.0159786	0.1747787	0.1205743	0.0000000	0.0000000
7214.9929327	7500.0196992	7499.6820801	0.0000000	0.0000000	0.0161956	0.1749763	0.1203545	0.0000000	0.0000000
7214.9929327	7494.9871291	7494.7226807	0.0000000	0.0000000	0.0159866	0.1741785	0.1202947	0.0000000	0.0000000
7214.9929327	7490.0269887	7489.7632813	0.0000000	0.0000000	0.0169844	0.1752700	0.1217472	0.0000000	0.0000000
7214.9929327	7484.9872274	7484.8038818	0.0000000	0.0000000	0.0170415	0.1750436	0.1213485	0.0000000	0.0000000
7214.9929327	7480.0299918	7479.8981445	0.0000000	0.0000000	0.0158805	0.1746288	0.1216632	0.0000000	0.0000000
7214.9929327	7474.9845391	7474.9977734	0.0000000	0.0000000	0.0156309	0.1747811	0.1219169	0.0000000	0.0000000
7214.9929327	7469.9846178	7469.6519141	0.0000000	0.0000000	0.0150898	0.1749945	0.1231444	0.0000000	0.0000000
7214.9929327	7464.9875422	7464.7515430	0.0000000	0.0000000	0.0131987	0.1752960	0.1218287	0.0000000	0.0000000
7214.9929327	7459.9847751	7459.8511719	0.0000000	0.0000000	0.0142263	0.1767434	0.1249775	0.0000000	0.0000000
7214.9929327	7454.9848538	7454.9508008	0.0000000	0.0000000	0.0151973	0.1763286	0.1239098	0.0000000	0.0000000
7214.9929327	7449.9849325	7449.6049414	0.0000000	0.0000000	0.0140642	0.1754767	0.1214774	0.0000000	0.0000000
7214.9929327	7444.9850112	7444.7045703	0.0000000	0.0000000	0.0124739	0.1756682	0.1195066	0.0000000	0.0000000
7214.9929327	7439.9879357	7439.8041992	0.0000000	0.0000000	0.0113650	0.1753221	0.1192843	0.0000000	0.0000000
7214.9929327	7434.9880144	7434.9618359	0.0000000	0.0000000	0.0100471	0.1752529	0.1191543	0.0000000	0.0000000
7214.9929327	7429.9872294	7429.6792578	0.0000000	0.0000000	0.0103021	0.1736357	0.1197695	0.0000000	0.0000000
7214.9929327	7424.9864714	7424.8368945	0.0000000	0.0000000	0.0107659	0.1752313	0.1196436	0.0000000	0.0000000
7214.9929327	7419.9883932	7419.9945313	0.0000000	0.0000000	0.0089326	0.1745840	0.1190862	0.0000000	0.0000000
7214.9929327	7414.9876352	7414.7119531	0.0000000	0.0000000	0.0090449	0.1751149	0.1193762	0.0000000	0.0000000
7214.9929327	7409.9868772	7409.8695898	0.0000000	0.0000000	0.0110002	0.1757817	0.1196182	0.0000000	0.0000000
7214.9929327	7404.9861191	7404.5870117	0.0000000	0.0000000	0.0094128	0.1757302	0.1182073	0.0000000	0.0000000
7214.9929327	7399.9853611	7399.7446484	0.0000000	0.0000000	0.0093993	0.1757722	0.1183960	0.0000000	0.0000000
7214.9929327	7394.9846030	7394.9126367	0.0000000	0.0000000	0.0109023	0.1759031	0.1180896	0.0000000	0.0000000
7214.9929327	7389.9865249	7389.6921680	0.0000000	0.0000000	0.0106908	0.1755422	0.1163828	0.0000000	0.0000000
7214.9929327	7384.9857669	7384.9067383	0.0000000	0.0000000	0.0121326	0.1750916	0.1178210	0.0000000	0.0000000
7214.9929327	7379.9820701	7379.6862695	0.0000000	0.0000000	0.0136174	0.1742896	0.1165602	0.0000000	0.0000000
7214.9929327	7375.0087730	7374.9008398	0.0000000	0.0000000	0.0145298	0.1749115	0.1154900	0.0000000	0.0000000
7214.9929327	7370.0062785	7369.6803711	0.0000000	0.0000000	0.0154999	0.1740789	0.1132405	0.0000000	0.0000000
7214.9929327	7365.0070282	7364.8949414	0.0000000	0.0000000	0.0170908	0.1751099	0.1128958	0.0000000	0.0000000
7214.9929327	7360.0012895	7359.6744727	0.0000000	0.0000000	0.0187878	0.1753134	0.1126495	0.0000000	0.0000000
7214.9929327	7355.0117717	7354.8890430	0.0000000	0.0000000	0.0183215	0.1755808	0.1104343	0.0000000	0.0000000
7214.9929327	7350.0060330	7349.6991016	0.0000000	0.0000000	0.0206506	0.1754399	0.1099333	0.0000000	0.0000000
7214.9929327	7344.9970502	7344.9696387	0.0000000	0.0000000	0.0212817	0.1751051	0.1072197	0.0000000	0.0000000
7214.9929327	7340.0140207	7339.8102246	0.0000000	0.0000000	0.0193572	0.1748831	0.1048412	0.0000000	0.0000000
7214.9929327	7335.0082820	7334.6508105	0.0000000	0.0000000	0.0204752	0.1753512	0.1050107	0.0000000	0.0000000
7214.9929327	7330.0025434	7329.9213477	0.0000000	0.0000000	0.0265963	0.1757979	0.1039990	0.0000000	0.0000000
7214.9929327	7325.0272963	7324.7619336	0.0000000	0.0000000	0.0273760	0.1756730	0.1040447	0.0000000	0.0000000
7214.9929327	7319.9843593	7319.6025195	0.0000000	0.0000000	0.0283813	0.1763367	0.1038500	0.0000000	0.0000000
7214.9929327	7314.9836815	7314.8730566	0.0000000	0.0000000	0.0319205	0.1767505	0.1035657	0.0000000	0.0000000
7214.9929327	7309.9914555	7309.7136426	0.0000000	0.0000000	0.0362672	0.1765897	0.1038025	0.0000000	0.0000000
7214.9929327	7304.9851431	7304.6092822	0.0000000	0.0000000	0.0376946	0.1759218	0.1049723	0.0000000	0.0000000
7214.9929327	7299.9844653	7299.9348730	0.0000000	0.0000000	0.0424594	0.1762583	0.1046342	0.0000000	0.0000000
7214.9929327	7294.9837875	7294.8355176	0.0000000	0.0000000	0.0503840	0.1764465	0.1066028	0.0000000	0.0000000
7214.9929327	7289.9831097	7289.7361621	0.0000000	0.0000000	0.0530891	0.1751116	0.1080283	0.0000000	0.0000000
7214.9929327	7284.9852492	7284.6368066	0.0000000	0.0000000	0.0546534	0.1744962	0.1072040	0.0000000	0.0000000
7214.9929327	7279.9815887	7279.9623975	0.0000000	0.0000000	0.0595455	0.1743995	0.1074158	0.0000000	0.0000000
7214.9929327	7275.0065655	7274.8630420	0.0000000	0.0000000	0.0608137	0.1762540	0.1070997	0.0000000	0.0000000
7214.9929327	7270.0058813	7269.7636865	0.0000000	0.0000000	0.0582943	0.1754314	0.1058761	0.0000000	0.0000000
7214.9929327	7265.0051971	7264.6888672	0.0000000	0.0000000	0.0624390	0.1749210	0.1071990	0.0000000	0.0000000
7214.9929327	7260.0045130	7259.6483984	0.0000000	0.0000000	0.0657499	0.1751322	0.1074414	0.0000000	0.0000000
7214.9929327	7255.0134516	7254.6079297	0.0000000	0.0000000	0.0670486	0.1753616	0.1055961	0.0000000	0.0000000
7214.9929327	7250.0063522	7249.9875000	0.0000000	0.0000000	0.0675853	0.1758020	0.1043372	0.0000000	0.0000000
7214.9929327	7245.0024604	7244.9470313	0.0000000	0.0000000	0.0635256	0.1754811	0.1011882	0.0000000	0.0000000
7214.9929327	7240.0081915	7239.9065625	0.0000000	0.0000000	0.0549507	0.1765637	0.0989788	0.0000000	0.0000000
7214.9929327	7235.0139226	7234.8660938	0.0000000	0.0000000	0.0630366	0.1756960	0.0980715	0.0000000	0.0000000
7214.9929327	7230.0068231	7229.8256250	0.0000000	0.0000000	0.0856365	0.1773912	0.0967709	0.0000000	0.0000000
7214.9929327	7225.0066456	7224.7851563	0.0000000	0.0000000	0.1497621	0.1759729	0.0987632	0.0000000	0.0000000
7214.9929327	7220.0049369	7219.8026367	0.0000000	0.0000000	0.2360560	0.1759318	0.1012081	0.0000000	0.0000000
7214.9929327	7215.0064889	7214.8201172	0.0000000	0.0000000	0.2838027	0.1754503	0.1041648	0.0000000	0.0000000
7214.9929327	7210.0047803	7209.8375977	0.0000000	0.0000000	0.2652433	0.1754501	0.1051002	0.0000000	0.0000000
7214.9929327	7205.0128534	7204.8550781	0.0000000	0.0000000	0.2071985	0.1751842	0.1066281	0.0000000	0.0000000
7214.9929327	7200.0013630	7199.8725586	0.0000000	0.0000000	0.1407056	0.1752719	0.1064349	0.0000000	0.0000000
7214.9929327	7195.0061755	7194.8900391	0.0000000	0.0000000	0.1176571	0.1745527	0.1080044	0.0000000	0.0000000
7214.9929327	7190.0175092	7189.9075195	0.0000000	0.0000000	0.1233792	0.1748942	0.1087109	0.0000000	0.0000000
7214.9929327	7185.0125400	7184.9250000	0.0000000	0.0000000	0.1148068	0.1737416	0.1060815	0.0000000	0.0000000
7214.9929327	7180.0043103	7179.9804492	0.0000000	0.0000000	0.0967976	0.1748018	0.1045773	0.0000000	0.0000000
7214.9929327	7175.0123833	7174.6444189	0.0000000	0.0000000	0.0959332	0.1754438	0.1029362	0.0000000	0.0000000
7214.9929327	7170.0008930	7169.7188525	0.0000000	0.0000000	0.0962459	0.1755256	0.1021345	0.0000000	0.0000000
7214.9929327	7165.0360409	7164.7932861	0.0000000	0.0000000	0.0779794	0.1750872	0.1014482	0.0000000	0.0000000
7214.9929327	7160.0281100	7159.8677197	0.0000000	0.0000000	0.0705364	0.1744406	0.1036187	0.0000000	0.0000000
7214.9929327	7155.0292025	7154.9421533	0.0000000	0.0000000	0.0781375	0.1745771	0.1042712	0.0000000	0.0000000
7214.9929327	7150.0302950	7149.6061230	0.0000000	0.0000000	0.0877321	0.1744318	0.1031913	0.0000000	0.0000000
7214.9929327	7145.0253719	7144.6805566	0.0000000	0.0000000	0.0790342	0.1748347	0.1023193	0.0000000	0.0000000
7214.9929327	7140.0204489	7139.7829688	0.0000000	0.0000000	0.0604833	0.1749893	0.1030798	0.0000000	0.0000000
7214.9929327	7135.0215414	7134.9133594	0.0000000	0.0000000	0.0614976	0.1744414	0.1031061	0.0000000	0.0000000
7214.9929327	7130.0256416	7129.6379492	0.0000000	0.0000000	0.0749060	0.1752721	0.1027305	0.0000000	0.0000000
7214.9929327	7125.0297419	7124.7683398	0.0000000	0.0000000	0.0724095	0.1755922	0.1015521	0.0000000	0.0000000
7214.9929327	7120.0248188	7119.8987305	0.0000000	0.0000000	0.0586428	0.1754281	0.1014087	0.0000000	0.0000000
7214.9929327	7114.9808372	7114.6233203	0.0000000	0.0000000	0.0637118	0.1750359	0.1015372	0.0000000	0.0000000
7214.9929327	7109.9927322	7109.7537109	0.0000000	0.0000000	0.0676390	0.1753925	0.1027457	0.0000000	0.0000000
7214.9929327	7104.9837419	7104.8841016	0.0000000	0.0000000	0.0577687	0.1737618	0.1038541	0.0000000	0.0000000
7214.9929327	7099.9817134	7099.6316406	0.0000000	0.0000000	0.0599650	0.1744484	0.1018923	0.0000000	0.0000000
7214.9929327	7094.9831658	7094.8171094	0.0000000	0.0000000	0.0536240	0.1754689	0.1008672	0.0000000	0.0000000
7214.9929327	7089.9846182	7089.6013672	0.0000000	0.0000000	0.0485590	0.1757416	0.1010707	0.0000000	0.0000000
7214.9929327	7084.9860706	7084.7868359	0.0000000	0.0000000	0.0436141	0.1767957	0.0992391	0.0000000	0.0000000
7214.9929327	7079.9840421	7079.9723047	0.0000000	0.0000000	0.0307610	0.1759695	0.0973191	0.0000000	0.0000000
7214.9929327	7074.9889754	7074.7565625	0.0000000	0.0000000	0.0238094	0.1749762	0.0962173	0.0000000	0.0000000
7214.9929327	7069.9939087	7069.9420313	0.0000000	0.0000000	0.0189059	0.1751339	0.0969011	0.0000000	0.0000000
7214.9929327	7064.9849184	7064.7262891	0.0000000	0.0000000	0.0183860	0.1756450	0.0964900	0.0000000	0.0000000
7214.9929327	7059.9824510	7059.9297656	0.0000000	0.0000000	0.0186901	0.1756185	0.0961842	0.0000000	0.0000000
7214.9929327	7054.9802557	7054.7725488	0.0000000	0.0000000	0.0223962	0.1762195	0.0961593	0.0000000	0.0000000
7214.9929327	7049.9819654	7049.6153320	0.0000000	0.0000000	0.0222985	0.1754929	0.0972858	0.0000000	0.0000000
7214.9929327	7044.9836750	7044.8548242	0.0000000	0.0000000	0.0239669	0.1755648	0.0975081	0.0000000	0.0000000
7214.9929327	7039.9814797	7039.6976074	0.0000000	0.0000000	0.0242703	0.1747365	0.0963953	0.0000000	0.0000000
7214.9929327	7034.9831894	7034.9370996	0.0000000	0.0000000	0.0268362	0.1761189	0.0977043	0.0000000	0.0000000
7214.9929327	7029.9809941	7029.7798828	0.0000000	0.0000000	0.0292588	0.1755704	0.0980245	0.0000000	0.0000000
7214.9929327	7024.9827038	7024.6226660	0.0000000	0.0000000	0.0309897	0.1751448	0.0973688	0.0000000	0.0000000
7214.9929327	7019.9805085	7019.8843262	0.0000000	0.0000000	0.0299611	0.1752867	0.0988141	0.0000000	0.0000000
7214.9929327	7014.9900280	7014.7847461	0.0000000	0.0000000	0.0296345	0.1752716	0.0989569	0.0000000	0.0000000
7214.9929327	7009.9878327	7009.6851660	0.0000000	0.0000000	0.0281888	0.1745034	0.0988810	0.0000000	0.0000000
7214.9929327	7004.9817325	7004.9778613	0.0000000	0.0000000	0.0278995	0.1753895	0.0986523	0.0000000	0.0000000
