7314.9971998	7599.9977245	7599.5502051	0.0000000	0.0000000	0.0155730	0.1827938	0.1228177	0.0000000	7315.0000000
7314.9971998	7594.9867234	7594.9313574	0.0000000	0.0000000	0.0160314	0.1832186	0.1216653	0.0000000	0.0000000
7314.9971998	7589.9849267	7589.8506250	0.0000000	0.0000000	0.0183373	0.1835935	0.1207186	0.0000000	0.0000000
7314.9971998	7584.9897621	7584.7698926	0.0000000	0.0000000	0.0184419	0.1838398	0.1210544	0.0000000	0.0000000
7314.9971998	7579.9920490	7579.6891602	0.0000000	0.0000000	0.0204747	0.1848065	0.1217281	0.0000000	0.0000000
7314.9971998	7574.9866901	7574.6139941	0.0000000	0.0000000	0.0189055	0.1847111	0.1215592	0.0000000	0.0000000
7314.9971998	7569.9889770	7569.5944922	0.0000000	0.0000000	0.0184419	0.1847457	0.1222174	0.0000000	0.0000000
7314.9971998	7564.9887153	7564.5749902	0.0000000	0.0000000	0.0193386	0.1837533	0.1238829	0.0000000	0.0000000
7314.9971998	7559.9910021	7559.5554883	0.0000000	0.0000000	0.0189146	0.1825201	0.1244796	0.0000000	0.0000000
7314.9971998	7554.9881918	7554.9923047	0.0000000	0.0000000	0.0159585	0.1820970	0.1232587	0.0000000	0.0000000
7314.9971998	7549.9853816	7549.9728027	0.0000000	0.0000000	0.0193376	0.1822032	0.1260945	0.0000000	0.0000000
7314.9971998	7544.9851198	7544.9533008	0.0000000	0.0000000	0.0204366	0.1828665	0.1288167	0.0000000	0.0000000
7314.9971998	7539.9872981	7539.9337988	0.0000000	0.0000000	0.0225887	0.1829373	0.1286624	0.0000000	0.0000000
7314.9971998	7534.9866347	7534.9142969	0.0000000	0.0000000	0.0225208	0.1833075	0.1267256	0.0000000	0.0000000
7314.9971998	7530.0265800	7529.8947949	0.0000000	0.0000000	0.0253004	0.1839736	0.1244491	0.0000000	0.0000000
7314.9971998	7524.9853080	7524.9299316	0.0000000	0.0000000	0.0245850	0.1848917	0.1240421	0.0000000	0.0000000
7314.9971998	7520.0368557	7519.9705322	0.0000000	0.0000000	0.0222473	0.1849500	0.1240071	0.0000000	0.0000000
7314.9971998	7514.9839813	7514.5602783	0.0000000	0.0000000	0.0290505	0.1837450	0.1243914	0.0000000	0.0000000
7314.9971998	7509.9833179	7509.6008789	0.0000000	0.0000000	0.0235887	0.1833794	0.1234663	0.0000000	0.0000000
7314.9971998	7504.9826546	7504.6414795	0.0000000	0.0000000	0.0234003	0.1839546	0.1228053	0.0000000	0.0000000
7314.9971998	7499.9877924	7499.6820801	0.0000000	0.0000000	0.0247888	0.1830662	0.1210891	0.0000000	0.0000000
7314.9971998	7495.0364396	7494.7226807	0.0000000	0.0000000	0.0199479	0.1838898	0.1196586	0.0000000	0.0000000
7314.9971998	7489.9871487	7489.7632813	0.0000000	0.0000000	0.0219368	0.1840797	0.1208861	0.0000000	0.0000000
7314.9971998	7484.9843817	7484.8038818	0.0000000	0.0000000	0.0241111	0.1841147	0.1208274	0.0000000	0.0000000
7314.9971998	7479.9873061	7479.8981445	0.0000000	0.0000000	0.0243881	0.1842393	0.1210743	0.0000000	0.0000000
7314.9971998	7474.9845391	7474.9977734	0.0000000	0.0000000	0.0251622	0.1837444	0.1216001	0.0000000	0.0000000
7314.9971998	7469.9846178	7469.6519141	0.0000000	0.0000000	0.0213323	0.1837975	0.1215654	0.0000000	0.0000000
7314.9971998	7464.9846965	7464.7515430	0.0000000	0.0000000	0.0191942	0.1840182	0.1207428	0.0000000	0.0000000
7314.9971998	7459.9876209	7459.8511719	0.0000000	0.0000000	0.0192709	0.1829006	0.1200339	0.0000000	0.0000000
7314.9971998	7454.9848538	7454.9508008	0.0000000	0.0000000	0.0215870	0.1817833	0.1199381	0.0000000	0.0000000
7314.9971998	7449.9849325	7449.6049414	0.0000000	0.0000000	0.0217692	0.1826691	0.1207299	0.0000000	0.0000000
7314.9971998	7444.9878570	7444.7045703	0.0000000	0.0000000	0.0217228	0.1835094	0.1200356	0.0000000	0.0000000
7314.9971998	7439.9850899	7439.8041992	0.0000000	0.0000000	0.0211689	0.1835588	0.1191791	0.0000000	0.0000000
7314.9971998	7434.9851686	7434.9618359	0.0000000	0.0000000	0.0204835	0.1844612	0.1179161	0.0000000	0.0000000
7314.9971998	7429.9872294	7429.6792578	0.0000000	0.0000000	0.0193051	0.1853333	0.1185613	0.0000000	0.0000000
7314.9971998	7424.9864714	7424.8368945	0.0000000	0.0000000	0.0200170	0.1845970	0.1194430	0.0000000	0.0000000
7314.9971998	7419.9857133	7419.9945313	0.0000000	0.0000000	0.0184739	0.1839617	0.1177684	0.0000000	0.0000000
7314.9971998	7414.9876352	7414.7119531	0.0000000	0.0000000	0.0179276	0.1836984	0.1173676	0.0000000	0.0000000
7314.9971998	7409.9841972	7409.8695898	0.0000000	0.0000000	0.0217819	0.1849166	0.1166455	0.0000000	0.0000000
7314.9971998	7404.9861191	7404.5870117	0.0000000	0.0000000	0.0202084	0.1846624	0.1174683	0.0000000	0.0000000
7314.9971998	7399.9853611	7399.7446484	0.0000000	0.0000000	0.0199099	0.1837358	0.1157336	0.0000000	0.0000000
7314.9971998	7394.9872830	7394.9126367	0.0000000	0.0000000	0.0223456	0.1841627	0.1159453	0.0000000	0.0000000
7314.9971998	7389.9865249	7389.6921680	0.0000000	0.0000000	0.0196622	0.1841390	0.1147720	0.0000000	0.0000000
7314.9971998	7384.9857669	7384.9067383	0.0000000	0.0000000	0.0185895	0.1866826	0.1149440	0.0000000	0.0000000
7314.9971998	7379.9820701	7379.6862695	0.0000000	0.0000000	0.0207435	0.1869580	0.1168579	0.0000000	0.0000000
7314.9971998	7375.0022847	7374.9008398	0.0000000	0.0000000	0.0248536	0.1848452	0.1186772	0.0000000	0.0000000
7314.9971998	7370.0127668	7369.6803711	0.0000000	0.0000000	0.0281965	0.1817225	0.1168420	0.0000000	0.0000000
7314.9971998	7365.0070282	7364.8949414	0.0000000	0.0000000	0.0323270	0.1816121	0.1145734	0.0000000	0.0000000
7314.9971998	7360.0142662	7359.6744727	0.0000000	0.0000000	0.0386158	0.1812823	0.1170901	0.0000000	0.0000000
7314.9971998	7355.0117717	7354.8890430	0.0000000	0.0000000	0.0382737	0.1821636	0.1158512	0.0000000	0.0000000
7314.9971998	7350.0092772	7349.6991016	0.0000000	0.0000000	0.0363909	0.1827992	0.1099257	0.0000000	0.0000000
7314.9971998	7345.0035385	7344.9696387	0.0000000	0.0000000	0.0340062	0.1835686	0.1079039	0.0000000	0.0000000
7314.9971998	7340.0075324	7339.8102246	0.0000000	0.0000000	0.0309766	0.1841774	0.1074622	0.0000000	0.0000000
7314.9971998	7335.0017937	7334.6508105	0.0000000	0.0000000	0.0353342	0.1839232	0.1095411	0.0000000	0.0000000
7314.9971998	7330.0090317	7329.9213477	0.0000000	0.0000000	0.0520376	0.1852043	0.1091597	0.0000000	0.0000000
7314.9971998	7325.0272963	7324.7619336	0.0000000	0.0000000	0.0916110	0.1840907	0.1100020	0.0000000	0.0000000
7314.9971998	7319.9843593	7319.6025195	0.0000000	0.0000000	0.1511033	0.1837963	0.1076465	0.0000000	0.0000000
7314.9971998	7314.9864987	7314.8730566	0.0000000	0.0000000	0.2057705	0.1837606	0.1081598	0.0000000	0.0000000
7314.9971998	7309.9886382	7309.7136426	0.0000000	0.0000000	0.1862682	0.1830071	0.1084918	0.0000000	0.0000000
7314.9971998	7304.9879604	7304.6092822	0.0000000	0.0000000	0.1253897	0.1825601	0.1082489	0.0000000	0.0000000
7314.9971998	7299.9844653	7299.9348730	0.0000000	0.0000000	0.0854889	0.1827526	0.1078157	0.0000000	0.0000000
7314.9971998	7294.9837875	7294.8355176	0.0000000	0.0000000	0.0586401	0.1827440	0.1082959	0.0000000	0.0000000
7314.9971998	7289.9859270	7289.7361621	0.0000000	0.0000000	0.0535422	0.1835104	0.1094979	0.0000000	0.0000000
7314.9971998	7284.9852492	7284.6368066	0.0000000	0.0000000	0.0481189	0.1826770	0.1103063	0.0000000	0.0000000
7314.9971998	7279.9815887	7279.9623975	0.0000000	0.0000000	0.0459967	0.1825937	0.1074663	0.0000000	0.0000000
7314.9971998	7274.9969426	7274.8630420	0.0000000	0.0000000	0.0447799	0.1851479	0.1072404	0.0000000	0.0000000
7314.9971998	7270.0090889	7269.7636865	0.0000000	0.0000000	0.0485504	0.1847573	0.1102131	0.0000000	0.0000000
7314.9971998	7265.0051971	7264.6888672	0.0000000	0.0000000	0.0431831	0.1835262	0.1079980	0.0000000	0.0000000
7314.9971998	7260.0013053	7259.6483984	0.0000000	0.0000000	0.0413157	0.1829878	0.1073677	0.0000000	0.0000000
7314.9971998	7255.0166593	7254.6079297	0.0000000	0.0000000	0.0461006	0.1825901	0.1075182	0.0000000	0.0000000
7314.9971998	7250.0127675	7249.9875000	0.0000000	0.0000000	0.0434869	0.1832141	0.1087650	0.0000000	0.0000000
7314.9971998	7245.0120833	7244.9470313	0.0000000	0.0000000	0.0410162	0.1825306	0.1068639	0.0000000	0.0000000
7314.9971998	7240.0113991	7239.9065625	0.0000000	0.0000000	0.0349307	0.1814292	0.1030654	0.0000000	0.0000000
7314.9971998	7235.0139226	7234.8660938	0.0000000	0.0000000	0.0332845	0.1840016	0.1005028	0.0000000	0.0000000
7314.9971998	7230.0100308	7229.8256250	0.0000000	0.0000000	0.0293135	0.1841984	0.1013710	0.0000000	0.0000000
7314.9971998	7225.0001244	7224.7851563	0.0000000	0.0000000	0.0341657	0.1850533	0.1075288	0.0000000	0.0000000
7314.9971998	7220.0049369	7219.8026367	0.0000000	0.0000000	0.0448745	0.1854777	0.1097498	0.0000000	0.0000000
7314.9971998	7215.0162706	7214.8201172	0.0000000	0.0000000	0.0470402	0.1845530	0.1087341	0.0000000	0.0000000
7314.9971998	7210.0015197	7209.8375977	0.0000000	0.0000000	0.0509291	0.1833925	0.1083325	0.0000000	0.0000000
7314.9971998	7205.0063322	7204.8550781	0.0000000	0.0000000	0.0510414	0.1829900	0.1072574	0.0000000	0.0000000
7314.9971998	7200.0078842	7199.8725586	0.0000000	0.0000000	0.0445897	0.1837717	0.1071787	0.0000000	0.0000000
7314.9971998	7195.0061755	7194.8900391	0.0000000	0.0000000	0.0472709	0.1836317	0.1081512	0.0000000	0.0000000
7314.9971998	7190.0012064	7189.9075195	0.0000000	0.0000000	0.0533711	0.1846924	0.1061763	0.0000000	0.0000000
7314.9971998	7185.0092794	7184.9250000	0.0000000	0.0000000	0.0484707	0.1840437	0.1051593	0.0000000	0.0000000
7314.9971998	7180.0043103	7179.9804492	0.0000000	0.0000000	0.0394076	0.1837164	0.1073253	0.0000000	0.0000000
7314.9971998	7175.0026016	7174.6444189	0.0000000	0.0000000	0.0377759	0.1840081	0.1050701	0.0000000	0.0000000
7314.9971998	7170.0008930	7169.7188525	0.0000000	0.0000000	0.0336720	0.1851796	0.1012153	0.0000000	0.0000000
7314.9971998	7165.0300253	7164.7932861	0.0000000	0.0000000	0.0261874	0.1863300	0.1051061	0.0000000	0.0000000
7314.9971998	7160.0341256	7159.8677197	0.0000000	0.0000000	0.0240800	0.1859895	0.1072791	0.0000000	0.0000000
7314.9971998	7155.0292025	7154.9421533	0.0000000	0.0000000	0.0244913	0.1834292	0.1077639	0.0000000	0.0000000
7314.9971998	7150.0182639	7149.6061230	0.0000000	0.0000000	0.0257755	0.1846519	0.1025658	0.0000000	0.0000000
7314.9971998	7145.0223642	7144.6805566	0.0000000	0.0000000	0.0190660	0.1834913	0.1008062	0.0000000	0.0000000
7314.9971998	7140.0264644	7139.7829688	0.0000000	0.0000000	0.0136539	0.1840522	0.1013857	0.0000000	0.0000000
7314.9971998	7134.9824404	7134.9133594	0.0000000	0.0000000	0.0132604	0.1830924	0.1044730	0.0000000	0.0000000
7314.9971998	7130.0256416	7129.6379492	0.0000000	0.0000000	0.0169633	0.1849758	0.1035432	0.0000000	0.0000000
7314.9971998	7125.0297419	7124.7683398	0.0000000	0.0000000	0.0152175	0.1849410	0.1019948	0.0000000	0.0000000
7314.9971998	7120.0248188	7119.8987305	0.0000000	0.0000000	0.0105751	0.1846750	0.1008815	0.0000000	0.0000000
7314.9971998	7114.9877989	7114.6233203	0.0000000	0.0000000	0.0109705	0.1865585	0.0997031	0.0000000	0.0000000
7314.9971998	7109.9857704	7109.7537109	0.0000000	0.0000000	0.0126709	0.1869700	0.1024789	0.0000000	0.0000000
7314.9971998	7104.9837419	7104.8841016	0.0000000	0.0000000	0.0108107	0.1856722	0.1037233	0.0000000	0.0000000
7314.9971998	7099.9817134	7099.6316406	0.0000000	0.0000000	0.0100986	0.1847826	0.1033411	0.0000000	0.0000000
7314.9971998	7094.9831658	7094.8171094	0.0000000	0.0000000	0.0081692	0.1842880	0.1031752	0.0000000	0.0000000
7314.9971998	7089.9846182	7089.6013672	0.0000000	0.0000000	0.0067291	0.1853461	0.1006534	0.0000000	0.0000000
7314.9971998	7084.9895515	7084.7868359	0.0000000	0.0000000	0.0053120	0.1852802	0.0997524	0.0000000	0.0000000
7314.9971998	7079.9910039	7079.9723047	0.0000000	0.0000000	0.0031934	0.1863538	0.0975372	0.0000000	0.0000000
7314.9971998	7074.9889754	7074.7565625	0.0000000	0.0000000	0.0022076	0.1868726	0.0972947	0.0000000	0.0000000
7314.9971998	7069.9869469	7069.9420313	0.0000000	0.0000000	0.0016379	0.1872324	0.0972008	0.0000000	0.0000000
7314.9971998	7064.9849184	7064.7262891	0.0000000	0.0000000	0.0016434	0.1869972	0.0976646	0.0000000	0.0000000
7314.9971998	7059.9863559	7059.9297656	0.0000000	0.0000000	0.0019644	0.1878247	0.0970912	0.0000000	0.0000000
7314.9971998	7054.9880656	7054.7725488	0.0000000	0.0000000	0.0023702	0.1876195	0.0972094	0.0000000	0.0000000
7314.9971998	7049.9819654	7049.6153320	0.0000000	0.0000000	0.0023336	0.1872748	0.0964539	0.0000000	0.0000000
7314.9971998	7044.9875799	7044.8548242	0.0000000	0.0000000	0.0021514	0.1865522	0.0961289	0.0000000	0.0000000
7314.9971998	7039.9814797	7039.6976074	0.0000000	0.0000000	0.0023024	0.1859939	0.0972933	0.0000000	0.0000000
7314.9971998	7034.9831894	7034.9370996	0.0000000	0.0000000	0.0025912	0.1860752	0.0970856	0.0000000	0.0000000
7314.9971998	7029.9848990	7029.7798828	0.0000000	0.0000000	0.0031202	0.1870166	0.0972919	0.0000000	0.0000000
7314.9971998	7024.9827038	7024.6226660	0.0000000	0.0000000	0.0029952	0.1860288	0.0979116	0.0000000	0.0000000
7314.9971998	7019.9766036	7019.8843262	0.0000000	0.0000000	0.0020613	0.1863674	0.0981461	0.0000000	0.0000000
7314.9971998	7014.9861230	7014.7847461	0.0000000	0.0000000	0.0026777	0.1859180	0.0981873	0.0000000	0.0000000
7314.9971998	7009.9878327	7009.6851660	0.0000000	0.0000000	0.0022482	0.1867299	0.0971194	0.0000000	0.0000000
7314.9971998	7004.9856374	7004.9778613	0.0000000	0.0000000	0.0021865	0.1867471	0.0972526	0.0000000	0.0000000
