7169.9973559	7599.9977245	7599.5502051	0.0000000	0.0000000	0.0182957	0.1624150	0.1234313	0.0000000	7170.0000000
7169.9973559	7594.9867234	7594.9313574	0.0000000	0.0000000	0.0193727	0.1623376	0.1227479	0.0000000	0.0000000
7169.9973559	7589.9849267	7589.8506250	0.0000000	0.0000000	0.0229764	0.1625786	0.1239950	0.0000000	0.0000000
7169.9973559	7584.9897621	7584.7698926	0.0000000	0.0000000	0.0183818	0.1628860	0.1231410	0.0000000	0.0000000
7169.9973559	7579.9869519	7579.6891602	0.0000000	0.0000000	0.0193385	0.1626760	0.1225243	0.0000000	0.0000000
7169.9973559	7574.9866901	7574.6139941	0.0000000	0.0000000	0.0233931	0.1632072	0.1245339	0.0000000	0.0000000
7169.9973559	7569.9864284	7569.5944922	0.0000000	0.0000000	0.0229829	0.1620809	0.1252703	0.0000000	0.0000000
7169.9973559	7564.9887153	7564.5749902	0.0000000	0.0000000	0.0204832	0.1612599	0.1263188	0.0000000	0.0000000
7169.9973559	7559.9859050	7559.5554883	0.0000000	0.0000000	0.0221698	0.1604331	0.1253635	0.0000000	0.0000000
7169.9973559	7554.9856433	7554.9923047	0.0000000	0.0000000	0.0213093	0.1624471	0.1243209	0.0000000	0.0000000
7169.9973559	7549.9853816	7549.9728027	0.0000000	0.0000000	0.0171700	0.1630712	0.1232770	0.0000000	0.0000000
7169.9973559	7544.9851198	7544.9533008	0.0000000	0.0000000	0.0217468	0.1621740	0.1239080	0.0000000	0.0000000
7169.9973559	7539.9872981	7539.9337988	0.0000000	0.0000000	0.0178862	0.1629307	0.1236071	0.0000000	0.0000000
7169.9973559	7534.9866347	7534.9142969	0.0000000	0.0000000	0.0190109	0.1629360	0.1248121	0.0000000	0.0000000
7169.9973559	7529.9830707	7529.8947949	0.0000000	0.0000000	0.0171218	0.1628623	0.1232035	0.0000000	0.0000000
7169.9973559	7524.9853080	7524.9299316	0.0000000	0.0000000	0.0209950	0.1624082	0.1219199	0.0000000	0.0000000
7169.9973559	7520.0310545	7519.9705322	0.0000000	0.0000000	0.0172175	0.1632018	0.1219729	0.0000000	0.0000000
7169.9973559	7515.0361924	7514.5602783	0.0000000	0.0000000	0.0197540	0.1629430	0.1234094	0.0000000	0.0000000
7169.9973559	7510.0384296	7509.6008789	0.0000000	0.0000000	0.0175288	0.1620859	0.1230289	0.0000000	0.0000000
7169.9973559	7505.0319651	7504.6414795	0.0000000	0.0000000	0.0179778	0.1607969	0.1223438	0.0000000	0.0000000
7169.9973559	7499.9877924	7499.6820801	0.0000000	0.0000000	0.0197241	0.1608899	0.1235936	0.0000000	0.0000000
7169.9973559	7494.9842285	7494.7226807	0.0000000	0.0000000	0.0199294	0.1619464	0.1228313	0.0000000	0.0000000
7169.9973559	7490.0269887	7489.7632813	0.0000000	0.0000000	0.0178800	0.1625781	0.1223595	0.0000000	0.0000000
7169.9973559	7484.9872274	7484.8038818	0.0000000	0.0000000	0.0148362	0.1630850	0.1215133	0.0000000	0.0000000
7169.9973559	7479.9873061	7479.8981445	0.0000000	0.0000000	0.0157423	0.1619042	0.1227621	0.0000000	0.0000000
7169.9973559	7474.9845391	7474.9977734	0.0000000	0.0000000	0.0134324	0.1618180	0.1231216	0.0000000	0.0000000
7169.9973559	7469.9846178	7469.6519141	0.0000000	0.0000000	0.0130208	0.1622223	0.1253556	0.0000000	0.0000000
7169.9973559	7464.9875422	7464.7515430	0.0000000	0.0000000	0.0113682	0.1612539	0.1236279	0.0000000	0.0000000
7169.9973559	7459.9847751	7459.8511719	0.0000000	0.0000000	0.0120576	0.1622883	0.1242638	0.0000000	0.0000000
7169.9973559	7454.9848538	7454.9508008	0.0000000	0.0000000	0.0110929	0.1619551	0.1239785	0.0000000	0.0000000
7169.9973559	7449.9849325	7449.6049414	0.0000000	0.0000000	0.0105507	0.1616670	0.1232738	0.0000000	0.0000000
7169.9973559	7444.9878570	7444.7045703	0.0000000	0.0000000	0.0106841	0.1609530	0.1235428	0.0000000	0.0000000
7169.9973559	7439.9850899	7439.8041992	0.0000000	0.0000000	0.0100105	0.1614467	0.1224144	0.0000000	0.0000000
7169.9973559	7434.9851686	7434.9618359	0.0000000	0.0000000	0.0105145	0.1607378	0.1206587	0.0000000	0.0000000
7169.9973559	7429.9845495	7429.6792578	0.0000000	0.0000000	0.0114510	0.1606566	0.1210055	0.0000000	0.0000000
7169.9973559	7424.9891513	7424.8368945	0.0000000	0.0000000	0.0099393	0.1625173	0.1195876	0.0000000	0.0000000
7169.9973559	7419.9883932	7419.9945313	0.0000000	0.0000000	0.0076636	0.1627878	0.1201222	0.0000000	0.0000000
7169.9973559	7414.9849553	7414.7119531	0.0000000	0.0000000	0.0082169	0.1621045	0.1209612	0.0000000	0.0000000
7169.9973559	7409.9841972	7409.8695898	0.0000000	0.0000000	0.0087214	0.1625903	0.1210453	0.0000000	0.0000000
7169.9973559	7404.9861191	7404.5870117	0.0000000	0.0000000	0.0074552	0.1626759	0.1191813	0.0000000	0.0000000
7169.9973559	7399.9853611	7399.7446484	0.0000000	0.0000000	0.0077432	0.1629174	0.1184596	0.0000000	0.0000000
7169.9973559	7394.9846030	7394.9126367	0.0000000	0.0000000	0.0088417	0.1627443	0.1178953	0.0000000	0.0000000
7169.9973559	7389.9865249	7389.6921680	0.0000000	0.0000000	0.0093429	0.1613091	0.1181992	0.0000000	0.0000000
7169.9973559	7384.9857669	7384.9067383	0.0000000	0.0000000	0.0100271	0.1626680	0.1175748	0.0000000	0.0000000
7169.9973559	7379.9820701	7379.6862695	0.0000000	0.0000000	0.0087854	0.1626407	0.1150532	0.0000000	0.0000000
7169.9973559	7375.0022847	7374.9008398	0.0000000	0.0000000	0.0092079	0.1633030	0.1127687	0.0000000	0.0000000
7169.9973559	7370.0095227	7369.6803711	0.0000000	0.0000000	0.0103687	0.1625891	0.1124214	0.0000000	0.0000000
7169.9973559	7365.0135165	7364.8949414	0.0000000	0.0000000	0.0118531	0.1625472	0.1119417	0.0000000	0.0000000
7169.9973559	7360.0012895	7359.6744727	0.0000000	0.0000000	0.0166727	0.1632294	0.1129542	0.0000000	0.0000000
7169.9973559	7355.0085275	7354.8890430	0.0000000	0.0000000	0.0172194	0.1626393	0.1129458	0.0000000	0.0000000
7169.9973559	7350.0027889	7349.6991016	0.0000000	0.0000000	0.0184198	0.1611127	0.1120764	0.0000000	0.0000000
7169.9973559	7345.0035385	7344.9696387	0.0000000	0.0000000	0.0176041	0.1618860	0.1091971	0.0000000	0.0000000
7169.9973559	7340.0107765	7339.8102246	0.0000000	0.0000000	0.0135083	0.1622775	0.1048912	0.0000000	0.0000000
7169.9973559	7335.0082820	7334.6508105	0.0000000	0.0000000	0.0178550	0.1626267	0.1062529	0.0000000	0.0000000
7169.9973559	7330.0122759	7329.9213477	0.0000000	0.0000000	0.0245514	0.1620605	0.1069266	0.0000000	0.0000000
7169.9973559	7325.0216617	7324.7619336	0.0000000	0.0000000	0.0241111	0.1614773	0.1060347	0.0000000	0.0000000
7169.9973559	7319.9871765	7319.6025195	0.0000000	0.0000000	0.0248087	0.1617303	0.1062335	0.0000000	0.0000000
7169.9973559	7315.0372098	7314.8730566	0.0000000	0.0000000	0.0340778	0.1622722	0.1072817	0.0000000	0.0000000
7169.9973559	7309.9858209	7309.7136426	0.0000000	0.0000000	0.0385753	0.1607656	0.1087064	0.0000000	0.0000000
7169.9973559	7304.9907777	7304.6092822	0.0000000	0.0000000	0.0333607	0.1618857	0.1068959	0.0000000	0.0000000
7169.9973559	7299.9816481	7299.9348730	0.0000000	0.0000000	0.0410211	0.1618204	0.1071541	0.0000000	0.0000000
7169.9973559	7294.9837875	7294.8355176	0.0000000	0.0000000	0.0470265	0.1614485	0.1096357	0.0000000	0.0000000
7169.9973559	7289.9831097	7289.7361621	0.0000000	0.0000000	0.0470380	0.1613140	0.1095281	0.0000000	0.0000000
7169.9973559	7284.9852492	7284.6368066	0.0000000	0.0000000	0.0507070	0.1616312	0.1089696	0.0000000	0.0000000
7169.9973559	7279.9815887	7279.9623975	0.0000000	0.0000000	0.0563823	0.1621437	0.1102156	0.0000000	0.0000000
7169.9973559	7275.0097731	7274.8630420	0.0000000	0.0000000	0.0577255	0.1621238	0.1093374	0.0000000	0.0000000
7169.9973559	7270.0187118	7269.7636865	0.0000000	0.0000000	0.0548468	0.1627150	0.1076587	0.0000000	0.0000000
7169.9973559	7265.0051971	7264.6888672	0.0000000	0.0000000	0.0600352	0.1619288	0.1091185	0.0000000	0.0000000
7169.9973559	7260.0141358	7259.6483984	0.0000000	0.0000000	0.0610457	0.1617714	0.1099204	0.0000000	0.0000000
7169.9973559	7255.0070364	7254.6079297	0.0000000	0.0000000	0.0696273	0.1610315	0.1089341	0.0000000	0.0000000
7169.9973559	7250.0127675	7249.9875000	0.0000000	0.0000000	0.0666376	0.1617002	0.1060670	0.0000000	0.0000000
7169.9973559	7245.0088757	7244.9470313	0.0000000	0.0000000	0.0665912	0.1609115	0.1037224	0.0000000	0.0000000
7169.9973559	7240.0049839	7239.9065625	0.0000000	0.0000000	0.0611367	0.1618549	0.1029021	0.0000000	0.0000000
7169.9973559	7235.0107149	7234.8660938	0.0000000	0.0000000	0.0669275	0.1614858	0.1031125	0.0000000	0.0000000
7169.9973559	7230.0068231	7229.8256250	0.0000000	0.0000000	0.0685959	0.1618114	0.1021335	0.0000000	0.0000000
7169.9973559	7225.0001244	7224.7851563	0.0000000	0.0000000	0.0747578	0.1613292	0.1025956	0.0000000	0.0000000
7169.9973559	7220.0081975	7219.8026367	0.0000000	0.0000000	0.0905879	0.1615989	0.1029646	0.0000000	0.0000000
7169.9973559	7215.0064889	7214.8201172	0.0000000	0.0000000	0.1017886	0.1618029	0.1042313	0.0000000	0.0000000
7169.9973559	7210.0080408	7209.8375977	0.0000000	0.0000000	0.1159167	0.1614912	0.1056304	0.0000000	0.0000000
7169.9973559	7205.0030717	7204.8550781	0.0000000	0.0000000	0.1304769	0.1604067	0.1076163	0.0000000	0.0000000
7169.9973559	7200.0046236	7199.8725586	0.0000000	0.0000000	0.1278395	0.1611005	0.1098563	0.0000000	0.0000000
7169.9973559	7194.9996544	7194.8900391	0.0000000	0.0000000	0.1309067	0.1609966	0.1116418	0.0000000	0.0000000
7169.9973559	7190.0077275	7189.9075195	0.0000000	0.0000000	0.1394408	0.1622017	0.1098499	0.0000000	0.0000000
7169.9973559	7185.0027583	7184.9250000	0.0000000	0.0000000	0.1624017	0.1620480	0.1069701	0.0000000	0.0000000
7169.9973559	7180.0173525	7179.9804492	0.0000000	0.0000000	0.2136508	0.1621605	0.1053717	0.0000000	0.0000000
7169.9973559	7175.0123833	7174.6444189	0.0000000	0.0000000	0.3170940	0.1622439	0.1050505	0.0000000	0.0000000
7169.9973559	7170.0008930	7169.7188525	0.0000000	0.0000000	0.3411729	0.1631157	0.1050447	0.0000000	0.0000000
7169.9973559	7165.0300253	7164.7932861	0.0000000	0.0000000	0.2412240	0.1625992	0.1037705	0.0000000	0.0000000
7169.9973559	7160.0251023	7159.8677197	0.0000000	0.0000000	0.1477443	0.1617061	0.1036654	0.0000000	0.0000000
7169.9973559	7155.0322103	7154.9421533	0.0000000	0.0000000	0.1156541	0.1619108	0.1047333	0.0000000	0.0000000
7169.9973559	7150.0302950	7149.6061230	0.0000000	0.0000000	0.1215608	0.1617200	0.1047550	0.0000000	0.0000000
7169.9973559	7145.0193564	7144.6805566	0.0000000	0.0000000	0.1038092	0.1609674	0.1025294	0.0000000	0.0000000
7169.9973559	7140.0354877	7139.7829688	0.0000000	0.0000000	0.0839633	0.1602134	0.1035571	0.0000000	0.0000000
7169.9973559	7135.0185336	7134.9133594	0.0000000	0.0000000	0.0847146	0.1607916	0.1057125	0.0000000	0.0000000
7169.9973559	7130.0346649	7129.6379492	0.0000000	0.0000000	0.1047179	0.1598340	0.1060310	0.0000000	0.0000000
7169.9973559	7125.0297419	7124.7683398	0.0000000	0.0000000	0.1043954	0.1612640	0.1045870	0.0000000	0.0000000
7169.9973559	7120.0248188	7119.8987305	0.0000000	0.0000000	0.0822826	0.1618243	0.1021324	0.0000000	0.0000000
7169.9973559	7114.9877989	7114.6233203	0.0000000	0.0000000	0.0928851	0.1620200	0.1041097	0.0000000	0.0000000
7169.9973559	7109.9857704	7109.7537109	0.0000000	0.0000000	0.0903519	0.1620408	0.1021180	0.0000000	0.0000000
7169.9973559	7104.9837419	7104.8841016	0.0000000	0.0000000	0.0878583	0.1619802	0.1034045	0.0000000	0.0000000
7169.9973559	7099.9817134	7099.6316406	0.0000000	0.0000000	0.0873527	0.1610853	0.1032896	0.0000000	0.0000000
7169.9973559	7094.9831658	7094.8171094	0.0000000	0.0000000	0.0778508	0.1603846	0.1023291	0.0000000	0.0000000
7169.9973559	7089.9811373	7089.6013672	0.0000000	0.0000000	0.0764215	0.1614856	0.1025026	0.0000000	0.0000000
7169.9973559	7084.9895515	7084.7868359	0.0000000	0.0000000	0.0723369	0.1617296	0.1012766	0.0000000	0.0000000
7169.9973559	7079.9840421	7079.9723047	0.0000000	0.0000000	0.0564752	0.1617114	0.1006860	0.0000000	0.0000000
7169.9973559	7074.9994180	7074.7565625	0.0000000	0.0000000	0.0456980	0.1600991	0.1005242	0.0000000	0.0000000
7169.9973559	7069.9834660	7069.9420313	0.0000000	0.0000000	0.0303752	0.1605371	0.0988098	0.0000000	0.0000000
7169.9973559	7064.9849184	7064.7262891	0.0000000	0.0000000	0.0342527	0.1609628	0.0992272	0.0000000	0.0000000
7169.9973559	7059.9824510	7059.9297656	0.0000000	0.0000000	0.0380747	0.1611851	0.0992385	0.0000000	0.0000000
7169.9973559	7054.9841606	7054.7725488	0.0000000	0.0000000	0.0425083	0.1600441	0.0995175	0.0000000	0.0000000
7169.9973559	7049.9819654	7049.6153320	0.0000000	0.0000000	0.0432460	0.1588699	0.0990839	0.0000000	0.0000000
7169.9973559	7044.9836750	7044.8548242	0.0000000	0.0000000	0.0448905	0.1605819	0.0991522	0.0000000	0.0000000
7169.9973559	7039.9814797	7039.6976074	0.0000000	0.0000000	0.0522827	0.1605082	0.1008882	0.0000000	0.0000000
7169.9973559	7034.9792845	7034.9370996	0.0000000	0.0000000	0.0554716	0.1606488	0.0995118	0.0000000	0.0000000
7169.9973559	7029.9809941	7029.7798828	0.0000000	0.0000000	0.0593091	0.1607158	0.0983647	0.0000000	0.0000000
7169.9973559	7024.9827038	7024.6226660	0.0000000	0.0000000	0.0627168	0.1606862	0.0984545	0.0000000	0.0000000
7169.9973559	7019.9766036	7019.8843262	0.0000000	0.0000000	0.0595201	0.1608934	0.0976658	0.0000000	0.0000000
7169.9973559	7014.9861230	7014.7847461	0.0000000	0.0000000	0.0598823	0.1605577	0.0968823	0.0000000	0.0000000
7169.9973559	7009.9839278	7009.6851660	0.0000000	0.0000000	0.0595520	0.1612476	0.0980234	0.0000000	0.0000000
7169.9973559	7004.9817325	7004.9778613	0.0000000	0.0000000	0.0561232	0.1613696	0.0981313	0.0000000	0.0000000
