7309.9972825	7599.9977245	7599.5502051	0.0000000	0.0000000	0.0181814	0.1883199	0.1227230	0.0000000	7310.0000000
7309.9972825	7594.9892152	7594.9313574	0.0000000	0.0000000	0.0178390	0.1882676	0.1212985	0.0000000	0.0000000
7309.9972825	7589.9849267	7589.8506250	0.0000000	0.0000000	0.0206638	0.1873842	0.1225021	0.0000000	0.0000000
7309.9972825	7584.9923107	7584.7698926	0.0000000	0.0000000	0.0211439	0.1871660	0.1232255	0.0000000	0.0000000
7309.9972825	7579.9895004	7579.6891602	0.0000000	0.0000000	0.0199899	0.1875819	0.1251761	0.0000000	0.0000000
7309.9972825	7574.9866901	7574.6139941	0.0000000	0.0000000	0.0189148	0.1868282	0.1258467	0.0000000	0.0000000
7309.9972825	7569.9864284	7569.5944922	0.0000000	0.0000000	0.0178976	0.1866273	0.1238481	0.0000000	0.0000000
7309.9972825	7564.9912638	7564.5749902	0.0000000	0.0000000	0.0188385	0.1891738	0.1238126	0.0000000	0.0000000
7309.9972825	7559.9910021	7559.5554883	0.0000000	0.0000000	0.0171605	0.1876794	0.1223767	0.0000000	0.0000000
7309.9972825	7554.9881918	7554.9923047	0.0000000	0.0000000	0.0177596	0.1873660	0.1223312	0.0000000	0.0000000
7309.9972825	7549.9853816	7549.9728027	0.0000000	0.0000000	0.0191274	0.1878181	0.1226495	0.0000000	0.0000000
7309.9972825	7544.9851198	7544.9533008	0.0000000	0.0000000	0.0175021	0.1883627	0.1224227	0.0000000	0.0000000
7309.9972825	7539.9872981	7539.9337988	0.0000000	0.0000000	0.0187429	0.1880592	0.1230522	0.0000000	0.0000000
7309.9972825	7534.9866347	7534.9142969	0.0000000	0.0000000	0.0192202	0.1874938	0.1236704	0.0000000	0.0000000
7309.9972825	7529.9830707	7529.8947949	0.0000000	0.0000000	0.0190066	0.1875017	0.1227452	0.0000000	0.0000000
7309.9972825	7524.9853080	7524.9299316	0.0000000	0.0000000	0.0207191	0.1880938	0.1242742	0.0000000	0.0000000
7309.9972825	7520.0310545	7519.9705322	0.0000000	0.0000000	0.0208469	0.1877932	0.1258408	0.0000000	0.0000000
7309.9972825	7515.0361924	7514.5602783	0.0000000	0.0000000	0.0220604	0.1877084	0.1247949	0.0000000	0.0000000
7309.9972825	7510.0355290	7509.6008789	0.0000000	0.0000000	0.0220997	0.1871274	0.1222467	0.0000000	0.0000000
7309.9972825	7505.0348657	7504.6414795	0.0000000	0.0000000	0.0233368	0.1880627	0.1221389	0.0000000	0.0000000
7309.9972825	7499.9877924	7499.6820801	0.0000000	0.0000000	0.0231564	0.1879001	0.1212526	0.0000000	0.0000000
7309.9972825	7495.0393402	7494.7226807	0.0000000	0.0000000	0.0227000	0.1884271	0.1205734	0.0000000	0.0000000
7309.9972825	7489.9843030	7489.7632813	0.0000000	0.0000000	0.0242145	0.1875245	0.1214803	0.0000000	0.0000000
7309.9972825	7484.9843817	7484.8038818	0.0000000	0.0000000	0.0246792	0.1871602	0.1216101	0.0000000	0.0000000
7309.9972825	7479.9873061	7479.8981445	0.0000000	0.0000000	0.0266321	0.1870885	0.1228855	0.0000000	0.0000000
7309.9972825	7474.9845391	7474.9977734	0.0000000	0.0000000	0.0259484	0.1870303	0.1228838	0.0000000	0.0000000
7309.9972825	7469.9817720	7469.6519141	0.0000000	0.0000000	0.0212755	0.1868411	0.1218167	0.0000000	0.0000000
7309.9972825	7464.9846965	7464.7515430	0.0000000	0.0000000	0.0201655	0.1874329	0.1217684	0.0000000	0.0000000
7309.9972825	7460.0359980	7459.8511719	0.0000000	0.0000000	0.0203645	0.1879103	0.1223284	0.0000000	0.0000000
7309.9972825	7454.9848538	7454.9508008	0.0000000	0.0000000	0.0221053	0.1877478	0.1216573	0.0000000	0.0000000
7309.9972825	7449.9849325	7449.6049414	0.0000000	0.0000000	0.0192719	0.1884052	0.1191388	0.0000000	0.0000000
7309.9972825	7444.9878570	7444.7045703	0.0000000	0.0000000	0.0216729	0.1877698	0.1193427	0.0000000	0.0000000
7309.9972825	7439.9850899	7439.8041992	0.0000000	0.0000000	0.0212449	0.1882809	0.1194258	0.0000000	0.0000000
7309.9972825	7434.9880144	7434.9618359	0.0000000	0.0000000	0.0240316	0.1872422	0.1208623	0.0000000	0.0000000
7309.9972825	7429.9845495	7429.6792578	0.0000000	0.0000000	0.0207284	0.1874216	0.1207477	0.0000000	0.0000000
7309.9972825	7424.9918312	7424.8368945	0.0000000	0.0000000	0.0220419	0.1871204	0.1207938	0.0000000	0.0000000
7309.9972825	7419.9857133	7419.9945313	0.0000000	0.0000000	0.0205223	0.1873051	0.1199662	0.0000000	0.0000000
7309.9972825	7414.9876352	7414.7119531	0.0000000	0.0000000	0.0185671	0.1869146	0.1189133	0.0000000	0.0000000
7309.9972825	7409.9841972	7409.8695898	0.0000000	0.0000000	0.0199561	0.1868367	0.1202592	0.0000000	0.0000000
7309.9972825	7404.9861191	7404.5870117	0.0000000	0.0000000	0.0204910	0.1867289	0.1207062	0.0000000	0.0000000
7309.9972825	7399.9853611	7399.7446484	0.0000000	0.0000000	0.0219932	0.1862836	0.1200452	0.0000000	0.0000000
7309.9972825	7394.9846030	7394.9126367	0.0000000	0.0000000	0.0215143	0.1870585	0.1170823	0.0000000	0.0000000
7309.9972825	7389.9865249	7389.6921680	0.0000000	0.0000000	0.0200667	0.1878347	0.1168596	0.0000000	0.0000000
7309.9972825	7384.9857669	7384.9067383	0.0000000	0.0000000	0.0223634	0.1886761	0.1177209	0.0000000	0.0000000
7309.9972825	7379.9820701	7379.6862695	0.0000000	0.0000000	0.0247628	0.1876375	0.1163135	0.0000000	0.0000000
7309.9972825	7375.0022847	7374.9008398	0.0000000	0.0000000	0.0255669	0.1871412	0.1148713	0.0000000	0.0000000
7309.9972825	7370.0030344	7369.6803711	0.0000000	0.0000000	0.0269962	0.1869797	0.1126440	0.0000000	0.0000000
7309.9972825	7364.9940516	7364.8949414	0.0000000	0.0000000	0.0265851	0.1871793	0.1113031	0.0000000	0.0000000
7309.9972825	7360.0142662	7359.6744727	0.0000000	0.0000000	0.0292373	0.1877611	0.1110602	0.0000000	0.0000000
7309.9972825	7355.0085275	7354.8890430	0.0000000	0.0000000	0.0327620	0.1870935	0.1106565	0.0000000	0.0000000
7309.9972825	7350.0092772	7349.6991016	0.0000000	0.0000000	0.0340415	0.1873729	0.1081799	0.0000000	0.0000000
7309.9972825	7345.0035385	7344.9696387	0.0000000	0.0000000	0.0288969	0.1880619	0.1056536	0.0000000	0.0000000
7309.9972825	7340.0042882	7339.8102246	0.0000000	0.0000000	0.0258628	0.1873585	0.1045889	0.0000000	0.0000000
7309.9972825	7335.0082820	7334.6508105	0.0000000	0.0000000	0.0328965	0.1865459	0.1044332	0.0000000	0.0000000
7309.9972825	7330.0122759	7329.9213477	0.0000000	0.0000000	0.0408616	0.1873634	0.1055482	0.0000000	0.0000000
7309.9972825	7325.0272963	7324.7619336	0.0000000	0.0000000	0.0462089	0.1885540	0.1039652	0.0000000	0.0000000
7309.9972825	7319.9843593	7319.6025195	0.0000000	0.0000000	0.0866405	0.1877021	0.1047429	0.0000000	0.0000000
7309.9972825	7314.9864987	7314.8730566	0.0000000	0.0000000	0.1584962	0.1867412	0.1053259	0.0000000	0.0000000
7309.9972825	7309.9858209	7309.7136426	0.0000000	0.0000000	0.1950300	0.1867921	0.1067310	0.0000000	0.0000000
7309.9972825	7304.9851431	7304.6092822	0.0000000	0.0000000	0.1710081	0.1873958	0.1050503	0.0000000	0.0000000
7309.9972825	7299.9844653	7299.9348730	0.0000000	0.0000000	0.1265128	0.1875555	0.1057118	0.0000000	0.0000000
7309.9972825	7294.9837875	7294.8355176	0.0000000	0.0000000	0.0870450	0.1874136	0.1074728	0.0000000	0.0000000
7309.9972825	7289.9831097	7289.7361621	0.0000000	0.0000000	0.0587861	0.1875132	0.1081553	0.0000000	0.0000000
7309.9972825	7284.9852492	7284.6368066	0.0000000	0.0000000	0.0510381	0.1867852	0.1080791	0.0000000	0.0000000
7309.9972825	7279.9847963	7279.9623975	0.0000000	0.0000000	0.0478064	0.1876238	0.1073999	0.0000000	0.0000000
7309.9972825	7275.0033579	7274.8630420	0.0000000	0.0000000	0.0454969	0.1877343	0.1076646	0.0000000	0.0000000
7309.9972825	7270.0026737	7269.7636865	0.0000000	0.0000000	0.0433506	0.1880072	0.1081897	0.0000000	0.0000000
7309.9972825	7265.0051971	7264.6888672	0.0000000	0.0000000	0.0403271	0.1884932	0.1072528	0.0000000	0.0000000
7309.9972825	7260.0173434	7259.6483984	0.0000000	0.0000000	0.0385685	0.1878380	0.1068722	0.0000000	0.0000000
7309.9972825	7255.0134516	7254.6079297	0.0000000	0.0000000	0.0418038	0.1885679	0.1061392	0.0000000	0.0000000
7309.9972825	7250.0095598	7249.9875000	0.0000000	0.0000000	0.0406321	0.1874520	0.1054686	0.0000000	0.0000000
7309.9972825	7245.0088757	7244.9470313	0.0000000	0.0000000	0.0367282	0.1872986	0.1031854	0.0000000	0.0000000
7309.9972825	7240.0113991	7239.9065625	0.0000000	0.0000000	0.0311492	0.1872100	0.1022416	0.0000000	0.0000000
7309.9972825	7235.0042997	7234.8660938	0.0000000	0.0000000	0.0314839	0.1875392	0.1005493	0.0000000	0.0000000
7309.9972825	7230.0068231	7229.8256250	0.0000000	0.0000000	0.0322662	0.1879144	0.1016836	0.0000000	0.0000000
7309.9972825	7225.0066456	7224.7851563	0.0000000	0.0000000	0.0362694	0.1874636	0.1033066	0.0000000	0.0000000
7309.9972825	7220.0049369	7219.8026367	0.0000000	0.0000000	0.0430321	0.1868174	0.1036018	0.0000000	0.0000000
7309.9972825	7215.0097495	7214.8201172	0.0000000	0.0000000	0.0466733	0.1866853	0.1047021	0.0000000	0.0000000
7309.9972825	7210.0047803	7209.8375977	0.0000000	0.0000000	0.0522256	0.1876935	0.1064146	0.0000000	0.0000000
7309.9972825	7205.0030717	7204.8550781	0.0000000	0.0000000	0.0523103	0.1880072	0.1064896	0.0000000	0.0000000
7309.9972825	7200.0078842	7199.8725586	0.0000000	0.0000000	0.0471827	0.1879846	0.1059369	0.0000000	0.0000000
7309.9972825	7195.0094361	7194.8900391	0.0000000	0.0000000	0.0514514	0.1879370	0.1078564	0.0000000	0.0000000
7309.9972825	7190.0044669	7189.9075195	0.0000000	0.0000000	0.0542159	0.1879208	0.1068661	0.0000000	0.0000000
7309.9972825	7185.0125400	7184.9250000	0.0000000	0.0000000	0.0522747	0.1871716	0.1070818	0.0000000	0.0000000
7309.9972825	7180.0075708	7179.9804492	0.0000000	0.0000000	0.0406846	0.1876947	0.1046687	0.0000000	0.0000000
7309.9972825	7175.0026016	7174.6444189	0.0000000	0.0000000	0.0409836	0.1878414	0.1042944	0.0000000	0.0000000
7309.9972825	7170.0041536	7169.7188525	0.0000000	0.0000000	0.0377725	0.1878788	0.1038752	0.0000000	0.0000000
7309.9972825	7165.0390486	7164.7932861	0.0000000	0.0000000	0.0261610	0.1877328	0.1021897	0.0000000	0.0000000
7309.9972825	7160.0311178	7159.8677197	0.0000000	0.0000000	0.0245430	0.1884844	0.1028545	0.0000000	0.0000000
7309.9972825	7155.0261947	7154.9421533	0.0000000	0.0000000	0.0255728	0.1880137	0.1041746	0.0000000	0.0000000
7309.9972825	7150.0302950	7149.6061230	0.0000000	0.0000000	0.0287837	0.1867465	0.1051671	0.0000000	0.0000000
7309.9972825	7145.0223642	7144.6805566	0.0000000	0.0000000	0.0210656	0.1858634	0.1032617	0.0000000	0.0000000
7309.9972825	7140.0234567	7139.7829688	0.0000000	0.0000000	0.0147822	0.1869728	0.1028979	0.0000000	0.0000000
7309.9972825	7135.0185336	7134.9133594	0.0000000	0.0000000	0.0154119	0.1865338	0.1030446	0.0000000	0.0000000
7309.9972825	7130.0166183	7129.6379492	0.0000000	0.0000000	0.0204003	0.1871167	0.1041847	0.0000000	0.0000000
7309.9972825	7125.0207186	7124.7683398	0.0000000	0.0000000	0.0172576	0.1873364	0.1031293	0.0000000	0.0000000
7309.9972825	7120.0218110	7119.8987305	0.0000000	0.0000000	0.0114183	0.1872023	0.1025854	0.0000000	0.0000000
7309.9972825	7114.9843181	7114.6233203	0.0000000	0.0000000	0.0109615	0.1868601	0.1027217	0.0000000	0.0000000
7309.9972825	7109.9857704	7109.7537109	0.0000000	0.0000000	0.0121321	0.1870084	0.1030238	0.0000000	0.0000000
7309.9972825	7104.9837419	7104.8841016	0.0000000	0.0000000	0.0108455	0.1874386	0.1024441	0.0000000	0.0000000
7309.9972825	7099.9817134	7099.6316406	0.0000000	0.0000000	0.0112211	0.1871886	0.1022506	0.0000000	0.0000000
7309.9972825	7094.9796850	7094.8171094	0.0000000	0.0000000	0.0083899	0.1869606	0.1022295	0.0000000	0.0000000
7309.9972825	7089.9811373	7089.6013672	0.0000000	0.0000000	0.0080065	0.1870509	0.1020590	0.0000000	0.0000000
7309.9972825	7084.9895515	7084.7868359	0.0000000	0.0000000	0.0060608	0.1874501	0.1013804	0.0000000	0.0000000
7309.9972825	7079.9875230	7079.9723047	0.0000000	0.0000000	0.0039878	0.1869418	0.1001041	0.0000000	0.0000000
7309.9972825	7074.9889754	7074.7565625	0.0000000	0.0000000	0.0027622	0.1871991	0.0993890	0.0000000	0.0000000
7309.9972825	7069.9834660	7069.9420313	0.0000000	0.0000000	0.0024156	0.1865459	0.0990604	0.0000000	0.0000000
7309.9972825	7064.9814375	7064.7262891	0.0000000	0.0000000	0.0018431	0.1860662	0.0991375	0.0000000	0.0000000
7309.9972825	7059.9863559	7059.9297656	0.0000000	0.0000000	0.0023413	0.1867705	0.0990221	0.0000000	0.0000000
7309.9972825	7054.9880656	7054.7725488	0.0000000	0.0000000	0.0021461	0.1865963	0.0990597	0.0000000	0.0000000
7309.9972825	7049.9819654	7049.6153320	0.0000000	0.0000000	0.0026818	0.1864066	0.0984929	0.0000000	0.0000000
7309.9972825	7044.9836750	7044.8548242	0.0000000	0.0000000	0.0022847	0.1854083	0.0984713	0.0000000	0.0000000
7309.9972825	7039.9814797	7039.6976074	0.0000000	0.0000000	0.0029292	0.1863402	0.0980508	0.0000000	0.0000000
7309.9972825	7034.9831894	7034.9370996	0.0000000	0.0000000	0.0032590	0.1871553	0.0985272	0.0000000	0.0000000
7309.9972825	7029.9809941	7029.7798828	0.0000000	0.0000000	0.0030325	0.1866006	0.0991663	0.0000000	0.0000000
7309.9972825	7024.9787988	7024.6226660	0.0000000	0.0000000	0.0038035	0.1869009	0.0997294	0.0000000	0.0000000
7309.9972825	7019.9805085	7019.8843262	0.0000000	0.0000000	0.0027898	0.1867336	0.0996031	0.0000000	0.0000000
7309.9972825	7014.9861230	7014.7847461	0.0000000	0.0000000	0.0028728	0.1864983	0.0997101	0.0000000	0.0000000
7309.9972825	7009.9839278	7009.6851660	0.0000000	0.0000000	0.0024967	0.1862346	0.0999371	0.0000000	0.0000000
7309.9972825	7004.9817325	7004.9778613	0.0000000	0.0000000	0.0022433	0.1864738	0.1005823	0.0000000	0.0000000
