7274.9947998	7599.9977245	7599.5502051	0.0000000	0.0000000	0.0178934	0.1899142	0.1218625	0.0000000	7275.0000000
7274.9947998	7594.9867234	7594.9313574	0.0000000	0.0000000	0.0204452	0.1907714	0.1200803	0.0000000	0.0000000
7274.9947998	7589.9874753	7589.8506250	0.0000000	0.0000000	0.0164117	0.1921444	0.1193718	0.0000000	0.0000000
7274.9947998	7584.9897621	7584.7698926	0.0000000	0.0000000	0.0173402	0.1925676	0.1199115	0.0000000	0.0000000
7274.9947998	7579.9869519	7579.6891602	0.0000000	0.0000000	0.0180310	0.1911891	0.1207036	0.0000000	0.0000000
7274.9947998	7574.9866901	7574.6139941	0.0000000	0.0000000	0.0182278	0.1907860	0.1209459	0.0000000	0.0000000
7274.9947998	7569.9864284	7569.5944922	0.0000000	0.0000000	0.0166925	0.1887797	0.1203878	0.0000000	0.0000000
7274.9947998	7564.9861667	7564.5749902	0.0000000	0.0000000	0.0150471	0.1895259	0.1207053	0.0000000	0.0000000
7274.9947998	7559.9859050	7559.5554883	0.0000000	0.0000000	0.0148655	0.1902189	0.1212783	0.0000000	0.0000000
7274.9947998	7554.9881918	7554.9923047	0.0000000	0.0000000	0.0161224	0.1878986	0.1211376	0.0000000	0.0000000
7274.9947998	7549.9853816	7549.9728027	0.0000000	0.0000000	0.0148458	0.1886185	0.1223097	0.0000000	0.0000000
7274.9947998	7544.9851198	7544.9533008	0.0000000	0.0000000	0.0141733	0.1882920	0.1233003	0.0000000	0.0000000
7274.9947998	7539.9843974	7539.9337988	0.0000000	0.0000000	0.0152844	0.1880719	0.1211123	0.0000000	0.0000000
7274.9947998	7535.0272433	7534.9142969	0.0000000	0.0000000	0.0151619	0.1879714	0.1212104	0.0000000	0.0000000
7274.9947998	7529.9830707	7529.8947949	0.0000000	0.0000000	0.0170531	0.1895323	0.1224198	0.0000000	0.0000000
7274.9947998	7524.9853080	7524.9299316	0.0000000	0.0000000	0.0179009	0.1894542	0.1212313	0.0000000	0.0000000
7274.9947998	7519.9875452	7519.9705322	0.0000000	0.0000000	0.0179148	0.1897979	0.1220947	0.0000000	0.0000000
7274.9947998	7514.9839813	7514.5602783	0.0000000	0.0000000	0.0190598	0.1888760	0.1203265	0.0000000	0.0000000
7274.9947998	7510.0268272	7509.6008789	0.0000000	0.0000000	0.0171790	0.1899866	0.1204646	0.0000000	0.0000000
7274.9947998	7505.0261638	7504.6414795	0.0000000	0.0000000	0.0192148	0.1905367	0.1190664	0.0000000	0.0000000
7274.9947998	7499.9877924	7499.6820801	0.0000000	0.0000000	0.0226804	0.1904036	0.1208807	0.0000000	0.0000000
7274.9947998	7495.0277377	7494.7226807	0.0000000	0.0000000	0.0207632	0.1886732	0.1218822	0.0000000	0.0000000
7274.9947998	7489.9871487	7489.7632813	0.0000000	0.0000000	0.0212234	0.1896013	0.1212020	0.0000000	0.0000000
7274.9947998	7484.9843817	7484.8038818	0.0000000	0.0000000	0.0207979	0.1908214	0.1208502	0.0000000	0.0000000
7274.9947998	7479.9844604	7479.8981445	0.0000000	0.0000000	0.0195876	0.1896047	0.1201481	0.0000000	0.0000000
7274.9947998	7474.9845391	7474.9977734	0.0000000	0.0000000	0.0201355	0.1886500	0.1205536	0.0000000	0.0000000
7274.9947998	7469.9846178	7469.6519141	0.0000000	0.0000000	0.0193886	0.1896107	0.1219672	0.0000000	0.0000000
7274.9947998	7464.9846965	7464.7515430	0.0000000	0.0000000	0.0192185	0.1891545	0.1209393	0.0000000	0.0000000
7274.9947998	7459.9847751	7459.8511719	0.0000000	0.0000000	0.0181184	0.1890925	0.1213577	0.0000000	0.0000000
7274.9947998	7454.9820081	7454.9508008	0.0000000	0.0000000	0.0179349	0.1890708	0.1219015	0.0000000	0.0000000
7274.9947998	7449.9877783	7449.6049414	0.0000000	0.0000000	0.0174409	0.1893815	0.1245511	0.0000000	0.0000000
7274.9947998	7444.9850112	7444.7045703	0.0000000	0.0000000	0.0201489	0.1891007	0.1241611	0.0000000	0.0000000
7274.9947998	7440.0391585	7439.8041992	0.0000000	0.0000000	0.0214955	0.1892440	0.1231239	0.0000000	0.0000000
7274.9947998	7434.9851686	7434.9618359	0.0000000	0.0000000	0.0183431	0.1898745	0.1208401	0.0000000	0.0000000
7274.9947998	7429.9899093	7429.6792578	0.0000000	0.0000000	0.0170071	0.1898459	0.1180746	0.0000000	0.0000000
7274.9947998	7424.9918312	7424.8368945	0.0000000	0.0000000	0.0154303	0.1905232	0.1184194	0.0000000	0.0000000
7274.9947998	7419.9857133	7419.9945313	0.0000000	0.0000000	0.0172892	0.1902410	0.1186771	0.0000000	0.0000000
7274.9947998	7414.9849553	7414.7119531	0.0000000	0.0000000	0.0168146	0.1911375	0.1172263	0.0000000	0.0000000
7274.9947998	7409.9841972	7409.8695898	0.0000000	0.0000000	0.0149368	0.1912759	0.1156053	0.0000000	0.0000000
7274.9947998	7404.9861191	7404.5870117	0.0000000	0.0000000	0.0166776	0.1918594	0.1161898	0.0000000	0.0000000
7274.9947998	7399.9853611	7399.7446484	0.0000000	0.0000000	0.0174130	0.1914053	0.1163710	0.0000000	0.0000000
7274.9947998	7394.9846030	7394.9126367	0.0000000	0.0000000	0.0183510	0.1918478	0.1160131	0.0000000	0.0000000
7274.9947998	7389.9865249	7389.6921680	0.0000000	0.0000000	0.0190013	0.1919426	0.1153457	0.0000000	0.0000000
7274.9947998	7384.9857669	7384.9067383	0.0000000	0.0000000	0.0197634	0.1918677	0.1140040	0.0000000	0.0000000
7274.9947998	7379.9820701	7379.6862695	0.0000000	0.0000000	0.0199830	0.1920455	0.1136793	0.0000000	0.0000000
7274.9947998	7375.0055289	7374.9008398	0.0000000	0.0000000	0.0227104	0.1912017	0.1128530	0.0000000	0.0000000
7274.9947998	7369.9997902	7369.6803711	0.0000000	0.0000000	0.0259539	0.1912715	0.1119601	0.0000000	0.0000000
7274.9947998	7365.0102724	7364.8949414	0.0000000	0.0000000	0.0272804	0.1919357	0.1107935	0.0000000	0.0000000
7274.9947998	7360.0012895	7359.6744727	0.0000000	0.0000000	0.0300752	0.1917115	0.1101947	0.0000000	0.0000000
7274.9947998	7355.0052834	7354.8890430	0.0000000	0.0000000	0.0340471	0.1904536	0.1092246	0.0000000	0.0000000
7274.9947998	7349.9995447	7349.6991016	0.0000000	0.0000000	0.0359989	0.1900625	0.1077200	0.0000000	0.0000000
7274.9947998	7345.0035385	7344.9696387	0.0000000	0.0000000	0.0372754	0.1896870	0.1075499	0.0000000	0.0000000
7274.9947998	7340.0075324	7339.8102246	0.0000000	0.0000000	0.0312828	0.1905201	0.1055906	0.0000000	0.0000000
7274.9947998	7335.0082820	7334.6508105	0.0000000	0.0000000	0.0358551	0.1903795	0.1044576	0.0000000	0.0000000
7274.9947998	7329.9992992	7329.9213477	0.0000000	0.0000000	0.0455067	0.1918738	0.1045681	0.0000000	0.0000000
7274.9947998	7325.0216617	7324.7619336	0.0000000	0.0000000	0.0447610	0.1914971	0.1041595	0.0000000	0.0000000
7274.9947998	7319.9843593	7319.6025195	0.0000000	0.0000000	0.0461967	0.1915283	0.1049279	0.0000000	0.0000000
7274.9947998	7315.0343926	7314.8730566	0.0000000	0.0000000	0.0552135	0.1910400	0.1047115	0.0000000	0.0000000
7274.9947998	7309.9886382	7309.7136426	0.0000000	0.0000000	0.0569553	0.1907534	0.1045037	0.0000000	0.0000000
7274.9947998	7304.9879604	7304.6092822	0.0000000	0.0000000	0.0535361	0.1915492	0.1040021	0.0000000	0.0000000
7274.9947998	7299.9844653	7299.9348730	0.0000000	0.0000000	0.0614744	0.1912585	0.1047161	0.0000000	0.0000000
7274.9947998	7294.9837875	7294.8355176	0.0000000	0.0000000	0.0713252	0.1905116	0.1061477	0.0000000	0.0000000
7274.9947998	7289.9859270	7289.7361621	0.0000000	0.0000000	0.0963862	0.1895592	0.1058690	0.0000000	0.0000000
7274.9947998	7284.9852492	7284.6368066	0.0000000	0.0000000	0.1609952	0.1900939	0.1069246	0.0000000	0.0000000
7274.9947998	7279.9847963	7279.9623975	0.0000000	0.0000000	0.2313170	0.1892102	0.1106683	0.0000000	0.0000000
7274.9947998	7275.0097731	7274.8630420	0.0000000	0.0000000	0.2516992	0.1906963	0.1100443	0.0000000	0.0000000
7274.9947998	7270.0026737	7269.7636865	0.0000000	0.0000000	0.1920145	0.1916593	0.1082251	0.0000000	0.0000000
7274.9947998	7265.0084048	7264.6888672	0.0000000	0.0000000	0.1185408	0.1922562	0.1078578	0.0000000	0.0000000
7274.9947998	7260.0077206	7259.6483984	0.0000000	0.0000000	0.0725380	0.1909231	0.1075753	0.0000000	0.0000000
7274.9947998	7255.0070364	7254.6079297	0.0000000	0.0000000	0.0675597	0.1917872	0.1078851	0.0000000	0.0000000
7274.9947998	7250.0031446	7249.9875000	0.0000000	0.0000000	0.0607955	0.1927064	0.1049447	0.0000000	0.0000000
7274.9947998	7245.0184985	7244.9470313	0.0000000	0.0000000	0.0569249	0.1929255	0.1016400	0.0000000	0.0000000
7274.9947998	7240.0146067	7239.9065625	0.0000000	0.0000000	0.0477902	0.1921373	0.0985435	0.0000000	0.0000000
7274.9947998	7235.0075073	7234.8660938	0.0000000	0.0000000	0.0470654	0.1933804	0.0983092	0.0000000	0.0000000
7274.9947998	7230.0164460	7229.8256250	0.0000000	0.0000000	0.0472256	0.1936855	0.0993276	0.0000000	0.0000000
7274.9947998	7225.0066456	7224.7851563	0.0000000	0.0000000	0.0529230	0.1921019	0.1010004	0.0000000	0.0000000
7274.9947998	7220.0049369	7219.8026367	0.0000000	0.0000000	0.0667476	0.1922869	0.1010424	0.0000000	0.0000000
7274.9947998	7215.0032283	7214.8201172	0.0000000	0.0000000	0.0711329	0.1926559	0.1026007	0.0000000	0.0000000
7274.9947998	7210.0145620	7209.8375977	0.0000000	0.0000000	0.0794503	0.1926935	0.1040253	0.0000000	0.0000000
7274.9947998	7205.0095928	7204.8550781	0.0000000	0.0000000	0.0831028	0.1928881	0.1040834	0.0000000	0.0000000
7274.9947998	7200.0046236	7199.8725586	0.0000000	0.0000000	0.0804445	0.1920474	0.1054221	0.0000000	0.0000000
7274.9947998	7194.9963938	7194.8900391	0.0000000	0.0000000	0.0846166	0.1914810	0.1077484	0.0000000	0.0000000
7274.9947998	7190.0044669	7189.9075195	0.0000000	0.0000000	0.0926434	0.1925583	0.1077277	0.0000000	0.0000000
7274.9947998	7185.0060189	7184.9250000	0.0000000	0.0000000	0.0873347	0.1932645	0.1049083	0.0000000	0.0000000
7274.9947998	7180.0075708	7179.9804492	0.0000000	0.0000000	0.0729312	0.1923849	0.1037166	0.0000000	0.0000000
7274.9947998	7175.0026016	7174.6444189	0.0000000	0.0000000	0.0712733	0.1927977	0.1033680	0.0000000	0.0000000
7274.9947998	7169.9976324	7169.7188525	0.0000000	0.0000000	0.0694962	0.1923135	0.1020391	0.0000000	0.0000000
7274.9947998	7165.0179943	7164.7932861	0.0000000	0.0000000	0.0517488	0.1916626	0.1007045	0.0000000	0.0000000
7274.9947998	7160.0281100	7159.8677197	0.0000000	0.0000000	0.0450712	0.1933054	0.1024146	0.0000000	0.0000000
7274.9947998	7155.0322103	7154.9421533	0.0000000	0.0000000	0.0502253	0.1940316	0.1021632	0.0000000	0.0000000
7274.9947998	7150.0272872	7149.6061230	0.0000000	0.0000000	0.0551636	0.1934550	0.1018082	0.0000000	0.0000000
7274.9947998	7145.0253719	7144.6805566	0.0000000	0.0000000	0.0462207	0.1933297	0.1006877	0.0000000	0.0000000
7274.9947998	7140.0204489	7139.7829688	0.0000000	0.0000000	0.0325049	0.1926866	0.1006896	0.0000000	0.0000000
7274.9947998	7135.0305647	7134.9133594	0.0000000	0.0000000	0.0336874	0.1929625	0.1026156	0.0000000	0.0000000
7274.9947998	7130.0226338	7129.6379492	0.0000000	0.0000000	0.0412125	0.1928688	0.1033463	0.0000000	0.0000000
7274.9947998	7125.0267341	7124.7683398	0.0000000	0.0000000	0.0412120	0.1937529	0.1017153	0.0000000	0.0000000
7274.9947998	7119.9857178	7119.8987305	0.0000000	0.0000000	0.0302589	0.1928408	0.1008682	0.0000000	0.0000000
7274.9947998	7114.9912798	7114.6233203	0.0000000	0.0000000	0.0288566	0.1918263	0.1001814	0.0000000	0.0000000
7274.9947998	7109.9857704	7109.7537109	0.0000000	0.0000000	0.0319576	0.1921112	0.1010811	0.0000000	0.0000000
7274.9947998	7104.9802611	7104.8841016	0.0000000	0.0000000	0.0268362	0.1925175	0.0995308	0.0000000	0.0000000
7274.9947998	7099.9817134	7099.6316406	0.0000000	0.0000000	0.0255504	0.1922990	0.0991702	0.0000000	0.0000000
7274.9947998	7094.9831658	7094.8171094	0.0000000	0.0000000	0.0206927	0.1931587	0.0985780	0.0000000	0.0000000
7274.9947998	7089.9811373	7089.6013672	0.0000000	0.0000000	0.0188521	0.1935122	0.0991586	0.0000000	0.0000000
7274.9947998	7084.9860706	7084.7868359	0.0000000	0.0000000	0.0162885	0.1931693	0.0987908	0.0000000	0.0000000
7274.9947998	7079.9875230	7079.9723047	0.0000000	0.0000000	0.0118254	0.1932019	0.0980756	0.0000000	0.0000000
7274.9947998	7074.9889754	7074.7565625	0.0000000	0.0000000	0.0092289	0.1926215	0.0958027	0.0000000	0.0000000
7274.9947998	7069.9834660	7069.9420313	0.0000000	0.0000000	0.0061710	0.1930970	0.0961294	0.0000000	0.0000000
7274.9947998	7064.9883993	7064.7262891	0.0000000	0.0000000	0.0059987	0.1937692	0.0965718	0.0000000	0.0000000
7274.9947998	7059.9863559	7059.9297656	0.0000000	0.0000000	0.0062021	0.1934141	0.0968092	0.0000000	0.0000000
7274.9947998	7054.9841606	7054.7725488	0.0000000	0.0000000	0.0069236	0.1938242	0.0979069	0.0000000	0.0000000
7274.9947998	7049.9819654	7049.6153320	0.0000000	0.0000000	0.0077134	0.1933409	0.0977416	0.0000000	0.0000000
7274.9947998	7044.9875799	7044.8548242	0.0000000	0.0000000	0.0067992	0.1925552	0.0981442	0.0000000	0.0000000
7274.9947998	7039.9814797	7039.6976074	0.0000000	0.0000000	0.0083511	0.1945753	0.0969747	0.0000000	0.0000000
7274.9947998	7034.9792845	7034.9370996	0.0000000	0.0000000	0.0088374	0.1938608	0.0969425	0.0000000	0.0000000
7274.9947998	7029.9848990	7029.7798828	0.0000000	0.0000000	0.0105552	0.1943251	0.0968221	0.0000000	0.0000000
7274.9947998	7024.9827038	7024.6226660	0.0000000	0.0000000	0.0095840	0.1943605	0.0971842	0.0000000	0.0000000
7274.9947998	7019.9766036	7019.8843262	0.0000000	0.0000000	0.0097374	0.1938551	0.0976372	0.0000000	0.0000000
7274.9947998	7014.9861230	7014.7847461	0.0000000	0.0000000	0.0090396	0.1938138	0.0973912	0.0000000	0.0000000
7274.9947998	7009.9839278	7009.6851660	0.0000000	0.0000000	0.0089767	0.1939563	0.0974681	0.0000000	0.0000000
7274.9947998	7004.9817325	7004.9778613	0.0000000	0.0000000	0.0085314	0.1947045	0.0965023	0.0000000	0.0000000
