7340.0013021	7599.9977245	7599.5502051	0.0000000	0.0000000	0.0184244	0.1813430	0.1265946	0.0000000	7340.0000000
7340.0013021	7594.9867234	7594.9313574	0.0000000	0.0000000	0.0165837	0.1825568	0.1238582	0.0000000	0.0000000
7340.0013021	7589.9849267	7589.8506250	0.0000000	0.0000000	0.0198104	0.1805389	0.1251736	0.0000000	0.0000000
7340.0013021	7584.9897621	7584.7698926	0.0000000	0.0000000	0.0185735	0.1809066	0.1259324	0.0000000	0.0000000
7340.0013021	7579.9895004	7579.6891602	0.0000000	0.0000000	0.0209623	0.1812280	0.1248939	0.0000000	0.0000000
7340.0013021	7574.9866901	7574.6139941	0.0000000	0.0000000	0.0212075	0.1810507	0.1244918	0.0000000	0.0000000
7340.0013021	7569.9889770	7569.5944922	0.0000000	0.0000000	0.0264989	0.1816169	0.1245385	0.0000000	0.0000000
7340.0013021	7564.9887153	7564.5749902	0.0000000	0.0000000	0.0237693	0.1819938	0.1265234	0.0000000	0.0000000
7340.0013021	7559.9910021	7559.5554883	0.0000000	0.0000000	0.0244746	0.1807527	0.1270089	0.0000000	0.0000000
7340.0013021	7554.9881918	7554.9923047	0.0000000	0.0000000	0.0225858	0.1813163	0.1266456	0.0000000	0.0000000
7340.0013021	7549.9853816	7549.9728027	0.0000000	0.0000000	0.0217799	0.1811079	0.1237418	0.0000000	0.0000000
7340.0013021	7544.9851198	7544.9533008	0.0000000	0.0000000	0.0282510	0.1814028	0.1251926	0.0000000	0.0000000
7340.0013021	7539.9901987	7539.9337988	0.0000000	0.0000000	0.0253131	0.1811244	0.1254006	0.0000000	0.0000000
7340.0013021	7534.9837341	7534.9142969	0.0000000	0.0000000	0.0234668	0.1821837	0.1244681	0.0000000	0.0000000
7340.0013021	7529.9830707	7529.8947949	0.0000000	0.0000000	0.0253463	0.1821505	0.1235808	0.0000000	0.0000000
7340.0013021	7524.9824074	7524.9299316	0.0000000	0.0000000	0.0264576	0.1824882	0.1243716	0.0000000	0.0000000
7340.0013021	7519.9875452	7519.9705322	0.0000000	0.0000000	0.0248635	0.1822803	0.1245372	0.0000000	0.0000000
7340.0013021	7514.9839813	7514.5602783	0.0000000	0.0000000	0.0268431	0.1819395	0.1237319	0.0000000	0.0000000
7340.0013021	7509.9833179	7509.6008789	0.0000000	0.0000000	0.0255704	0.1812542	0.1245941	0.0000000	0.0000000
7340.0013021	7504.9826546	7504.6414795	0.0000000	0.0000000	0.0277739	0.1814098	0.1237046	0.0000000	0.0000000
7340.0013021	7499.9848918	7499.6820801	0.0000000	0.0000000	0.0285817	0.1824182	0.1236726	0.0000000	0.0000000
7340.0013021	7494.9842285	7494.7226807	0.0000000	0.0000000	0.0260421	0.1810043	0.1226459	0.0000000	0.0000000
7340.0013021	7489.9843030	7489.7632813	0.0000000	0.0000000	0.0278209	0.1816053	0.1232948	0.0000000	0.0000000
7340.0013021	7484.9872274	7484.8038818	0.0000000	0.0000000	0.0326860	0.1813052	0.1242242	0.0000000	0.0000000
7340.0013021	7479.9873061	7479.8981445	0.0000000	0.0000000	0.0312787	0.1821576	0.1241885	0.0000000	0.0000000
7340.0013021	7474.9845391	7474.9977734	0.0000000	0.0000000	0.0270885	0.1824753	0.1243468	0.0000000	0.0000000
7340.0013021	7469.9817720	7469.6519141	0.0000000	0.0000000	0.0277601	0.1813645	0.1254363	0.0000000	0.0000000
7340.0013021	7464.9875422	7464.7515430	0.0000000	0.0000000	0.0231680	0.1819191	0.1239294	0.0000000	0.0000000
7340.0013021	7459.9847751	7459.8511719	0.0000000	0.0000000	0.0259358	0.1812994	0.1242881	0.0000000	0.0000000
7340.0013021	7454.9820081	7454.9508008	0.0000000	0.0000000	0.0280114	0.1809078	0.1233910	0.0000000	0.0000000
7340.0013021	7449.9906240	7449.6049414	0.0000000	0.0000000	0.0268295	0.1808113	0.1253246	0.0000000	0.0000000
7340.0013021	7444.9850112	7444.7045703	0.0000000	0.0000000	0.0256855	0.1812000	0.1258073	0.0000000	0.0000000
7340.0013021	7439.9850899	7439.8041992	0.0000000	0.0000000	0.0279565	0.1813141	0.1244283	0.0000000	0.0000000
7340.0013021	7434.9880144	7434.9618359	0.0000000	0.0000000	0.0248741	0.1809878	0.1231459	0.0000000	0.0000000
7340.0013021	7429.9899093	7429.6792578	0.0000000	0.0000000	0.0307640	0.1816241	0.1228687	0.0000000	0.0000000
7340.0013021	7424.9918312	7424.8368945	0.0000000	0.0000000	0.0225194	0.1813651	0.1212917	0.0000000	0.0000000
7340.0013021	7419.9857133	7419.9945313	0.0000000	0.0000000	0.0257474	0.1814517	0.1213223	0.0000000	0.0000000
7340.0013021	7414.9849553	7414.7119531	0.0000000	0.0000000	0.0229312	0.1810071	0.1201833	0.0000000	0.0000000
7340.0013021	7409.9841972	7409.8695898	0.0000000	0.0000000	0.0229283	0.1812378	0.1205204	0.0000000	0.0000000
7340.0013021	7404.9861191	7404.5870117	0.0000000	0.0000000	0.0225508	0.1811930	0.1218425	0.0000000	0.0000000
7340.0013021	7399.9853611	7399.7446484	0.0000000	0.0000000	0.0245309	0.1808363	0.1209803	0.0000000	0.0000000
7340.0013021	7394.9872830	7394.9126367	0.0000000	0.0000000	0.0264208	0.1804022	0.1223033	0.0000000	0.0000000
7340.0013021	7389.9838450	7389.6921680	0.0000000	0.0000000	0.0244016	0.1815355	0.1200027	0.0000000	0.0000000
7340.0013021	7384.9884468	7384.9067383	0.0000000	0.0000000	0.0260923	0.1814490	0.1196370	0.0000000	0.0000000
7340.0013021	7379.9820701	7379.6862695	0.0000000	0.0000000	0.0243306	0.1820526	0.1198961	0.0000000	0.0000000
7340.0013021	7374.9893081	7374.9008398	0.0000000	0.0000000	0.0273323	0.1817462	0.1192180	0.0000000	0.0000000
7340.0013021	7369.9868136	7369.6803711	0.0000000	0.0000000	0.0264735	0.1816310	0.1173085	0.0000000	0.0000000
7340.0013021	7364.9810749	7364.8949414	0.0000000	0.0000000	0.0318397	0.1810186	0.1176985	0.0000000	0.0000000
7340.0013021	7359.9850687	7359.6744727	0.0000000	0.0000000	0.0340553	0.1798326	0.1172446	0.0000000	0.0000000
7340.0013021	7354.9858184	7354.8890430	0.0000000	0.0000000	0.0470162	0.1794205	0.1142656	0.0000000	0.0000000
7340.0013021	7349.9865681	7349.6991016	0.0000000	0.0000000	0.0878293	0.1811299	0.1119030	0.0000000	0.0000000
7340.0013021	7344.9840736	7344.9696387	0.0000000	0.0000000	0.1224674	0.1820182	0.1090452	0.0000000	0.0000000
7340.0013021	7339.9848232	7339.8102246	0.0000000	0.0000000	0.1320996	0.1805232	0.1078385	0.0000000	0.0000000
7340.0013021	7334.9823288	7334.6508105	0.0000000	0.0000000	0.1253662	0.1813259	0.1073312	0.0000000	0.0000000
7340.0013021	7329.9830784	7329.9213477	0.0000000	0.0000000	0.1001455	0.1815162	0.1077970	0.0000000	0.0000000
7340.0013021	7324.9878543	7324.7619336	0.0000000	0.0000000	0.0583854	0.1817075	0.1071877	0.0000000	0.0000000
7340.0013021	7319.9843593	7319.6025195	0.0000000	0.0000000	0.0401145	0.1813381	0.1075165	0.0000000	0.0000000
7340.0013021	7314.9864987	7314.8730566	0.0000000	0.0000000	0.0411251	0.1807341	0.1083711	0.0000000	0.0000000
7340.0013021	7309.9886382	7309.7136426	0.0000000	0.0000000	0.0441768	0.1799146	0.1079431	0.0000000	0.0000000
7340.0013021	7304.9907777	7304.6092822	0.0000000	0.0000000	0.0391368	0.1804510	0.1078615	0.0000000	0.0000000
7340.0013021	7299.9844653	7299.9348730	0.0000000	0.0000000	0.0356539	0.1813291	0.1069108	0.0000000	0.0000000
7340.0013021	7294.9837875	7294.8355176	0.0000000	0.0000000	0.0359982	0.1812555	0.1072216	0.0000000	0.0000000
7340.0013021	7289.9859270	7289.7361621	0.0000000	0.0000000	0.0347593	0.1815453	0.1076373	0.0000000	0.0000000
7340.0013021	7284.9852492	7284.6368066	0.0000000	0.0000000	0.0398611	0.1808452	0.1088917	0.0000000	0.0000000
7340.0013021	7279.9847963	7279.9623975	0.0000000	0.0000000	0.0393748	0.1806693	0.1124374	0.0000000	0.0000000
7340.0013021	7274.9809045	7274.8630420	0.0000000	0.0000000	0.0439058	0.1808322	0.1125686	0.0000000	0.0000000
7340.0013021	7269.9866356	7269.7636865	0.0000000	0.0000000	0.0401407	0.1803865	0.1117023	0.0000000	0.0000000
7340.0013021	7264.9859514	7264.6888672	0.0000000	0.0000000	0.0352721	0.1807513	0.1102792	0.0000000	0.0000000
7340.0013021	7259.9820596	7259.6483984	0.0000000	0.0000000	0.0325529	0.1800660	0.1097714	0.0000000	0.0000000
7340.0013021	7254.9813754	7254.6079297	0.0000000	0.0000000	0.0338661	0.1806066	0.1094768	0.0000000	0.0000000
7340.0013021	7249.9838989	7249.9875000	0.0000000	0.0000000	0.0269406	0.1807139	0.1071827	0.0000000	0.0000000
7340.0013021	7244.9832147	7244.9470313	0.0000000	0.0000000	0.0269491	0.1803724	0.1066581	0.0000000	0.0000000
7340.0013021	7239.9857381	7239.9065625	0.0000000	0.0000000	0.0242920	0.1801754	0.1028700	0.0000000	0.0000000
7340.0013021	7234.9818463	7234.8660938	0.0000000	0.0000000	0.0210037	0.1812393	0.1014487	0.0000000	0.0000000
7340.0013021	7229.9843698	7229.8256250	0.0000000	0.0000000	0.0210844	0.1806062	0.1024589	0.0000000	0.0000000
7340.0013021	7224.9805610	7224.7851563	0.0000000	0.0000000	0.0203433	0.1802267	0.1029153	0.0000000	0.0000000
7340.0013021	7219.9853736	7219.8026367	0.0000000	0.0000000	0.0287928	0.1801122	0.1052826	0.0000000	0.0000000
7340.0013021	7214.9869255	7214.8201172	0.0000000	0.0000000	0.0278135	0.1810417	0.1070487	0.0000000	0.0000000
7340.0013021	7209.9852169	7209.8375977	0.0000000	0.0000000	0.0308407	0.1814021	0.1087638	0.0000000	0.0000000
7340.0013021	7204.9835083	7204.8550781	0.0000000	0.0000000	0.0313528	0.1815715	0.1092692	0.0000000	0.0000000
7340.0013021	7199.9850602	7199.8725586	0.0000000	0.0000000	0.0255182	0.1816626	0.1115988	0.0000000	0.0000000
7340.0013021	7194.9833516	7194.8900391	0.0000000	0.0000000	0.0267604	0.1801436	0.1139385	0.0000000	0.0000000
7340.0013021	7189.9816430	7189.9075195	0.0000000	0.0000000	0.0307676	0.1797432	0.1140944	0.0000000	0.0000000
7340.0013021	7184.9864555	7184.9250000	0.0000000	0.0000000	0.0290917	0.1792356	0.1113778	0.0000000	0.0000000
7340.0013021	7179.9814863	7179.9804492	0.0000000	0.0000000	0.0233727	0.1794567	0.1088020	0.0000000	0.0000000
7340.0013021	7174.9862988	7174.6444189	0.0000000	0.0000000	0.0216122	0.1800939	0.1080391	0.0000000	0.0000000
7340.0013021	7169.9813296	7169.7188525	0.0000000	0.0000000	0.0199438	0.1811229	0.1056466	0.0000000	0.0000000
7340.0013021	7164.9849088	7164.7932861	0.0000000	0.0000000	0.0134611	0.1812340	0.1042974	0.0000000	0.0000000
7340.0013021	7159.9860013	7159.8677197	0.0000000	0.0000000	0.0108722	0.1804036	0.1055890	0.0000000	0.0000000
7340.0013021	7154.9840860	7154.9421533	0.0000000	0.0000000	0.0105410	0.1793364	0.1048566	0.0000000	0.0000000
7340.0013021	7149.9821707	7149.6061230	0.0000000	0.0000000	0.0136392	0.1807742	0.1045541	0.0000000	0.0000000
7340.0013021	7144.9862710	7144.6805566	0.0000000	0.0000000	0.0104788	0.1817140	0.1021930	0.0000000	0.0000000
7340.0013021	7139.9873635	7139.7829688	0.0000000	0.0000000	0.0049554	0.1820063	0.1034795	0.0000000	0.0000000
7340.0013021	7134.9824404	7134.9133594	0.0000000	0.0000000	0.0069836	0.1816965	0.1045520	0.0000000	0.0000000
7340.0013021	7129.9865407	7129.6379492	0.0000000	0.0000000	0.0084357	0.1790920	0.1039708	0.0000000	0.0000000
7340.0013021	7124.9846254	7124.7683398	0.0000000	0.0000000	0.0070125	0.1796652	0.1035616	0.0000000	0.0000000
7340.0013021	7119.9827101	7119.8987305	0.0000000	0.0000000	0.0050150	0.1801810	0.1029828	0.0000000	0.0000000
7340.0013021	7114.9843181	7114.6233203	0.0000000	0.0000000	0.0045173	0.1798855	0.1022302	0.0000000	0.0000000
7340.0013021	7109.9857704	7109.7537109	0.0000000	0.0000000	0.0042499	0.1805126	0.1025493	0.0000000	0.0000000
7340.0013021	7104.9837419	7104.8841016	0.0000000	0.0000000	0.0036550	0.1809094	0.1011613	0.0000000	0.0000000
7340.0013021	7099.9851943	7099.6316406	0.0000000	0.0000000	0.0032521	0.1807439	0.1014388	0.0000000	0.0000000
7340.0013021	7094.9866467	7094.8171094	0.0000000	0.0000000	0.0025288	0.1817448	0.1020604	0.0000000	0.0000000
7340.0013021	7089.9846182	7089.6013672	0.0000000	0.0000000	0.0023209	0.1821367	0.1022825	0.0000000	0.0000000
7340.0013021	7084.9860706	7084.7868359	0.0000000	0.0000000	0.0017196	0.1814224	0.1033066	0.0000000	0.0000000
7340.0013021	7079.9910039	7079.9723047	0.0000000	0.0000000	0.0016254	0.1803258	0.1005438	0.0000000	0.0000000
7340.0013021	7074.9889754	7074.7565625	0.0000000	0.0000000	0.0012509	0.1792526	0.1003297	0.0000000	0.0000000
7340.0013021	7069.9869469	7069.9420313	0.0000000	0.0000000	0.0009072	0.1801946	0.1002339	0.0000000	0.0000000
7340.0013021	7064.9883993	7064.7262891	0.0000000	0.0000000	0.0010792	0.1804569	0.1011150	0.0000000	0.0000000
7340.0013021	7059.9863559	7059.9297656	0.0000000	0.0000000	0.0010109	0.1799172	0.1001204	0.0000000	0.0000000
7340.0013021	7054.9841606	7054.7725488	0.0000000	0.0000000	0.0010853	0.1816517	0.0980842	0.0000000	0.0000000
7340.0013021	7049.9819654	7049.6153320	0.0000000	0.0000000	0.0007700	0.1819443	0.0971636	0.0000000	0.0000000
7340.0013021	7044.9875799	7044.8548242	0.0000000	0.0000000	0.0011128	0.1818270	0.0975043	0.0000000	0.0000000
7340.0013021	7039.9814797	7039.6976074	0.0000000	0.0000000	0.0012891	0.1808929	0.0998848	0.0000000	0.0000000
7340.0013021	7034.9831894	7034.9370996	0.0000000	0.0000000	0.0010249	0.1813982	0.0992365	0.0000000	0.0000000
7340.0013021	7029.9809941	7029.7798828	0.0000000	0.0000000	0.0007347	0.1806913	0.0985427	0.0000000	0.0000000
7340.0013021	7024.9827038	7024.6226660	0.0000000	0.0000000	0.0016578	0.1802277	0.1006169	0.0000000	0.0000000
7340.0013021	7019.9805085	7019.8843262	0.0000000	0.0000000	0.0010087	0.1810957	0.0999683	0.0000000	0.0000000
7340.0013021	7014.9861230	7014.7847461	0.0000000	0.0000000	0.0008364	0.1795804	0.1033419	0.0000000	0.0000000
7340.0013021	7009.9839278	7009.6851660	0.0000000	0.0000000	0.0007729	0.1785863	0.1013539	0.0000000	0.0000000
7340.0013021	7004.9817325	7004.9778613	0.0000000	0.0000000	0.0010862	0.1789464	0.1015037	0.0000000	0.0000000
