7039.9920984	7600.0002163	7599.5502051	0.0000000	0.0000000	0.0201786	0.1577542	0.1227806	0.0000000	7040.0000000
7039.9920984	7594.9867234	7594.9313574	0.0000000	0.0000000	0.0179191	0.1581581	0.1217343	0.0000000	0.0000000
7039.9920984	7589.9849267	7589.8506250	0.0000000	0.0000000	0.0210795	0.1569929	0.1219152	0.0000000	0.0000000
7039.9920984	7584.9897621	7584.7698926	0.0000000	0.0000000	0.0203622	0.1566742	0.1205021	0.0000000	0.0000000
7039.9920984	7579.9895004	7579.6891602	0.0000000	0.0000000	0.0255143	0.1584766	0.1224055	0.0000000	0.0000000
7039.9920984	7574.9866901	7574.6139941	0.0000000	0.0000000	0.0196256	0.1574960	0.1210618	0.0000000	0.0000000
7039.9920984	7569.9889770	7569.5944922	0.0000000	0.0000000	0.0205397	0.1571576	0.1227562	0.0000000	0.0000000
7039.9920984	7564.9861667	7564.5749902	0.0000000	0.0000000	0.0177740	0.1564095	0.1219806	0.0000000	0.0000000
7039.9920984	7559.9859050	7559.5554883	0.0000000	0.0000000	0.0170328	0.1573608	0.1223096	0.0000000	0.0000000
7039.9920984	7554.9856433	7554.9923047	0.0000000	0.0000000	0.0200593	0.1580043	0.1228309	0.0000000	0.0000000
7039.9920984	7549.9853816	7549.9728027	0.0000000	0.0000000	0.0171057	0.1574697	0.1226499	0.0000000	0.0000000
7039.9920984	7544.9851198	7544.9533008	0.0000000	0.0000000	0.0172299	0.1567021	0.1224430	0.0000000	0.0000000
7039.9920984	7539.9872981	7539.9337988	0.0000000	0.0000000	0.0188943	0.1576509	0.1220410	0.0000000	0.0000000
7039.9920984	7534.9866347	7534.9142969	0.0000000	0.0000000	0.0218229	0.1581907	0.1218087	0.0000000	0.0000000
7039.9920984	7529.9830707	7529.8947949	0.0000000	0.0000000	0.0212159	0.1585325	0.1218475	0.0000000	0.0000000
7039.9920984	7525.0375191	7524.9299316	0.0000000	0.0000000	0.0201835	0.1583920	0.1210533	0.0000000	0.0000000
7039.9920984	7519.9875452	7519.9705322	0.0000000	0.0000000	0.0195735	0.1588616	0.1217407	0.0000000	0.0000000
7039.9920984	7514.9868819	7514.5602783	0.0000000	0.0000000	0.0201737	0.1588295	0.1211382	0.0000000	0.0000000
7039.9920984	7509.9833179	7509.6008789	0.0000000	0.0000000	0.0192781	0.1579957	0.1205551	0.0000000	0.0000000
7039.9920984	7505.0319651	7504.6414795	0.0000000	0.0000000	0.0197397	0.1580662	0.1202606	0.0000000	0.0000000
7039.9920984	7500.0342023	7499.6820801	0.0000000	0.0000000	0.0200305	0.1585392	0.1196732	0.0000000	0.0000000
7039.9920984	7495.0277377	7494.7226807	0.0000000	0.0000000	0.0207850	0.1580677	0.1199775	0.0000000	0.0000000
7039.9920984	7489.9843030	7489.7632813	0.0000000	0.0000000	0.0185692	0.1587887	0.1197946	0.0000000	0.0000000
7039.9920984	7484.9872274	7484.8038818	0.0000000	0.0000000	0.0172118	0.1586337	0.1199092	0.0000000	0.0000000
7039.9920984	7479.9844604	7479.8981445	0.0000000	0.0000000	0.0175966	0.1578629	0.1206858	0.0000000	0.0000000
7039.9920984	7474.9845391	7474.9977734	0.0000000	0.0000000	0.0171572	0.1572437	0.1198037	0.0000000	0.0000000
7039.9920984	7469.9846178	7469.6519141	0.0000000	0.0000000	0.0185958	0.1573887	0.1210989	0.0000000	0.0000000
7039.9920984	7464.9875422	7464.7515430	0.0000000	0.0000000	0.0157048	0.1572773	0.1193158	0.0000000	0.0000000
7039.9920984	7459.9847751	7459.8511719	0.0000000	0.0000000	0.0152809	0.1574961	0.1191632	0.0000000	0.0000000
7039.9920984	7454.9848538	7454.9508008	0.0000000	0.0000000	0.0163605	0.1577371	0.1199572	0.0000000	0.0000000
7039.9920984	7450.0361554	7449.6049414	0.0000000	0.0000000	0.0179058	0.1578500	0.1209902	0.0000000	0.0000000
7039.9920984	7444.9878570	7444.7045703	0.0000000	0.0000000	0.0157183	0.1576215	0.1232006	0.0000000	0.0000000
7039.9920984	7439.9850899	7439.8041992	0.0000000	0.0000000	0.0139557	0.1582881	0.1219751	0.0000000	0.0000000
7039.9920984	7434.9851686	7434.9618359	0.0000000	0.0000000	0.0149827	0.1577200	0.1212179	0.0000000	0.0000000
7039.9920984	7429.9899093	7429.6792578	0.0000000	0.0000000	0.0122107	0.1585568	0.1205602	0.0000000	0.0000000
7039.9920984	7424.9864714	7424.8368945	0.0000000	0.0000000	0.0116827	0.1580614	0.1198434	0.0000000	0.0000000
7039.9920984	7419.9857133	7419.9945313	0.0000000	0.0000000	0.0094437	0.1576438	0.1209426	0.0000000	0.0000000
7039.9920984	7414.9876352	7414.7119531	0.0000000	0.0000000	0.0096113	0.1579692	0.1213228	0.0000000	0.0000000
7039.9920984	7409.9868772	7409.8695898	0.0000000	0.0000000	0.0088795	0.1558536	0.1196198	0.0000000	0.0000000
7039.9920984	7404.9861191	7404.5870117	0.0000000	0.0000000	0.0092181	0.1569520	0.1199741	0.0000000	0.0000000
7039.9920984	7399.9853611	7399.7446484	0.0000000	0.0000000	0.0086484	0.1569095	0.1173960	0.0000000	0.0000000
7039.9920984	7394.9846030	7394.9126367	0.0000000	0.0000000	0.0094836	0.1573169	0.1178359	0.0000000	0.0000000
7039.9920984	7389.9838450	7389.6921680	0.0000000	0.0000000	0.0085439	0.1565679	0.1173264	0.0000000	0.0000000
7039.9920984	7384.9857669	7384.9067383	0.0000000	0.0000000	0.0090027	0.1570148	0.1184119	0.0000000	0.0000000
7039.9920984	7379.9853142	7379.6862695	0.0000000	0.0000000	0.0075269	0.1580918	0.1166359	0.0000000	0.0000000
7039.9920984	7375.0152613	7374.9008398	0.0000000	0.0000000	0.0084711	0.1574028	0.1145721	0.0000000	0.0000000
7039.9920984	7370.0062785	7369.6803711	0.0000000	0.0000000	0.0095259	0.1570215	0.1148311	0.0000000	0.0000000
7039.9920984	7365.0037840	7364.8949414	0.0000000	0.0000000	0.0108715	0.1566782	0.1145889	0.0000000	0.0000000
7039.9920984	7360.0110220	7359.6744727	0.0000000	0.0000000	0.0121152	0.1562313	0.1134564	0.0000000	0.0000000
7039.9920984	7355.0085275	7354.8890430	0.0000000	0.0000000	0.0143950	0.1556455	0.1144335	0.0000000	0.0000000
7039.9920984	7349.9995447	7349.6991016	0.0000000	0.0000000	0.0132168	0.1554617	0.1122639	0.0000000	0.0000000
7039.9920984	7345.0100269	7344.9696387	0.0000000	0.0000000	0.0120256	0.1547174	0.1093315	0.0000000	0.0000000
7039.9920984	7340.0075324	7339.8102246	0.0000000	0.0000000	0.0109768	0.1553706	0.1075068	0.0000000	0.0000000
7039.9920984	7335.0147704	7334.6508105	0.0000000	0.0000000	0.0111530	0.1562939	0.1061296	0.0000000	0.0000000
7039.9920984	7330.0090317	7329.9213477	0.0000000	0.0000000	0.0118850	0.1590984	0.1067620	0.0000000	0.0000000
7039.9920984	7325.0216617	7324.7619336	0.0000000	0.0000000	0.0145488	0.1586587	0.1115962	0.0000000	0.0000000
7039.9920984	7319.9843593	7319.6025195	0.0000000	0.0000000	0.0143252	0.1563740	0.1111797	0.0000000	0.0000000
7039.9920984	7314.9864987	7314.8730566	0.0000000	0.0000000	0.0155605	0.1561898	0.1048413	0.0000000	0.0000000
7039.9920984	7309.9886382	7309.7136426	0.0000000	0.0000000	0.0150919	0.1568550	0.1051151	0.0000000	0.0000000
7039.9920984	7304.9879604	7304.6092822	0.0000000	0.0000000	0.0167593	0.1554822	0.1069276	0.0000000	0.0000000
7039.9920984	7299.9844653	7299.9348730	0.0000000	0.0000000	0.0147223	0.1572587	0.1054263	0.0000000	0.0000000
7039.9920984	7294.9837875	7294.8355176	0.0000000	0.0000000	0.0166498	0.1582583	0.1066731	0.0000000	0.0000000
7039.9920984	7289.9859270	7289.7361621	0.0000000	0.0000000	0.0165558	0.1577079	0.1055677	0.0000000	0.0000000
7039.9920984	7284.9852492	7284.6368066	0.0000000	0.0000000	0.0187883	0.1578123	0.1074115	0.0000000	0.0000000
7039.9920984	7279.9815887	7279.9623975	0.0000000	0.0000000	0.0224821	0.1572163	0.1108036	0.0000000	0.0000000
7039.9920984	7275.0161883	7274.8630420	0.0000000	0.0000000	0.0301837	0.1573193	0.1130277	0.0000000	0.0000000
7039.9920984	7270.0122966	7269.7636865	0.0000000	0.0000000	0.0240299	0.1569391	0.1100248	0.0000000	0.0000000
7039.9920984	7265.0051971	7264.6888672	0.0000000	0.0000000	0.0223768	0.1565669	0.1076906	0.0000000	0.0000000
7039.9920984	7259.9980977	7259.6483984	0.0000000	0.0000000	0.0234874	0.1575142	0.1070634	0.0000000	0.0000000
7039.9920984	7255.0102440	7254.6079297	0.0000000	0.0000000	0.0245608	0.1574055	0.1037322	0.0000000	0.0000000
7039.9920984	7250.0095598	7249.9875000	0.0000000	0.0000000	0.0252216	0.1569495	0.1038722	0.0000000	0.0000000
7039.9920984	7245.0056680	7244.9470313	0.0000000	0.0000000	0.0234740	0.1581771	0.1017653	0.0000000	0.0000000
7039.9920984	7240.0210220	7239.9065625	0.0000000	0.0000000	0.0268770	0.1579897	0.1027766	0.0000000	0.0000000
7039.9920984	7235.0042997	7234.8660938	0.0000000	0.0000000	0.0332025	0.1557750	0.1023387	0.0000000	0.0000000
7039.9920984	7230.0100308	7229.8256250	0.0000000	0.0000000	0.0265671	0.1578481	0.0989890	0.0000000	0.0000000
7039.9920984	7225.0033850	7224.7851563	0.0000000	0.0000000	0.0295227	0.1579091	0.1004539	0.0000000	0.0000000
7039.9920984	7220.0049369	7219.8026367	0.0000000	0.0000000	0.0457161	0.1556368	0.1038738	0.0000000	0.0000000
7039.9920984	7215.0032283	7214.8201172	0.0000000	0.0000000	0.0542948	0.1559607	0.1050677	0.0000000	0.0000000
7039.9920984	7210.0145620	7209.8375977	0.0000000	0.0000000	0.0577587	0.1564773	0.1042924	0.0000000	0.0000000
7039.9920984	7205.0095928	7204.8550781	0.0000000	0.0000000	0.0667736	0.1559838	0.1053397	0.0000000	0.0000000
7039.9920984	7200.0078842	7199.8725586	0.0000000	0.0000000	0.0680784	0.1561504	0.1061763	0.0000000	0.0000000
7039.9920984	7195.0094361	7194.8900391	0.0000000	0.0000000	0.0753798	0.1554541	0.1064255	0.0000000	0.0000000
7039.9920984	7190.0109881	7189.9075195	0.0000000	0.0000000	0.0868274	0.1543678	0.1061018	0.0000000	0.0000000
7039.9920984	7185.0092794	7184.9250000	0.0000000	0.0000000	0.0963158	0.1545840	0.1068820	0.0000000	0.0000000
7039.9920984	7180.0010497	7179.9804492	0.0000000	0.0000000	0.0929445	0.1539470	0.1054071	0.0000000	0.0000000
7039.9920984	7175.0091228	7174.6444189	0.0000000	0.0000000	0.0916548	0.1561581	0.1035853	0.0000000	0.0000000
7039.9920984	7169.9976324	7169.7188525	0.0000000	0.0000000	0.0906890	0.1573903	0.1022863	0.0000000	0.0000000
7039.9920984	7165.0390486	7164.7932861	0.0000000	0.0000000	0.0764503	0.1574440	0.1013336	0.0000000	0.0000000
7039.9920984	7160.0281100	7159.8677197	0.0000000	0.0000000	0.0702139	0.1579871	0.0997554	0.0000000	0.0000000
7039.9920984	7155.0231870	7154.9421533	0.0000000	0.0000000	0.0748759	0.1584821	0.0998646	0.0000000	0.0000000
7039.9920984	7150.0363105	7149.6061230	0.0000000	0.0000000	0.0962543	0.1571316	0.1015723	0.0000000	0.0000000
7039.9920984	7145.0223642	7144.6805566	0.0000000	0.0000000	0.1011843	0.1569407	0.0993403	0.0000000	0.0000000
7039.9920984	7140.0204489	7139.7829688	0.0000000	0.0000000	0.0829717	0.1578497	0.0997137	0.0000000	0.0000000
7039.9920984	7135.0245491	7134.9133594	0.0000000	0.0000000	0.0911830	0.1576681	0.1014235	0.0000000	0.0000000
7039.9920984	7130.0226338	7129.6379492	0.0000000	0.0000000	0.1090313	0.1572225	0.0997385	0.0000000	0.0000000
7039.9920984	7125.0297419	7124.7683398	0.0000000	0.0000000	0.1245537	0.1566769	0.1005918	0.0000000	0.0000000
7039.9920984	7120.0218110	7119.8987305	0.0000000	0.0000000	0.1207240	0.1555652	0.1013284	0.0000000	0.0000000
7039.9920984	7115.0017225	7114.6233203	0.0000000	0.0000000	0.1242531	0.1551703	0.1012637	0.0000000	0.0000000
7039.9920984	7109.9962131	7109.7537109	0.0000000	0.0000000	0.1337886	0.1560519	0.1010612	0.0000000	0.0000000
7039.9920984	7104.9837419	7104.8841016	0.0000000	0.0000000	0.1401365	0.1553943	0.1018727	0.0000000	0.0000000
7039.9920984	7099.9851943	7099.6316406	0.0000000	0.0000000	0.1462089	0.1561840	0.1008639	0.0000000	0.0000000
7039.9920984	7094.9831658	7094.8171094	0.0000000	0.0000000	0.1452673	0.1568527	0.1002345	0.0000000	0.0000000
7039.9920984	7089.9846182	7089.6013672	0.0000000	0.0000000	0.1453290	0.1559323	0.1008500	0.0000000	0.0000000
7039.9920984	7084.9895515	7084.7868359	0.0000000	0.0000000	0.1422908	0.1552845	0.0989447	0.0000000	0.0000000
7039.9920984	7079.9875230	7079.9723047	0.0000000	0.0000000	0.1259144	0.1551173	0.0978784	0.0000000	0.0000000
7039.9920984	7074.9889754	7074.7565625	0.0000000	0.0000000	0.1061997	0.1572347	0.0953905	0.0000000	0.0000000
7039.9920984	7069.9869469	7069.9420313	0.0000000	0.0000000	0.0886378	0.1584830	0.0957451	0.0000000	0.0000000
7039.9920984	7064.9883993	7064.7262891	0.0000000	0.0000000	0.0958278	0.1588424	0.0951780	0.0000000	0.0000000
7039.9920984	7059.9863559	7059.9297656	0.0000000	0.0000000	0.1278704	0.1584327	0.0960471	0.0000000	0.0000000
7039.9920984	7054.9880656	7054.7725488	0.0000000	0.0000000	0.2016665	0.1579906	0.0943392	0.0000000	0.0000000
7039.9920984	7049.9819654	7049.6153320	0.0000000	0.0000000	0.3023013	0.1569369	0.0952125	0.0000000	0.0000000
7039.9920984	7044.9875799	7044.8548242	0.0000000	0.0000000	0.3652290	0.1558690	0.0980902	0.0000000	0.0000000
7039.9920984	7039.9814797	7039.6976074	0.0000000	0.0000000	0.3940464	0.1559657	0.0999900	0.0000000	0.0000000
7039.9920984	7034.9792845	7034.9370996	0.0000000	0.0000000	0.3664735	0.1562612	0.0993270	0.0000000	0.0000000
7039.9920984	7029.9809941	7029.7798828	0.0000000	0.0000000	0.3079125	0.1568319	0.0970703	0.0000000	0.0000000
7039.9920984	7024.9827038	7024.6226660	0.0000000	0.0000000	0.2599841	0.1569160	0.0959744	0.0000000	0.0000000
7039.9920984	7019.9805085	7019.8843262	0.0000000	0.0000000	0.2256454	0.1570662	0.0952019	0.0000000	0.0000000
7039.9920984	7014.9900280	7014.7847461	0.0000000	0.0000000	0.2298423	0.1567123	0.0958011	0.0000000	0.0000000
7039.9920984	7009.9839278	7009.6851660	0.0000000	0.0000000	0.2362942	0.1578134	0.0950249	0.0000000	0.0000000
7039.9920984	7004.9778276	7004.9778613	0.0000000	0.0000000	0.2417263	0.1576444	0.0956617	0.0000000	0.0000000
