7254.9953488	7599.9977245	7599.5502051	0.0000000	0.0000000	0.0155079	0.1841235	0.1216508	0.0000000	7255.0000000
7254.9953488	7594.9867234	7594.9313574	0.0000000	0.0000000	0.0164473	0.1813871	0.1210270	0.0000000	0.0000000
7254.9953488	7589.9849267	7589.8506250	0.0000000	0.0000000	0.0186991	0.1834840	0.1215293	0.0000000	0.0000000
7254.9953488	7584.9897621	7584.7698926	0.0000000	0.0000000	0.0212770	0.1848134	0.1212250	0.0000000	0.0000000
7254.9953488	7579.9895004	7579.6891602	0.0000000	0.0000000	0.0201904	0.1861676	0.1216141	0.0000000	0.0000000
7254.9953488	7574.9866901	7574.6139941	0.0000000	0.0000000	0.0215563	0.1860216	0.1216815	0.0000000	0.0000000
7254.9953488	7569.9889770	7569.5944922	0.0000000	0.0000000	0.0198743	0.1870768	0.1213459	0.0000000	0.0000000
7254.9953488	7564.9887153	7564.5749902	0.0000000	0.0000000	0.0211155	0.1866509	0.1212341	0.0000000	0.0000000
7254.9953488	7559.9884535	7559.5554883	0.0000000	0.0000000	0.0170500	0.1863026	0.1213207	0.0000000	0.0000000
7254.9953488	7554.9856433	7554.9923047	0.0000000	0.0000000	0.0176824	0.1852306	0.1217944	0.0000000	0.0000000
7254.9953488	7549.9853816	7549.9728027	0.0000000	0.0000000	0.0162343	0.1853124	0.1214677	0.0000000	0.0000000
7254.9953488	7544.9851198	7544.9533008	0.0000000	0.0000000	0.0151870	0.1860472	0.1210863	0.0000000	0.0000000
7254.9953488	7539.9872981	7539.9337988	0.0000000	0.0000000	0.0164371	0.1851765	0.1214055	0.0000000	0.0000000
7254.9953488	7534.9866347	7534.9142969	0.0000000	0.0000000	0.0158776	0.1851484	0.1212493	0.0000000	0.0000000
7254.9953488	7530.0352818	7529.8947949	0.0000000	0.0000000	0.0154998	0.1839437	0.1211213	0.0000000	0.0000000
7254.9953488	7525.0375191	7524.9299316	0.0000000	0.0000000	0.0153391	0.1845341	0.1214951	0.0000000	0.0000000
7254.9953488	7519.9875452	7519.9705322	0.0000000	0.0000000	0.0156969	0.1832150	0.1212090	0.0000000	0.0000000
7254.9953488	7514.9839813	7514.5602783	0.0000000	0.0000000	0.0154609	0.1828317	0.1203469	0.0000000	0.0000000
7254.9953488	7509.9833179	7509.6008789	0.0000000	0.0000000	0.0168710	0.1835846	0.1214414	0.0000000	0.0000000
7254.9953488	7505.0319651	7504.6414795	0.0000000	0.0000000	0.0194932	0.1845597	0.1215310	0.0000000	0.0000000
7254.9953488	7500.0371029	7499.6820801	0.0000000	0.0000000	0.0176479	0.1849896	0.1203585	0.0000000	0.0000000
7254.9953488	7495.0248371	7494.7226807	0.0000000	0.0000000	0.0178639	0.1844325	0.1206901	0.0000000	0.0000000
7254.9953488	7490.0355258	7489.7632813	0.0000000	0.0000000	0.0169921	0.1851898	0.1207461	0.0000000	0.0000000
7254.9953488	7485.0327588	7484.8038818	0.0000000	0.0000000	0.0176595	0.1846995	0.1201322	0.0000000	0.0000000
7254.9953488	7479.9873061	7479.8981445	0.0000000	0.0000000	0.0159806	0.1857585	0.1211746	0.0000000	0.0000000
7254.9953488	7474.9845391	7474.9977734	0.0000000	0.0000000	0.0181965	0.1854900	0.1206322	0.0000000	0.0000000
7254.9953488	7469.9846178	7469.6519141	0.0000000	0.0000000	0.0153365	0.1852772	0.1218652	0.0000000	0.0000000
7254.9953488	7465.0359193	7464.7515430	0.0000000	0.0000000	0.0147286	0.1844042	0.1208864	0.0000000	0.0000000
7254.9953488	7459.9876209	7459.8511719	0.0000000	0.0000000	0.0139425	0.1852518	0.1203519	0.0000000	0.0000000
7254.9953488	7455.0332310	7454.9508008	0.0000000	0.0000000	0.0172854	0.1855681	0.1251768	0.0000000	0.0000000
7254.9953488	7449.9849325	7449.6049414	0.0000000	0.0000000	0.0175238	0.1852268	0.1273474	0.0000000	0.0000000
7254.9953488	7444.9878570	7444.7045703	0.0000000	0.0000000	0.0166556	0.1847705	0.1246561	0.0000000	0.0000000
7254.9953488	7439.9850899	7439.8041992	0.0000000	0.0000000	0.0150061	0.1844597	0.1189465	0.0000000	0.0000000
7254.9953488	7434.9880144	7434.9618359	0.0000000	0.0000000	0.0139521	0.1846056	0.1183810	0.0000000	0.0000000
7254.9953488	7429.9872294	7429.6792578	0.0000000	0.0000000	0.0146576	0.1848387	0.1210941	0.0000000	0.0000000
7254.9953488	7424.9864714	7424.8368945	0.0000000	0.0000000	0.0161194	0.1859618	0.1228188	0.0000000	0.0000000
7254.9953488	7419.9883932	7419.9945313	0.0000000	0.0000000	0.0145599	0.1858544	0.1200267	0.0000000	0.0000000
7254.9953488	7414.9849553	7414.7119531	0.0000000	0.0000000	0.0112581	0.1877864	0.1178757	0.0000000	0.0000000
7254.9953488	7409.9841972	7409.8695898	0.0000000	0.0000000	0.0123494	0.1863751	0.1197695	0.0000000	0.0000000
7254.9953488	7404.9861191	7404.5870117	0.0000000	0.0000000	0.0135781	0.1869785	0.1199995	0.0000000	0.0000000
7254.9953488	7399.9853611	7399.7446484	0.0000000	0.0000000	0.0146279	0.1862687	0.1171321	0.0000000	0.0000000
7254.9953488	7394.9872830	7394.9126367	0.0000000	0.0000000	0.0155520	0.1859716	0.1154479	0.0000000	0.0000000
7254.9953488	7389.9865249	7389.6921680	0.0000000	0.0000000	0.0148575	0.1871798	0.1148756	0.0000000	0.0000000
7254.9953488	7384.9884468	7384.9067383	0.0000000	0.0000000	0.0162013	0.1861770	0.1135167	0.0000000	0.0000000
7254.9953488	7379.9820701	7379.6862695	0.0000000	0.0000000	0.0152419	0.1878171	0.1116232	0.0000000	0.0000000
7254.9953488	7375.0022847	7374.9008398	0.0000000	0.0000000	0.0164498	0.1879137	0.1116733	0.0000000	0.0000000
7254.9953488	7370.0030344	7369.6803711	0.0000000	0.0000000	0.0177738	0.1871598	0.1113861	0.0000000	0.0000000
7254.9953488	7365.0070282	7364.8949414	0.0000000	0.0000000	0.0195317	0.1867095	0.1114478	0.0000000	0.0000000
7254.9953488	7360.0110220	7359.6744727	0.0000000	0.0000000	0.0240336	0.1857537	0.1118719	0.0000000	0.0000000
7254.9953488	7355.0052834	7354.8890430	0.0000000	0.0000000	0.0235404	0.1868430	0.1087371	0.0000000	0.0000000
7254.9953488	7350.0092772	7349.6991016	0.0000000	0.0000000	0.0223577	0.1867820	0.1052637	0.0000000	0.0000000
7254.9953488	7345.0035385	7344.9696387	0.0000000	0.0000000	0.0262769	0.1860956	0.1045519	0.0000000	0.0000000
7254.9953488	7340.0075324	7339.8102246	0.0000000	0.0000000	0.0260187	0.1866388	0.1044930	0.0000000	0.0000000
7254.9953488	7335.0050379	7334.6508105	0.0000000	0.0000000	0.0306030	0.1869723	0.1047798	0.0000000	0.0000000
7254.9953488	7329.9992992	7329.9213477	0.0000000	0.0000000	0.0392505	0.1866801	0.1047590	0.0000000	0.0000000
7254.9953488	7325.0216617	7324.7619336	0.0000000	0.0000000	0.0400880	0.1866052	0.1051919	0.0000000	0.0000000
7254.9953488	7319.9843593	7319.6025195	0.0000000	0.0000000	0.0412001	0.1857419	0.1050370	0.0000000	0.0000000
7254.9953488	7314.9864987	7314.8730566	0.0000000	0.0000000	0.0472074	0.1864395	0.1050106	0.0000000	0.0000000
7254.9953488	7309.9886382	7309.7136426	0.0000000	0.0000000	0.0503977	0.1872535	0.1068851	0.0000000	0.0000000
7254.9953488	7304.9851431	7304.6092822	0.0000000	0.0000000	0.0511521	0.1882773	0.1076422	0.0000000	0.0000000
7254.9953488	7299.9816481	7299.9348730	0.0000000	0.0000000	0.0570817	0.1862404	0.1070149	0.0000000	0.0000000
7254.9953488	7294.9837875	7294.8355176	0.0000000	0.0000000	0.0637401	0.1852495	0.1065638	0.0000000	0.0000000
7254.9953488	7289.9831097	7289.7361621	0.0000000	0.0000000	0.0622570	0.1865941	0.1064406	0.0000000	0.0000000
7254.9953488	7284.9852492	7284.6368066	0.0000000	0.0000000	0.0629407	0.1871654	0.1064843	0.0000000	0.0000000
7254.9953488	7279.9815887	7279.9623975	0.0000000	0.0000000	0.0653169	0.1870745	0.1068153	0.0000000	0.0000000
7254.9953488	7275.0097731	7274.8630420	0.0000000	0.0000000	0.0790594	0.1853420	0.1085862	0.0000000	0.0000000
7254.9953488	7270.0090889	7269.7636865	0.0000000	0.0000000	0.0958759	0.1867303	0.1075880	0.0000000	0.0000000
7254.9953488	7265.0051971	7264.6888672	0.0000000	0.0000000	0.1429758	0.1859744	0.1070264	0.0000000	0.0000000
7254.9953488	7260.0013053	7259.6483984	0.0000000	0.0000000	0.1976903	0.1862604	0.1062257	0.0000000	0.0000000
7254.9953488	7255.0166593	7254.6079297	0.0000000	0.0000000	0.2125335	0.1865228	0.1042451	0.0000000	0.0000000
7254.9953488	7250.0095598	7249.9875000	0.0000000	0.0000000	0.1761831	0.1885640	0.1024102	0.0000000	0.0000000
7254.9953488	7245.0056680	7244.9470313	0.0000000	0.0000000	0.1217750	0.1893164	0.1023973	0.0000000	0.0000000
7254.9953488	7240.0113991	7239.9065625	0.0000000	0.0000000	0.0725305	0.1892472	0.1014651	0.0000000	0.0000000
7254.9953488	7235.0139226	7234.8660938	0.0000000	0.0000000	0.0600558	0.1883109	0.1010356	0.0000000	0.0000000
7254.9953488	7230.0196536	7229.8256250	0.0000000	0.0000000	0.0581951	0.1850585	0.1010983	0.0000000	0.0000000
7254.9953488	7225.0001244	7224.7851563	0.0000000	0.0000000	0.0623734	0.1854510	0.1027882	0.0000000	0.0000000
7254.9953488	7220.0016764	7219.8026367	0.0000000	0.0000000	0.0798157	0.1866863	0.1058436	0.0000000	0.0000000
7254.9953488	7214.9999678	7214.8201172	0.0000000	0.0000000	0.0852615	0.1873165	0.1058470	0.0000000	0.0000000
7254.9953488	7210.0113014	7209.8375977	0.0000000	0.0000000	0.0903519	0.1872676	0.1057472	0.0000000	0.0000000
7254.9953488	7205.0030717	7204.8550781	0.0000000	0.0000000	0.0955022	0.1877040	0.1050592	0.0000000	0.0000000
7254.9953488	7200.0013630	7199.8725586	0.0000000	0.0000000	0.0897472	0.1885769	0.1061548	0.0000000	0.0000000
7254.9953488	7195.0029150	7194.8900391	0.0000000	0.0000000	0.0928611	0.1873754	0.1062301	0.0000000	0.0000000
7254.9953488	7190.0077275	7189.9075195	0.0000000	0.0000000	0.0984742	0.1876440	0.1044900	0.0000000	0.0000000
7254.9953488	7185.0060189	7184.9250000	0.0000000	0.0000000	0.0935161	0.1868092	0.1042209	0.0000000	0.0000000
7254.9953488	7180.0108314	7179.9804492	0.0000000	0.0000000	0.0806232	0.1881307	0.1038975	0.0000000	0.0000000
7254.9953488	7175.0091228	7174.6444189	0.0000000	0.0000000	0.0809915	0.1879751	0.1028578	0.0000000	0.0000000
7254.9953488	7170.0041536	7169.7188525	0.0000000	0.0000000	0.0819541	0.1870610	0.1010740	0.0000000	0.0000000
7254.9953488	7165.0270176	7164.7932861	0.0000000	0.0000000	0.0622958	0.1872649	0.1007444	0.0000000	0.0000000
7254.9953488	7160.0281100	7159.8677197	0.0000000	0.0000000	0.0560498	0.1876786	0.1018693	0.0000000	0.0000000
7254.9953488	7155.0231870	7154.9421533	0.0000000	0.0000000	0.0613409	0.1882865	0.1030222	0.0000000	0.0000000
7254.9953488	7150.0272872	7149.6061230	0.0000000	0.0000000	0.0689164	0.1880387	0.1023175	0.0000000	0.0000000
7254.9953488	7145.0283797	7144.6805566	0.0000000	0.0000000	0.0588124	0.1873966	0.1016395	0.0000000	0.0000000
7254.9953488	7140.0234567	7139.7829688	0.0000000	0.0000000	0.0427358	0.1870171	0.1016328	0.0000000	0.0000000
7254.9953488	7135.0245491	7134.9133594	0.0000000	0.0000000	0.0436687	0.1877191	0.1022101	0.0000000	0.0000000
7254.9953488	7130.0346649	7129.6379492	0.0000000	0.0000000	0.0557690	0.1877766	0.1046765	0.0000000	0.0000000
7254.9953488	7125.0357574	7124.7683398	0.0000000	0.0000000	0.0518218	0.1881609	0.1026443	0.0000000	0.0000000
7254.9953488	7120.0218110	7119.8987305	0.0000000	0.0000000	0.0383051	0.1864639	0.1012009	0.0000000	0.0000000
7254.9953488	7114.9843181	7114.6233203	0.0000000	0.0000000	0.0394833	0.1873103	0.1013715	0.0000000	0.0000000
7254.9953488	7109.9857704	7109.7537109	0.0000000	0.0000000	0.0433969	0.1870039	0.1025129	0.0000000	0.0000000
7254.9953488	7104.9837419	7104.8841016	0.0000000	0.0000000	0.0364357	0.1872822	0.1011205	0.0000000	0.0000000
7254.9953488	7099.9817134	7099.6316406	0.0000000	0.0000000	0.0375486	0.1873151	0.1004886	0.0000000	0.0000000
7254.9953488	7094.9831658	7094.8171094	0.0000000	0.0000000	0.0314576	0.1879109	0.0998602	0.0000000	0.0000000
7254.9953488	7089.9811373	7089.6013672	0.0000000	0.0000000	0.0296949	0.1884958	0.1005928	0.0000000	0.0000000
7254.9953488	7084.9860706	7084.7868359	0.0000000	0.0000000	0.0229484	0.1875675	0.1003805	0.0000000	0.0000000
7254.9953488	7079.9875230	7079.9723047	0.0000000	0.0000000	0.0169904	0.1875646	0.0992048	0.0000000	0.0000000
7254.9953488	7074.9889754	7074.7565625	0.0000000	0.0000000	0.0126089	0.1878470	0.0968197	0.0000000	0.0000000
7254.9953488	7069.9834660	7069.9420313	0.0000000	0.0000000	0.0088926	0.1882838	0.0958571	0.0000000	0.0000000
7254.9953488	7064.9953610	7064.7262891	0.0000000	0.0000000	0.0094006	0.1872526	0.0965076	0.0000000	0.0000000
7254.9953488	7059.9863559	7059.9297656	0.0000000	0.0000000	0.0102434	0.1878514	0.0964969	0.0000000	0.0000000
7254.9953488	7054.9880656	7054.7725488	0.0000000	0.0000000	0.0116432	0.1882100	0.0954272	0.0000000	0.0000000
7254.9953488	7049.9819654	7049.6153320	0.0000000	0.0000000	0.0127577	0.1881816	0.0944622	0.0000000	0.0000000
7254.9953488	7044.9875799	7044.8548242	0.0000000	0.0000000	0.0126493	0.1878480	0.0959696	0.0000000	0.0000000
7254.9953488	7039.9814797	7039.6976074	0.0000000	0.0000000	0.0139835	0.1880575	0.0956394	0.0000000	0.0000000
7254.9953488	7034.9831894	7034.9370996	0.0000000	0.0000000	0.0152815	0.1890848	0.0952079	0.0000000	0.0000000
7254.9953488	7029.9809941	7029.7798828	0.0000000	0.0000000	0.0158436	0.1886522	0.0955798	0.0000000	0.0000000
7254.9953488	7024.9827038	7024.6226660	0.0000000	0.0000000	0.0164841	0.1882339	0.0977201	0.0000000	0.0000000
7254.9953488	7019.9805085	7019.8843262	0.0000000	0.0000000	0.0148455	0.1869733	0.0987510	0.0000000	0.0000000
7254.9953488	7014.9861230	7014.7847461	0.0000000	0.0000000	0.0134640	0.1868291	0.0974325	0.0000000	0.0000000
7254.9953488	7009.9878327	7009.6851660	0.0000000	0.0000000	0.0152330	0.1879344	0.0976719	0.0000000	0.0000000
7254.9953488	7004.9817325	7004.9778613	0.0000000	0.0000000	0.0148459	0.1885632	0.0971478	0.0000000	0.0000000
