7114.9946001	7599.9977245	7599.5502051	0.0000000	0.0000000	0.0158596	0.1583964	0.1216212	0.0000000	7115.0000000
7114.9946001	7594.9867234	7594.9313574	0.0000000	0.0000000	0.0178116	0.1586725	0.1198102	0.0000000	0.0000000
7114.9946001	7589.9874753	7589.8506250	0.0000000	0.0000000	0.0223915	0.1604000	0.1214652	0.0000000	0.0000000
7114.9946001	7584.9897621	7584.7698926	0.0000000	0.0000000	0.0188827	0.1606553	0.1209528	0.0000000	0.0000000
7114.9946001	7579.9895004	7579.6891602	0.0000000	0.0000000	0.0215057	0.1617987	0.1212855	0.0000000	0.0000000
7114.9946001	7574.9866901	7574.6139941	0.0000000	0.0000000	0.0222395	0.1620836	0.1215557	0.0000000	0.0000000
7114.9946001	7569.9889770	7569.5944922	0.0000000	0.0000000	0.0211289	0.1602318	0.1212599	0.0000000	0.0000000
7114.9946001	7564.9887153	7564.5749902	0.0000000	0.0000000	0.0216910	0.1594546	0.1214380	0.0000000	0.0000000
7114.9946001	7559.9859050	7559.5554883	0.0000000	0.0000000	0.0182638	0.1597561	0.1234689	0.0000000	0.0000000
7114.9946001	7554.9856433	7554.9923047	0.0000000	0.0000000	0.0211460	0.1596144	0.1248948	0.0000000	0.0000000
7114.9946001	7549.9853816	7549.9728027	0.0000000	0.0000000	0.0215815	0.1595145	0.1247744	0.0000000	0.0000000
7114.9946001	7544.9851198	7544.9533008	0.0000000	0.0000000	0.0233409	0.1609857	0.1253240	0.0000000	0.0000000
7114.9946001	7539.9872981	7539.9337988	0.0000000	0.0000000	0.0228024	0.1599902	0.1240472	0.0000000	0.0000000
7114.9946001	7535.0330446	7534.9142969	0.0000000	0.0000000	0.0217552	0.1601533	0.1230292	0.0000000	0.0000000
7114.9946001	7530.0294806	7529.8947949	0.0000000	0.0000000	0.0216616	0.1602203	0.1232657	0.0000000	0.0000000
7114.9946001	7525.0346185	7524.9299316	0.0000000	0.0000000	0.0214132	0.1602373	0.1238606	0.0000000	0.0000000
7114.9946001	7520.0339551	7519.9705322	0.0000000	0.0000000	0.0222396	0.1606169	0.1239241	0.0000000	0.0000000
7114.9946001	7514.9839813	7514.5602783	0.0000000	0.0000000	0.0229336	0.1596196	0.1233428	0.0000000	0.0000000
7114.9946001	7510.0268272	7509.6008789	0.0000000	0.0000000	0.0203507	0.1597167	0.1212021	0.0000000	0.0000000
7114.9946001	7504.9855552	7504.6414795	0.0000000	0.0000000	0.0189545	0.1599727	0.1193889	0.0000000	0.0000000
7114.9946001	7500.0284011	7499.6820801	0.0000000	0.0000000	0.0214066	0.1595983	0.1204299	0.0000000	0.0000000
7114.9946001	7494.9842285	7494.7226807	0.0000000	0.0000000	0.0205660	0.1608429	0.1203752	0.0000000	0.0000000
7114.9946001	7490.0241430	7489.7632813	0.0000000	0.0000000	0.0216897	0.1596907	0.1219185	0.0000000	0.0000000
7114.9946001	7485.0270674	7484.8038818	0.0000000	0.0000000	0.0203486	0.1606237	0.1210739	0.0000000	0.0000000
7114.9946001	7479.9844604	7479.8981445	0.0000000	0.0000000	0.0194230	0.1606866	0.1208282	0.0000000	0.0000000
7114.9946001	7474.9845391	7474.9977734	0.0000000	0.0000000	0.0253794	0.1589730	0.1227975	0.0000000	0.0000000
7114.9946001	7469.9846178	7469.6519141	0.0000000	0.0000000	0.0188013	0.1593579	0.1234257	0.0000000	0.0000000
7114.9946001	7464.9846965	7464.7515430	0.0000000	0.0000000	0.0138461	0.1592983	0.1229661	0.0000000	0.0000000
7114.9946001	7459.9847751	7459.8511719	0.0000000	0.0000000	0.0139912	0.1601089	0.1227792	0.0000000	0.0000000
7114.9946001	7454.9820081	7454.9508008	0.0000000	0.0000000	0.0140226	0.1613406	0.1211614	0.0000000	0.0000000
7114.9946001	7450.0361554	7449.6049414	0.0000000	0.0000000	0.0152993	0.1609501	0.1204977	0.0000000	0.0000000
7114.9946001	7444.9878570	7444.7045703	0.0000000	0.0000000	0.0142290	0.1618220	0.1191062	0.0000000	0.0000000
7114.9946001	7440.0363128	7439.8041992	0.0000000	0.0000000	0.0157369	0.1619072	0.1191709	0.0000000	0.0000000
7114.9946001	7434.9880144	7434.9618359	0.0000000	0.0000000	0.0157521	0.1601897	0.1199442	0.0000000	0.0000000
7114.9946001	7429.9872294	7429.6792578	0.0000000	0.0000000	0.0151155	0.1599561	0.1191473	0.0000000	0.0000000
7114.9946001	7424.9891513	7424.8368945	0.0000000	0.0000000	0.0131191	0.1595436	0.1209620	0.0000000	0.0000000
7114.9946001	7419.9883932	7419.9945313	0.0000000	0.0000000	0.0102286	0.1588896	0.1167505	0.0000000	0.0000000
7114.9946001	7414.9849553	7414.7119531	0.0000000	0.0000000	0.0093403	0.1580508	0.1193550	0.0000000	0.0000000
7114.9946001	7409.9841972	7409.8695898	0.0000000	0.0000000	0.0128612	0.1585800	0.1206536	0.0000000	0.0000000
7114.9946001	7404.9861191	7404.5870117	0.0000000	0.0000000	0.0102095	0.1601429	0.1172445	0.0000000	0.0000000
7114.9946001	7399.9853611	7399.7446484	0.0000000	0.0000000	0.0098428	0.1598895	0.1152562	0.0000000	0.0000000
7114.9946001	7394.9872830	7394.9126367	0.0000000	0.0000000	0.0093208	0.1595468	0.1161818	0.0000000	0.0000000
7114.9946001	7389.9865249	7389.6921680	0.0000000	0.0000000	0.0096062	0.1609412	0.1157012	0.0000000	0.0000000
7114.9946001	7384.9857669	7384.9067383	0.0000000	0.0000000	0.0102622	0.1601315	0.1161201	0.0000000	0.0000000
7114.9946001	7379.9820701	7379.6862695	0.0000000	0.0000000	0.0096423	0.1602285	0.1128276	0.0000000	0.0000000
7114.9946001	7375.0152613	7374.9008398	0.0000000	0.0000000	0.0101539	0.1601514	0.1132196	0.0000000	0.0000000
7114.9946001	7370.0030344	7369.6803711	0.0000000	0.0000000	0.0096377	0.1609174	0.1108879	0.0000000	0.0000000
7114.9946001	7365.0037840	7364.8949414	0.0000000	0.0000000	0.0133134	0.1608213	0.1121483	0.0000000	0.0000000
7114.9946001	7360.0175103	7359.6744727	0.0000000	0.0000000	0.0149381	0.1585688	0.1121230	0.0000000	0.0000000
7114.9946001	7355.0117717	7354.8890430	0.0000000	0.0000000	0.0155909	0.1596438	0.1094000	0.0000000	0.0000000
7114.9946001	7350.0092772	7349.6991016	0.0000000	0.0000000	0.0150088	0.1603169	0.1065853	0.0000000	0.0000000
7114.9946001	7345.0100269	7344.9696387	0.0000000	0.0000000	0.0129983	0.1608916	0.1048479	0.0000000	0.0000000
7114.9946001	7340.0075324	7339.8102246	0.0000000	0.0000000	0.0143177	0.1605779	0.1073796	0.0000000	0.0000000
7114.9946001	7335.0017937	7334.6508105	0.0000000	0.0000000	0.0178058	0.1594834	0.1086138	0.0000000	0.0000000
7114.9946001	7329.9992992	7329.9213477	0.0000000	0.0000000	0.0228552	0.1599041	0.1084055	0.0000000	0.0000000
7114.9946001	7325.0216617	7324.7619336	0.0000000	0.0000000	0.0247960	0.1600653	0.1092164	0.0000000	0.0000000
7114.9946001	7319.9871765	7319.6025195	0.0000000	0.0000000	0.0242454	0.1607917	0.1090250	0.0000000	0.0000000
7114.9946001	7314.9836815	7314.8730566	0.0000000	0.0000000	0.0320393	0.1606014	0.1102291	0.0000000	0.0000000
7114.9946001	7309.9886382	7309.7136426	0.0000000	0.0000000	0.0341328	0.1596425	0.1084402	0.0000000	0.0000000
7114.9946001	7304.9879604	7304.6092822	0.0000000	0.0000000	0.0294478	0.1610470	0.1079137	0.0000000	0.0000000
7114.9946001	7299.9844653	7299.9348730	0.0000000	0.0000000	0.0319900	0.1602277	0.1065875	0.0000000	0.0000000
7114.9946001	7294.9866048	7294.8355176	0.0000000	0.0000000	0.0375566	0.1594283	0.1086764	0.0000000	0.0000000
7114.9946001	7289.9831097	7289.7361621	0.0000000	0.0000000	0.0386637	0.1607449	0.1089056	0.0000000	0.0000000
7114.9946001	7284.9852492	7284.6368066	0.0000000	0.0000000	0.0426357	0.1611063	0.1099460	0.0000000	0.0000000
7114.9946001	7279.9847963	7279.9623975	0.0000000	0.0000000	0.0472272	0.1598651	0.1107559	0.0000000	0.0000000
7114.9946001	7275.0033579	7274.8630420	0.0000000	0.0000000	0.0536536	0.1595887	0.1126699	0.0000000	0.0000000
7114.9946001	7270.0090889	7269.7636865	0.0000000	0.0000000	0.0501647	0.1601400	0.1104192	0.0000000	0.0000000
7114.9946001	7265.0116124	7264.6888672	0.0000000	0.0000000	0.0438845	0.1611006	0.1063566	0.0000000	0.0000000
7114.9946001	7260.0077206	7259.6483984	0.0000000	0.0000000	0.0457434	0.1611318	0.1059255	0.0000000	0.0000000
7114.9946001	7255.0102440	7254.6079297	0.0000000	0.0000000	0.0551826	0.1598271	0.1050018	0.0000000	0.0000000
7114.9946001	7250.0063522	7249.9875000	0.0000000	0.0000000	0.0555341	0.1600614	0.1051891	0.0000000	0.0000000
7114.9946001	7244.9992528	7244.9470313	0.0000000	0.0000000	0.0633818	0.1589780	0.1058809	0.0000000	0.0000000
7114.9946001	7240.0049839	7239.9065625	0.0000000	0.0000000	0.0526940	0.1597882	0.1014041	0.0000000	0.0000000
7114.9946001	7235.0107149	7234.8660938	0.0000000	0.0000000	0.0598999	0.1599742	0.1023250	0.0000000	0.0000000
7114.9946001	7230.0164460	7229.8256250	0.0000000	0.0000000	0.0606481	0.1595215	0.1029666	0.0000000	0.0000000
7114.9946001	7225.0066456	7224.7851563	0.0000000	0.0000000	0.0640858	0.1598517	0.1031101	0.0000000	0.0000000
7114.9946001	7220.0016764	7219.8026367	0.0000000	0.0000000	0.0800757	0.1589645	0.1039323	0.0000000	0.0000000
7114.9946001	7215.0097495	7214.8201172	0.0000000	0.0000000	0.0903640	0.1601653	0.1050515	0.0000000	0.0000000
7114.9946001	7210.0080408	7209.8375977	0.0000000	0.0000000	0.0991803	0.1593071	0.1063638	0.0000000	0.0000000
7114.9946001	7204.9998111	7204.8550781	0.0000000	0.0000000	0.1142808	0.1603258	0.1075414	0.0000000	0.0000000
7114.9946001	7200.0013630	7199.8725586	0.0000000	0.0000000	0.1170525	0.1595990	0.1082039	0.0000000	0.0000000
7114.9946001	7195.0126967	7194.8900391	0.0000000	0.0000000	0.1196296	0.1598414	0.1079664	0.0000000	0.0000000
7114.9946001	7190.0142486	7189.9075195	0.0000000	0.0000000	0.1345309	0.1604044	0.1080905	0.0000000	0.0000000
7114.9946001	7185.0027583	7184.9250000	0.0000000	0.0000000	0.1376805	0.1590354	0.1074744	0.0000000	0.0000000
7114.9946001	7180.0043103	7179.9804492	0.0000000	0.0000000	0.1340458	0.1584512	0.1076313	0.0000000	0.0000000
7114.9946001	7175.0123833	7174.6444189	0.0000000	0.0000000	0.1367793	0.1582938	0.1050123	0.0000000	0.0000000
7114.9946001	7170.0008930	7169.7188525	0.0000000	0.0000000	0.1413036	0.1593989	0.1039242	0.0000000	0.0000000
7114.9946001	7165.0300253	7164.7932861	0.0000000	0.0000000	0.1268588	0.1600103	0.1041746	0.0000000	0.0000000
7114.9946001	7160.0311178	7159.8677197	0.0000000	0.0000000	0.1177577	0.1598352	0.1044399	0.0000000	0.0000000
7114.9946001	7155.0261947	7154.9421533	0.0000000	0.0000000	0.1309595	0.1595251	0.1045470	0.0000000	0.0000000
7114.9946001	7150.0363105	7149.6061230	0.0000000	0.0000000	0.1525343	0.1587410	0.1032073	0.0000000	0.0000000
7114.9946001	7145.0253719	7144.6805566	0.0000000	0.0000000	0.1393759	0.1601237	0.1006985	0.0000000	0.0000000
7114.9946001	7140.0234567	7139.7829688	0.0000000	0.0000000	0.1189828	0.1590369	0.1026384	0.0000000	0.0000000
7114.9946001	7135.0155258	7134.9133594	0.0000000	0.0000000	0.1349591	0.1591254	0.1040746	0.0000000	0.0000000
7114.9946001	7130.0316571	7129.6379492	0.0000000	0.0000000	0.2196689	0.1584580	0.1049581	0.0000000	0.0000000
7114.9946001	7125.0297419	7124.7683398	0.0000000	0.0000000	0.3048527	0.1583271	0.1025806	0.0000000	0.0000000
7114.9946001	7119.9827101	7119.8987305	0.0000000	0.0000000	0.3196976	0.1593738	0.1045496	0.0000000	0.0000000
7114.9946001	7114.9808372	7114.6233203	0.0000000	0.0000000	0.2967012	0.1582161	0.1037018	0.0000000	0.0000000
7114.9946001	7109.9857704	7109.7537109	0.0000000	0.0000000	0.2455518	0.1581531	0.1018481	0.0000000	0.0000000
7114.9946001	7104.9837419	7104.8841016	0.0000000	0.0000000	0.1612501	0.1593953	0.0996101	0.0000000	0.0000000
7114.9946001	7099.9817134	7099.6316406	0.0000000	0.0000000	0.1282039	0.1594374	0.1008735	0.0000000	0.0000000
7114.9946001	7094.9831658	7094.8171094	0.0000000	0.0000000	0.1049554	0.1588149	0.1007883	0.0000000	0.0000000
7114.9946001	7089.9846182	7089.6013672	0.0000000	0.0000000	0.1079939	0.1596161	0.1023916	0.0000000	0.0000000
7114.9946001	7084.9895515	7084.7868359	0.0000000	0.0000000	0.1016388	0.1588401	0.1027472	0.0000000	0.0000000
7114.9946001	7079.9875230	7079.9723047	0.0000000	0.0000000	0.0835511	0.1589996	0.1005525	0.0000000	0.0000000
7114.9946001	7074.9889754	7074.7565625	0.0000000	0.0000000	0.0687479	0.1591307	0.0991915	0.0000000	0.0000000
7114.9946001	7069.9869469	7069.9420313	0.0000000	0.0000000	0.0581484	0.1599745	0.0990085	0.0000000	0.0000000
7114.9946001	7064.9849184	7064.7262891	0.0000000	0.0000000	0.0662218	0.1596660	0.0998026	0.0000000	0.0000000
7114.9946001	7059.9863559	7059.9297656	0.0000000	0.0000000	0.0674896	0.1590157	0.0986157	0.0000000	0.0000000
7114.9946001	7054.9880656	7054.7725488	0.0000000	0.0000000	0.0788709	0.1579283	0.0984707	0.0000000	0.0000000
7114.9946001	7049.9819654	7049.6153320	0.0000000	0.0000000	0.0885077	0.1589877	0.0985685	0.0000000	0.0000000
7114.9946001	7044.9836750	7044.8548242	0.0000000	0.0000000	0.0910554	0.1605227	0.0977423	0.0000000	0.0000000
7114.9946001	7039.9814797	7039.6976074	0.0000000	0.0000000	0.1049556	0.1597361	0.1000858	0.0000000	0.0000000
7114.9946001	7034.9831894	7034.9370996	0.0000000	0.0000000	0.1052708	0.1575104	0.1001079	0.0000000	0.0000000
7114.9946001	7029.9809941	7029.7798828	0.0000000	0.0000000	0.1191664	0.1584408	0.1004009	0.0000000	0.0000000
7114.9946001	7024.9827038	7024.6226660	0.0000000	0.0000000	0.1313897	0.1586161	0.1004946	0.0000000	0.0000000
7114.9946001	7019.9805085	7019.8843262	0.0000000	0.0000000	0.1254313	0.1584150	0.1005546	0.0000000	0.0000000
7114.9946001	7014.9861230	7014.7847461	0.0000000	0.0000000	0.1284727	0.1584664	0.0995338	0.0000000	0.0000000
7114.9946001	7009.9878327	7009.6851660	0.0000000	0.0000000	0.1278947	0.1591425	0.0993617	0.0000000	0.0000000
7114.9946001	7004.9817325	7004.9778613	0.0000000	0.0000000	0.1293362	0.1587755	0.0988715	0.0000000	0.0000000
