7104.9955405	7599.9977245	7599.5502051	0.0000000	0.0000000	0.0188350	0.1625962	0.1236183	0.0000000	7105.0000000
7104.9955405	7594.9867234	7594.9313574	0.0000000	0.0000000	0.0191406	0.1634308	0.1228239	0.0000000	0.0000000
7104.9955405	7589.9849267	7589.8506250	0.0000000	0.0000000	0.0209154	0.1625126	0.1233027	0.0000000	0.0000000
7104.9955405	7584.9897621	7584.7698926	0.0000000	0.0000000	0.0200040	0.1617900	0.1228304	0.0000000	0.0000000
7104.9955405	7579.9895004	7579.6891602	0.0000000	0.0000000	0.0214402	0.1621239	0.1226652	0.0000000	0.0000000
7104.9955405	7574.9866901	7574.6139941	0.0000000	0.0000000	0.0188019	0.1622666	0.1222473	0.0000000	0.0000000
7104.9955405	7569.9889770	7569.5944922	0.0000000	0.0000000	0.0198848	0.1626960	0.1226315	0.0000000	0.0000000
7104.9955405	7564.9887153	7564.5749902	0.0000000	0.0000000	0.0195385	0.1631750	0.1219403	0.0000000	0.0000000
7104.9955405	7559.9910021	7559.5554883	0.0000000	0.0000000	0.0205184	0.1633086	0.1232142	0.0000000	0.0000000
7104.9955405	7554.9856433	7554.9923047	0.0000000	0.0000000	0.0212152	0.1638386	0.1222979	0.0000000	0.0000000
7104.9955405	7549.9853816	7549.9728027	0.0000000	0.0000000	0.0205592	0.1636975	0.1219542	0.0000000	0.0000000
7104.9955405	7544.9851198	7544.9533008	0.0000000	0.0000000	0.0219124	0.1639521	0.1229493	0.0000000	0.0000000
7104.9955405	7539.9872981	7539.9337988	0.0000000	0.0000000	0.0221194	0.1652521	0.1222338	0.0000000	0.0000000
7104.9955405	7534.9866347	7534.9142969	0.0000000	0.0000000	0.0235416	0.1645835	0.1220074	0.0000000	0.0000000
7104.9955405	7529.9830707	7529.8947949	0.0000000	0.0000000	0.0219415	0.1655957	0.1216880	0.0000000	0.0000000
7104.9955405	7524.9853080	7524.9299316	0.0000000	0.0000000	0.0196139	0.1658698	0.1208442	0.0000000	0.0000000
7104.9955405	7519.9875452	7519.9705322	0.0000000	0.0000000	0.0204548	0.1662596	0.1206609	0.0000000	0.0000000
7104.9955405	7515.0303911	7514.5602783	0.0000000	0.0000000	0.0207198	0.1663083	0.1216194	0.0000000	0.0000000
7104.9955405	7510.0268272	7509.6008789	0.0000000	0.0000000	0.0215554	0.1649729	0.1209530	0.0000000	0.0000000
7104.9955405	7504.9826546	7504.6414795	0.0000000	0.0000000	0.0201782	0.1645145	0.1214086	0.0000000	0.0000000
7104.9955405	7499.9877924	7499.6820801	0.0000000	0.0000000	0.0201470	0.1637251	0.1197408	0.0000000	0.0000000
7104.9955405	7494.9842285	7494.7226807	0.0000000	0.0000000	0.0182968	0.1638536	0.1197047	0.0000000	0.0000000
7104.9955405	7490.0241430	7489.7632813	0.0000000	0.0000000	0.0184955	0.1643116	0.1199740	0.0000000	0.0000000
7104.9955405	7484.9843817	7484.8038818	0.0000000	0.0000000	0.0175676	0.1650731	0.1192916	0.0000000	0.0000000
7104.9955405	7480.0299918	7479.8981445	0.0000000	0.0000000	0.0194575	0.1649709	0.1196512	0.0000000	0.0000000
7104.9955405	7474.9845391	7474.9977734	0.0000000	0.0000000	0.0172461	0.1650339	0.1202625	0.0000000	0.0000000
7104.9955405	7469.9846178	7469.6519141	0.0000000	0.0000000	0.0165933	0.1655513	0.1199739	0.0000000	0.0000000
7104.9955405	7464.9875422	7464.7515430	0.0000000	0.0000000	0.0164700	0.1650452	0.1215493	0.0000000	0.0000000
7104.9955405	7459.9847751	7459.8511719	0.0000000	0.0000000	0.0152407	0.1655135	0.1209058	0.0000000	0.0000000
7104.9955405	7454.9848538	7454.9508008	0.0000000	0.0000000	0.0146031	0.1650455	0.1216763	0.0000000	0.0000000
7104.9955405	7449.9877783	7449.6049414	0.0000000	0.0000000	0.0144240	0.1635419	0.1210574	0.0000000	0.0000000
7104.9955405	7444.9878570	7444.7045703	0.0000000	0.0000000	0.0127888	0.1645017	0.1199457	0.0000000	0.0000000
7104.9955405	7439.9822442	7439.8041992	0.0000000	0.0000000	0.0132611	0.1645128	0.1199707	0.0000000	0.0000000
7104.9955405	7434.9823229	7434.9618359	0.0000000	0.0000000	0.0119958	0.1641840	0.1184957	0.0000000	0.0000000
7104.9955405	7429.9899093	7429.6792578	0.0000000	0.0000000	0.0105875	0.1647634	0.1182974	0.0000000	0.0000000
7104.9955405	7424.9891513	7424.8368945	0.0000000	0.0000000	0.0106083	0.1656617	0.1181471	0.0000000	0.0000000
7104.9955405	7419.9857133	7419.9945313	0.0000000	0.0000000	0.0094341	0.1660779	0.1163508	0.0000000	0.0000000
7104.9955405	7414.9849553	7414.7119531	0.0000000	0.0000000	0.0089755	0.1656658	0.1160354	0.0000000	0.0000000
7104.9955405	7409.9868772	7409.8695898	0.0000000	0.0000000	0.0086168	0.1665564	0.1165663	0.0000000	0.0000000
7104.9955405	7404.9861191	7404.5870117	0.0000000	0.0000000	0.0096119	0.1652988	0.1167435	0.0000000	0.0000000
7104.9955405	7399.9853611	7399.7446484	0.0000000	0.0000000	0.0097108	0.1645331	0.1153224	0.0000000	0.0000000
7104.9955405	7394.9846030	7394.9126367	0.0000000	0.0000000	0.0101973	0.1652720	0.1155367	0.0000000	0.0000000
7104.9955405	7389.9892049	7389.6921680	0.0000000	0.0000000	0.0106344	0.1635580	0.1147246	0.0000000	0.0000000
7104.9955405	7384.9857669	7384.9067383	0.0000000	0.0000000	0.0105394	0.1642211	0.1139836	0.0000000	0.0000000
7104.9955405	7379.9820701	7379.6862695	0.0000000	0.0000000	0.0094222	0.1656602	0.1125537	0.0000000	0.0000000
7104.9955405	7374.9990405	7374.9008398	0.0000000	0.0000000	0.0084867	0.1669561	0.1110939	0.0000000	0.0000000
7104.9955405	7370.0062785	7369.6803711	0.0000000	0.0000000	0.0096743	0.1668848	0.1105740	0.0000000	0.0000000
7104.9955405	7364.9972957	7364.8949414	0.0000000	0.0000000	0.0117584	0.1662130	0.1114001	0.0000000	0.0000000
7104.9955405	7360.0077779	7359.6744727	0.0000000	0.0000000	0.0140378	0.1650619	0.1108043	0.0000000	0.0000000
7104.9955405	7355.0117717	7354.8890430	0.0000000	0.0000000	0.0146124	0.1655427	0.1098157	0.0000000	0.0000000
7104.9955405	7350.0092772	7349.6991016	0.0000000	0.0000000	0.0151171	0.1650455	0.1088633	0.0000000	0.0000000
7104.9955405	7345.0100269	7344.9696387	0.0000000	0.0000000	0.0143593	0.1647843	0.1067471	0.0000000	0.0000000
7104.9955405	7340.0010440	7339.8102246	0.0000000	0.0000000	0.0132687	0.1641888	0.1056040	0.0000000	0.0000000
7104.9955405	7335.0082820	7334.6508105	0.0000000	0.0000000	0.0139580	0.1641683	0.1043588	0.0000000	0.0000000
7104.9955405	7330.0057875	7329.9213477	0.0000000	0.0000000	0.0168282	0.1655148	0.1040566	0.0000000	0.0000000
7104.9955405	7325.0272963	7324.7619336	0.0000000	0.0000000	0.0185634	0.1647761	0.1050321	0.0000000	0.0000000
7104.9955405	7319.9871765	7319.6025195	0.0000000	0.0000000	0.0200273	0.1645432	0.1046033	0.0000000	0.0000000
7104.9955405	7315.0343926	7314.8730566	0.0000000	0.0000000	0.0242111	0.1644266	0.1053003	0.0000000	0.0000000
7104.9955405	7309.9886382	7309.7136426	0.0000000	0.0000000	0.0256473	0.1652003	0.1062355	0.0000000	0.0000000
7104.9955405	7304.9907777	7304.6092822	0.0000000	0.0000000	0.0229139	0.1672174	0.1049619	0.0000000	0.0000000
7104.9955405	7299.9844653	7299.9348730	0.0000000	0.0000000	0.0259792	0.1661520	0.1050931	0.0000000	0.0000000
7104.9955405	7294.9837875	7294.8355176	0.0000000	0.0000000	0.0296074	0.1651818	0.1057063	0.0000000	0.0000000
7104.9955405	7289.9831097	7289.7361621	0.0000000	0.0000000	0.0283369	0.1656626	0.1047433	0.0000000	0.0000000
7104.9955405	7284.9852492	7284.6368066	0.0000000	0.0000000	0.0338646	0.1654532	0.1050571	0.0000000	0.0000000
7104.9955405	7279.9815887	7279.9623975	0.0000000	0.0000000	0.0392120	0.1657711	0.1059550	0.0000000	0.0000000
7104.9955405	7275.0065655	7274.8630420	0.0000000	0.0000000	0.0378856	0.1663016	0.1059121	0.0000000	0.0000000
7104.9955405	7270.0058813	7269.7636865	0.0000000	0.0000000	0.0392260	0.1664050	0.1051411	0.0000000	0.0000000
7104.9955405	7265.0051971	7264.6888672	0.0000000	0.0000000	0.0420316	0.1651497	0.1066042	0.0000000	0.0000000
7104.9955405	7260.0109282	7259.6483984	0.0000000	0.0000000	0.0451823	0.1635874	0.1069806	0.0000000	0.0000000
7104.9955405	7255.0102440	7254.6079297	0.0000000	0.0000000	0.0481652	0.1646337	0.1049542	0.0000000	0.0000000
7104.9955405	7249.9999370	7249.9875000	0.0000000	0.0000000	0.0441154	0.1653992	0.1019572	0.0000000	0.0000000
7104.9955405	7245.0088757	7244.9470313	0.0000000	0.0000000	0.0403542	0.1662014	0.1001632	0.0000000	0.0000000
7104.9955405	7240.0081915	7239.9065625	0.0000000	0.0000000	0.0392219	0.1664661	0.0980410	0.0000000	0.0000000
7104.9955405	7235.0042997	7234.8660938	0.0000000	0.0000000	0.0436121	0.1653336	0.0967083	0.0000000	0.0000000
7104.9955405	7230.0100308	7229.8256250	0.0000000	0.0000000	0.0497507	0.1645354	0.0987401	0.0000000	0.0000000
7104.9955405	7225.0033850	7224.7851563	0.0000000	0.0000000	0.0560007	0.1654366	0.0996078	0.0000000	0.0000000
7104.9955405	7220.0016764	7219.8026367	0.0000000	0.0000000	0.0668206	0.1653322	0.1007222	0.0000000	0.0000000
7104.9955405	7215.0162706	7214.8201172	0.0000000	0.0000000	0.0816550	0.1650063	0.1023986	0.0000000	0.0000000
7104.9955405	7210.0080408	7209.8375977	0.0000000	0.0000000	0.0951429	0.1651467	0.1031630	0.0000000	0.0000000
7104.9955405	7205.0030717	7204.8550781	0.0000000	0.0000000	0.1078264	0.1640913	0.1036477	0.0000000	0.0000000
7104.9955405	7200.0046236	7199.8725586	0.0000000	0.0000000	0.1133159	0.1647595	0.1063080	0.0000000	0.0000000
7104.9955405	7195.0061755	7194.8900391	0.0000000	0.0000000	0.1160975	0.1654302	0.1060609	0.0000000	0.0000000
7104.9955405	7189.9979458	7189.9075195	0.0000000	0.0000000	0.1288746	0.1654148	0.1066625	0.0000000	0.0000000
7104.9955405	7185.0125400	7184.9250000	0.0000000	0.0000000	0.1319642	0.1660887	0.1042347	0.0000000	0.0000000
7104.9955405	7180.0043103	7179.9804492	0.0000000	0.0000000	0.1254930	0.1654778	0.1032955	0.0000000	0.0000000
7104.9955405	7175.0026016	7174.6444189	0.0000000	0.0000000	0.1323346	0.1660328	0.1031683	0.0000000	0.0000000
7104.9955405	7170.0041536	7169.7188525	0.0000000	0.0000000	0.1385659	0.1659265	0.1016627	0.0000000	0.0000000
7104.9955405	7165.0240098	7164.7932861	0.0000000	0.0000000	0.1235541	0.1642607	0.1013572	0.0000000	0.0000000
7104.9955405	7160.0341256	7159.8677197	0.0000000	0.0000000	0.1152184	0.1650288	0.1010818	0.0000000	0.0000000
7104.9955405	7155.0292025	7154.9421533	0.0000000	0.0000000	0.1229441	0.1657184	0.1022073	0.0000000	0.0000000
7104.9955405	7150.0242795	7149.6061230	0.0000000	0.0000000	0.1409740	0.1657527	0.1013417	0.0000000	0.0000000
7104.9955405	7145.0253719	7144.6805566	0.0000000	0.0000000	0.1431018	0.1655591	0.0999996	0.0000000	0.0000000
7104.9955405	7140.0204489	7139.7829688	0.0000000	0.0000000	0.1226133	0.1662385	0.0996306	0.0000000	0.0000000
7104.9955405	7135.0155258	7134.9133594	0.0000000	0.0000000	0.1206397	0.1651752	0.1006396	0.0000000	0.0000000
7104.9955405	7130.0256416	7129.6379492	0.0000000	0.0000000	0.1519158	0.1668511	0.1017305	0.0000000	0.0000000
7104.9955405	7125.0237263	7124.7683398	0.0000000	0.0000000	0.1667334	0.1664269	0.1009193	0.0000000	0.0000000
7104.9955405	7120.0308343	7119.8987305	0.0000000	0.0000000	0.2062247	0.1665065	0.1013408	0.0000000	0.0000000
7104.9955405	7114.9877989	7114.6233203	0.0000000	0.0000000	0.2816864	0.1667581	0.1003937	0.0000000	0.0000000
7104.9955405	7109.9857704	7109.7537109	0.0000000	0.0000000	0.3563187	0.1666396	0.0998203	0.0000000	0.0000000
7104.9955405	7104.9802611	7104.8841016	0.0000000	0.0000000	0.3378856	0.1657131	0.0992922	0.0000000	0.0000000
7104.9955405	7099.9817134	7099.6316406	0.0000000	0.0000000	0.2752022	0.1645610	0.1008604	0.0000000	0.0000000
7104.9955405	7094.9831658	7094.8171094	0.0000000	0.0000000	0.1808943	0.1653477	0.1002771	0.0000000	0.0000000
7104.9955405	7089.9846182	7089.6013672	0.0000000	0.0000000	0.1216198	0.1659005	0.0992788	0.0000000	0.0000000
7104.9955405	7084.9860706	7084.7868359	0.0000000	0.0000000	0.1068530	0.1657997	0.0993960	0.0000000	0.0000000
7104.9955405	7079.9944848	7079.9723047	0.0000000	0.0000000	0.0897726	0.1646301	0.0985714	0.0000000	0.0000000
7104.9955405	7074.9889754	7074.7565625	0.0000000	0.0000000	0.0799939	0.1649283	0.0977581	0.0000000	0.0000000
7104.9955405	7069.9834660	7069.9420313	0.0000000	0.0000000	0.0659153	0.1649506	0.0969883	0.0000000	0.0000000
7104.9955405	7064.9883993	7064.7262891	0.0000000	0.0000000	0.0671937	0.1662469	0.0961388	0.0000000	0.0000000
7104.9955405	7059.9863559	7059.9297656	0.0000000	0.0000000	0.0734365	0.1666227	0.0950964	0.0000000	0.0000000
7104.9955405	7054.9841606	7054.7725488	0.0000000	0.0000000	0.0852214	0.1659318	0.0953456	0.0000000	0.0000000
7104.9955405	7049.9819654	7049.6153320	0.0000000	0.0000000	0.0924003	0.1658254	0.0943431	0.0000000	0.0000000
7104.9955405	7044.9836750	7044.8548242	0.0000000	0.0000000	0.0999180	0.1662476	0.0959082	0.0000000	0.0000000
7104.9955405	7039.9814797	7039.6976074	0.0000000	0.0000000	0.1126611	0.1655057	0.0971650	0.0000000	0.0000000
7104.9955405	7034.9831894	7034.9370996	0.0000000	0.0000000	0.1236776	0.1654557	0.0975179	0.0000000	0.0000000
7104.9955405	7029.9848990	7029.7798828	0.0000000	0.0000000	0.1382618	0.1652909	0.0979185	0.0000000	0.0000000
7104.9955405	7024.9827038	7024.6226660	0.0000000	0.0000000	0.1518417	0.1652279	0.0978562	0.0000000	0.0000000
7104.9955405	7019.9766036	7019.8843262	0.0000000	0.0000000	0.1478660	0.1653975	0.0965663	0.0000000	0.0000000
7104.9955405	7014.9861230	7014.7847461	0.0000000	0.0000000	0.1518218	0.1657249	0.0968440	0.0000000	0.0000000
7104.9955405	7009.9839278	7009.6851660	0.0000000	0.0000000	0.1564522	0.1651111	0.0962936	0.0000000	0.0000000
7104.9955405	7004.9817325	7004.9778613	0.0000000	0.0000000	0.1538778	0.1649984	0.0959668	0.0000000	0.0000000
