7345.0004949	7599.9977245	7599.5502051	0.0000000	0.0000000	0.0174332	0.1841119	0.1223420	0.0000000	7345.0000000
7345.0004949	7594.9867234	7594.9313574	0.0000000	0.0000000	0.0219681	0.1843021	0.1232849	0.0000000	0.0000000
7345.0004949	7589.9849267	7589.8506250	0.0000000	0.0000000	0.0212347	0.1843423	0.1226779	0.0000000	0.0000000
7345.0004949	7584.9897621	7584.7698926	0.0000000	0.0000000	0.0215902	0.1840217	0.1234331	0.0000000	0.0000000
7345.0004949	7579.9869519	7579.6891602	0.0000000	0.0000000	0.0231401	0.1837321	0.1231914	0.0000000	0.0000000
7345.0004949	7574.9866901	7574.6139941	0.0000000	0.0000000	0.0239863	0.1835414	0.1237987	0.0000000	0.0000000
7345.0004949	7569.9915255	7569.5944922	0.0000000	0.0000000	0.0215618	0.1844073	0.1226409	0.0000000	0.0000000
7345.0004949	7564.9861667	7564.5749902	0.0000000	0.0000000	0.0256543	0.1839987	0.1225129	0.0000000	0.0000000
7345.0004949	7559.9859050	7559.5554883	0.0000000	0.0000000	0.0220894	0.1844951	0.1233083	0.0000000	0.0000000
7345.0004949	7554.9856433	7554.9923047	0.0000000	0.0000000	0.0209596	0.1842162	0.1233066	0.0000000	0.0000000
7345.0004949	7549.9853816	7549.9728027	0.0000000	0.0000000	0.0222177	0.1842798	0.1242946	0.0000000	0.0000000
7345.0004949	7544.9851198	7544.9533008	0.0000000	0.0000000	0.0200219	0.1839210	0.1232279	0.0000000	0.0000000
7345.0004949	7539.9872981	7539.9337988	0.0000000	0.0000000	0.0230640	0.1839659	0.1238981	0.0000000	0.0000000
7345.0004949	7534.9837341	7534.9142969	0.0000000	0.0000000	0.0200430	0.1846317	0.1233501	0.0000000	0.0000000
7345.0004949	7529.9830707	7529.8947949	0.0000000	0.0000000	0.0202987	0.1844008	0.1252520	0.0000000	0.0000000
7345.0004949	7524.9853080	7524.9299316	0.0000000	0.0000000	0.0214373	0.1835552	0.1248636	0.0000000	0.0000000
7345.0004949	7519.9875452	7519.9705322	0.0000000	0.0000000	0.0210452	0.1830121	0.1247059	0.0000000	0.0000000
7345.0004949	7514.9839813	7514.5602783	0.0000000	0.0000000	0.0247249	0.1831926	0.1236680	0.0000000	0.0000000
7345.0004949	7509.9833179	7509.6008789	0.0000000	0.0000000	0.0227378	0.1828922	0.1220928	0.0000000	0.0000000
7345.0004949	7504.9826546	7504.6414795	0.0000000	0.0000000	0.0250564	0.1828269	0.1219626	0.0000000	0.0000000
7345.0004949	7499.9848918	7499.6820801	0.0000000	0.0000000	0.0257019	0.1829513	0.1220786	0.0000000	0.0000000
7345.0004949	7494.9842285	7494.7226807	0.0000000	0.0000000	0.0269165	0.1830409	0.1213827	0.0000000	0.0000000
7345.0004949	7489.9843030	7489.7632813	0.0000000	0.0000000	0.0278754	0.1841033	0.1225477	0.0000000	0.0000000
7345.0004949	7484.9872274	7484.8038818	0.0000000	0.0000000	0.0302754	0.1843242	0.1224913	0.0000000	0.0000000
7345.0004949	7479.9844604	7479.8981445	0.0000000	0.0000000	0.0280142	0.1845750	0.1223639	0.0000000	0.0000000
7345.0004949	7474.9845391	7474.9977734	0.0000000	0.0000000	0.0306334	0.1837947	0.1227593	0.0000000	0.0000000
7345.0004949	7469.9846178	7469.6519141	0.0000000	0.0000000	0.0261649	0.1832372	0.1228785	0.0000000	0.0000000
7345.0004949	7464.9875422	7464.7515430	0.0000000	0.0000000	0.0285337	0.1832051	0.1234207	0.0000000	0.0000000
7345.0004949	7459.9819294	7459.8511719	0.0000000	0.0000000	0.0228821	0.1833684	0.1228798	0.0000000	0.0000000
7345.0004949	7454.9820081	7454.9508008	0.0000000	0.0000000	0.0271578	0.1824557	0.1231862	0.0000000	0.0000000
7345.0004949	7449.9906240	7449.6049414	0.0000000	0.0000000	0.0247485	0.1825972	0.1208584	0.0000000	0.0000000
7345.0004949	7444.9878570	7444.7045703	0.0000000	0.0000000	0.0239315	0.1838582	0.1205359	0.0000000	0.0000000
7345.0004949	7439.9850899	7439.8041992	0.0000000	0.0000000	0.0254180	0.1831443	0.1209617	0.0000000	0.0000000
7345.0004949	7434.9851686	7434.9618359	0.0000000	0.0000000	0.0256571	0.1830060	0.1203252	0.0000000	0.0000000
7345.0004949	7429.9845495	7429.6792578	0.0000000	0.0000000	0.0229438	0.1832732	0.1199495	0.0000000	0.0000000
7345.0004949	7424.9918312	7424.8368945	0.0000000	0.0000000	0.0225660	0.1846155	0.1205385	0.0000000	0.0000000
7345.0004949	7419.9883932	7419.9945313	0.0000000	0.0000000	0.0222510	0.1845061	0.1201642	0.0000000	0.0000000
7345.0004949	7414.9849553	7414.7119531	0.0000000	0.0000000	0.0218416	0.1838914	0.1196692	0.0000000	0.0000000
7345.0004949	7409.9841972	7409.8695898	0.0000000	0.0000000	0.0208524	0.1828237	0.1190244	0.0000000	0.0000000
7345.0004949	7404.9861191	7404.5870117	0.0000000	0.0000000	0.0243761	0.1836998	0.1180396	0.0000000	0.0000000
7345.0004949	7399.9880410	7399.7446484	0.0000000	0.0000000	0.0221406	0.1842529	0.1180123	0.0000000	0.0000000
7345.0004949	7394.9872830	7394.9126367	0.0000000	0.0000000	0.0189730	0.1840872	0.1168208	0.0000000	0.0000000
7345.0004949	7389.9865249	7389.6921680	0.0000000	0.0000000	0.0201023	0.1836985	0.1150680	0.0000000	0.0000000
7345.0004949	7384.9857669	7384.9067383	0.0000000	0.0000000	0.0194719	0.1837809	0.1148507	0.0000000	0.0000000
7345.0004949	7379.9820701	7379.6862695	0.0000000	0.0000000	0.0263031	0.1836616	0.1152306	0.0000000	0.0000000
7345.0004949	7374.9860639	7374.9008398	0.0000000	0.0000000	0.0260990	0.1835416	0.1145837	0.0000000	0.0000000
7345.0004949	7369.9835694	7369.6803711	0.0000000	0.0000000	0.0248477	0.1844562	0.1143558	0.0000000	0.0000000
7345.0004949	7364.9810749	7364.8949414	0.0000000	0.0000000	0.0293051	0.1837433	0.1149935	0.0000000	0.0000000
7345.0004949	7359.9850687	7359.6744727	0.0000000	0.0000000	0.0433707	0.1829321	0.1151439	0.0000000	0.0000000
7345.0004949	7354.9858184	7354.8890430	0.0000000	0.0000000	0.0743129	0.1830649	0.1133436	0.0000000	0.0000000
7345.0004949	7349.9833239	7349.6991016	0.0000000	0.0000000	0.1201139	0.1843226	0.1088043	0.0000000	0.0000000
7345.0004949	7344.9840736	7344.9696387	0.0000000	0.0000000	0.1409668	0.1833621	0.1079199	0.0000000	0.0000000
7345.0004949	7339.9848232	7339.8102246	0.0000000	0.0000000	0.1164833	0.1831526	0.1055526	0.0000000	0.0000000
7345.0004949	7334.9823288	7334.6508105	0.0000000	0.0000000	0.0811372	0.1837843	0.1076396	0.0000000	0.0000000
7345.0004949	7329.9863226	7329.9213477	0.0000000	0.0000000	0.0549702	0.1841849	0.1074370	0.0000000	0.0000000
7345.0004949	7324.9850371	7324.7619336	0.0000000	0.0000000	0.0357877	0.1837864	0.1066024	0.0000000	0.0000000
7345.0004949	7319.9843593	7319.6025195	0.0000000	0.0000000	0.0346228	0.1834379	0.1079335	0.0000000	0.0000000
7345.0004949	7314.9864987	7314.8730566	0.0000000	0.0000000	0.0394264	0.1832909	0.1074325	0.0000000	0.0000000
7345.0004949	7309.9886382	7309.7136426	0.0000000	0.0000000	0.0353109	0.1841084	0.1065957	0.0000000	0.0000000
7345.0004949	7304.9851431	7304.6092822	0.0000000	0.0000000	0.0334918	0.1834882	0.1062401	0.0000000	0.0000000
7345.0004949	7299.9844653	7299.9348730	0.0000000	0.0000000	0.0364512	0.1832743	0.1078147	0.0000000	0.0000000
7345.0004949	7294.9837875	7294.8355176	0.0000000	0.0000000	0.0338881	0.1839615	0.1084012	0.0000000	0.0000000
7345.0004949	7289.9831097	7289.7361621	0.0000000	0.0000000	0.0330303	0.1839216	0.1074039	0.0000000	0.0000000
7345.0004949	7284.9852492	7284.6368066	0.0000000	0.0000000	0.0329618	0.1829883	0.1079158	0.0000000	0.0000000
7345.0004949	7279.9815887	7279.9623975	0.0000000	0.0000000	0.0277683	0.1840962	0.1076058	0.0000000	0.0000000
7345.0004949	7274.9809045	7274.8630420	0.0000000	0.0000000	0.0335027	0.1842817	0.1088423	0.0000000	0.0000000
7345.0004949	7269.9834279	7269.7636865	0.0000000	0.0000000	0.0299028	0.1842135	0.1091378	0.0000000	0.0000000
7345.0004949	7264.9827438	7264.6888672	0.0000000	0.0000000	0.0274259	0.1831827	0.1079366	0.0000000	0.0000000
7345.0004949	7259.9820596	7259.6483984	0.0000000	0.0000000	0.0259781	0.1831879	0.1069929	0.0000000	0.0000000
7345.0004949	7254.9813754	7254.6079297	0.0000000	0.0000000	0.0309744	0.1834310	0.1069382	0.0000000	0.0000000
7345.0004949	7249.9838989	7249.9875000	0.0000000	0.0000000	0.0272562	0.1836547	0.1058080	0.0000000	0.0000000
7345.0004949	7244.9832147	7244.9470313	0.0000000	0.0000000	0.0235189	0.1836141	0.1028522	0.0000000	0.0000000
7345.0004949	7239.9825305	7239.9065625	0.0000000	0.0000000	0.0194985	0.1833522	0.1003378	0.0000000	0.0000000
7345.0004949	7234.9818463	7234.8660938	0.0000000	0.0000000	0.0173746	0.1826943	0.1000590	0.0000000	0.0000000
7345.0004949	7229.9811622	7229.8256250	0.0000000	0.0000000	0.0166687	0.1829723	0.0993708	0.0000000	0.0000000
7345.0004949	7224.9838216	7224.7851563	0.0000000	0.0000000	0.0193882	0.1839252	0.1003093	0.0000000	0.0000000
7345.0004949	7219.9853736	7219.8026367	0.0000000	0.0000000	0.0265090	0.1836508	0.1032610	0.0000000	0.0000000
7345.0004949	7214.9836649	7214.8201172	0.0000000	0.0000000	0.0263455	0.1841025	0.1054052	0.0000000	0.0000000
7345.0004949	7209.9852169	7209.8375977	0.0000000	0.0000000	0.0282146	0.1826504	0.1066407	0.0000000	0.0000000
7345.0004949	7204.9835083	7204.8550781	0.0000000	0.0000000	0.0312549	0.1830370	0.1086420	0.0000000	0.0000000
7345.0004949	7199.9850602	7199.8725586	0.0000000	0.0000000	0.0284745	0.1833468	0.1079590	0.0000000	0.0000000
7345.0004949	7194.9866121	7194.8900391	0.0000000	0.0000000	0.0260363	0.1828324	0.1084969	0.0000000	0.0000000
7345.0004949	7189.9849035	7189.9075195	0.0000000	0.0000000	0.0279772	0.1830016	0.1079182	0.0000000	0.0000000
7345.0004949	7184.9831949	7184.9250000	0.0000000	0.0000000	0.0257527	0.1828860	0.1064838	0.0000000	0.0000000
7345.0004949	7179.9814863	7179.9804492	0.0000000	0.0000000	0.0196606	0.1829532	0.1050448	0.0000000	0.0000000
7345.0004949	7174.9830382	7174.6444189	0.0000000	0.0000000	0.0184191	0.1833002	0.1037209	0.0000000	0.0000000
7345.0004949	7169.9813296	7169.7188525	0.0000000	0.0000000	0.0155103	0.1831108	0.1042643	0.0000000	0.0000000
7345.0004949	7164.9879166	7164.7932861	0.0000000	0.0000000	0.0100701	0.1837496	0.1029414	0.0000000	0.0000000
7345.0004949	7159.9829935	7159.8677197	0.0000000	0.0000000	0.0087963	0.1834164	0.1035778	0.0000000	0.0000000
7345.0004949	7154.9840860	7154.9421533	0.0000000	0.0000000	0.0095262	0.1835485	0.1057512	0.0000000	0.0000000
7345.0004949	7149.9821707	7149.6061230	0.0000000	0.0000000	0.0110112	0.1838851	0.1049772	0.0000000	0.0000000
7345.0004949	7144.9862710	7144.6805566	0.0000000	0.0000000	0.0093632	0.1832256	0.1054816	0.0000000	0.0000000
7345.0004949	7139.9873635	7139.7829688	0.0000000	0.0000000	0.0054824	0.1829277	0.1030211	0.0000000	0.0000000
7345.0004949	7134.9854482	7134.9133594	0.0000000	0.0000000	0.0050725	0.1823186	0.1041353	0.0000000	0.0000000
7345.0004949	7129.9865407	7129.6379492	0.0000000	0.0000000	0.0065963	0.1830327	0.1040737	0.0000000	0.0000000
7345.0004949	7124.9876331	7124.7683398	0.0000000	0.0000000	0.0044381	0.1837767	0.1022651	0.0000000	0.0000000
7345.0004949	7119.9827101	7119.8987305	0.0000000	0.0000000	0.0030198	0.1834872	0.1029003	0.0000000	0.0000000
7345.0004949	7114.9843181	7114.6233203	0.0000000	0.0000000	0.0030953	0.1831124	0.1012195	0.0000000	0.0000000
7345.0004949	7109.9857704	7109.7537109	0.0000000	0.0000000	0.0032556	0.1832153	0.1033929	0.0000000	0.0000000
7345.0004949	7104.9837419	7104.8841016	0.0000000	0.0000000	0.0034210	0.1822791	0.1033612	0.0000000	0.0000000
7345.0004949	7099.9851943	7099.6316406	0.0000000	0.0000000	0.0032014	0.1832283	0.1035146	0.0000000	0.0000000
7345.0004949	7094.9831658	7094.8171094	0.0000000	0.0000000	0.0024091	0.1835239	0.1031995	0.0000000	0.0000000
7345.0004949	7089.9846182	7089.6013672	0.0000000	0.0000000	0.0023647	0.1818510	0.1036685	0.0000000	0.0000000
7345.0004949	7084.9860706	7084.7868359	0.0000000	0.0000000	0.0014545	0.1824886	0.1020690	0.0000000	0.0000000
7345.0004949	7079.9875230	7079.9723047	0.0000000	0.0000000	0.0011416	0.1823452	0.0999059	0.0000000	0.0000000
7345.0004949	7074.9889754	7074.7565625	0.0000000	0.0000000	0.0007510	0.1829457	0.0983209	0.0000000	0.0000000
7345.0004949	7069.9869469	7069.9420313	0.0000000	0.0000000	0.0005917	0.1826981	0.0974050	0.0000000	0.0000000
7345.0004949	7064.9883993	7064.7262891	0.0000000	0.0000000	0.0004923	0.1827377	0.0979344	0.0000000	0.0000000
7345.0004949	7059.9863559	7059.9297656	0.0000000	0.0000000	0.0006096	0.1827732	0.0974851	0.0000000	0.0000000
7345.0004949	7054.9880656	7054.7725488	0.0000000	0.0000000	0.0006600	0.1835272	0.0987573	0.0000000	0.0000000
7345.0004949	7049.9819654	7049.6153320	0.0000000	0.0000000	0.0007462	0.1835857	0.0983400	0.0000000	0.0000000
7345.0004949	7044.9875799	7044.8548242	0.0000000	0.0000000	0.0006582	0.1816461	0.0991726	0.0000000	0.0000000
7345.0004949	7039.9814797	7039.6976074	0.0000000	0.0000000	0.0007705	0.1811254	0.0995999	0.0000000	0.0000000
7345.0004949	7034.9831894	7034.9370996	0.0000000	0.0000000	0.0011208	0.1821910	0.0993622	0.0000000	0.0000000
7345.0004949	7029.9809941	7029.7798828	0.0000000	0.0000000	0.0011036	0.1824847	0.0981763	0.0000000	0.0000000
7345.0004949	7024.9827038	7024.6226660	0.0000000	0.0000000	0.0010223	0.1830685	0.0982358	0.0000000	0.0000000
7345.0004949	7019.9805085	7019.8843262	0.0000000	0.0000000	0.0009352	0.1828967	0.0982070	0.0000000	0.0000000
7345.0004949	7014.9861230	7014.7847461	0.0000000	0.0000000	0.0009679	0.1834563	0.0978900	0.0000000	0.0000000
7345.0004949	7009.9839278	7009.6851660	0.0000000	0.0000000	0.0007679	0.1834709	0.0988435	0.0000000	0.0000000
7345.0004949	7004.9817325	7004.9778613	0.0000000	0.0000000	0.0007388	0.1824116	0.0994945	0.0000000	0.0000000
