7264.9966770	7599.9977245	7599.5502051	0.0000000	0.0000000	0.0180603	0.1911399	0.1234611	0.0000000	7265.0000000
7264.9966770	7594.9867234	7594.9313574	0.0000000	0.0000000	0.0212684	0.1895769	0.1227366	0.0000000	0.0000000
7264.9966770	7589.9874753	7589.8506250	0.0000000	0.0000000	0.0225273	0.1905396	0.1239550	0.0000000	0.0000000
7264.9966770	7584.9897621	7584.7698926	0.0000000	0.0000000	0.0226411	0.1892643	0.1231549	0.0000000	0.0000000
7264.9966770	7579.9895004	7579.6891602	0.0000000	0.0000000	0.0211642	0.1900403	0.1238016	0.0000000	0.0000000
7264.9966770	7574.9892387	7574.6139941	0.0000000	0.0000000	0.0208820	0.1907780	0.1235295	0.0000000	0.0000000
7264.9966770	7569.9889770	7569.5944922	0.0000000	0.0000000	0.0169821	0.1896187	0.1235929	0.0000000	0.0000000
7264.9966770	7564.9887153	7564.5749902	0.0000000	0.0000000	0.0171750	0.1902260	0.1244962	0.0000000	0.0000000
7264.9966770	7559.9884535	7559.5554883	0.0000000	0.0000000	0.0162067	0.1894647	0.1256082	0.0000000	0.0000000
7264.9966770	7554.9881918	7554.9923047	0.0000000	0.0000000	0.0175336	0.1896808	0.1244674	0.0000000	0.0000000
7264.9966770	7549.9853816	7549.9728027	0.0000000	0.0000000	0.0178250	0.1898784	0.1227944	0.0000000	0.0000000
7264.9966770	7544.9851198	7544.9533008	0.0000000	0.0000000	0.0196694	0.1895950	0.1234941	0.0000000	0.0000000
7264.9966770	7539.9843974	7539.9337988	0.0000000	0.0000000	0.0191764	0.1899215	0.1248589	0.0000000	0.0000000
7264.9966770	7534.9866347	7534.9142969	0.0000000	0.0000000	0.0172970	0.1896036	0.1239391	0.0000000	0.0000000
7264.9966770	7530.0265800	7529.8947949	0.0000000	0.0000000	0.0209110	0.1902860	0.1248413	0.0000000	0.0000000
7264.9966770	7525.0288172	7524.9299316	0.0000000	0.0000000	0.0215254	0.1906471	0.1252900	0.0000000	0.0000000
7264.9966770	7519.9904459	7519.9705322	0.0000000	0.0000000	0.0223448	0.1900225	0.1250736	0.0000000	0.0000000
7264.9966770	7515.0332918	7514.5602783	0.0000000	0.0000000	0.0174659	0.1907980	0.1245103	0.0000000	0.0000000
7264.9966770	7509.9833179	7509.6008789	0.0000000	0.0000000	0.0183138	0.1897532	0.1233774	0.0000000	0.0000000
7264.9966770	7505.0319651	7504.6414795	0.0000000	0.0000000	0.0218208	0.1898203	0.1228140	0.0000000	0.0000000
7264.9966770	7499.9848918	7499.6820801	0.0000000	0.0000000	0.0200052	0.1907843	0.1206655	0.0000000	0.0000000
7264.9966770	7495.0364396	7494.7226807	0.0000000	0.0000000	0.0204651	0.1915941	0.1210455	0.0000000	0.0000000
7264.9966770	7489.9843030	7489.7632813	0.0000000	0.0000000	0.0182568	0.1907212	0.1205760	0.0000000	0.0000000
7264.9966770	7484.9843817	7484.8038818	0.0000000	0.0000000	0.0214781	0.1896226	0.1223860	0.0000000	0.0000000
7264.9966770	7479.9844604	7479.8981445	0.0000000	0.0000000	0.0247397	0.1898280	0.1236531	0.0000000	0.0000000
7264.9966770	7474.9845391	7474.9977734	0.0000000	0.0000000	0.0194814	0.1903320	0.1235774	0.0000000	0.0000000
7264.9966770	7469.9846178	7469.6519141	0.0000000	0.0000000	0.0186738	0.1902516	0.1254138	0.0000000	0.0000000
7264.9966770	7464.9846965	7464.7515430	0.0000000	0.0000000	0.0203833	0.1900590	0.1257260	0.0000000	0.0000000
7264.9966770	7459.9847751	7459.8511719	0.0000000	0.0000000	0.0210494	0.1899677	0.1261812	0.0000000	0.0000000
7264.9966770	7454.9820081	7454.9508008	0.0000000	0.0000000	0.0171284	0.1904886	0.1240979	0.0000000	0.0000000
7264.9966770	7449.9849325	7449.6049414	0.0000000	0.0000000	0.0167002	0.1895812	0.1209515	0.0000000	0.0000000
7264.9966770	7444.9850112	7444.7045703	0.0000000	0.0000000	0.0196919	0.1904418	0.1213544	0.0000000	0.0000000
7264.9966770	7439.9850899	7439.8041992	0.0000000	0.0000000	0.0210623	0.1911276	0.1229927	0.0000000	0.0000000
7264.9966770	7434.9823229	7434.9618359	0.0000000	0.0000000	0.0209652	0.1914049	0.1218966	0.0000000	0.0000000
7264.9966770	7429.9845495	7429.6792578	0.0000000	0.0000000	0.0192910	0.1905824	0.1210524	0.0000000	0.0000000
7264.9966770	7424.9918312	7424.8368945	0.0000000	0.0000000	0.0180122	0.1905854	0.1214128	0.0000000	0.0000000
7264.9966770	7419.9883932	7419.9945313	0.0000000	0.0000000	0.0189767	0.1909468	0.1227471	0.0000000	0.0000000
7264.9966770	7414.9849553	7414.7119531	0.0000000	0.0000000	0.0171222	0.1914609	0.1230376	0.0000000	0.0000000
7264.9966770	7409.9868772	7409.8695898	0.0000000	0.0000000	0.0172820	0.1896166	0.1230371	0.0000000	0.0000000
7264.9966770	7404.9861191	7404.5870117	0.0000000	0.0000000	0.0183357	0.1907856	0.1204338	0.0000000	0.0000000
7264.9966770	7399.9853611	7399.7446484	0.0000000	0.0000000	0.0194551	0.1902550	0.1198246	0.0000000	0.0000000
7264.9966770	7394.9846030	7394.9126367	0.0000000	0.0000000	0.0182152	0.1897446	0.1165925	0.0000000	0.0000000
7264.9966770	7389.9838450	7389.6921680	0.0000000	0.0000000	0.0183844	0.1906062	0.1161965	0.0000000	0.0000000
7264.9966770	7384.9884468	7384.9067383	0.0000000	0.0000000	0.0200513	0.1912659	0.1165167	0.0000000	0.0000000
7264.9966770	7379.9820701	7379.6862695	0.0000000	0.0000000	0.0216951	0.1899502	0.1169668	0.0000000	0.0000000
7264.9966770	7375.0152613	7374.9008398	0.0000000	0.0000000	0.0253254	0.1894347	0.1169872	0.0000000	0.0000000
7264.9966770	7370.0030344	7369.6803711	0.0000000	0.0000000	0.0254871	0.1886145	0.1154332	0.0000000	0.0000000
7264.9966770	7365.0102724	7364.8949414	0.0000000	0.0000000	0.0323868	0.1887983	0.1155923	0.0000000	0.0000000
7264.9966770	7360.0077779	7359.6744727	0.0000000	0.0000000	0.0352423	0.1893527	0.1150359	0.0000000	0.0000000
7264.9966770	7355.0052834	7354.8890430	0.0000000	0.0000000	0.0390931	0.1883329	0.1142844	0.0000000	0.0000000
7264.9966770	7350.0060330	7349.6991016	0.0000000	0.0000000	0.0360455	0.1890026	0.1105638	0.0000000	0.0000000
7264.9966770	7345.0002944	7344.9696387	0.0000000	0.0000000	0.0332852	0.1893101	0.1081044	0.0000000	0.0000000
7264.9966770	7340.0172648	7339.8102246	0.0000000	0.0000000	0.0301432	0.1895903	0.1062418	0.0000000	0.0000000
7264.9966770	7335.0115262	7334.6508105	0.0000000	0.0000000	0.0395167	0.1893173	0.1088892	0.0000000	0.0000000
7264.9966770	7330.0057875	7329.9213477	0.0000000	0.0000000	0.0467930	0.1894768	0.1083315	0.0000000	0.0000000
7264.9966770	7325.0244790	7324.7619336	0.0000000	0.0000000	0.0481165	0.1897811	0.1082495	0.0000000	0.0000000
7264.9966770	7319.9871765	7319.6025195	0.0000000	0.0000000	0.0510541	0.1888632	0.1082310	0.0000000	0.0000000
7264.9966770	7314.9864987	7314.8730566	0.0000000	0.0000000	0.0568643	0.1896470	0.1062498	0.0000000	0.0000000
7264.9966770	7309.9886382	7309.7136426	0.0000000	0.0000000	0.0558427	0.1898158	0.1066990	0.0000000	0.0000000
7264.9966770	7304.9907777	7304.6092822	0.0000000	0.0000000	0.0514307	0.1901886	0.1056564	0.0000000	0.0000000
7264.9966770	7299.9872826	7299.9348730	0.0000000	0.0000000	0.0569287	0.1899587	0.1051411	0.0000000	0.0000000
7264.9966770	7294.9837875	7294.8355176	0.0000000	0.0000000	0.0616376	0.1901132	0.1047955	0.0000000	0.0000000
7264.9966770	7289.9859270	7289.7361621	0.0000000	0.0000000	0.0690665	0.1897261	0.1062825	0.0000000	0.0000000
7264.9966770	7284.9852492	7284.6368066	0.0000000	0.0000000	0.0776528	0.1895709	0.1090583	0.0000000	0.0000000
7264.9966770	7280.0393259	7279.9623975	0.0000000	0.0000000	0.1041509	0.1895212	0.1097765	0.0000000	0.0000000
7264.9966770	7275.0065655	7274.8630420	0.0000000	0.0000000	0.1684459	0.1897493	0.1103352	0.0000000	0.0000000
7264.9966770	7270.0090889	7269.7636865	0.0000000	0.0000000	0.2232799	0.1888401	0.1100793	0.0000000	0.0000000
7264.9966770	7265.0084048	7264.6888672	0.0000000	0.0000000	0.2364699	0.1892600	0.1113473	0.0000000	0.0000000
7264.9966770	7260.0045130	7259.6483984	0.0000000	0.0000000	0.1800715	0.1891825	0.1088051	0.0000000	0.0000000
7264.9966770	7255.0070364	7254.6079297	0.0000000	0.0000000	0.1294092	0.1891100	0.1081067	0.0000000	0.0000000
7264.9966770	7250.0127675	7249.9875000	0.0000000	0.0000000	0.0756708	0.1897819	0.1045720	0.0000000	0.0000000
7264.9966770	7245.0120833	7244.9470313	0.0000000	0.0000000	0.0563074	0.1902412	0.1010575	0.0000000	0.0000000
7264.9966770	7240.0178144	7239.9065625	0.0000000	0.0000000	0.0486543	0.1898920	0.1002759	0.0000000	0.0000000
7264.9966770	7235.0107149	7234.8660938	0.0000000	0.0000000	0.0532488	0.1897128	0.0995477	0.0000000	0.0000000
7264.9966770	7230.0036155	7229.8256250	0.0000000	0.0000000	0.0566952	0.1904532	0.1021481	0.0000000	0.0000000
7264.9966770	7225.0033850	7224.7851563	0.0000000	0.0000000	0.0628831	0.1899956	0.1049539	0.0000000	0.0000000
7264.9966770	7220.0049369	7219.8026367	0.0000000	0.0000000	0.0782019	0.1891881	0.1042786	0.0000000	0.0000000
7264.9966770	7215.0032283	7214.8201172	0.0000000	0.0000000	0.0852030	0.1892990	0.1068870	0.0000000	0.0000000
7264.9966770	7209.9982591	7209.8375977	0.0000000	0.0000000	0.0919451	0.1897654	0.1075498	0.0000000	0.0000000
7264.9966770	7205.0030717	7204.8550781	0.0000000	0.0000000	0.0951351	0.1900884	0.1061248	0.0000000	0.0000000
7264.9966770	7200.0144053	7199.8725586	0.0000000	0.0000000	0.0905560	0.1898845	0.1066665	0.0000000	0.0000000
7264.9966770	7195.0029150	7194.8900391	0.0000000	0.0000000	0.0914000	0.1904805	0.1075172	0.0000000	0.0000000
7264.9966770	7190.0142486	7189.9075195	0.0000000	0.0000000	0.1023345	0.1904048	0.1086191	0.0000000	0.0000000
7264.9966770	7185.0027583	7184.9250000	0.0000000	0.0000000	0.0988533	0.1899738	0.1081685	0.0000000	0.0000000
7264.9966770	7180.0043103	7179.9804492	0.0000000	0.0000000	0.0815526	0.1891907	0.1074014	0.0000000	0.0000000
7264.9966770	7175.0026016	7174.6444189	0.0000000	0.0000000	0.0852667	0.1888975	0.1076312	0.0000000	0.0000000
7264.9966770	7170.0106747	7169.7188525	0.0000000	0.0000000	0.0793596	0.1883245	0.1046576	0.0000000	0.0000000
7264.9966770	7165.0300253	7164.7932861	0.0000000	0.0000000	0.0619540	0.1879747	0.1035259	0.0000000	0.0000000
7264.9966770	7160.0251023	7159.8677197	0.0000000	0.0000000	0.0577792	0.1882853	0.1065068	0.0000000	0.0000000
7264.9966770	7155.0261947	7154.9421533	0.0000000	0.0000000	0.0595721	0.1893629	0.1058608	0.0000000	0.0000000
7264.9966770	7150.0212717	7149.6061230	0.0000000	0.0000000	0.0692538	0.1884155	0.1058979	0.0000000	0.0000000
7264.9966770	7145.0223642	7144.6805566	0.0000000	0.0000000	0.0580111	0.1887156	0.1034746	0.0000000	0.0000000
7264.9966770	7140.0234567	7139.7829688	0.0000000	0.0000000	0.0418051	0.1886837	0.1022582	0.0000000	0.0000000
7264.9966770	7135.0275569	7134.9133594	0.0000000	0.0000000	0.0414497	0.1903734	0.1015977	0.0000000	0.0000000
7264.9966770	7130.0166183	7129.6379492	0.0000000	0.0000000	0.0523571	0.1903149	0.1027817	0.0000000	0.0000000
7264.9966770	7125.0297419	7124.7683398	0.0000000	0.0000000	0.0486209	0.1901138	0.1015731	0.0000000	0.0000000
7264.9966770	7120.0157955	7119.8987305	0.0000000	0.0000000	0.0375570	0.1880961	0.1023168	0.0000000	0.0000000
7264.9966770	7114.9947607	7114.6233203	0.0000000	0.0000000	0.0382828	0.1885970	0.1022306	0.0000000	0.0000000
7264.9966770	7109.9857704	7109.7537109	0.0000000	0.0000000	0.0427075	0.1890042	0.1025474	0.0000000	0.0000000
7264.9966770	7104.9837419	7104.8841016	0.0000000	0.0000000	0.0351387	0.1885862	0.1020630	0.0000000	0.0000000
7264.9966770	7099.9817134	7099.6316406	0.0000000	0.0000000	0.0346855	0.1884502	0.1022632	0.0000000	0.0000000
7264.9966770	7094.9831658	7094.8171094	0.0000000	0.0000000	0.0288041	0.1892152	0.1013917	0.0000000	0.0000000
7264.9966770	7089.9846182	7089.6013672	0.0000000	0.0000000	0.0262908	0.1893954	0.1019965	0.0000000	0.0000000
7264.9966770	7084.9895515	7084.7868359	0.0000000	0.0000000	0.0210637	0.1885532	0.1016251	0.0000000	0.0000000
7264.9966770	7079.9875230	7079.9723047	0.0000000	0.0000000	0.0155752	0.1890273	0.0999581	0.0000000	0.0000000
7264.9966770	7074.9924563	7074.7565625	0.0000000	0.0000000	0.0108237	0.1877891	0.1001117	0.0000000	0.0000000
7264.9966770	7069.9834660	7069.9420313	0.0000000	0.0000000	0.0082998	0.1894717	0.0980493	0.0000000	0.0000000
7264.9966770	7064.9849184	7064.7262891	0.0000000	0.0000000	0.0096268	0.1893873	0.0976611	0.0000000	0.0000000
7264.9966770	7059.9824510	7059.9297656	0.0000000	0.0000000	0.0087657	0.1895166	0.0975044	0.0000000	0.0000000
7264.9966770	7054.9880656	7054.7725488	0.0000000	0.0000000	0.0109746	0.1905323	0.0977507	0.0000000	0.0000000
7264.9966770	7049.9819654	7049.6153320	0.0000000	0.0000000	0.0100730	0.1895775	0.0969995	0.0000000	0.0000000
7264.9966770	7044.9875799	7044.8548242	0.0000000	0.0000000	0.0096686	0.1874847	0.0976119	0.0000000	0.0000000
7264.9966770	7039.9853847	7039.6976074	0.0000000	0.0000000	0.0125204	0.1889663	0.0980553	0.0000000	0.0000000
7264.9966770	7034.9831894	7034.9370996	0.0000000	0.0000000	0.0125297	0.1893229	0.0983998	0.0000000	0.0000000
7264.9966770	7029.9809941	7029.7798828	0.0000000	0.0000000	0.0129130	0.1885999	0.0977637	0.0000000	0.0000000
7264.9966770	7024.9827038	7024.6226660	0.0000000	0.0000000	0.0126534	0.1886639	0.0979534	0.0000000	0.0000000
7264.9966770	7019.9766036	7019.8843262	0.0000000	0.0000000	0.0123937	0.1887524	0.0979960	0.0000000	0.0000000
7264.9966770	7014.9861230	7014.7847461	0.0000000	0.0000000	0.0120358	0.1893643	0.0975509	0.0000000	0.0000000
7264.9966770	7009.9839278	7009.6851660	0.0000000	0.0000000	0.0101052	0.1892279	0.0988590	0.0000000	0.0000000
7264.9966770	7004.9817325	7004.9778613	0.0000000	0.0000000	0.0103002	0.1878461	0.0995736	0.0000000	0.0000000
