7399.9993324	7599.9977245	7599.5502051	0.0000000	0.0000000	0.0093367	0.1879205	0.1246895	0.0000000	7400.0000000
7399.9993324	7594.9867234	7594.9313574	0.0000000	0.0000000	0.0149469	0.1879882	0.1244185	0.0000000	0.0000000
7399.9993324	7589.9849267	7589.8506250	0.0000000	0.0000000	0.0171311	0.1876346	0.1261948	0.0000000	0.0000000
7399.9993324	7584.9897621	7584.7698926	0.0000000	0.0000000	0.0155283	0.1877181	0.1264028	0.0000000	0.0000000
7399.9993324	7579.9895004	7579.6891602	0.0000000	0.0000000	0.0171459	0.1879735	0.1282598	0.0000000	0.0000000
7399.9993324	7574.9866901	7574.6139941	0.0000000	0.0000000	0.0186898	0.1886511	0.1278320	0.0000000	0.0000000
7399.9993324	7569.9889770	7569.5944922	0.0000000	0.0000000	0.0137493	0.1879188	0.1258942	0.0000000	0.0000000
7399.9993324	7564.9887153	7564.5749902	0.0000000	0.0000000	0.0150715	0.1875114	0.1281621	0.0000000	0.0000000
7399.9993324	7559.9859050	7559.5554883	0.0000000	0.0000000	0.0143374	0.1870658	0.1280928	0.0000000	0.0000000
7399.9993324	7554.9830947	7554.9923047	0.0000000	0.0000000	0.0137662	0.1870515	0.1282183	0.0000000	0.0000000
7399.9993324	7549.9853816	7549.9728027	0.0000000	0.0000000	0.0132781	0.1881349	0.1283770	0.0000000	0.0000000
7399.9993324	7544.9851198	7544.9533008	0.0000000	0.0000000	0.0130942	0.1878864	0.1289305	0.0000000	0.0000000
7399.9993324	7539.9872981	7539.9337988	0.0000000	0.0000000	0.0141586	0.1865958	0.1267141	0.0000000	0.0000000
7399.9993324	7535.0272433	7534.9142969	0.0000000	0.0000000	0.0129462	0.1879630	0.1248669	0.0000000	0.0000000
7399.9993324	7529.9859713	7529.8947949	0.0000000	0.0000000	0.0172573	0.1892205	0.1239658	0.0000000	0.0000000
7399.9993324	7525.0346185	7524.9299316	0.0000000	0.0000000	0.0149775	0.1885350	0.1240094	0.0000000	0.0000000
7399.9993324	7519.9904459	7519.9705322	0.0000000	0.0000000	0.0160383	0.1890201	0.1237679	0.0000000	0.0000000
7399.9993324	7515.0332918	7514.5602783	0.0000000	0.0000000	0.0152025	0.1874957	0.1245527	0.0000000	0.0000000
7399.9993324	7510.0355290	7509.6008789	0.0000000	0.0000000	0.0158855	0.1871681	0.1254003	0.0000000	0.0000000
7399.9993324	7505.0261638	7504.6414795	0.0000000	0.0000000	0.0195276	0.1878420	0.1255370	0.0000000	0.0000000
7399.9993324	7499.9877924	7499.6820801	0.0000000	0.0000000	0.0175026	0.1880316	0.1251144	0.0000000	0.0000000
7399.9993324	7495.0277377	7494.7226807	0.0000000	0.0000000	0.0147390	0.1886943	0.1226890	0.0000000	0.0000000
7399.9993324	7489.9843030	7489.7632813	0.0000000	0.0000000	0.0166721	0.1880702	0.1229747	0.0000000	0.0000000
7399.9993324	7484.9843817	7484.8038818	0.0000000	0.0000000	0.0130615	0.1884838	0.1238900	0.0000000	0.0000000
7399.9993324	7479.9844604	7479.8981445	0.0000000	0.0000000	0.0117543	0.1874866	0.1241837	0.0000000	0.0000000
7399.9993324	7474.9845391	7474.9977734	0.0000000	0.0000000	0.0139075	0.1857875	0.1248154	0.0000000	0.0000000
7399.9993324	7469.9846178	7469.6519141	0.0000000	0.0000000	0.0072313	0.1858226	0.1255510	0.0000000	0.0000000
7399.9993324	7464.9846965	7464.7515430	0.0000000	0.0000000	0.0090355	0.1868204	0.1240984	0.0000000	0.0000000
7399.9993324	7459.9876209	7459.8511719	0.0000000	0.0000000	0.0082052	0.1876594	0.1224008	0.0000000	0.0000000
7399.9993324	7454.9820081	7454.9508008	0.0000000	0.0000000	0.0081329	0.1883748	0.1239252	0.0000000	0.0000000
7399.9993324	7449.9877783	7449.6049414	0.0000000	0.0000000	0.0081854	0.1869138	0.1247294	0.0000000	0.0000000
7399.9993324	7445.0362341	7444.7045703	0.0000000	0.0000000	0.0091373	0.1867028	0.1238158	0.0000000	0.0000000
7399.9993324	7439.9850899	7439.8041992	0.0000000	0.0000000	0.0085321	0.1877446	0.1209281	0.0000000	0.0000000
7399.9993324	7434.9851686	7434.9618359	0.0000000	0.0000000	0.0091033	0.1878066	0.1200437	0.0000000	0.0000000
7399.9993324	7429.9872294	7429.6792578	0.0000000	0.0000000	0.0103646	0.1869023	0.1197987	0.0000000	0.0000000
7399.9993324	7424.9918312	7424.8368945	0.0000000	0.0000000	0.0135184	0.1877842	0.1220359	0.0000000	0.0000000
7399.9993324	7419.9883932	7419.9945313	0.0000000	0.0000000	0.0116935	0.1876743	0.1250216	0.0000000	0.0000000
7399.9993324	7414.9849553	7414.7119531	0.0000000	0.0000000	0.0197874	0.1875024	0.1221423	0.0000000	0.0000000
7399.9993324	7409.9868772	7409.8695898	0.0000000	0.0000000	0.0479495	0.1874257	0.1184291	0.0000000	0.0000000
7399.9993324	7404.9861191	7404.5870117	0.0000000	0.0000000	0.0990582	0.1871082	0.1193757	0.0000000	0.0000000
7399.9993324	7399.9853611	7399.7446484	0.0000000	0.0000000	0.1194247	0.1865868	0.1195845	0.0000000	0.0000000
7399.9993324	7394.9872830	7394.9126367	0.0000000	0.0000000	0.0971370	0.1873750	0.1229813	0.0000000	0.0000000
7399.9993324	7389.9865249	7389.6921680	0.0000000	0.0000000	0.0452813	0.1859708	0.1231117	0.0000000	0.0000000
7399.9993324	7384.9884468	7384.9067383	0.0000000	0.0000000	0.0219244	0.1872749	0.1205815	0.0000000	0.0000000
7399.9993324	7379.9820701	7379.6862695	0.0000000	0.0000000	0.0113273	0.1857422	0.1172266	0.0000000	0.0000000
7399.9993324	7375.0087730	7374.9008398	0.0000000	0.0000000	0.0095432	0.1860173	0.1155780	0.0000000	0.0000000
7399.9993324	7370.0062785	7369.6803711	0.0000000	0.0000000	0.0103568	0.1860630	0.1147006	0.0000000	0.0000000
7399.9993324	7365.0037840	7364.8949414	0.0000000	0.0000000	0.0102966	0.1865160	0.1134735	0.0000000	0.0000000
7399.9993324	7360.0142662	7359.6744727	0.0000000	0.0000000	0.0100150	0.1877626	0.1125509	0.0000000	0.0000000
7399.9993324	7355.0117717	7354.8890430	0.0000000	0.0000000	0.0124473	0.1883871	0.1133325	0.0000000	0.0000000
7399.9993324	7350.0092772	7349.6991016	0.0000000	0.0000000	0.0159823	0.1883224	0.1181392	0.0000000	0.0000000
7399.9993324	7345.0067827	7344.9696387	0.0000000	0.0000000	0.0116252	0.1878719	0.1120112	0.0000000	0.0000000
7399.9993324	7340.0075324	7339.8102246	0.0000000	0.0000000	0.0092921	0.1871661	0.1093978	0.0000000	0.0000000
7399.9993324	7335.0050379	7334.6508105	0.0000000	0.0000000	0.0138673	0.1869065	0.1073458	0.0000000	0.0000000
7399.9993324	7330.0090317	7329.9213477	0.0000000	0.0000000	0.0146812	0.1874316	0.1080803	0.0000000	0.0000000
7399.9993324	7325.0244790	7324.7619336	0.0000000	0.0000000	0.0128749	0.1866884	0.1097832	0.0000000	0.0000000
7399.9993324	7319.9843593	7319.6025195	0.0000000	0.0000000	0.0120765	0.1879144	0.1089381	0.0000000	0.0000000
7399.9993324	7314.9864987	7314.8730566	0.0000000	0.0000000	0.0190287	0.1877014	0.1079312	0.0000000	0.0000000
7399.9993324	7309.9886382	7309.7136426	0.0000000	0.0000000	0.0137736	0.1885729	0.1081407	0.0000000	0.0000000
7399.9993324	7304.9851431	7304.6092822	0.0000000	0.0000000	0.0114575	0.1895485	0.1081078	0.0000000	0.0000000
7399.9993324	7299.9844653	7299.9348730	0.0000000	0.0000000	0.0169971	0.1905315	0.1114290	0.0000000	0.0000000
7399.9993324	7295.0373159	7294.8355176	0.0000000	0.0000000	0.0164573	0.1893298	0.1132450	0.0000000	0.0000000
7399.9993324	7289.9831097	7289.7361621	0.0000000	0.0000000	0.0152549	0.1875782	0.1110323	0.0000000	0.0000000
7399.9993324	7284.9852492	7284.6368066	0.0000000	0.0000000	0.0143955	0.1865668	0.1082473	0.0000000	0.0000000
7399.9993324	7279.9880039	7279.9623975	0.0000000	0.0000000	0.0166309	0.1867659	0.1096556	0.0000000	0.0000000
7399.9993324	7275.0129807	7274.8630420	0.0000000	0.0000000	0.0160754	0.1853831	0.1126827	0.0000000	0.0000000
7399.9993324	7270.0090889	7269.7636865	0.0000000	0.0000000	0.0150764	0.1872513	0.1126510	0.0000000	0.0000000
7399.9993324	7265.0051971	7264.6888672	0.0000000	0.0000000	0.0148917	0.1864670	0.1124032	0.0000000	0.0000000
7399.9993324	7260.0045130	7259.6483984	0.0000000	0.0000000	0.0124346	0.1880006	0.1096410	0.0000000	0.0000000
7399.9993324	7255.0134516	7254.6079297	0.0000000	0.0000000	0.0117765	0.1876954	0.1073076	0.0000000	0.0000000
7399.9993324	7250.0095598	7249.9875000	0.0000000	0.0000000	0.0133387	0.1877626	0.1043909	0.0000000	0.0000000
7399.9993324	7245.0152909	7244.9470313	0.0000000	0.0000000	0.0075210	0.1885704	0.1020159	0.0000000	0.0000000
7399.9993324	7240.0113991	7239.9065625	0.0000000	0.0000000	0.0083309	0.1879410	0.1032988	0.0000000	0.0000000
7399.9993324	7235.0042997	7234.8660938	0.0000000	0.0000000	0.0070032	0.1880925	0.1023684	0.0000000	0.0000000
7399.9993324	7230.0068231	7229.8256250	0.0000000	0.0000000	0.0050566	0.1878811	0.1009105	0.0000000	0.0000000
7399.9993324	7224.9968639	7224.7851563	0.0000000	0.0000000	0.0062893	0.1881786	0.1016696	0.0000000	0.0000000
7399.9993324	7220.0049369	7219.8026367	0.0000000	0.0000000	0.0084877	0.1870465	0.1029077	0.0000000	0.0000000
7399.9993324	7215.0130100	7214.8201172	0.0000000	0.0000000	0.0087719	0.1855159	0.1061548	0.0000000	0.0000000
7399.9993324	7210.0015197	7209.8375977	0.0000000	0.0000000	0.0097411	0.1870482	0.1058958	0.0000000	0.0000000
7399.9993324	7205.0063322	7204.8550781	0.0000000	0.0000000	0.0083632	0.1879532	0.1061140	0.0000000	0.0000000
7399.9993324	7200.0078842	7199.8725586	0.0000000	0.0000000	0.0071650	0.1863641	0.1076956	0.0000000	0.0000000
7399.9993324	7195.0061755	7194.8900391	0.0000000	0.0000000	0.0072786	0.1862635	0.1085066	0.0000000	0.0000000
7399.9993324	7189.9979458	7189.9075195	0.0000000	0.0000000	0.0097744	0.1884657	0.1079009	0.0000000	0.0000000
7399.9993324	7184.9994977	7184.9250000	0.0000000	0.0000000	0.0089332	0.1875903	0.1085682	0.0000000	0.0000000
7399.9993324	7179.9814863	7179.9804492	0.0000000	0.0000000	0.0063877	0.1867905	0.1081050	0.0000000	0.0000000
7399.9993324	7175.0123833	7174.6444189	0.0000000	0.0000000	0.0065320	0.1867457	0.1068254	0.0000000	0.0000000
7399.9993324	7170.0139353	7169.7188525	0.0000000	0.0000000	0.0043934	0.1861980	0.1050992	0.0000000	0.0000000
7399.9993324	7165.0330331	7164.7932861	0.0000000	0.0000000	0.0022888	0.1846678	0.1058285	0.0000000	0.0000000
7399.9993324	7160.0281100	7159.8677197	0.0000000	0.0000000	0.0022921	0.1863602	0.1046476	0.0000000	0.0000000
7399.9993324	7154.9840860	7154.9421533	0.0000000	0.0000000	0.0026807	0.1878663	0.1057211	0.0000000	0.0000000
7399.9993324	7150.0212717	7149.6061230	0.0000000	0.0000000	0.0036711	0.1874482	0.1059758	0.0000000	0.0000000
7399.9993324	7145.0283797	7144.6805566	0.0000000	0.0000000	0.0016223	0.1873392	0.1027281	0.0000000	0.0000000
7399.9993324	7140.0204489	7139.7829688	0.0000000	0.0000000	0.0011965	0.1877168	0.1031809	0.0000000	0.0000000
7399.9993324	7135.0185336	7134.9133594	0.0000000	0.0000000	0.0013140	0.1887560	0.1029846	0.0000000	0.0000000
7399.9993324	7130.0286494	7129.6379492	0.0000000	0.0000000	0.0021084	0.1889430	0.1048668	0.0000000	0.0000000
7399.9993324	7125.0207186	7124.7683398	0.0000000	0.0000000	0.0014858	0.1881046	0.1053168	0.0000000	0.0000000
7399.9993324	7120.0338421	7119.8987305	0.0000000	0.0000000	0.0011031	0.1882980	0.1026302	0.0000000	0.0000000
7399.9993324	7114.9843181	7114.6233203	0.0000000	0.0000000	0.0009240	0.1882329	0.1014940	0.0000000	0.0000000
7399.9993324	7109.9892513	7109.7537109	0.0000000	0.0000000	0.0010603	0.1886672	0.1013938	0.0000000	0.0000000
7399.9993324	7104.9837419	7104.8841016	0.0000000	0.0000000	0.0010807	0.1879291	0.1014469	0.0000000	0.0000000
7399.9993324	7099.9851943	7099.6316406	0.0000000	0.0000000	0.0009221	0.1879899	0.1006165	0.0000000	0.0000000
7399.9993324	7094.9831658	7094.8171094	0.0000000	0.0000000	0.0005353	0.1903875	0.0994308	0.0000000	0.0000000
7399.9993324	7089.9846182	7089.6013672	0.0000000	0.0000000	0.0005093	0.1898766	0.1004520	0.0000000	0.0000000
7399.9993324	7084.9860706	7084.7868359	0.0000000	0.0000000	0.0003367	0.1892201	0.0997742	0.0000000	0.0000000
7399.9993324	7079.9875230	7079.9723047	0.0000000	0.0000000	0.0002465	0.1885018	0.1007023	0.0000000	0.0000000
7399.9993324	7074.9889754	7074.7565625	0.0000000	0.0000000	0.0002006	0.1867998	0.0998052	0.0000000	0.0000000
7399.9993324	7069.9869469	7069.9420313	0.0000000	0.0000000	0.0001160	0.1869664	0.0998817	0.0000000	0.0000000
7399.9993324	7064.9849184	7064.7262891	0.0000000	0.0000000	0.0001426	0.1849481	0.1016627	0.0000000	0.0000000
7399.9993324	7059.9824510	7059.9297656	0.0000000	0.0000000	0.0000952	0.1847799	0.1010494	0.0000000	0.0000000
7399.9993324	7054.9841606	7054.7725488	0.0000000	0.0000000	0.0001029	0.1845100	0.1010919	0.0000000	0.0000000
7399.9993324	7049.9819654	7049.6153320	0.0000000	0.0000000	0.0000610	0.1852329	0.0995059	0.0000000	0.0000000
7399.9993324	7044.9836750	7044.8548242	0.0000000	0.0000000	0.0001074	0.1857643	0.1001782	0.0000000	0.0000000
7399.9993324	7039.9814797	7039.6976074	0.0000000	0.0000000	0.0001670	0.1870220	0.0991506	0.0000000	0.0000000
7399.9993324	7034.9831894	7034.9370996	0.0000000	0.0000000	0.0001951	0.1874845	0.0986609	0.0000000	0.0000000
7399.9993324	7029.9809941	7029.7798828	0.0000000	0.0000000	0.0001589	0.1873765	0.0985620	0.0000000	0.0000000
7399.9993324	7024.9827038	7024.6226660	0.0000000	0.0000000	0.0000900	0.1868369	0.0992606	0.0000000	0.0000000
7399.9993324	7019.9805085	7019.8843262	0.0000000	0.0000000	0.0001447	0.1878121	0.0996873	0.0000000	0.0000000
7399.9993324	7014.9861230	7014.7847461	0.0000000	0.0000000	0.0001036	0.1876345	0.1010868	0.0000000	0.0000000
7399.9993324	7009.9839278	7009.6851660	0.0000000	0.0000000	0.0000676	0.1867451	0.0989950	0.0000000	0.0000000
7399.9993324	7004.9817325	7004.9778613	0.0000000	0.0000000	0.0000566	0.1866946	0.0994009	0.0000000	0.0000000
