7369.9937926	7599.9977245	7599.5502051	0.0000000	0.0000000	0.0089581	0.1846987	0.1225555	0.0000000	7370.0000000
7369.9937926	7594.9892152	7594.9313574	0.0000000	0.0000000	0.0112876	0.1839066	0.1224427	0.0000000	0.0000000
7369.9937926	7589.9849267	7589.8506250	0.0000000	0.0000000	0.0106431	0.1833479	0.1216312	0.0000000	0.0000000
7369.9937926	7584.9897621	7584.7698926	0.0000000	0.0000000	0.0103551	0.1837975	0.1217003	0.0000000	0.0000000
7369.9937926	7579.9920490	7579.6891602	0.0000000	0.0000000	0.0129540	0.1824354	0.1238597	0.0000000	0.0000000
7369.9937926	7574.9892387	7574.6139941	0.0000000	0.0000000	0.0127522	0.1829878	0.1254396	0.0000000	0.0000000
7369.9937926	7569.9889770	7569.5944922	0.0000000	0.0000000	0.0153785	0.1825099	0.1231676	0.0000000	0.0000000
7369.9937926	7564.9887153	7564.5749902	0.0000000	0.0000000	0.0185751	0.1842588	0.1237119	0.0000000	0.0000000
7369.9937926	7559.9859050	7559.5554883	0.0000000	0.0000000	0.0197693	0.1846516	0.1239147	0.0000000	0.0000000
7369.9937926	7554.9830947	7554.9923047	0.0000000	0.0000000	0.0169113	0.1845576	0.1236536	0.0000000	0.0000000
7369.9937926	7549.9853816	7549.9728027	0.0000000	0.0000000	0.0127618	0.1845510	0.1223882	0.0000000	0.0000000
7369.9937926	7544.9851198	7544.9533008	0.0000000	0.0000000	0.0138784	0.1860520	0.1223772	0.0000000	0.0000000
7369.9937926	7539.9872981	7539.9337988	0.0000000	0.0000000	0.0122305	0.1869271	0.1215737	0.0000000	0.0000000
7369.9937926	7534.9837341	7534.9142969	0.0000000	0.0000000	0.0149974	0.1842030	0.1224071	0.0000000	0.0000000
7369.9937926	7529.9830707	7529.8947949	0.0000000	0.0000000	0.0155748	0.1837222	0.1219991	0.0000000	0.0000000
7369.9937926	7524.9853080	7524.9299316	0.0000000	0.0000000	0.0159036	0.1829918	0.1219578	0.0000000	0.0000000
7369.9937926	7520.0397564	7519.9705322	0.0000000	0.0000000	0.0159908	0.1840496	0.1224496	0.0000000	0.0000000
7369.9937926	7514.9897825	7514.5602783	0.0000000	0.0000000	0.0211709	0.1832764	0.1225371	0.0000000	0.0000000
7369.9937926	7510.0326284	7509.6008789	0.0000000	0.0000000	0.0169714	0.1860076	0.1219404	0.0000000	0.0000000
7369.9937926	7504.9855552	7504.6414795	0.0000000	0.0000000	0.0159523	0.1853893	0.1219484	0.0000000	0.0000000
7369.9937926	7500.0371029	7499.6820801	0.0000000	0.0000000	0.0227023	0.1855552	0.1231971	0.0000000	0.0000000
7369.9937926	7494.9842285	7494.7226807	0.0000000	0.0000000	0.0200652	0.1854498	0.1221459	0.0000000	0.0000000
7369.9937926	7489.9843030	7489.7632813	0.0000000	0.0000000	0.0205184	0.1847222	0.1255256	0.0000000	0.0000000
7369.9937926	7484.9843817	7484.8038818	0.0000000	0.0000000	0.0196404	0.1843914	0.1256226	0.0000000	0.0000000
7369.9937926	7479.9873061	7479.8981445	0.0000000	0.0000000	0.0176674	0.1817615	0.1231052	0.0000000	0.0000000
7369.9937926	7474.9845391	7474.9977734	0.0000000	0.0000000	0.0199302	0.1841034	0.1226171	0.0000000	0.0000000
7369.9937926	7469.9846178	7469.6519141	0.0000000	0.0000000	0.0212982	0.1855396	0.1230236	0.0000000	0.0000000
7369.9937926	7464.9875422	7464.7515430	0.0000000	0.0000000	0.0201744	0.1857427	0.1232202	0.0000000	0.0000000
7369.9937926	7459.9847751	7459.8511719	0.0000000	0.0000000	0.0187332	0.1863494	0.1220851	0.0000000	0.0000000
7369.9937926	7454.9820081	7454.9508008	0.0000000	0.0000000	0.0239580	0.1862307	0.1223997	0.0000000	0.0000000
7369.9937926	7449.9849325	7449.6049414	0.0000000	0.0000000	0.0222524	0.1861122	0.1211481	0.0000000	0.0000000
7369.9937926	7444.9878570	7444.7045703	0.0000000	0.0000000	0.0250186	0.1845143	0.1218186	0.0000000	0.0000000
7369.9937926	7439.9850899	7439.8041992	0.0000000	0.0000000	0.0166167	0.1849269	0.1197744	0.0000000	0.0000000
7369.9937926	7434.9851686	7434.9618359	0.0000000	0.0000000	0.0170133	0.1837035	0.1205515	0.0000000	0.0000000
7369.9937926	7429.9872294	7429.6792578	0.0000000	0.0000000	0.0182238	0.1822219	0.1248868	0.0000000	0.0000000
7369.9937926	7424.9918312	7424.8368945	0.0000000	0.0000000	0.0194353	0.1819043	0.1254574	0.0000000	0.0000000
7369.9937926	7419.9883932	7419.9945313	0.0000000	0.0000000	0.0191481	0.1828646	0.1284628	0.0000000	0.0000000
7369.9937926	7414.9876352	7414.7119531	0.0000000	0.0000000	0.0154901	0.1824580	0.1251511	0.0000000	0.0000000
7369.9937926	7409.9841972	7409.8695898	0.0000000	0.0000000	0.0138954	0.1837938	0.1201644	0.0000000	0.0000000
7369.9937926	7404.9861191	7404.5870117	0.0000000	0.0000000	0.0107676	0.1844315	0.1185319	0.0000000	0.0000000
7369.9937926	7399.9853611	7399.7446484	0.0000000	0.0000000	0.0127970	0.1859937	0.1169641	0.0000000	0.0000000
7369.9937926	7394.9846030	7394.9126367	0.0000000	0.0000000	0.0167017	0.1858425	0.1182405	0.0000000	0.0000000
7369.9937926	7389.9865249	7389.6921680	0.0000000	0.0000000	0.0136959	0.1855701	0.1146215	0.0000000	0.0000000
7369.9937926	7384.9857669	7384.9067383	0.0000000	0.0000000	0.0244845	0.1841724	0.1143073	0.0000000	0.0000000
7369.9937926	7379.9820701	7379.6862695	0.0000000	0.0000000	0.0522252	0.1849735	0.1128046	0.0000000	0.0000000
7369.9937926	7375.0185055	7374.9008398	0.0000000	0.0000000	0.1053350	0.1853280	0.1129839	0.0000000	0.0000000
7369.9937926	7370.0062785	7369.6803711	0.0000000	0.0000000	0.1336765	0.1839965	0.1122146	0.0000000	0.0000000
7369.9937926	7365.0037840	7364.8949414	0.0000000	0.0000000	0.1217096	0.1815771	0.1125653	0.0000000	0.0000000
7369.9937926	7360.0012895	7359.6744727	0.0000000	0.0000000	0.0728329	0.1832568	0.1103595	0.0000000	0.0000000
7369.9937926	7355.0085275	7354.8890430	0.0000000	0.0000000	0.0382710	0.1847704	0.1098186	0.0000000	0.0000000
7369.9937926	7350.0157655	7349.6991016	0.0000000	0.0000000	0.0222308	0.1854312	0.1079259	0.0000000	0.0000000
7369.9937926	7345.0067827	7344.9696387	0.0000000	0.0000000	0.0177013	0.1860674	0.1064878	0.0000000	0.0000000
7369.9937926	7340.0107765	7339.8102246	0.0000000	0.0000000	0.0148127	0.1847859	0.1064514	0.0000000	0.0000000
7369.9937926	7335.0082820	7334.6508105	0.0000000	0.0000000	0.0171687	0.1843462	0.1053750	0.0000000	0.0000000
7369.9937926	7330.0057875	7329.9213477	0.0000000	0.0000000	0.0232969	0.1836486	0.1058911	0.0000000	0.0000000
7369.9937926	7325.0272963	7324.7619336	0.0000000	0.0000000	0.0244994	0.1826259	0.1076913	0.0000000	0.0000000
7369.9937926	7319.9843593	7319.6025195	0.0000000	0.0000000	0.0241189	0.1835996	0.1098549	0.0000000	0.0000000
7369.9937926	7314.9864987	7314.8730566	0.0000000	0.0000000	0.0273475	0.1834036	0.1063130	0.0000000	0.0000000
7369.9937926	7309.9886382	7309.7136426	0.0000000	0.0000000	0.0271531	0.1830034	0.1063961	0.0000000	0.0000000
7369.9937926	7304.9851431	7304.6092822	0.0000000	0.0000000	0.0238015	0.1826746	0.1071211	0.0000000	0.0000000
7369.9937926	7299.9844653	7299.9348730	0.0000000	0.0000000	0.0200583	0.1835199	0.1075599	0.0000000	0.0000000
7369.9937926	7294.9866048	7294.8355176	0.0000000	0.0000000	0.0231417	0.1829995	0.1061515	0.0000000	0.0000000
7369.9937926	7289.9831097	7289.7361621	0.0000000	0.0000000	0.0201251	0.1850895	0.1057913	0.0000000	0.0000000
7369.9937926	7284.9852492	7284.6368066	0.0000000	0.0000000	0.0218024	0.1854247	0.1058347	0.0000000	0.0000000
7369.9937926	7279.9815887	7279.9623975	0.0000000	0.0000000	0.0276407	0.1849379	0.1072240	0.0000000	0.0000000
7369.9937926	7275.0097731	7274.8630420	0.0000000	0.0000000	0.0269690	0.1850497	0.1080900	0.0000000	0.0000000
7369.9937926	7270.0026737	7269.7636865	0.0000000	0.0000000	0.0221122	0.1839062	0.1082444	0.0000000	0.0000000
7369.9937926	7265.0084048	7264.6888672	0.0000000	0.0000000	0.0182526	0.1845243	0.1071399	0.0000000	0.0000000
7369.9937926	7260.0077206	7259.6483984	0.0000000	0.0000000	0.0160748	0.1844509	0.1069360	0.0000000	0.0000000
7369.9937926	7255.0134516	7254.6079297	0.0000000	0.0000000	0.0180691	0.1867775	0.1043276	0.0000000	0.0000000
7369.9937926	7250.0159751	7249.9875000	0.0000000	0.0000000	0.0136263	0.1877440	0.1023053	0.0000000	0.0000000
7369.9937926	7245.0120833	7244.9470313	0.0000000	0.0000000	0.0101588	0.1877402	0.0989939	0.0000000	0.0000000
7369.9937926	7240.0081915	7239.9065625	0.0000000	0.0000000	0.0070948	0.1878005	0.0982446	0.0000000	0.0000000
7369.9937926	7235.0107149	7234.8660938	0.0000000	0.0000000	0.0058112	0.1887767	0.0971357	0.0000000	0.0000000
7369.9937926	7230.0068231	7229.8256250	0.0000000	0.0000000	0.0063325	0.1884177	0.0973875	0.0000000	0.0000000
7369.9937926	7225.0066456	7224.7851563	0.0000000	0.0000000	0.0071025	0.1877992	0.0996875	0.0000000	0.0000000
7369.9937926	7220.0016764	7219.8026367	0.0000000	0.0000000	0.0121395	0.1878785	0.1015322	0.0000000	0.0000000
7369.9937926	7215.0162706	7214.8201172	0.0000000	0.0000000	0.0126567	0.1871501	0.1027909	0.0000000	0.0000000
7369.9937926	7209.9982591	7209.8375977	0.0000000	0.0000000	0.0138060	0.1880687	0.1043744	0.0000000	0.0000000
7369.9937926	7204.9998111	7204.8550781	0.0000000	0.0000000	0.0137100	0.1872981	0.1048324	0.0000000	0.0000000
7369.9937926	7200.0078842	7199.8725586	0.0000000	0.0000000	0.0119839	0.1872507	0.1064332	0.0000000	0.0000000
7369.9937926	7195.0159572	7194.8900391	0.0000000	0.0000000	0.0114919	0.1861350	0.1067388	0.0000000	0.0000000
7369.9937926	7190.0077275	7189.9075195	0.0000000	0.0000000	0.0121810	0.1859268	0.1064918	0.0000000	0.0000000
7369.9937926	7185.0060189	7184.9250000	0.0000000	0.0000000	0.0096190	0.1853353	0.1062582	0.0000000	0.0000000
7369.9937926	7180.0173525	7179.9804492	0.0000000	0.0000000	0.0064191	0.1851953	0.1048052	0.0000000	0.0000000
7369.9937926	7175.0091228	7174.6444189	0.0000000	0.0000000	0.0066504	0.1862120	0.1046305	0.0000000	0.0000000
7369.9937926	7170.0074141	7169.7188525	0.0000000	0.0000000	0.0050809	0.1855857	0.1035654	0.0000000	0.0000000
7369.9937926	7165.0330331	7164.7932861	0.0000000	0.0000000	0.0028132	0.1856454	0.1026039	0.0000000	0.0000000
7369.9937926	7160.0220945	7159.8677197	0.0000000	0.0000000	0.0022362	0.1856439	0.1025392	0.0000000	0.0000000
7369.9937926	7155.0261947	7154.9421533	0.0000000	0.0000000	0.0030944	0.1857836	0.1041077	0.0000000	0.0000000
7369.9937926	7150.0302950	7149.6061230	0.0000000	0.0000000	0.0030087	0.1864362	0.1039170	0.0000000	0.0000000
7369.9937926	7145.0223642	7144.6805566	0.0000000	0.0000000	0.0021431	0.1854174	0.1056447	0.0000000	0.0000000
7369.9937926	7140.0354877	7139.7829688	0.0000000	0.0000000	0.0009147	0.1860002	0.1049686	0.0000000	0.0000000
7369.9937926	7135.0185336	7134.9133594	0.0000000	0.0000000	0.0007877	0.1867151	0.1047640	0.0000000	0.0000000
7369.9937926	7130.0286494	7129.6379492	0.0000000	0.0000000	0.0019539	0.1869032	0.1069861	0.0000000	0.0000000
7369.9937926	7125.0207186	7124.7683398	0.0000000	0.0000000	0.0013970	0.1855359	0.1052233	0.0000000	0.0000000
7369.9937926	7120.0248188	7119.8987305	0.0000000	0.0000000	0.0009175	0.1856907	0.1045967	0.0000000	0.0000000
7369.9937926	7114.9843181	7114.6233203	0.0000000	0.0000000	0.0007749	0.1857064	0.1029922	0.0000000	0.0000000
7369.9937926	7109.9857704	7109.7537109	0.0000000	0.0000000	0.0006438	0.1865548	0.1028024	0.0000000	0.0000000
7369.9937926	7104.9802611	7104.8841016	0.0000000	0.0000000	0.0005549	0.1868892	0.1020005	0.0000000	0.0000000
7369.9937926	7099.9851943	7099.6316406	0.0000000	0.0000000	0.0005861	0.1851285	0.1042981	0.0000000	0.0000000
7369.9937926	7094.9831658	7094.8171094	0.0000000	0.0000000	0.0003665	0.1871425	0.1028043	0.0000000	0.0000000
7369.9937926	7089.9846182	7089.6013672	0.0000000	0.0000000	0.0002281	0.1875739	0.1039706	0.0000000	0.0000000
7369.9937926	7084.9930324	7084.7868359	0.0000000	0.0000000	0.0002623	0.1866143	0.1045632	0.0000000	0.0000000
7369.9937926	7079.9875230	7079.9723047	0.0000000	0.0000000	0.0001243	0.1865134	0.1026208	0.0000000	0.0000000
7369.9937926	7074.9889754	7074.7565625	0.0000000	0.0000000	0.0001516	0.1862582	0.0991421	0.0000000	0.0000000
7369.9937926	7069.9904278	7069.9420313	0.0000000	0.0000000	0.0000563	0.1886449	0.0978008	0.0000000	0.0000000
7369.9937926	7064.9849184	7064.7262891	0.0000000	0.0000000	0.0001488	0.1880010	0.0978389	0.0000000	0.0000000
7369.9937926	7059.9863559	7059.9297656	0.0000000	0.0000000	0.0000664	0.1884606	0.0974161	0.0000000	0.0000000
7369.9937926	7054.9841606	7054.7725488	0.0000000	0.0000000	0.0000798	0.1882944	0.0972955	0.0000000	0.0000000
7369.9937926	7049.9819654	7049.6153320	0.0000000	0.0000000	0.0000895	0.1878831	0.0963685	0.0000000	0.0000000
7369.9937926	7044.9875799	7044.8548242	0.0000000	0.0000000	0.0001445	0.1878689	0.0971853	0.0000000	0.0000000
7369.9937926	7039.9814797	7039.6976074	0.0000000	0.0000000	0.0000571	0.1869719	0.0984878	0.0000000	0.0000000
7369.9937926	7034.9831894	7034.9370996	0.0000000	0.0000000	0.0001052	0.1867336	0.0986891	0.0000000	0.0000000
7369.9937926	7029.9848990	7029.7798828	0.0000000	0.0000000	0.0001165	0.1874432	0.0991871	0.0000000	0.0000000
7369.9937926	7024.9827038	7024.6226660	0.0000000	0.0000000	0.0000962	0.1868617	0.0998872	0.0000000	0.0000000
7369.9937926	7019.9805085	7019.8843262	0.0000000	0.0000000	0.0001498	0.1886892	0.0983059	0.0000000	0.0000000
7369.9937926	7014.9861230	7014.7847461	0.0000000	0.0000000	0.0001058	0.1896287	0.0979486	0.0000000	0.0000000
7369.9937926	7009.9839278	7009.6851660	0.0000000	0.0000000	0.0000908	0.1890768	0.0972914	0.0000000	0.0000000
7369.9937926	7004.9817325	7004.9778613	0.0000000	0.0000000	0.0000682	0.1878091	0.0980593	0.0000000	0.0000000
