7014.9971002	7599.9952327	7599.5502051	0.0000000	0.0000000	0.0170569	0.1547052	0.1245863	0.0000000	7015.0000000
7014.9971002	7594.9892152	7594.9313574	0.0000000	0.0000000	0.0177310	0.1544270	0.1211384	0.0000000	0.0000000
7014.9971002	7589.9849267	7589.8506250	0.0000000	0.0000000	0.0181510	0.1556807	0.1204420	0.0000000	0.0000000
7014.9971002	7584.9897621	7584.7698926	0.0000000	0.0000000	0.0208616	0.1567039	0.1212532	0.0000000	0.0000000
7014.9971002	7579.9895004	7579.6891602	0.0000000	0.0000000	0.0171725	0.1558641	0.1200078	0.0000000	0.0000000
7014.9971002	7574.9866901	7574.6139941	0.0000000	0.0000000	0.0196368	0.1554845	0.1214082	0.0000000	0.0000000
7014.9971002	7569.9889770	7569.5944922	0.0000000	0.0000000	0.0197145	0.1564869	0.1221157	0.0000000	0.0000000
7014.9971002	7564.9887153	7564.5749902	0.0000000	0.0000000	0.0192660	0.1555165	0.1213694	0.0000000	0.0000000
7014.9971002	7559.9859050	7559.5554883	0.0000000	0.0000000	0.0199635	0.1565511	0.1219991	0.0000000	0.0000000
7014.9971002	7554.9856433	7554.9923047	0.0000000	0.0000000	0.0184491	0.1558978	0.1216720	0.0000000	0.0000000
7014.9971002	7549.9879301	7549.9728027	0.0000000	0.0000000	0.0194479	0.1567449	0.1220905	0.0000000	0.0000000
7014.9971002	7544.9851198	7544.9533008	0.0000000	0.0000000	0.0202147	0.1565061	0.1220797	0.0000000	0.0000000
7014.9971002	7539.9872981	7539.9337988	0.0000000	0.0000000	0.0192229	0.1569833	0.1223018	0.0000000	0.0000000
7014.9971002	7534.9895353	7534.9142969	0.0000000	0.0000000	0.0178467	0.1564122	0.1218448	0.0000000	0.0000000
7014.9971002	7529.9830707	7529.8947949	0.0000000	0.0000000	0.0201172	0.1545105	0.1221727	0.0000000	0.0000000
7014.9971002	7524.9853080	7524.9299316	0.0000000	0.0000000	0.0180659	0.1537438	0.1219415	0.0000000	0.0000000
7014.9971002	7519.9875452	7519.9705322	0.0000000	0.0000000	0.0193787	0.1541204	0.1219052	0.0000000	0.0000000
7014.9971002	7515.0332918	7514.5602783	0.0000000	0.0000000	0.0176327	0.1546177	0.1219580	0.0000000	0.0000000
7014.9971002	7510.0297278	7509.6008789	0.0000000	0.0000000	0.0177466	0.1549611	0.1215872	0.0000000	0.0000000
7014.9971002	7505.0319651	7504.6414795	0.0000000	0.0000000	0.0193351	0.1548795	0.1208461	0.0000000	0.0000000
7014.9971002	7499.9877924	7499.6820801	0.0000000	0.0000000	0.0178339	0.1539476	0.1205895	0.0000000	0.0000000
7014.9971002	7495.0335390	7494.7226807	0.0000000	0.0000000	0.0185524	0.1550947	0.1205883	0.0000000	0.0000000
7014.9971002	7490.0269887	7489.7632813	0.0000000	0.0000000	0.0181090	0.1554807	0.1206361	0.0000000	0.0000000
7014.9971002	7485.0242217	7484.8038818	0.0000000	0.0000000	0.0184198	0.1562435	0.1203816	0.0000000	0.0000000
7014.9971002	7479.9844604	7479.8981445	0.0000000	0.0000000	0.0182628	0.1565496	0.1203888	0.0000000	0.0000000
7014.9971002	7474.9873848	7474.9977734	0.0000000	0.0000000	0.0177191	0.1559387	0.1212979	0.0000000	0.0000000
7014.9971002	7469.9846178	7469.6519141	0.0000000	0.0000000	0.0159219	0.1566271	0.1215715	0.0000000	0.0000000
7014.9971002	7464.9846965	7464.7515430	0.0000000	0.0000000	0.0121279	0.1545496	0.1202777	0.0000000	0.0000000
7014.9971002	7459.9847751	7459.8511719	0.0000000	0.0000000	0.0149353	0.1558625	0.1222466	0.0000000	0.0000000
7014.9971002	7454.9820081	7454.9508008	0.0000000	0.0000000	0.0128336	0.1562954	0.1240663	0.0000000	0.0000000
7014.9971002	7449.9877783	7449.6049414	0.0000000	0.0000000	0.0129673	0.1560909	0.1204963	0.0000000	0.0000000
7014.9971002	7444.9878570	7444.7045703	0.0000000	0.0000000	0.0113741	0.1554287	0.1192048	0.0000000	0.0000000
7014.9971002	7439.9822442	7439.8041992	0.0000000	0.0000000	0.0106166	0.1553383	0.1197174	0.0000000	0.0000000
7014.9971002	7434.9851686	7434.9618359	0.0000000	0.0000000	0.0093352	0.1552389	0.1186361	0.0000000	0.0000000
7014.9971002	7429.9899093	7429.6792578	0.0000000	0.0000000	0.0104946	0.1557972	0.1186368	0.0000000	0.0000000
7014.9971002	7424.9891513	7424.8368945	0.0000000	0.0000000	0.0091167	0.1564918	0.1179946	0.0000000	0.0000000
7014.9971002	7419.9857133	7419.9945313	0.0000000	0.0000000	0.0078770	0.1565160	0.1182360	0.0000000	0.0000000
7014.9971002	7414.9849553	7414.7119531	0.0000000	0.0000000	0.0075050	0.1553361	0.1184436	0.0000000	0.0000000
7014.9971002	7409.9841972	7409.8695898	0.0000000	0.0000000	0.0078676	0.1542035	0.1181877	0.0000000	0.0000000
7014.9971002	7404.9861191	7404.5870117	0.0000000	0.0000000	0.0071016	0.1553572	0.1178191	0.0000000	0.0000000
7014.9971002	7399.9880410	7399.7446484	0.0000000	0.0000000	0.0073679	0.1559320	0.1171255	0.0000000	0.0000000
7014.9971002	7394.9846030	7394.9126367	0.0000000	0.0000000	0.0068406	0.1575200	0.1163900	0.0000000	0.0000000
7014.9971002	7389.9865249	7389.6921680	0.0000000	0.0000000	0.0073348	0.1563098	0.1162158	0.0000000	0.0000000
7014.9971002	7384.9884468	7384.9067383	0.0000000	0.0000000	0.0073086	0.1568239	0.1153685	0.0000000	0.0000000
7014.9971002	7379.9820701	7379.6862695	0.0000000	0.0000000	0.0066357	0.1577441	0.1131461	0.0000000	0.0000000
7014.9971002	7375.0055289	7374.9008398	0.0000000	0.0000000	0.0055297	0.1579075	0.1109198	0.0000000	0.0000000
7014.9971002	7370.0062785	7369.6803711	0.0000000	0.0000000	0.0069895	0.1572196	0.1122603	0.0000000	0.0000000
7014.9971002	7365.0070282	7364.8949414	0.0000000	0.0000000	0.0085874	0.1566179	0.1121750	0.0000000	0.0000000
7014.9971002	7360.0142662	7359.6744727	0.0000000	0.0000000	0.0084586	0.1560953	0.1113793	0.0000000	0.0000000
7014.9971002	7355.0020392	7354.8890430	0.0000000	0.0000000	0.0091448	0.1559004	0.1099109	0.0000000	0.0000000
7014.9971002	7350.0060330	7349.6991016	0.0000000	0.0000000	0.0076096	0.1554459	0.1071677	0.0000000	0.0000000
7014.9971002	7345.0132710	7344.9696387	0.0000000	0.0000000	0.0071571	0.1560239	0.1044534	0.0000000	0.0000000
7014.9971002	7340.0107765	7339.8102246	0.0000000	0.0000000	0.0058121	0.1570593	0.1047351	0.0000000	0.0000000
7014.9971002	7335.0082820	7334.6508105	0.0000000	0.0000000	0.0070488	0.1562567	0.1051591	0.0000000	0.0000000
7014.9971002	7330.0025434	7329.9213477	0.0000000	0.0000000	0.0082397	0.1559452	0.1042289	0.0000000	0.0000000
7014.9971002	7325.0216617	7324.7619336	0.0000000	0.0000000	0.0080140	0.1565322	0.1041194	0.0000000	0.0000000
7014.9971002	7319.9871765	7319.6025195	0.0000000	0.0000000	0.0075677	0.1567657	0.1049526	0.0000000	0.0000000
7014.9971002	7314.9864987	7314.8730566	0.0000000	0.0000000	0.0085723	0.1570637	0.1038201	0.0000000	0.0000000
7014.9971002	7309.9886382	7309.7136426	0.0000000	0.0000000	0.0093070	0.1563213	0.1044832	0.0000000	0.0000000
7014.9971002	7304.9879604	7304.6092822	0.0000000	0.0000000	0.0084220	0.1561556	0.1045565	0.0000000	0.0000000
7014.9971002	7299.9844653	7299.9348730	0.0000000	0.0000000	0.0084275	0.1561044	0.1035197	0.0000000	0.0000000
7014.9971002	7294.9837875	7294.8355176	0.0000000	0.0000000	0.0086698	0.1570524	0.1041978	0.0000000	0.0000000
7014.9971002	7289.9859270	7289.7361621	0.0000000	0.0000000	0.0105608	0.1574705	0.1053135	0.0000000	0.0000000
7014.9971002	7284.9852492	7284.6368066	0.0000000	0.0000000	0.0108318	0.1580063	0.1050757	0.0000000	0.0000000
7014.9971002	7279.9815887	7279.9623975	0.0000000	0.0000000	0.0110558	0.1582794	0.1067238	0.0000000	0.0000000
7014.9971002	7275.0097731	7274.8630420	0.0000000	0.0000000	0.0132997	0.1572042	0.1077457	0.0000000	0.0000000
7014.9971002	7270.0155042	7269.7636865	0.0000000	0.0000000	0.0151393	0.1560577	0.1074680	0.0000000	0.0000000
7014.9971002	7265.0084048	7264.6888672	0.0000000	0.0000000	0.0115118	0.1570437	0.1047732	0.0000000	0.0000000
7014.9971002	7260.0045130	7259.6483984	0.0000000	0.0000000	0.0108035	0.1571017	0.1043737	0.0000000	0.0000000
7014.9971002	7255.0166593	7254.6079297	0.0000000	0.0000000	0.0127474	0.1564641	0.1034135	0.0000000	0.0000000
7014.9971002	7250.0127675	7249.9875000	0.0000000	0.0000000	0.0135071	0.1563445	0.1018428	0.0000000	0.0000000
7014.9971002	7245.0088757	7244.9470313	0.0000000	0.0000000	0.0151539	0.1561322	0.1007009	0.0000000	0.0000000
7014.9971002	7240.0049839	7239.9065625	0.0000000	0.0000000	0.0124285	0.1570967	0.0988890	0.0000000	0.0000000
7014.9971002	7235.0203378	7234.8660938	0.0000000	0.0000000	0.0151919	0.1567883	0.0990247	0.0000000	0.0000000
7014.9971002	7230.0068231	7229.8256250	0.0000000	0.0000000	0.0151083	0.1576377	0.0991101	0.0000000	0.0000000
7014.9971002	7225.0066456	7224.7851563	0.0000000	0.0000000	0.0159417	0.1570391	0.0984913	0.0000000	0.0000000
7014.9971002	7220.0049369	7219.8026367	0.0000000	0.0000000	0.0239519	0.1573967	0.1003383	0.0000000	0.0000000
7014.9971002	7215.0064889	7214.8201172	0.0000000	0.0000000	0.0312188	0.1572742	0.1027006	0.0000000	0.0000000
7014.9971002	7210.0113014	7209.8375977	0.0000000	0.0000000	0.0376361	0.1568831	0.1039110	0.0000000	0.0000000
7014.9971002	7205.0128534	7204.8550781	0.0000000	0.0000000	0.0445056	0.1568461	0.1038148	0.0000000	0.0000000
7014.9971002	7200.0078842	7199.8725586	0.0000000	0.0000000	0.0467615	0.1556100	0.1050684	0.0000000	0.0000000
7014.9971002	7195.0061755	7194.8900391	0.0000000	0.0000000	0.0497557	0.1569053	0.1046191	0.0000000	0.0000000
7014.9971002	7190.0207698	7189.9075195	0.0000000	0.0000000	0.0533562	0.1577333	0.1043354	0.0000000	0.0000000
7014.9971002	7184.9994977	7184.9250000	0.0000000	0.0000000	0.0611060	0.1573730	0.1041244	0.0000000	0.0000000
7014.9971002	7180.0043103	7179.9804492	0.0000000	0.0000000	0.0577834	0.1571783	0.1026039	0.0000000	0.0000000
7014.9971002	7175.0026016	7174.6444189	0.0000000	0.0000000	0.0615874	0.1568843	0.1020685	0.0000000	0.0000000
7014.9971002	7170.0139353	7169.7188525	0.0000000	0.0000000	0.0679642	0.1571545	0.1015857	0.0000000	0.0000000
7014.9971002	7165.0210020	7164.7932861	0.0000000	0.0000000	0.0606046	0.1573021	0.1008856	0.0000000	0.0000000
7014.9971002	7160.0251023	7159.8677197	0.0000000	0.0000000	0.0612739	0.1573561	0.1012150	0.0000000	0.0000000
7014.9971002	7155.0261947	7154.9421533	0.0000000	0.0000000	0.0688405	0.1563014	0.1027079	0.0000000	0.0000000
7014.9971002	7150.0212717	7149.6061230	0.0000000	0.0000000	0.0807958	0.1571826	0.1006720	0.0000000	0.0000000
7014.9971002	7145.0313875	7144.6805566	0.0000000	0.0000000	0.0770977	0.1580166	0.0988987	0.0000000	0.0000000
7014.9971002	7140.0204489	7139.7829688	0.0000000	0.0000000	0.0688894	0.1567451	0.0986691	0.0000000	0.0000000
7014.9971002	7135.0185336	7134.9133594	0.0000000	0.0000000	0.0721237	0.1566898	0.1003330	0.0000000	0.0000000
7014.9971002	7130.0286494	7129.6379492	0.0000000	0.0000000	0.0917637	0.1565905	0.1014708	0.0000000	0.0000000
7014.9971002	7125.0267341	7124.7683398	0.0000000	0.0000000	0.0951575	0.1566278	0.0994520	0.0000000	0.0000000
7014.9971002	7120.0278266	7119.8987305	0.0000000	0.0000000	0.0875026	0.1567374	0.0985475	0.0000000	0.0000000
7014.9971002	7114.9843181	7114.6233203	0.0000000	0.0000000	0.0978195	0.1564896	0.0991071	0.0000000	0.0000000
7014.9971002	7109.9857704	7109.7537109	0.0000000	0.0000000	0.1161873	0.1565088	0.1003134	0.0000000	0.0000000
7014.9971002	7104.9837419	7104.8841016	0.0000000	0.0000000	0.1165950	0.1560975	0.0995581	0.0000000	0.0000000
7014.9971002	7099.9956370	7099.6316406	0.0000000	0.0000000	0.1257365	0.1569667	0.0980450	0.0000000	0.0000000
7014.9971002	7094.9796850	7094.8171094	0.0000000	0.0000000	0.1255809	0.1560696	0.0997875	0.0000000	0.0000000
7014.9971002	7089.9811373	7089.6013672	0.0000000	0.0000000	0.1292122	0.1557673	0.0986981	0.0000000	0.0000000
7014.9971002	7084.9895515	7084.7868359	0.0000000	0.0000000	0.1331357	0.1567786	0.0995367	0.0000000	0.0000000
7014.9971002	7079.9875230	7079.9723047	0.0000000	0.0000000	0.1156333	0.1564855	0.0965966	0.0000000	0.0000000
7014.9971002	7074.9889754	7074.7565625	0.0000000	0.0000000	0.0993892	0.1572740	0.0942144	0.0000000	0.0000000
7014.9971002	7069.9869469	7069.9420313	0.0000000	0.0000000	0.0978264	0.1570391	0.0956958	0.0000000	0.0000000
7014.9971002	7064.9883993	7064.7262891	0.0000000	0.0000000	0.1124342	0.1564799	0.0956704	0.0000000	0.0000000
7014.9971002	7059.9863559	7059.9297656	0.0000000	0.0000000	0.1233152	0.1562438	0.0961030	0.0000000	0.0000000
7014.9971002	7054.9841606	7054.7725488	0.0000000	0.0000000	0.1473477	0.1568944	0.0963544	0.0000000	0.0000000
7014.9971002	7049.9819654	7049.6153320	0.0000000	0.0000000	0.1640786	0.1571479	0.0964843	0.0000000	0.0000000
7014.9971002	7044.9875799	7044.8548242	0.0000000	0.0000000	0.1569374	0.1562173	0.0949766	0.0000000	0.0000000
7014.9971002	7039.9814797	7039.6976074	0.0000000	0.0000000	0.1775768	0.1559653	0.0961326	0.0000000	0.0000000
7014.9971002	7034.9831894	7034.9370996	0.0000000	0.0000000	0.2145923	0.1560621	0.0961646	0.0000000	0.0000000
7014.9971002	7029.9809941	7029.7798828	0.0000000	0.0000000	0.2976279	0.1566769	0.0957379	0.0000000	0.0000000
7014.9971002	7024.9787988	7024.6226660	0.0000000	0.0000000	0.4200089	0.1563865	0.0961992	0.0000000	0.0000000
7014.9971002	7019.9805085	7019.8843262	0.0000000	0.0000000	0.5201748	0.1554751	0.0955280	0.0000000	0.0000000
7014.9971002	7014.9900280	7014.7847461	0.0000000	0.0000000	0.5915612	0.1560659	0.0965968	0.0000000	0.0000000
7014.9971002	7009.9839278	7009.6851660	0.0000000	0.0000000	0.5502714	0.1563043	0.0963593	0.0000000	0.0000000
7014.9971002	7004.9817325	7004.9778613	0.0000000	0.0000000	0.4528319	0.1566978	0.0963221	0.0000000	0.0000000
