7579.9939846	7599.9977245	7599.5502051	0.0000000	0.0000000	0.0094208	0.1833562	0.1261357	0.0000000	7580.0000000
7579.9939846	7594.9867234	7594.9313574	0.0000000	0.0000000	0.0165913	0.1836936	0.1249348	0.0000000	0.0000000
7579.9939846	7589.9849267	7589.8506250	0.0000000	0.0000000	0.0373792	0.1832933	0.1249591	0.0000000	0.0000000
7579.9939846	7584.9897621	7584.7698926	0.0000000	0.0000000	0.0660803	0.1830012	0.1253965	0.0000000	0.0000000
7579.9939846	7579.9895004	7579.6891602	0.0000000	0.0000000	0.0858777	0.1831007	0.1255146	0.0000000	0.0000000
7579.9939846	7574.9866901	7574.6139941	0.0000000	0.0000000	0.0731941	0.1827137	0.1280039	0.0000000	0.0000000
7579.9939846	7569.9889770	7569.5944922	0.0000000	0.0000000	0.0377174	0.1832220	0.1253004	0.0000000	0.0000000
7579.9939846	7564.9887153	7564.5749902	0.0000000	0.0000000	0.0194841	0.1828573	0.1273807	0.0000000	0.0000000
7579.9939846	7559.9910021	7559.5554883	0.0000000	0.0000000	0.0113279	0.1829734	0.1270579	0.0000000	0.0000000
7579.9939846	7554.9881918	7554.9923047	0.0000000	0.0000000	0.0116942	0.1835304	0.1262405	0.0000000	0.0000000
7579.9939846	7549.9853816	7549.9728027	0.0000000	0.0000000	0.0127091	0.1835135	0.1263859	0.0000000	0.0000000
7579.9939846	7544.9851198	7544.9533008	0.0000000	0.0000000	0.0144291	0.1827439	0.1262869	0.0000000	0.0000000
7579.9939846	7539.9872981	7539.9337988	0.0000000	0.0000000	0.0179883	0.1840433	0.1268679	0.0000000	0.0000000
7579.9939846	7534.9866347	7534.9142969	0.0000000	0.0000000	0.0184032	0.1837706	0.1275458	0.0000000	0.0000000
7579.9939846	7529.9830707	7529.8947949	0.0000000	0.0000000	0.0197950	0.1824636	0.1263994	0.0000000	0.0000000
7579.9939846	7524.9882086	7524.9299316	0.0000000	0.0000000	0.0234014	0.1818217	0.1285259	0.0000000	0.0000000
7579.9939846	7519.9875452	7519.9705322	0.0000000	0.0000000	0.0205734	0.1819908	0.1267632	0.0000000	0.0000000
7579.9939846	7514.9868819	7514.5602783	0.0000000	0.0000000	0.0197979	0.1829703	0.1269445	0.0000000	0.0000000
7579.9939846	7509.9833179	7509.6008789	0.0000000	0.0000000	0.0218261	0.1823762	0.1268232	0.0000000	0.0000000
7579.9939846	7504.9855552	7504.6414795	0.0000000	0.0000000	0.0230018	0.1822864	0.1265238	0.0000000	0.0000000
7579.9939846	7499.9877924	7499.6820801	0.0000000	0.0000000	0.0229408	0.1827347	0.1249119	0.0000000	0.0000000
7579.9939846	7494.9871291	7494.7226807	0.0000000	0.0000000	0.0201355	0.1832605	0.1246965	0.0000000	0.0000000
7579.9939846	7489.9843030	7489.7632813	0.0000000	0.0000000	0.0186327	0.1824124	0.1255471	0.0000000	0.0000000
7579.9939846	7484.9843817	7484.8038818	0.0000000	0.0000000	0.0151522	0.1835104	0.1240219	0.0000000	0.0000000
7579.9939846	7479.9873061	7479.8981445	0.0000000	0.0000000	0.0179406	0.1836014	0.1262819	0.0000000	0.0000000
7579.9939846	7474.9873848	7474.9977734	0.0000000	0.0000000	0.0166058	0.1828220	0.1256919	0.0000000	0.0000000
7579.9939846	7469.9846178	7469.6519141	0.0000000	0.0000000	0.0114757	0.1832660	0.1257896	0.0000000	0.0000000
7579.9939846	7464.9875422	7464.7515430	0.0000000	0.0000000	0.0163652	0.1822493	0.1259130	0.0000000	0.0000000
7579.9939846	7459.9876209	7459.8511719	0.0000000	0.0000000	0.0139673	0.1827723	0.1247253	0.0000000	0.0000000
7579.9939846	7454.9848538	7454.9508008	0.0000000	0.0000000	0.0136490	0.1826631	0.1261199	0.0000000	0.0000000
7579.9939846	7449.9849325	7449.6049414	0.0000000	0.0000000	0.0133650	0.1824562	0.1253688	0.0000000	0.0000000
7579.9939846	7444.9878570	7444.7045703	0.0000000	0.0000000	0.0151027	0.1833181	0.1260258	0.0000000	0.0000000
7579.9939846	7439.9879357	7439.8041992	0.0000000	0.0000000	0.0156509	0.1829747	0.1254558	0.0000000	0.0000000
7579.9939846	7434.9851686	7434.9618359	0.0000000	0.0000000	0.0261906	0.1826198	0.1256609	0.0000000	0.0000000
7579.9939846	7429.9872294	7429.6792578	0.0000000	0.0000000	0.0206449	0.1829069	0.1248896	0.0000000	0.0000000
7579.9939846	7424.9864714	7424.8368945	0.0000000	0.0000000	0.0177749	0.1827743	0.1246360	0.0000000	0.0000000
7579.9939846	7419.9883932	7419.9945313	0.0000000	0.0000000	0.0158861	0.1821947	0.1263362	0.0000000	0.0000000
7579.9939846	7414.9876352	7414.7119531	0.0000000	0.0000000	0.0150728	0.1823774	0.1236588	0.0000000	0.0000000
7579.9939846	7409.9868772	7409.8695898	0.0000000	0.0000000	0.0121221	0.1832385	0.1213612	0.0000000	0.0000000
7579.9939846	7404.9861191	7404.5870117	0.0000000	0.0000000	0.0110176	0.1825165	0.1219028	0.0000000	0.0000000
7579.9939846	7399.9907209	7399.7446484	0.0000000	0.0000000	0.0105580	0.1828429	0.1217109	0.0000000	0.0000000
7579.9939846	7394.9872830	7394.9126367	0.0000000	0.0000000	0.0123678	0.1827716	0.1212892	0.0000000	0.0000000
7579.9939846	7389.9865249	7389.6921680	0.0000000	0.0000000	0.0093097	0.1831581	0.1203154	0.0000000	0.0000000
7579.9939846	7384.9884468	7384.9067383	0.0000000	0.0000000	0.0248175	0.1823324	0.1204633	0.0000000	0.0000000
7579.9939846	7379.9820701	7379.6862695	0.0000000	0.0000000	0.0113395	0.1820070	0.1201909	0.0000000	0.0000000
7579.9939846	7374.9828197	7374.9008398	0.0000000	0.0000000	0.0085920	0.1832260	0.1172830	0.0000000	0.0000000
7579.9939846	7369.9868136	7369.6803711	0.0000000	0.0000000	0.0092097	0.1830604	0.1168348	0.0000000	0.0000000
7579.9939846	7364.9843191	7364.8949414	0.0000000	0.0000000	0.0098044	0.1829253	0.1167659	0.0000000	0.0000000
7579.9939846	7359.9850687	7359.6744727	0.0000000	0.0000000	0.0090908	0.1836328	0.1149346	0.0000000	0.0000000
7579.9939846	7354.9858184	7354.8890430	0.0000000	0.0000000	0.0101141	0.1815294	0.1162061	0.0000000	0.0000000
7579.9939846	7349.9865681	7349.6991016	0.0000000	0.0000000	0.0085486	0.1823636	0.1135244	0.0000000	0.0000000
7579.9939846	7344.9840736	7344.9696387	0.0000000	0.0000000	0.0103937	0.1822889	0.1127687	0.0000000	0.0000000
7579.9939846	7339.9848232	7339.8102246	0.0000000	0.0000000	0.0070260	0.1830131	0.1105359	0.0000000	0.0000000
7579.9939846	7334.9855729	7334.6508105	0.0000000	0.0000000	0.0102012	0.1829774	0.1097858	0.0000000	0.0000000
7579.9939846	7329.9863226	7329.9213477	0.0000000	0.0000000	0.0088654	0.1830875	0.1096560	0.0000000	0.0000000
7579.9939846	7324.9878543	7324.7619336	0.0000000	0.0000000	0.0081565	0.1825269	0.1113873	0.0000000	0.0000000
7579.9939846	7319.9871765	7319.6025195	0.0000000	0.0000000	0.0064196	0.1838129	0.1101809	0.0000000	0.0000000
7579.9939846	7314.9864987	7314.8730566	0.0000000	0.0000000	0.0066438	0.1830656	0.1108225	0.0000000	0.0000000
7579.9939846	7309.9886382	7309.7136426	0.0000000	0.0000000	0.0059744	0.1823429	0.1110553	0.0000000	0.0000000
7579.9939846	7304.9879604	7304.6092822	0.0000000	0.0000000	0.0068317	0.1822917	0.1105607	0.0000000	0.0000000
7579.9939846	7299.9844653	7299.9348730	0.0000000	0.0000000	0.0056965	0.1824482	0.1111750	0.0000000	0.0000000
7579.9939846	7294.9837875	7294.8355176	0.0000000	0.0000000	0.0049108	0.1822825	0.1105145	0.0000000	0.0000000
7579.9939846	7289.9802925	7289.7361621	0.0000000	0.0000000	0.0046998	0.1827559	0.1121373	0.0000000	0.0000000
7579.9939846	7284.9852492	7284.6368066	0.0000000	0.0000000	0.0049987	0.1825214	0.1131533	0.0000000	0.0000000
7579.9939846	7279.9815887	7279.9623975	0.0000000	0.0000000	0.0081541	0.1825302	0.1139891	0.0000000	0.0000000
7579.9939846	7274.9809045	7274.8630420	0.0000000	0.0000000	0.0047455	0.1830692	0.1130206	0.0000000	0.0000000
7579.9939846	7269.9866356	7269.7636865	0.0000000	0.0000000	0.0060675	0.1816392	0.1128867	0.0000000	0.0000000
7579.9939846	7264.9859514	7264.6888672	0.0000000	0.0000000	0.0057526	0.1824558	0.1120299	0.0000000	0.0000000
7579.9939846	7259.9852672	7259.6483984	0.0000000	0.0000000	0.0048036	0.1827826	0.1111440	0.0000000	0.0000000
7579.9939846	7254.9845830	7254.6079297	0.0000000	0.0000000	0.0036366	0.1833536	0.1102144	0.0000000	0.0000000
7579.9939846	7249.9871065	7249.9875000	0.0000000	0.0000000	0.0028804	0.1831552	0.1086360	0.0000000	0.0000000
7579.9939846	7244.9832147	7244.9470313	0.0000000	0.0000000	0.0025543	0.1825787	0.1071118	0.0000000	0.0000000
7579.9939846	7239.9857381	7239.9065625	0.0000000	0.0000000	0.0016587	0.1829680	0.1062704	0.0000000	0.0000000
7579.9939846	7234.9850540	7234.8660938	0.0000000	0.0000000	0.0016393	0.1821255	0.1041108	0.0000000	0.0000000
7579.9939846	7229.9843698	7229.8256250	0.0000000	0.0000000	0.0018334	0.1827070	0.1055385	0.0000000	0.0000000
7579.9939846	7224.9838216	7224.7851563	0.0000000	0.0000000	0.0026775	0.1825056	0.1068925	0.0000000	0.0000000
7579.9939846	7219.9853736	7219.8026367	0.0000000	0.0000000	0.0019423	0.1823964	0.1072336	0.0000000	0.0000000
7579.9939846	7214.9869255	7214.8201172	0.0000000	0.0000000	0.0017150	0.1821544	0.1091913	0.0000000	0.0000000
7579.9939846	7209.9852169	7209.8375977	0.0000000	0.0000000	0.0015646	0.1827140	0.1095892	0.0000000	0.0000000
7579.9939846	7204.9867688	7204.8550781	0.0000000	0.0000000	0.0015988	0.1829303	0.1106943	0.0000000	0.0000000
7579.9939846	7199.9850602	7199.8725586	0.0000000	0.0000000	0.0010586	0.1819055	0.1106858	0.0000000	0.0000000
7579.9939846	7194.9833516	7194.8900391	0.0000000	0.0000000	0.0012535	0.1826619	0.1127616	0.0000000	0.0000000
7579.9939846	7189.9849035	7189.9075195	0.0000000	0.0000000	0.0012258	0.1827797	0.1130123	0.0000000	0.0000000
7579.9939846	7184.9864555	7184.9250000	0.0000000	0.0000000	0.0011288	0.1819907	0.1114384	0.0000000	0.0000000
7579.9939846	7179.9814863	7179.9804492	0.0000000	0.0000000	0.0007462	0.1821250	0.1111835	0.0000000	0.0000000
7579.9939846	7174.9862988	7174.6444189	0.0000000	0.0000000	0.0020387	0.1823231	0.1099188	0.0000000	0.0000000
7579.9939846	7169.9845902	7169.7188525	0.0000000	0.0000000	0.0005690	0.1822181	0.1077815	0.0000000	0.0000000
7579.9939846	7164.9849088	7164.7932861	0.0000000	0.0000000	0.0003939	0.1816798	0.1073141	0.0000000	0.0000000
7579.9939846	7159.9860013	7159.8677197	0.0000000	0.0000000	0.0003259	0.1826934	0.1063342	0.0000000	0.0000000
7579.9939846	7154.9840860	7154.9421533	0.0000000	0.0000000	0.0003772	0.1823866	0.1081067	0.0000000	0.0000000
7579.9939846	7149.9851785	7149.6061230	0.0000000	0.0000000	0.0003243	0.1823829	0.1084222	0.0000000	0.0000000
7579.9939846	7144.9892787	7144.6805566	0.0000000	0.0000000	0.0002656	0.1824987	0.1071713	0.0000000	0.0000000
7579.9939846	7139.9873635	7139.7829688	0.0000000	0.0000000	0.0002441	0.1816572	0.1074756	0.0000000	0.0000000
7579.9939846	7134.9824404	7134.9133594	0.0000000	0.0000000	0.0002072	0.1810420	0.1076864	0.0000000	0.0000000
7579.9939846	7129.9895484	7129.6379492	0.0000000	0.0000000	0.0002571	0.1823317	0.1079287	0.0000000	0.0000000
7579.9939846	7124.9846254	7124.7683398	0.0000000	0.0000000	0.0004180	0.1821694	0.1070896	0.0000000	0.0000000
7579.9939846	7119.9857178	7119.8987305	0.0000000	0.0000000	0.0002455	0.1815299	0.1059604	0.0000000	0.0000000
7579.9939846	7114.9843181	7114.6233203	0.0000000	0.0000000	0.0002279	0.1821909	0.1076031	0.0000000	0.0000000
7579.9939846	7109.9857704	7109.7537109	0.0000000	0.0000000	0.0003260	0.1819502	0.1086559	0.0000000	0.0000000
7579.9939846	7104.9837419	7104.8841016	0.0000000	0.0000000	0.0001342	0.1817443	0.1069573	0.0000000	0.0000000
7579.9939846	7099.9851943	7099.6316406	0.0000000	0.0000000	0.0002319	0.1822183	0.1083842	0.0000000	0.0000000
7579.9939846	7094.9831658	7094.8171094	0.0000000	0.0000000	0.0001467	0.1820208	0.1079940	0.0000000	0.0000000
7579.9939846	7089.9846182	7089.6013672	0.0000000	0.0000000	0.0001553	0.1812588	0.1080642	0.0000000	0.0000000
7579.9939846	7084.9895515	7084.7868359	0.0000000	0.0000000	0.0001119	0.1810015	0.1073818	0.0000000	0.0000000
7579.9939846	7079.9875230	7079.9723047	0.0000000	0.0000000	0.0001179	0.1822666	0.1046096	0.0000000	0.0000000
7579.9939846	7074.9889754	7074.7565625	0.0000000	0.0000000	0.0000317	0.1821437	0.1030651	0.0000000	0.0000000
7579.9939846	7069.9869469	7069.9420313	0.0000000	0.0000000	0.0002079	0.1817657	0.1046389	0.0000000	0.0000000
7579.9939846	7064.9918802	7064.7262891	0.0000000	0.0000000	0.0000222	0.1821243	0.1029368	0.0000000	0.0000000
7579.9939846	7059.9863559	7059.9297656	0.0000000	0.0000000	0.0000502	0.1819542	0.1057305	0.0000000	0.0000000
7579.9939846	7054.9880656	7054.7725488	0.0000000	0.0000000	0.0000703	0.1808022	0.1055532	0.0000000	0.0000000
7579.9939846	7049.9819654	7049.6153320	0.0000000	0.0000000	0.0000880	0.1823280	0.1049208	0.0000000	0.0000000
7579.9939846	7044.9875799	7044.8548242	0.0000000	0.0000000	0.0000232	0.1815996	0.1043547	0.0000000	0.0000000
7579.9939846	7039.9853847	7039.6976074	0.0000000	0.0000000	0.0000532	0.1817197	0.1045789	0.0000000	0.0000000
7579.9939846	7034.9831894	7034.9370996	0.0000000	0.0000000	0.0000469	0.1822598	0.1042911	0.0000000	0.0000000
7579.9939846	7029.9809941	7029.7798828	0.0000000	0.0000000	0.0000341	0.1822675	0.1038447	0.0000000	0.0000000
7579.9939846	7024.9827038	7024.6226660	0.0000000	0.0000000	0.0000796	0.1819202	0.1050081	0.0000000	0.0000000
7579.9939846	7019.9805085	7019.8843262	0.0000000	0.0000000	0.0000380	0.1833217	0.1030957	0.0000000	0.0000000
7579.9939846	7014.9861230	7014.7847461	0.0000000	0.0000000	0.0001210	0.1826978	0.1047858	0.0000000	0.0000000
7579.9939846	7009.9839278	7009.6851660	0.0000000	0.0000000	0.0000919	0.1828446	0.1047646	0.0000000	0.0000000
7579.9939846	7004.9856374	7004.9778613	0.0000000	0.0000000	0.0000955	0.1817961	0.1060042	0.0000000	0.0000000
