7074.9998375	7599.9977245	7599.5502051	0.0000000	0.0000000	0.0204303	0.1621710	0.1219458	0.0000000	7075.0000000
7074.9998375	7594.9867234	7594.9313574	0.0000000	0.0000000	0.0224277	0.1628890	0.1213716	0.0000000	0.0000000
7074.9998375	7589.9849267	7589.8506250	0.0000000	0.0000000	0.0221261	0.1627229	0.1219631	0.0000000	0.0000000
7074.9998375	7584.9897621	7584.7698926	0.0000000	0.0000000	0.0221710	0.1633870	0.1221656	0.0000000	0.0000000
7074.9998375	7579.9895004	7579.6891602	0.0000000	0.0000000	0.0254211	0.1643530	0.1241554	0.0000000	0.0000000
7074.9998375	7574.9866901	7574.6139941	0.0000000	0.0000000	0.0225613	0.1641858	0.1236533	0.0000000	0.0000000
7074.9998375	7569.9889770	7569.5944922	0.0000000	0.0000000	0.0215404	0.1634481	0.1227920	0.0000000	0.0000000
7074.9998375	7564.9861667	7564.5749902	0.0000000	0.0000000	0.0249458	0.1626929	0.1233813	0.0000000	0.0000000
7074.9998375	7559.9859050	7559.5554883	0.0000000	0.0000000	0.0234080	0.1635454	0.1225410	0.0000000	0.0000000
7074.9998375	7554.9881918	7554.9923047	0.0000000	0.0000000	0.0228206	0.1618574	0.1219049	0.0000000	0.0000000
7074.9998375	7549.9879301	7549.9728027	0.0000000	0.0000000	0.0221068	0.1641321	0.1230679	0.0000000	0.0000000
7074.9998375	7544.9851198	7544.9533008	0.0000000	0.0000000	0.0192598	0.1623069	0.1228013	0.0000000	0.0000000
7074.9998375	7539.9872981	7539.9337988	0.0000000	0.0000000	0.0240712	0.1623435	0.1230540	0.0000000	0.0000000
7074.9998375	7535.0330446	7534.9142969	0.0000000	0.0000000	0.0305800	0.1619753	0.1225685	0.0000000	0.0000000
7074.9998375	7529.9830707	7529.8947949	0.0000000	0.0000000	0.0226006	0.1623485	0.1233148	0.0000000	0.0000000
7074.9998375	7524.9853080	7524.9299316	0.0000000	0.0000000	0.0199193	0.1635414	0.1226162	0.0000000	0.0000000
7074.9998375	7519.9875452	7519.9705322	0.0000000	0.0000000	0.0216060	0.1640013	0.1220312	0.0000000	0.0000000
7074.9998375	7514.9839813	7514.5602783	0.0000000	0.0000000	0.0196682	0.1639517	0.1215781	0.0000000	0.0000000
7074.9998375	7510.0239266	7509.6008789	0.0000000	0.0000000	0.0212393	0.1630596	0.1216575	0.0000000	0.0000000
7074.9998375	7504.9826546	7504.6414795	0.0000000	0.0000000	0.0225389	0.1626588	0.1222896	0.0000000	0.0000000
7074.9998375	7500.0284011	7499.6820801	0.0000000	0.0000000	0.0223699	0.1623959	0.1214893	0.0000000	0.0000000
7074.9998375	7495.0306383	7494.7226807	0.0000000	0.0000000	0.0230679	0.1629742	0.1216340	0.0000000	0.0000000
7074.9998375	7490.0298344	7489.7632813	0.0000000	0.0000000	0.0253043	0.1637439	0.1226847	0.0000000	0.0000000
7074.9998375	7484.9872274	7484.8038818	0.0000000	0.0000000	0.0220187	0.1623644	0.1237021	0.0000000	0.0000000
7074.9998375	7479.9844604	7479.8981445	0.0000000	0.0000000	0.0249546	0.1619874	0.1237333	0.0000000	0.0000000
7074.9998375	7474.9845391	7474.9977734	0.0000000	0.0000000	0.0280686	0.1613932	0.1237200	0.0000000	0.0000000
7074.9998375	7469.9874635	7469.6519141	0.0000000	0.0000000	0.0191492	0.1639667	0.1241064	0.0000000	0.0000000
7074.9998375	7464.9875422	7464.7515430	0.0000000	0.0000000	0.0180267	0.1629739	0.1246514	0.0000000	0.0000000
7074.9998375	7459.9819294	7459.8511719	0.0000000	0.0000000	0.0172247	0.1624882	0.1215627	0.0000000	0.0000000
7074.9998375	7455.0332310	7454.9508008	0.0000000	0.0000000	0.0193289	0.1629253	0.1218242	0.0000000	0.0000000
7074.9998375	7449.9849325	7449.6049414	0.0000000	0.0000000	0.0167255	0.1635692	0.1216016	0.0000000	0.0000000
7074.9998375	7445.0362341	7444.7045703	0.0000000	0.0000000	0.0177701	0.1634424	0.1197875	0.0000000	0.0000000
7074.9998375	7439.9850899	7439.8041992	0.0000000	0.0000000	0.0143610	0.1631462	0.1188396	0.0000000	0.0000000
7074.9998375	7434.9851686	7434.9618359	0.0000000	0.0000000	0.0157211	0.1634280	0.1189097	0.0000000	0.0000000
7074.9998375	7429.9899093	7429.6792578	0.0000000	0.0000000	0.0168621	0.1637559	0.1188549	0.0000000	0.0000000
7074.9998375	7424.9891513	7424.8368945	0.0000000	0.0000000	0.0126877	0.1647976	0.1187002	0.0000000	0.0000000
7074.9998375	7419.9857133	7419.9945313	0.0000000	0.0000000	0.0122384	0.1622559	0.1229946	0.0000000	0.0000000
7074.9998375	7414.9849553	7414.7119531	0.0000000	0.0000000	0.0108008	0.1623146	0.1200833	0.0000000	0.0000000
7074.9998375	7409.9868772	7409.8695898	0.0000000	0.0000000	0.0099839	0.1627505	0.1186145	0.0000000	0.0000000
7074.9998375	7404.9861191	7404.5870117	0.0000000	0.0000000	0.0107740	0.1620392	0.1178390	0.0000000	0.0000000
7074.9998375	7399.9853611	7399.7446484	0.0000000	0.0000000	0.0107937	0.1622202	0.1166848	0.0000000	0.0000000
7074.9998375	7394.9846030	7394.9126367	0.0000000	0.0000000	0.0115020	0.1619681	0.1157208	0.0000000	0.0000000
7074.9998375	7389.9865249	7389.6921680	0.0000000	0.0000000	0.0127869	0.1616765	0.1162708	0.0000000	0.0000000
7074.9998375	7384.9857669	7384.9067383	0.0000000	0.0000000	0.0107572	0.1627786	0.1143326	0.0000000	0.0000000
7074.9998375	7379.9853142	7379.6862695	0.0000000	0.0000000	0.0107407	0.1623777	0.1140298	0.0000000	0.0000000
7074.9998375	7375.0055289	7374.9008398	0.0000000	0.0000000	0.0108336	0.1615269	0.1132045	0.0000000	0.0000000
7074.9998375	7370.0062785	7369.6803711	0.0000000	0.0000000	0.0114170	0.1625172	0.1134297	0.0000000	0.0000000
7074.9998375	7365.0102724	7364.8949414	0.0000000	0.0000000	0.0142583	0.1622090	0.1146736	0.0000000	0.0000000
7074.9998375	7360.0045337	7359.6744727	0.0000000	0.0000000	0.0144250	0.1622654	0.1141437	0.0000000	0.0000000
7074.9998375	7355.0085275	7354.8890430	0.0000000	0.0000000	0.0164191	0.1613241	0.1134352	0.0000000	0.0000000
7074.9998375	7350.0125214	7349.6991016	0.0000000	0.0000000	0.0163851	0.1620541	0.1124779	0.0000000	0.0000000
7074.9998375	7344.9970502	7344.9696387	0.0000000	0.0000000	0.0148818	0.1605106	0.1071660	0.0000000	0.0000000
7074.9998375	7340.0042882	7339.8102246	0.0000000	0.0000000	0.0127645	0.1620216	0.1052402	0.0000000	0.0000000
7074.9998375	7335.0082820	7334.6508105	0.0000000	0.0000000	0.0158947	0.1636846	0.1062153	0.0000000	0.0000000
7074.9998375	7330.0025434	7329.9213477	0.0000000	0.0000000	0.0196843	0.1627365	0.1071047	0.0000000	0.0000000
7074.9998375	7325.0216617	7324.7619336	0.0000000	0.0000000	0.0217446	0.1613663	0.1078765	0.0000000	0.0000000
7074.9998375	7319.9871765	7319.6025195	0.0000000	0.0000000	0.0205514	0.1604167	0.1071432	0.0000000	0.0000000
7074.9998375	7314.9864987	7314.8730566	0.0000000	0.0000000	0.0312969	0.1606533	0.1077103	0.0000000	0.0000000
7074.9998375	7309.9886382	7309.7136426	0.0000000	0.0000000	0.0289718	0.1602579	0.1089830	0.0000000	0.0000000
7074.9998375	7304.9851431	7304.6092822	0.0000000	0.0000000	0.0230430	0.1612415	0.1074048	0.0000000	0.0000000
7074.9998375	7299.9844653	7299.9348730	0.0000000	0.0000000	0.0264106	0.1606471	0.1066581	0.0000000	0.0000000
7074.9998375	7294.9837875	7294.8355176	0.0000000	0.0000000	0.0266337	0.1611311	0.1062760	0.0000000	0.0000000
7074.9998375	7289.9831097	7289.7361621	0.0000000	0.0000000	0.0274642	0.1610134	0.1071144	0.0000000	0.0000000
7074.9998375	7284.9852492	7284.6368066	0.0000000	0.0000000	0.0317787	0.1618264	0.1069276	0.0000000	0.0000000
7074.9998375	7279.9815887	7279.9623975	0.0000000	0.0000000	0.0321498	0.1607465	0.1070557	0.0000000	0.0000000
7074.9998375	7275.0065655	7274.8630420	0.0000000	0.0000000	0.0329240	0.1613013	0.1069749	0.0000000	0.0000000
7074.9998375	7270.0219194	7269.7636865	0.0000000	0.0000000	0.0305157	0.1627015	0.1066005	0.0000000	0.0000000
7074.9998375	7265.0180276	7264.6888672	0.0000000	0.0000000	0.0256235	0.1633173	0.1033340	0.0000000	0.0000000
7074.9998375	7260.0109282	7259.6483984	0.0000000	0.0000000	0.0287626	0.1638872	0.1033317	0.0000000	0.0000000
7074.9998375	7255.0070364	7254.6079297	0.0000000	0.0000000	0.0385048	0.1630704	0.1039382	0.0000000	0.0000000
7074.9998375	7250.0223903	7249.9875000	0.0000000	0.0000000	0.0366820	0.1632158	0.1028411	0.0000000	0.0000000
7074.9998375	7245.0088757	7244.9470313	0.0000000	0.0000000	0.0388635	0.1627778	0.1010874	0.0000000	0.0000000
7074.9998375	7240.0146067	7239.9065625	0.0000000	0.0000000	0.0382947	0.1626677	0.0988811	0.0000000	0.0000000
7074.9998375	7235.0075073	7234.8660938	0.0000000	0.0000000	0.0424111	0.1622206	0.0994403	0.0000000	0.0000000
7074.9998375	7230.0100308	7229.8256250	0.0000000	0.0000000	0.0437358	0.1617920	0.0983528	0.0000000	0.0000000
7074.9998375	7225.0099061	7224.7851563	0.0000000	0.0000000	0.0542749	0.1615598	0.1035499	0.0000000	0.0000000
7074.9998375	7220.0049369	7219.8026367	0.0000000	0.0000000	0.0727336	0.1613444	0.1064022	0.0000000	0.0000000
7074.9998375	7215.0032283	7214.8201172	0.0000000	0.0000000	0.0746013	0.1616456	0.1026384	0.0000000	0.0000000
7074.9998375	7210.0047803	7209.8375977	0.0000000	0.0000000	0.0816891	0.1616384	0.1038929	0.0000000	0.0000000
7074.9998375	7205.0095928	7204.8550781	0.0000000	0.0000000	0.0971711	0.1622850	0.1047386	0.0000000	0.0000000
7074.9998375	7200.0144053	7199.8725586	0.0000000	0.0000000	0.0916011	0.1620709	0.1040702	0.0000000	0.0000000
7074.9998375	7195.0094361	7194.8900391	0.0000000	0.0000000	0.1012992	0.1625621	0.1051316	0.0000000	0.0000000
7074.9998375	7190.0044669	7189.9075195	0.0000000	0.0000000	0.1161407	0.1616329	0.1053447	0.0000000	0.0000000
7074.9998375	7185.0092794	7184.9250000	0.0000000	0.0000000	0.1255310	0.1621317	0.1048796	0.0000000	0.0000000
7074.9998375	7179.9977891	7179.9804492	0.0000000	0.0000000	0.1142208	0.1616218	0.1037921	0.0000000	0.0000000
7074.9998375	7175.0123833	7174.6444189	0.0000000	0.0000000	0.1178088	0.1609929	0.1025045	0.0000000	0.0000000
7074.9998375	7170.0008930	7169.7188525	0.0000000	0.0000000	0.1219354	0.1616622	0.1016431	0.0000000	0.0000000
7074.9998375	7165.0240098	7164.7932861	0.0000000	0.0000000	0.1120566	0.1609547	0.1002810	0.0000000	0.0000000
7074.9998375	7160.0190867	7159.8677197	0.0000000	0.0000000	0.1039387	0.1592454	0.1012847	0.0000000	0.0000000
7074.9998375	7155.0231870	7154.9421533	0.0000000	0.0000000	0.1121943	0.1611738	0.1032885	0.0000000	0.0000000
7074.9998375	7150.0363105	7149.6061230	0.0000000	0.0000000	0.1328799	0.1612170	0.1029974	0.0000000	0.0000000
7074.9998375	7145.0253719	7144.6805566	0.0000000	0.0000000	0.1272477	0.1615692	0.1015129	0.0000000	0.0000000
7074.9998375	7140.0234567	7139.7829688	0.0000000	0.0000000	0.1120665	0.1618597	0.1011912	0.0000000	0.0000000
7074.9998375	7135.0245491	7134.9133594	0.0000000	0.0000000	0.1090331	0.1633077	0.1028715	0.0000000	0.0000000
7074.9998375	7130.0196261	7129.6379492	0.0000000	0.0000000	0.1321543	0.1640031	0.1015361	0.0000000	0.0000000
7074.9998375	7125.0297419	7124.7683398	0.0000000	0.0000000	0.1318617	0.1650710	0.1001411	0.0000000	0.0000000
7074.9998375	7120.0248188	7119.8987305	0.0000000	0.0000000	0.1272555	0.1617510	0.0997898	0.0000000	0.0000000
7074.9998375	7114.9843181	7114.6233203	0.0000000	0.0000000	0.1409033	0.1607321	0.1004364	0.0000000	0.0000000
7074.9998375	7109.9857704	7109.7537109	0.0000000	0.0000000	0.1545299	0.1610023	0.0995723	0.0000000	0.0000000
7074.9998375	7104.9837419	7104.8841016	0.0000000	0.0000000	0.1579522	0.1616514	0.1004209	0.0000000	0.0000000
7074.9998375	7099.9817134	7099.6316406	0.0000000	0.0000000	0.1549334	0.1609315	0.0997809	0.0000000	0.0000000
7074.9998375	7094.9866467	7094.8171094	0.0000000	0.0000000	0.1583668	0.1612343	0.0988262	0.0000000	0.0000000
7074.9998375	7089.9846182	7089.6013672	0.0000000	0.0000000	0.2248251	0.1601240	0.1029045	0.0000000	0.0000000
7074.9998375	7084.9999941	7084.7868359	0.0000000	0.0000000	0.2919646	0.1603674	0.1025535	0.0000000	0.0000000
7074.9998375	7079.9875230	7079.9723047	0.0000000	0.0000000	0.3080508	0.1617131	0.1004747	0.0000000	0.0000000
7074.9998375	7074.9889754	7074.7565625	0.0000000	0.0000000	0.2594364	0.1622123	0.0985931	0.0000000	0.0000000
7074.9998375	7069.9834660	7069.9420313	0.0000000	0.0000000	0.1775211	0.1612898	0.0964828	0.0000000	0.0000000
7074.9998375	7064.9883993	7064.7262891	0.0000000	0.0000000	0.1185729	0.1592852	0.0973695	0.0000000	0.0000000
7074.9998375	7059.9863559	7059.9297656	0.0000000	0.0000000	0.0993356	0.1597244	0.0983464	0.0000000	0.0000000
7074.9998375	7054.9841606	7054.7725488	0.0000000	0.0000000	0.1022953	0.1599901	0.0975833	0.0000000	0.0000000
7074.9998375	7049.9819654	7049.6153320	0.0000000	0.0000000	0.1190364	0.1599065	0.0985583	0.0000000	0.0000000
7074.9998375	7044.9836750	7044.8548242	0.0000000	0.0000000	0.1151503	0.1609827	0.0979022	0.0000000	0.0000000
7074.9998375	7039.9814797	7039.6976074	0.0000000	0.0000000	0.1307351	0.1609950	0.0979465	0.0000000	0.0000000
7074.9998375	7034.9831894	7034.9370996	0.0000000	0.0000000	0.1506895	0.1622056	0.0984735	0.0000000	0.0000000
7074.9998375	7029.9809941	7029.7798828	0.0000000	0.0000000	0.1614066	0.1607062	0.0965269	0.0000000	0.0000000
7074.9998375	7024.9827038	7024.6226660	0.0000000	0.0000000	0.1768208	0.1606241	0.0955131	0.0000000	0.0000000
7074.9998375	7019.9766036	7019.8843262	0.0000000	0.0000000	0.1775492	0.1609711	0.0963419	0.0000000	0.0000000
7074.9998375	7014.9861230	7014.7847461	0.0000000	0.0000000	0.1886606	0.1608250	0.0973118	0.0000000	0.0000000
7074.9998375	7009.9839278	7009.6851660	0.0000000	0.0000000	0.1921501	0.1612163	0.0971036	0.0000000	0.0000000
7074.9998375	7004.9817325	7004.9778613	0.0000000	0.0000000	0.1909325	0.1605063	0.0962882	0.0000000	0.0000000
