7009.9963641	7599.9977245	7599.5502051	0.0000000	0.0000000	0.0175735	0.1550416	0.1215735	0.0000000	7010.0000000
7009.9963641	7594.9867234	7594.9313574	0.0000000	0.0000000	0.0207542	0.1551738	0.1204395	0.0000000	0.0000000
7009.9963641	7589.9849267	7589.8506250	0.0000000	0.0000000	0.0199846	0.1551719	0.1202435	0.0000000	0.0000000
7009.9963641	7584.9897621	7584.7698926	0.0000000	0.0000000	0.0188943	0.1555756	0.1204546	0.0000000	0.0000000
7009.9963641	7579.9895004	7579.6891602	0.0000000	0.0000000	0.0201798	0.1561521	0.1208318	0.0000000	0.0000000
7009.9963641	7574.9866901	7574.6139941	0.0000000	0.0000000	0.0190308	0.1546274	0.1218817	0.0000000	0.0000000
7009.9963641	7569.9889770	7569.5944922	0.0000000	0.0000000	0.0204443	0.1546660	0.1220350	0.0000000	0.0000000
7009.9963641	7564.9887153	7564.5749902	0.0000000	0.0000000	0.0180941	0.1552164	0.1227035	0.0000000	0.0000000
7009.9963641	7559.9910021	7559.5554883	0.0000000	0.0000000	0.0168997	0.1550312	0.1240819	0.0000000	0.0000000
7009.9963641	7554.9881918	7554.9923047	0.0000000	0.0000000	0.0176217	0.1542454	0.1225048	0.0000000	0.0000000
7009.9963641	7549.9853816	7549.9728027	0.0000000	0.0000000	0.0182687	0.1545187	0.1225093	0.0000000	0.0000000
7009.9963641	7544.9825713	7544.9533008	0.0000000	0.0000000	0.0182689	0.1554788	0.1213098	0.0000000	0.0000000
7009.9963641	7539.9843974	7539.9337988	0.0000000	0.0000000	0.0172432	0.1546276	0.1216383	0.0000000	0.0000000
7009.9963641	7534.9866347	7534.9142969	0.0000000	0.0000000	0.0177601	0.1545356	0.1216836	0.0000000	0.0000000
7009.9963641	7529.9830707	7529.8947949	0.0000000	0.0000000	0.0195093	0.1545819	0.1211121	0.0000000	0.0000000
7009.9963641	7525.0201154	7524.9299316	0.0000000	0.0000000	0.0202050	0.1544940	0.1216282	0.0000000	0.0000000
7009.9963641	7520.0368557	7519.9705322	0.0000000	0.0000000	0.0178622	0.1542156	0.1204373	0.0000000	0.0000000
7009.9963641	7514.9897825	7514.5602783	0.0000000	0.0000000	0.0185822	0.1553583	0.1217216	0.0000000	0.0000000
7009.9963641	7509.9804173	7509.6008789	0.0000000	0.0000000	0.0205909	0.1551550	0.1213667	0.0000000	0.0000000
7009.9963641	7505.0290644	7504.6414795	0.0000000	0.0000000	0.0203193	0.1550104	0.1216161	0.0000000	0.0000000
7009.9963641	7499.9848918	7499.6820801	0.0000000	0.0000000	0.0175320	0.1546145	0.1210789	0.0000000	0.0000000
7009.9963641	7495.0277377	7494.7226807	0.0000000	0.0000000	0.0189828	0.1544054	0.1214744	0.0000000	0.0000000
7009.9963641	7489.9843030	7489.7632813	0.0000000	0.0000000	0.0179943	0.1551185	0.1212458	0.0000000	0.0000000
7009.9963641	7485.0356045	7484.8038818	0.0000000	0.0000000	0.0186670	0.1541746	0.1201677	0.0000000	0.0000000
7009.9963641	7479.9901518	7479.8981445	0.0000000	0.0000000	0.0197059	0.1543724	0.1206923	0.0000000	0.0000000
7009.9963641	7474.9845391	7474.9977734	0.0000000	0.0000000	0.0171902	0.1551298	0.1200968	0.0000000	0.0000000
7009.9963641	7469.9846178	7469.6519141	0.0000000	0.0000000	0.0176207	0.1552808	0.1207463	0.0000000	0.0000000
7009.9963641	7464.9875422	7464.7515430	0.0000000	0.0000000	0.0162380	0.1557588	0.1207366	0.0000000	0.0000000
7009.9963641	7459.9847751	7459.8511719	0.0000000	0.0000000	0.0135439	0.1555859	0.1211809	0.0000000	0.0000000
7009.9963641	7454.9820081	7454.9508008	0.0000000	0.0000000	0.0138853	0.1549288	0.1210261	0.0000000	0.0000000
7009.9963641	7449.9906240	7449.6049414	0.0000000	0.0000000	0.0124650	0.1547524	0.1205865	0.0000000	0.0000000
7009.9963641	7444.9878570	7444.7045703	0.0000000	0.0000000	0.0120293	0.1542395	0.1217998	0.0000000	0.0000000
7009.9963641	7439.9850899	7439.8041992	0.0000000	0.0000000	0.0106602	0.1543580	0.1200675	0.0000000	0.0000000
7009.9963641	7434.9823229	7434.9618359	0.0000000	0.0000000	0.0099099	0.1553601	0.1192499	0.0000000	0.0000000
7009.9963641	7429.9872294	7429.6792578	0.0000000	0.0000000	0.0106584	0.1548419	0.1182517	0.0000000	0.0000000
7009.9963641	7424.9891513	7424.8368945	0.0000000	0.0000000	0.0082534	0.1548610	0.1175951	0.0000000	0.0000000
7009.9963641	7419.9883932	7419.9945313	0.0000000	0.0000000	0.0078718	0.1545775	0.1185046	0.0000000	0.0000000
7009.9963641	7414.9876352	7414.7119531	0.0000000	0.0000000	0.0080071	0.1538370	0.1180536	0.0000000	0.0000000
7009.9963641	7409.9868772	7409.8695898	0.0000000	0.0000000	0.0080814	0.1552153	0.1195726	0.0000000	0.0000000
7009.9963641	7404.9887990	7404.5870117	0.0000000	0.0000000	0.0069941	0.1546381	0.1191050	0.0000000	0.0000000
7009.9963641	7399.9853611	7399.7446484	0.0000000	0.0000000	0.0067775	0.1548931	0.1163906	0.0000000	0.0000000
7009.9963641	7394.9872830	7394.9126367	0.0000000	0.0000000	0.0073066	0.1551917	0.1166608	0.0000000	0.0000000
7009.9963641	7389.9892049	7389.6921680	0.0000000	0.0000000	0.0080757	0.1547638	0.1159310	0.0000000	0.0000000
7009.9963641	7384.9857669	7384.9067383	0.0000000	0.0000000	0.0069381	0.1543146	0.1153599	0.0000000	0.0000000
7009.9963641	7379.9820701	7379.6862695	0.0000000	0.0000000	0.0064894	0.1546257	0.1125551	0.0000000	0.0000000
7009.9963641	7375.0055289	7374.9008398	0.0000000	0.0000000	0.0062170	0.1541825	0.1118044	0.0000000	0.0000000
7009.9963641	7370.0062785	7369.6803711	0.0000000	0.0000000	0.0069374	0.1548119	0.1107653	0.0000000	0.0000000
7009.9963641	7364.9972957	7364.8949414	0.0000000	0.0000000	0.0084972	0.1550603	0.1112009	0.0000000	0.0000000
7009.9963641	7360.0045337	7359.6744727	0.0000000	0.0000000	0.0087324	0.1552637	0.1103284	0.0000000	0.0000000
7009.9963641	7355.0020392	7354.8890430	0.0000000	0.0000000	0.0084054	0.1553833	0.1099113	0.0000000	0.0000000
7009.9963641	7350.0157655	7349.6991016	0.0000000	0.0000000	0.0077593	0.1554113	0.1080704	0.0000000	0.0000000
7009.9963641	7345.0100269	7344.9696387	0.0000000	0.0000000	0.0074360	0.1555398	0.1070352	0.0000000	0.0000000
7009.9963641	7340.0075324	7339.8102246	0.0000000	0.0000000	0.0065227	0.1542574	0.1060464	0.0000000	0.0000000
7009.9963641	7335.0082820	7334.6508105	0.0000000	0.0000000	0.0067454	0.1550891	0.1059106	0.0000000	0.0000000
7009.9963641	7330.0057875	7329.9213477	0.0000000	0.0000000	0.0089983	0.1534490	0.1058536	0.0000000	0.0000000
7009.9963641	7325.0216617	7324.7619336	0.0000000	0.0000000	0.0083751	0.1542227	0.1043459	0.0000000	0.0000000
7009.9963641	7319.9871765	7319.6025195	0.0000000	0.0000000	0.0081689	0.1539563	0.1044752	0.0000000	0.0000000
7009.9963641	7314.9864987	7314.8730566	0.0000000	0.0000000	0.0076593	0.1548873	0.1039272	0.0000000	0.0000000
7009.9963641	7309.9858209	7309.7136426	0.0000000	0.0000000	0.0092371	0.1553501	0.1043466	0.0000000	0.0000000
7009.9963641	7304.9879604	7304.6092822	0.0000000	0.0000000	0.0084128	0.1558010	0.1057601	0.0000000	0.0000000
7009.9963641	7299.9844653	7299.9348730	0.0000000	0.0000000	0.0107123	0.1547480	0.1062948	0.0000000	0.0000000
7009.9963641	7294.9837875	7294.8355176	0.0000000	0.0000000	0.0108409	0.1551750	0.1066763	0.0000000	0.0000000
7009.9963641	7289.9831097	7289.7361621	0.0000000	0.0000000	0.0112615	0.1545524	0.1072568	0.0000000	0.0000000
7009.9963641	7284.9852492	7284.6368066	0.0000000	0.0000000	0.0126501	0.1535295	0.1088330	0.0000000	0.0000000
7009.9963641	7279.9815887	7279.9623975	0.0000000	0.0000000	0.0155746	0.1539812	0.1086549	0.0000000	0.0000000
7009.9963641	7275.0097731	7274.8630420	0.0000000	0.0000000	0.0121951	0.1550105	0.1064705	0.0000000	0.0000000
7009.9963641	7270.0026737	7269.7636865	0.0000000	0.0000000	0.0117655	0.1554200	0.1059536	0.0000000	0.0000000
7009.9963641	7265.0051971	7264.6888672	0.0000000	0.0000000	0.0120356	0.1542551	0.1056653	0.0000000	0.0000000
7009.9963641	7260.0077206	7259.6483984	0.0000000	0.0000000	0.0126119	0.1545214	0.1049910	0.0000000	0.0000000
7009.9963641	7255.0038288	7254.6079297	0.0000000	0.0000000	0.0123851	0.1559824	0.1039948	0.0000000	0.0000000
7009.9963641	7249.9999370	7249.9875000	0.0000000	0.0000000	0.0130782	0.1558500	0.1025892	0.0000000	0.0000000
7009.9963641	7245.0184985	7244.9470313	0.0000000	0.0000000	0.0166672	0.1545464	0.1021860	0.0000000	0.0000000
7009.9963641	7240.0146067	7239.9065625	0.0000000	0.0000000	0.0154966	0.1543794	0.1007596	0.0000000	0.0000000
7009.9963641	7235.0075073	7234.8660938	0.0000000	0.0000000	0.0157292	0.1546062	0.0994329	0.0000000	0.0000000
7009.9963641	7230.0100308	7229.8256250	0.0000000	0.0000000	0.0144966	0.1550205	0.0981772	0.0000000	0.0000000
7009.9963641	7225.0099061	7224.7851563	0.0000000	0.0000000	0.0158442	0.1547747	0.0983630	0.0000000	0.0000000
7009.9963641	7220.0049369	7219.8026367	0.0000000	0.0000000	0.0211019	0.1548502	0.1003104	0.0000000	0.0000000
7009.9963641	7215.0032283	7214.8201172	0.0000000	0.0000000	0.0245010	0.1543739	0.1012417	0.0000000	0.0000000
7009.9963641	7210.0080408	7209.8375977	0.0000000	0.0000000	0.0296566	0.1546078	0.1023311	0.0000000	0.0000000
7009.9963641	7205.0095928	7204.8550781	0.0000000	0.0000000	0.0394795	0.1546699	0.1037673	0.0000000	0.0000000
7009.9963641	7200.0078842	7199.8725586	0.0000000	0.0000000	0.0385928	0.1555094	0.1040308	0.0000000	0.0000000
7009.9963641	7195.0094361	7194.8900391	0.0000000	0.0000000	0.0461429	0.1559879	0.1061530	0.0000000	0.0000000
7009.9963641	7190.0077275	7189.9075195	0.0000000	0.0000000	0.0649553	0.1547812	0.1082856	0.0000000	0.0000000
7009.9963641	7185.0060189	7184.9250000	0.0000000	0.0000000	0.0675244	0.1543533	0.1067778	0.0000000	0.0000000
7009.9963641	7179.9977891	7179.9804492	0.0000000	0.0000000	0.0691815	0.1541642	0.1069423	0.0000000	0.0000000
7009.9963641	7175.0058622	7174.6444189	0.0000000	0.0000000	0.0745901	0.1537200	0.1064902	0.0000000	0.0000000
7009.9963641	7170.0008930	7169.7188525	0.0000000	0.0000000	0.0739293	0.1544050	0.1035819	0.0000000	0.0000000
7009.9963641	7165.0270176	7164.7932861	0.0000000	0.0000000	0.0667018	0.1545017	0.1029889	0.0000000	0.0000000
7009.9963641	7160.0251023	7159.8677197	0.0000000	0.0000000	0.0608980	0.1549349	0.1025529	0.0000000	0.0000000
7009.9963641	7154.9870938	7154.9421533	0.0000000	0.0000000	0.0705638	0.1538092	0.1027164	0.0000000	0.0000000
7009.9963641	7150.0272872	7149.6061230	0.0000000	0.0000000	0.0877148	0.1535322	0.1026897	0.0000000	0.0000000
7009.9963641	7145.0283797	7144.6805566	0.0000000	0.0000000	0.0830559	0.1537083	0.1013013	0.0000000	0.0000000
7009.9963641	7140.0204489	7139.7829688	0.0000000	0.0000000	0.0774772	0.1545057	0.1014158	0.0000000	0.0000000
7009.9963641	7135.0215414	7134.9133594	0.0000000	0.0000000	0.0788307	0.1549752	0.1018566	0.0000000	0.0000000
7009.9963641	7130.0256416	7129.6379492	0.0000000	0.0000000	0.0979666	0.1544578	0.1020957	0.0000000	0.0000000
7009.9963641	7125.0327496	7124.7683398	0.0000000	0.0000000	0.1101979	0.1543977	0.1022638	0.0000000	0.0000000
7009.9963641	7120.0218110	7119.8987305	0.0000000	0.0000000	0.0984061	0.1549636	0.1022449	0.0000000	0.0000000
7009.9963641	7115.0017225	7114.6233203	0.0000000	0.0000000	0.1036633	0.1541665	0.1010956	0.0000000	0.0000000
7009.9963641	7109.9857704	7109.7537109	0.0000000	0.0000000	0.1152380	0.1536935	0.1013226	0.0000000	0.0000000
7009.9963641	7104.9837419	7104.8841016	0.0000000	0.0000000	0.1115920	0.1550645	0.1002865	0.0000000	0.0000000
7009.9963641	7099.9851943	7099.6316406	0.0000000	0.0000000	0.1302571	0.1537284	0.0999393	0.0000000	0.0000000
7009.9963641	7094.9831658	7094.8171094	0.0000000	0.0000000	0.1342261	0.1541617	0.1004348	0.0000000	0.0000000
7009.9963641	7089.9846182	7089.6013672	0.0000000	0.0000000	0.1310475	0.1532682	0.0999995	0.0000000	0.0000000
7009.9963641	7084.9860706	7084.7868359	0.0000000	0.0000000	0.1273755	0.1548745	0.0979805	0.0000000	0.0000000
7009.9963641	7079.9910039	7079.9723047	0.0000000	0.0000000	0.1194381	0.1548760	0.0980226	0.0000000	0.0000000
7009.9963641	7075.0028989	7074.7565625	0.0000000	0.0000000	0.1053521	0.1562111	0.0957571	0.0000000	0.0000000
7009.9963641	7069.9869469	7069.9420313	0.0000000	0.0000000	0.0992417	0.1548649	0.0960864	0.0000000	0.0000000
7009.9963641	7064.9883993	7064.7262891	0.0000000	0.0000000	0.1162736	0.1541825	0.0973864	0.0000000	0.0000000
7009.9963641	7059.9863559	7059.9297656	0.0000000	0.0000000	0.1338053	0.1545743	0.0976372	0.0000000	0.0000000
7009.9963641	7054.9880656	7054.7725488	0.0000000	0.0000000	0.1441521	0.1541702	0.0950220	0.0000000	0.0000000
7009.9963641	7049.9819654	7049.6153320	0.0000000	0.0000000	0.1562025	0.1551554	0.0958619	0.0000000	0.0000000
7009.9963641	7044.9875799	7044.8548242	0.0000000	0.0000000	0.1645735	0.1551641	0.0953821	0.0000000	0.0000000
7009.9963641	7039.9814797	7039.6976074	0.0000000	0.0000000	0.1819045	0.1546431	0.0975677	0.0000000	0.0000000
7009.9963641	7034.9831894	7034.9370996	0.0000000	0.0000000	0.1988892	0.1548118	0.0967363	0.0000000	0.0000000
7009.9963641	7029.9848990	7029.7798828	0.0000000	0.0000000	0.2333283	0.1538931	0.0971061	0.0000000	0.0000000
7009.9963641	7024.9827038	7024.6226660	0.0000000	0.0000000	0.3174367	0.1549929	0.0985192	0.0000000	0.0000000
7009.9963641	7019.9805085	7019.8843262	0.0000000	0.0000000	0.4212400	0.1552881	0.0964019	0.0000000	0.0000000
7009.9963641	7014.9861230	7014.7847461	0.0000000	0.0000000	0.5409039	0.1550432	0.0957283	0.0000000	0.0000000
7009.9963641	7009.9878327	7009.6851660	0.0000000	0.0000000	0.6096476	0.1540775	0.0976444	0.0000000	0.0000000
7009.9963641	7004.9856374	7004.9778613	0.0000000	0.0000000	0.5597405	0.1535573	0.0974939	0.0000000	0.0000000
