7159.9907567	7599.9977245	7599.5502051	0.0000000	0.0000000	0.0193707	0.1559513	0.1209309	0.0000000	7160.0000000
7159.9907567	7594.9892152	7594.9313574	0.0000000	0.0000000	0.0194602	0.1558265	0.1209021	0.0000000	0.0000000
7159.9907567	7589.9849267	7589.8506250	0.0000000	0.0000000	0.0192612	0.1557804	0.1211292	0.0000000	0.0000000
7159.9907567	7584.9897621	7584.7698926	0.0000000	0.0000000	0.0215957	0.1569158	0.1219119	0.0000000	0.0000000
7159.9907567	7579.9895004	7579.6891602	0.0000000	0.0000000	0.0208140	0.1572214	0.1212181	0.0000000	0.0000000
7159.9907567	7574.9866901	7574.6139941	0.0000000	0.0000000	0.0222230	0.1567396	0.1211687	0.0000000	0.0000000
7159.9907567	7569.9915255	7569.5944922	0.0000000	0.0000000	0.0215074	0.1573441	0.1236954	0.0000000	0.0000000
7159.9907567	7564.9861667	7564.5749902	0.0000000	0.0000000	0.0198920	0.1567542	0.1225090	0.0000000	0.0000000
7159.9907567	7559.9859050	7559.5554883	0.0000000	0.0000000	0.0183337	0.1574193	0.1215197	0.0000000	0.0000000
7159.9907567	7554.9856433	7554.9923047	0.0000000	0.0000000	0.0205084	0.1572336	0.1241313	0.0000000	0.0000000
7159.9907567	7549.9879301	7549.9728027	0.0000000	0.0000000	0.0188954	0.1570636	0.1232903	0.0000000	0.0000000
7159.9907567	7544.9851198	7544.9533008	0.0000000	0.0000000	0.0189990	0.1557572	0.1235519	0.0000000	0.0000000
7159.9907567	7539.9872981	7539.9337988	0.0000000	0.0000000	0.0172113	0.1560625	0.1219652	0.0000000	0.0000000
7159.9907567	7535.0359452	7534.9142969	0.0000000	0.0000000	0.0189010	0.1572603	0.1236191	0.0000000	0.0000000
7159.9907567	7529.9830707	7529.8947949	0.0000000	0.0000000	0.0202345	0.1551277	0.1240696	0.0000000	0.0000000
7159.9907567	7525.0346185	7524.9299316	0.0000000	0.0000000	0.0185424	0.1559253	0.1228083	0.0000000	0.0000000
7159.9907567	7519.9875452	7519.9705322	0.0000000	0.0000000	0.0180028	0.1565686	0.1215656	0.0000000	0.0000000
7159.9907567	7515.0274905	7514.5602783	0.0000000	0.0000000	0.0172502	0.1590522	0.1198843	0.0000000	0.0000000
7159.9907567	7509.9833179	7509.6008789	0.0000000	0.0000000	0.0170474	0.1589294	0.1269410	0.0000000	0.0000000
7159.9907567	7505.0290644	7504.6414795	0.0000000	0.0000000	0.0166772	0.1582865	0.1273118	0.0000000	0.0000000
7159.9907567	7499.9877924	7499.6820801	0.0000000	0.0000000	0.0160591	0.1575461	0.1233655	0.0000000	0.0000000
7159.9907567	7495.0306383	7494.7226807	0.0000000	0.0000000	0.0165592	0.1562843	0.1212502	0.0000000	0.0000000
7159.9907567	7489.9843030	7489.7632813	0.0000000	0.0000000	0.0144517	0.1556429	0.1208033	0.0000000	0.0000000
7159.9907567	7484.9872274	7484.8038818	0.0000000	0.0000000	0.0147900	0.1553621	0.1245095	0.0000000	0.0000000
7159.9907567	7479.9873061	7479.8981445	0.0000000	0.0000000	0.0148894	0.1550099	0.1235974	0.0000000	0.0000000
7159.9907567	7474.9845391	7474.9977734	0.0000000	0.0000000	0.0130389	0.1576124	0.1220585	0.0000000	0.0000000
7159.9907567	7469.9846178	7469.6519141	0.0000000	0.0000000	0.0129589	0.1572928	0.1227035	0.0000000	0.0000000
7159.9907567	7464.9846965	7464.7515430	0.0000000	0.0000000	0.0116047	0.1570620	0.1225802	0.0000000	0.0000000
7159.9907567	7459.9847751	7459.8511719	0.0000000	0.0000000	0.0114396	0.1579532	0.1261847	0.0000000	0.0000000
7159.9907567	7454.9848538	7454.9508008	0.0000000	0.0000000	0.0110553	0.1585710	0.1232004	0.0000000	0.0000000
7159.9907567	7450.0361554	7449.6049414	0.0000000	0.0000000	0.0104889	0.1580646	0.1221978	0.0000000	0.0000000
7159.9907567	7444.9850112	7444.7045703	0.0000000	0.0000000	0.0110443	0.1574263	0.1215602	0.0000000	0.0000000
7159.9907567	7439.9850899	7439.8041992	0.0000000	0.0000000	0.0114320	0.1565410	0.1214526	0.0000000	0.0000000
7159.9907567	7434.9851686	7434.9618359	0.0000000	0.0000000	0.0106770	0.1566575	0.1217725	0.0000000	0.0000000
7159.9907567	7429.9872294	7429.6792578	0.0000000	0.0000000	0.0099233	0.1563217	0.1199781	0.0000000	0.0000000
7159.9907567	7424.9891513	7424.8368945	0.0000000	0.0000000	0.0101781	0.1569708	0.1189659	0.0000000	0.0000000
7159.9907567	7419.9883932	7419.9945313	0.0000000	0.0000000	0.0084552	0.1567710	0.1189808	0.0000000	0.0000000
7159.9907567	7414.9903151	7414.7119531	0.0000000	0.0000000	0.0073335	0.1574111	0.1187561	0.0000000	0.0000000
7159.9907567	7409.9868772	7409.8695898	0.0000000	0.0000000	0.0075623	0.1579269	0.1205598	0.0000000	0.0000000
7159.9907567	7404.9887990	7404.5870117	0.0000000	0.0000000	0.0070646	0.1590259	0.1195476	0.0000000	0.0000000
7159.9907567	7399.9853611	7399.7446484	0.0000000	0.0000000	0.0089995	0.1571943	0.1194744	0.0000000	0.0000000
7159.9907567	7394.9872830	7394.9126367	0.0000000	0.0000000	0.0075963	0.1579192	0.1172416	0.0000000	0.0000000
7159.9907567	7389.9865249	7389.6921680	0.0000000	0.0000000	0.0077101	0.1581868	0.1161908	0.0000000	0.0000000
7159.9907567	7384.9857669	7384.9067383	0.0000000	0.0000000	0.0077218	0.1575776	0.1160497	0.0000000	0.0000000
7159.9907567	7379.9820701	7379.6862695	0.0000000	0.0000000	0.0096040	0.1569734	0.1156909	0.0000000	0.0000000
7159.9907567	7374.9990405	7374.9008398	0.0000000	0.0000000	0.0095583	0.1574418	0.1146263	0.0000000	0.0000000
7159.9907567	7370.0062785	7369.6803711	0.0000000	0.0000000	0.0102372	0.1579342	0.1127601	0.0000000	0.0000000
7159.9907567	7365.0070282	7364.8949414	0.0000000	0.0000000	0.0114785	0.1578695	0.1113113	0.0000000	0.0000000
7159.9907567	7359.9948012	7359.6744727	0.0000000	0.0000000	0.0139198	0.1574259	0.1134297	0.0000000	0.0000000
7159.9907567	7355.0117717	7354.8890430	0.0000000	0.0000000	0.0161823	0.1578721	0.1158857	0.0000000	0.0000000
7159.9907567	7350.0092772	7349.6991016	0.0000000	0.0000000	0.0169073	0.1571899	0.1119270	0.0000000	0.0000000
7159.9907567	7345.0100269	7344.9696387	0.0000000	0.0000000	0.0166296	0.1570831	0.1078746	0.0000000	0.0000000
7159.9907567	7340.0140207	7339.8102246	0.0000000	0.0000000	0.0147443	0.1572715	0.1056122	0.0000000	0.0000000
7159.9907567	7335.0147704	7334.6508105	0.0000000	0.0000000	0.0171519	0.1568823	0.1059218	0.0000000	0.0000000
7159.9907567	7330.0057875	7329.9213477	0.0000000	0.0000000	0.0240529	0.1561248	0.1069645	0.0000000	0.0000000
7159.9907567	7325.0301136	7324.7619336	0.0000000	0.0000000	0.0245836	0.1571709	0.1056945	0.0000000	0.0000000
7159.9907567	7319.9843593	7319.6025195	0.0000000	0.0000000	0.0236569	0.1570854	0.1048336	0.0000000	0.0000000
7159.9907567	7314.9836815	7314.8730566	0.0000000	0.0000000	0.0283354	0.1572043	0.1044562	0.0000000	0.0000000
7159.9907567	7309.9886382	7309.7136426	0.0000000	0.0000000	0.0309583	0.1581945	0.1050090	0.0000000	0.0000000
7159.9907567	7304.9851431	7304.6092822	0.0000000	0.0000000	0.0270352	0.1581000	0.1046639	0.0000000	0.0000000
7159.9907567	7299.9844653	7299.9348730	0.0000000	0.0000000	0.0330818	0.1579673	0.1060358	0.0000000	0.0000000
7159.9907567	7294.9837875	7294.8355176	0.0000000	0.0000000	0.0373190	0.1584077	0.1064105	0.0000000	0.0000000
7159.9907567	7289.9831097	7289.7361621	0.0000000	0.0000000	0.0395615	0.1575895	0.1061238	0.0000000	0.0000000
7159.9907567	7284.9880665	7284.6368066	0.0000000	0.0000000	0.0405577	0.1586683	0.1050765	0.0000000	0.0000000
7159.9907567	7279.9815887	7279.9623975	0.0000000	0.0000000	0.0438232	0.1591176	0.1058054	0.0000000	0.0000000
7159.9907567	7275.0033579	7274.8630420	0.0000000	0.0000000	0.0527430	0.1576909	0.1077705	0.0000000	0.0000000
7159.9907567	7270.0058813	7269.7636865	0.0000000	0.0000000	0.0533252	0.1579148	0.1072468	0.0000000	0.0000000
7159.9907567	7265.0051971	7264.6888672	0.0000000	0.0000000	0.0556799	0.1569733	0.1082103	0.0000000	0.0000000
7159.9907567	7260.0205511	7259.6483984	0.0000000	0.0000000	0.0521567	0.1572012	0.1066891	0.0000000	0.0000000
7159.9907567	7255.0134516	7254.6079297	0.0000000	0.0000000	0.0563798	0.1572872	0.1052477	0.0000000	0.0000000
7159.9907567	7250.0095598	7249.9875000	0.0000000	0.0000000	0.0546095	0.1585239	0.1029646	0.0000000	0.0000000
7159.9907567	7245.0088757	7244.9470313	0.0000000	0.0000000	0.0561406	0.1588235	0.1015485	0.0000000	0.0000000
7159.9907567	7240.0081915	7239.9065625	0.0000000	0.0000000	0.0534185	0.1592939	0.1012499	0.0000000	0.0000000
7159.9907567	7235.0010921	7234.8660938	0.0000000	0.0000000	0.0586680	0.1583010	0.1007269	0.0000000	0.0000000
7159.9907567	7230.0068231	7229.8256250	0.0000000	0.0000000	0.0566732	0.1583275	0.0993358	0.0000000	0.0000000
7159.9907567	7225.0164273	7224.7851563	0.0000000	0.0000000	0.0655980	0.1572808	0.1009242	0.0000000	0.0000000
7159.9907567	7220.0114581	7219.8026367	0.0000000	0.0000000	0.0846163	0.1574247	0.1038785	0.0000000	0.0000000
7159.9907567	7215.0064889	7214.8201172	0.0000000	0.0000000	0.0953221	0.1578512	0.1035906	0.0000000	0.0000000
7159.9907567	7210.0015197	7209.8375977	0.0000000	0.0000000	0.0993948	0.1581091	0.1038148	0.0000000	0.0000000
7159.9907567	7205.0030717	7204.8550781	0.0000000	0.0000000	0.1105240	0.1583412	0.1046249	0.0000000	0.0000000
7159.9907567	7200.0046236	7199.8725586	0.0000000	0.0000000	0.1051744	0.1574839	0.1046021	0.0000000	0.0000000
7159.9907567	7195.0029150	7194.8900391	0.0000000	0.0000000	0.1180358	0.1574983	0.1064637	0.0000000	0.0000000
7159.9907567	7190.0012064	7189.9075195	0.0000000	0.0000000	0.1356987	0.1574791	0.1080151	0.0000000	0.0000000
7159.9907567	7185.0060189	7184.9250000	0.0000000	0.0000000	0.1325850	0.1578121	0.1054382	0.0000000	0.0000000
7159.9907567	7180.0043103	7179.9804492	0.0000000	0.0000000	0.1233641	0.1580844	0.1035632	0.0000000	0.0000000
7159.9907567	7175.0123833	7174.6444189	0.0000000	0.0000000	0.1630450	0.1587704	0.1019061	0.0000000	0.0000000
7159.9907567	7170.0041536	7169.7188525	0.0000000	0.0000000	0.2321406	0.1593666	0.0997506	0.0000000	0.0000000
7159.9907567	7165.0330331	7164.7932861	0.0000000	0.0000000	0.2730427	0.1591544	0.0997838	0.0000000	0.0000000
7159.9907567	7160.0251023	7159.8677197	0.0000000	0.0000000	0.2564557	0.1582898	0.1012382	0.0000000	0.0000000
7159.9907567	7155.0201792	7154.9421533	0.0000000	0.0000000	0.2116581	0.1584766	0.1037683	0.0000000	0.0000000
7159.9907567	7150.0363105	7149.6061230	0.0000000	0.0000000	0.1611116	0.1589410	0.1036240	0.0000000	0.0000000
7159.9907567	7145.0253719	7144.6805566	0.0000000	0.0000000	0.1133214	0.1583833	0.1033390	0.0000000	0.0000000
7159.9907567	7139.9873635	7139.7829688	0.0000000	0.0000000	0.0817979	0.1581730	0.1015006	0.0000000	0.0000000
7159.9907567	7135.0215414	7134.9133594	0.0000000	0.0000000	0.0803895	0.1581682	0.1025343	0.0000000	0.0000000
7159.9907567	7130.0286494	7129.6379492	0.0000000	0.0000000	0.1002105	0.1574231	0.1031829	0.0000000	0.0000000
7159.9907567	7125.0267341	7124.7683398	0.0000000	0.0000000	0.0950405	0.1571876	0.1014038	0.0000000	0.0000000
7159.9907567	7120.0278266	7119.8987305	0.0000000	0.0000000	0.0765537	0.1580035	0.0995781	0.0000000	0.0000000
7159.9907567	7114.9843181	7114.6233203	0.0000000	0.0000000	0.0836553	0.1584869	0.1001763	0.0000000	0.0000000
7159.9907567	7109.9927322	7109.7537109	0.0000000	0.0000000	0.0908485	0.1587357	0.1011656	0.0000000	0.0000000
7159.9907567	7104.9837419	7104.8841016	0.0000000	0.0000000	0.0818145	0.1591644	0.1005602	0.0000000	0.0000000
7159.9907567	7099.9956370	7099.6316406	0.0000000	0.0000000	0.0888782	0.1590963	0.1020139	0.0000000	0.0000000
7159.9907567	7094.9831658	7094.8171094	0.0000000	0.0000000	0.0795090	0.1575985	0.1024202	0.0000000	0.0000000
7159.9907567	7089.9846182	7089.6013672	0.0000000	0.0000000	0.0712567	0.1564589	0.1016790	0.0000000	0.0000000
7159.9907567	7084.9860706	7084.7868359	0.0000000	0.0000000	0.0708274	0.1570743	0.1013065	0.0000000	0.0000000
7159.9907567	7079.9840421	7079.9723047	0.0000000	0.0000000	0.0561659	0.1576246	0.0988242	0.0000000	0.0000000
7159.9907567	7074.9889754	7074.7565625	0.0000000	0.0000000	0.0464205	0.1580691	0.0978708	0.0000000	0.0000000
7159.9907567	7069.9939087	7069.9420313	0.0000000	0.0000000	0.0344305	0.1582439	0.0964386	0.0000000	0.0000000
7159.9907567	7064.9849184	7064.7262891	0.0000000	0.0000000	0.0361664	0.1591385	0.0964705	0.0000000	0.0000000
7159.9907567	7059.9824510	7059.9297656	0.0000000	0.0000000	0.0379884	0.1586860	0.0959404	0.0000000	0.0000000
7159.9907567	7054.9841606	7054.7725488	0.0000000	0.0000000	0.0454133	0.1581113	0.0957673	0.0000000	0.0000000
7159.9907567	7049.9819654	7049.6153320	0.0000000	0.0000000	0.0480679	0.1584781	0.0957163	0.0000000	0.0000000
7159.9907567	7044.9836750	7044.8548242	0.0000000	0.0000000	0.0510469	0.1591287	0.0968806	0.0000000	0.0000000
7159.9907567	7039.9814797	7039.6976074	0.0000000	0.0000000	0.0545155	0.1575620	0.0972655	0.0000000	0.0000000
7159.9907567	7034.9831894	7034.9370996	0.0000000	0.0000000	0.0568225	0.1575704	0.0985114	0.0000000	0.0000000
7159.9907567	7029.9809941	7029.7798828	0.0000000	0.0000000	0.0606871	0.1587433	0.0986528	0.0000000	0.0000000
7159.9907567	7024.9827038	7024.6226660	0.0000000	0.0000000	0.0653854	0.1585055	0.0983086	0.0000000	0.0000000
7159.9907567	7019.9805085	7019.8843262	0.0000000	0.0000000	0.0629292	0.1592399	0.0978199	0.0000000	0.0000000
7159.9907567	7014.9861230	7014.7847461	0.0000000	0.0000000	0.0625109	0.1580409	0.0974482	0.0000000	0.0000000
7159.9907567	7009.9839278	7009.6851660	0.0000000	0.0000000	0.0594648	0.1575801	0.0965015	0.0000000	0.0000000
7159.9907567	7004.9817325	7004.9778613	0.0000000	0.0000000	0.0610054	0.1591400	0.0967054	0.0000000	0.0000000
