7474.9938239	7599.9977245	7599.5502051	0.0000000	0.0000000	0.0061283	0.1928329	0.1249443	0.0000000	7475.0000000
7474.9938239	7594.9867234	7594.9313574	0.0000000	0.0000000	0.0108136	0.1927616	0.1255294	0.0000000	0.0000000
7474.9938239	7589.9849267	7589.8506250	0.0000000	0.0000000	0.0092092	0.1934934	0.1225819	0.0000000	0.0000000
7474.9938239	7584.9897621	7584.7698926	0.0000000	0.0000000	0.0107317	0.1933568	0.1253591	0.0000000	0.0000000
7474.9938239	7579.9895004	7579.6891602	0.0000000	0.0000000	0.0110939	0.1927872	0.1253087	0.0000000	0.0000000
7474.9938239	7574.9866901	7574.6139941	0.0000000	0.0000000	0.0122920	0.1918694	0.1258898	0.0000000	0.0000000
7474.9938239	7569.9889770	7569.5944922	0.0000000	0.0000000	0.0112227	0.1925568	0.1240997	0.0000000	0.0000000
7474.9938239	7564.9887153	7564.5749902	0.0000000	0.0000000	0.0110439	0.1941331	0.1240038	0.0000000	0.0000000
7474.9938239	7559.9884535	7559.5554883	0.0000000	0.0000000	0.0107678	0.1939224	0.1252876	0.0000000	0.0000000
7474.9938239	7554.9856433	7554.9923047	0.0000000	0.0000000	0.0101265	0.1925963	0.1251508	0.0000000	0.0000000
7474.9938239	7549.9879301	7549.9728027	0.0000000	0.0000000	0.0112950	0.1922819	0.1258000	0.0000000	0.0000000
7474.9938239	7544.9876684	7544.9533008	0.0000000	0.0000000	0.0111484	0.1934951	0.1250829	0.0000000	0.0000000
7474.9938239	7539.9872981	7539.9337988	0.0000000	0.0000000	0.0102900	0.1936251	0.1263815	0.0000000	0.0000000
7474.9938239	7534.9866347	7534.9142969	0.0000000	0.0000000	0.0120981	0.1935510	0.1257227	0.0000000	0.0000000
7474.9938239	7529.9830707	7529.8947949	0.0000000	0.0000000	0.0126270	0.1929974	0.1257333	0.0000000	0.0000000
7474.9938239	7524.9853080	7524.9299316	0.0000000	0.0000000	0.0118002	0.1930911	0.1245160	0.0000000	0.0000000
7474.9938239	7519.9875452	7519.9705322	0.0000000	0.0000000	0.0131277	0.1936761	0.1248317	0.0000000	0.0000000
7474.9938239	7514.9868819	7514.5602783	0.0000000	0.0000000	0.0120400	0.1947837	0.1244149	0.0000000	0.0000000
7474.9938239	7509.9833179	7509.6008789	0.0000000	0.0000000	0.0136268	0.1935752	0.1238566	0.0000000	0.0000000
7474.9938239	7504.9855552	7504.6414795	0.0000000	0.0000000	0.0173230	0.1935790	0.1244666	0.0000000	0.0000000
7474.9938239	7499.9877924	7499.6820801	0.0000000	0.0000000	0.0164116	0.1928999	0.1252625	0.0000000	0.0000000
7474.9938239	7494.9842285	7494.7226807	0.0000000	0.0000000	0.0198131	0.1937006	0.1254556	0.0000000	0.0000000
7474.9938239	7489.9843030	7489.7632813	0.0000000	0.0000000	0.0286342	0.1930883	0.1245591	0.0000000	0.0000000
7474.9938239	7484.9872274	7484.8038818	0.0000000	0.0000000	0.0502919	0.1928770	0.1250352	0.0000000	0.0000000
7474.9938239	7479.9873061	7479.8981445	0.0000000	0.0000000	0.0791761	0.1930817	0.1255034	0.0000000	0.0000000
7474.9938239	7474.9845391	7474.9977734	0.0000000	0.0000000	0.0981346	0.1923827	0.1246821	0.0000000	0.0000000
7474.9938239	7469.9874635	7469.6519141	0.0000000	0.0000000	0.0772134	0.1941313	0.1239332	0.0000000	0.0000000
7474.9938239	7464.9875422	7464.7515430	0.0000000	0.0000000	0.0364714	0.1930342	0.1250686	0.0000000	0.0000000
7474.9938239	7459.9904666	7459.8511719	0.0000000	0.0000000	0.0135494	0.1922526	0.1253510	0.0000000	0.0000000
7474.9938239	7454.9820081	7454.9508008	0.0000000	0.0000000	0.0076401	0.1928320	0.1246112	0.0000000	0.0000000
7474.9938239	7449.9849325	7449.6049414	0.0000000	0.0000000	0.0072234	0.1936530	0.1234153	0.0000000	0.0000000
7474.9938239	7444.9878570	7444.7045703	0.0000000	0.0000000	0.0059229	0.1922947	0.1228536	0.0000000	0.0000000
7474.9938239	7439.9850899	7439.8041992	0.0000000	0.0000000	0.0090143	0.1932915	0.1226603	0.0000000	0.0000000
7474.9938239	7434.9851686	7434.9618359	0.0000000	0.0000000	0.0088138	0.1931211	0.1227260	0.0000000	0.0000000
7474.9938239	7429.9872294	7429.6792578	0.0000000	0.0000000	0.0068011	0.1932253	0.1219116	0.0000000	0.0000000
7474.9938239	7424.9918312	7424.8368945	0.0000000	0.0000000	0.0070343	0.1935723	0.1217875	0.0000000	0.0000000
7474.9938239	7419.9857133	7419.9945313	0.0000000	0.0000000	0.0067056	0.1927657	0.1218129	0.0000000	0.0000000
7474.9938239	7414.9876352	7414.7119531	0.0000000	0.0000000	0.0058280	0.1930269	0.1224552	0.0000000	0.0000000
7474.9938239	7409.9868772	7409.8695898	0.0000000	0.0000000	0.0057133	0.1929656	0.1216753	0.0000000	0.0000000
7474.9938239	7404.9887990	7404.5870117	0.0000000	0.0000000	0.0057140	0.1929706	0.1210724	0.0000000	0.0000000
7474.9938239	7399.9880410	7399.7446484	0.0000000	0.0000000	0.0062494	0.1928073	0.1203770	0.0000000	0.0000000
7474.9938239	7394.9872830	7394.9126367	0.0000000	0.0000000	0.0059888	0.1924406	0.1214723	0.0000000	0.0000000
7474.9938239	7389.9865249	7389.6921680	0.0000000	0.0000000	0.0051055	0.1938036	0.1201532	0.0000000	0.0000000
7474.9938239	7384.9857669	7384.9067383	0.0000000	0.0000000	0.0062979	0.1928838	0.1189144	0.0000000	0.0000000
7474.9938239	7379.9820701	7379.6862695	0.0000000	0.0000000	0.0044333	0.1925319	0.1160803	0.0000000	0.0000000
7474.9938239	7374.9860639	7374.9008398	0.0000000	0.0000000	0.0058525	0.1928259	0.1175699	0.0000000	0.0000000
7474.9938239	7369.9868136	7369.6803711	0.0000000	0.0000000	0.0079739	0.1931194	0.1160509	0.0000000	0.0000000
7474.9938239	7364.9810749	7364.8949414	0.0000000	0.0000000	0.0065182	0.1936729	0.1143850	0.0000000	0.0000000
7474.9938239	7359.9850687	7359.6744727	0.0000000	0.0000000	0.0063511	0.1930984	0.1130151	0.0000000	0.0000000
7474.9938239	7354.9858184	7354.8890430	0.0000000	0.0000000	0.0089836	0.1921079	0.1129401	0.0000000	0.0000000
7474.9938239	7349.9833239	7349.6991016	0.0000000	0.0000000	0.0065884	0.1938135	0.1112408	0.0000000	0.0000000
7474.9938239	7344.9840736	7344.9696387	0.0000000	0.0000000	0.0050325	0.1938409	0.1096864	0.0000000	0.0000000
7474.9938239	7339.9848232	7339.8102246	0.0000000	0.0000000	0.0039142	0.1939392	0.1076982	0.0000000	0.0000000
7474.9938239	7334.9855729	7334.6508105	0.0000000	0.0000000	0.0060762	0.1942435	0.1081395	0.0000000	0.0000000
7474.9938239	7329.9830784	7329.9213477	0.0000000	0.0000000	0.0075558	0.1934644	0.1089247	0.0000000	0.0000000
7474.9938239	7324.9850371	7324.7619336	0.0000000	0.0000000	0.0060378	0.1926746	0.1084868	0.0000000	0.0000000
7474.9938239	7319.9843593	7319.6025195	0.0000000	0.0000000	0.0045017	0.1922944	0.1085398	0.0000000	0.0000000
7474.9938239	7314.9864987	7314.8730566	0.0000000	0.0000000	0.0061993	0.1935416	0.1091010	0.0000000	0.0000000
7474.9938239	7309.9886382	7309.7136426	0.0000000	0.0000000	0.0055608	0.1925446	0.1083065	0.0000000	0.0000000
7474.9938239	7304.9907777	7304.6092822	0.0000000	0.0000000	0.0043204	0.1918608	0.1083654	0.0000000	0.0000000
7474.9938239	7299.9844653	7299.9348730	0.0000000	0.0000000	0.0055436	0.1928190	0.1085078	0.0000000	0.0000000
7474.9938239	7294.9837875	7294.8355176	0.0000000	0.0000000	0.0057861	0.1928994	0.1079795	0.0000000	0.0000000
7474.9938239	7289.9859270	7289.7361621	0.0000000	0.0000000	0.0054618	0.1934863	0.1099849	0.0000000	0.0000000
7474.9938239	7284.9852492	7284.6368066	0.0000000	0.0000000	0.0058826	0.1927582	0.1101025	0.0000000	0.0000000
7474.9938239	7279.9815887	7279.9623975	0.0000000	0.0000000	0.0063796	0.1931398	0.1102775	0.0000000	0.0000000
7474.9938239	7274.9809045	7274.8630420	0.0000000	0.0000000	0.0062845	0.1934774	0.1109523	0.0000000	0.0000000
7474.9938239	7269.9834279	7269.7636865	0.0000000	0.0000000	0.0061674	0.1938590	0.1112290	0.0000000	0.0000000
7474.9938239	7264.9859514	7264.6888672	0.0000000	0.0000000	0.0050298	0.1937094	0.1112294	0.0000000	0.0000000
7474.9938239	7259.9820596	7259.6483984	0.0000000	0.0000000	0.0042915	0.1932369	0.1081423	0.0000000	0.0000000
7474.9938239	7254.9845830	7254.6079297	0.0000000	0.0000000	0.0039666	0.1936885	0.1070403	0.0000000	0.0000000
7474.9938239	7249.9838989	7249.9875000	0.0000000	0.0000000	0.0039417	0.1957073	0.1057458	0.0000000	0.0000000
7474.9938239	7244.9864223	7244.9470313	0.0000000	0.0000000	0.0031464	0.1937712	0.1047146	0.0000000	0.0000000
7474.9938239	7239.9857381	7239.9065625	0.0000000	0.0000000	0.0020709	0.1935365	0.1030854	0.0000000	0.0000000
7474.9938239	7234.9850540	7234.8660938	0.0000000	0.0000000	0.0017637	0.1939414	0.1022316	0.0000000	0.0000000
7474.9938239	7229.9811622	7229.8256250	0.0000000	0.0000000	0.0017485	0.1922052	0.1025702	0.0000000	0.0000000
7474.9938239	7224.9838216	7224.7851563	0.0000000	0.0000000	0.0019940	0.1929651	0.1029568	0.0000000	0.0000000
7474.9938239	7219.9853736	7219.8026367	0.0000000	0.0000000	0.0020795	0.1930643	0.1045688	0.0000000	0.0000000
7474.9938239	7214.9869255	7214.8201172	0.0000000	0.0000000	0.0024111	0.1928674	0.1058842	0.0000000	0.0000000
7474.9938239	7209.9884774	7209.8375977	0.0000000	0.0000000	0.0025392	0.1927670	0.1086920	0.0000000	0.0000000
7474.9938239	7204.9867688	7204.8550781	0.0000000	0.0000000	0.0020986	0.1936934	0.1097344	0.0000000	0.0000000
7474.9938239	7199.9850602	7199.8725586	0.0000000	0.0000000	0.0017799	0.1927554	0.1094670	0.0000000	0.0000000
7474.9938239	7194.9866121	7194.8900391	0.0000000	0.0000000	0.0021281	0.1927902	0.1104393	0.0000000	0.0000000
7474.9938239	7189.9881641	7189.9075195	0.0000000	0.0000000	0.0026681	0.1915413	0.1109899	0.0000000	0.0000000
7474.9938239	7184.9831949	7184.9250000	0.0000000	0.0000000	0.0017305	0.1935962	0.1105912	0.0000000	0.0000000
7474.9938239	7179.9847469	7179.9804492	0.0000000	0.0000000	0.0012410	0.1933323	0.1084882	0.0000000	0.0000000
7474.9938239	7174.9862988	7174.6444189	0.0000000	0.0000000	0.0013912	0.1926748	0.1078868	0.0000000	0.0000000
7474.9938239	7169.9845902	7169.7188525	0.0000000	0.0000000	0.0010784	0.1941842	0.1048846	0.0000000	0.0000000
7474.9938239	7164.9879166	7164.7932861	0.0000000	0.0000000	0.0006478	0.1937578	0.1043025	0.0000000	0.0000000
7474.9938239	7159.9860013	7159.8677197	0.0000000	0.0000000	0.0004760	0.1933258	0.1056008	0.0000000	0.0000000
7474.9938239	7154.9840860	7154.9421533	0.0000000	0.0000000	0.0007440	0.1936719	0.1063109	0.0000000	0.0000000
7474.9938239	7149.9881863	7149.6061230	0.0000000	0.0000000	0.0006830	0.1936979	0.1064955	0.0000000	0.0000000
7474.9938239	7144.9862710	7144.6805566	0.0000000	0.0000000	0.0006993	0.1943755	0.1046658	0.0000000	0.0000000
7474.9938239	7139.9873635	7139.7829688	0.0000000	0.0000000	0.0001953	0.1948541	0.1054102	0.0000000	0.0000000
7474.9938239	7134.9824404	7134.9133594	0.0000000	0.0000000	0.0003605	0.1931830	0.1067358	0.0000000	0.0000000
7474.9938239	7129.9865407	7129.6379492	0.0000000	0.0000000	0.0006499	0.1928212	0.1069226	0.0000000	0.0000000
7474.9938239	7124.9906409	7124.7683398	0.0000000	0.0000000	0.0003325	0.1926812	0.1065896	0.0000000	0.0000000
7474.9938239	7119.9827101	7119.8987305	0.0000000	0.0000000	0.0004066	0.1926925	0.1059520	0.0000000	0.0000000
7474.9938239	7114.9877989	7114.6233203	0.0000000	0.0000000	0.0003896	0.1932296	0.1063607	0.0000000	0.0000000
7474.9938239	7109.9857704	7109.7537109	0.0000000	0.0000000	0.0004149	0.1929198	0.1054045	0.0000000	0.0000000
7474.9938239	7104.9837419	7104.8841016	0.0000000	0.0000000	0.0002855	0.1936495	0.1044922	0.0000000	0.0000000
7474.9938239	7099.9817134	7099.6316406	0.0000000	0.0000000	0.0004103	0.1929617	0.1050270	0.0000000	0.0000000
7474.9938239	7094.9831658	7094.8171094	0.0000000	0.0000000	0.0002782	0.1934808	0.1029387	0.0000000	0.0000000
7474.9938239	7089.9846182	7089.6013672	0.0000000	0.0000000	0.0002371	0.1938928	0.1041271	0.0000000	0.0000000
7474.9938239	7084.9860706	7084.7868359	0.0000000	0.0000000	0.0001151	0.1940176	0.1039938	0.0000000	0.0000000
7474.9938239	7079.9875230	7079.9723047	0.0000000	0.0000000	0.0002083	0.1934109	0.1032466	0.0000000	0.0000000
7474.9938239	7074.9889754	7074.7565625	0.0000000	0.0000000	0.0000990	0.1935260	0.1012345	0.0000000	0.0000000
7474.9938239	7069.9869469	7069.9420313	0.0000000	0.0000000	0.0000635	0.1938517	0.1020251	0.0000000	0.0000000
7474.9938239	7064.9883993	7064.7262891	0.0000000	0.0000000	0.0000944	0.1935575	0.1022736	0.0000000	0.0000000
7474.9938239	7059.9863559	7059.9297656	0.0000000	0.0000000	0.0000576	0.1945336	0.1012734	0.0000000	0.0000000
7474.9938239	7054.9841606	7054.7725488	0.0000000	0.0000000	0.0001052	0.1942648	0.0996427	0.0000000	0.0000000
7474.9938239	7049.9819654	7049.6153320	0.0000000	0.0000000	0.0001083	0.1941394	0.0992637	0.0000000	0.0000000
7474.9938239	7044.9875799	7044.8548242	0.0000000	0.0000000	0.0000890	0.1937120	0.1004135	0.0000000	0.0000000
7474.9938239	7039.9814797	7039.6976074	0.0000000	0.0000000	0.0001843	0.1939105	0.1010007	0.0000000	0.0000000
7474.9938239	7034.9831894	7034.9370996	0.0000000	0.0000000	0.0001593	0.1935277	0.1009148	0.0000000	0.0000000
7474.9938239	7029.9809941	7029.7798828	0.0000000	0.0000000	0.0001770	0.1926890	0.1034841	0.0000000	0.0000000
7474.9938239	7024.9827038	7024.6226660	0.0000000	0.0000000	0.0001003	0.1938258	0.1021497	0.0000000	0.0000000
7474.9938239	7019.9805085	7019.8843262	0.0000000	0.0000000	0.0001782	0.1931876	0.1014739	0.0000000	0.0000000
7474.9938239	7014.9822181	7014.7847461	0.0000000	0.0000000	0.0001290	0.1936613	0.1027582	0.0000000	0.0000000
7474.9938239	7009.9839278	7009.6851660	0.0000000	0.0000000	0.0002096	0.1936503	0.1024967	0.0000000	0.0000000
7474.9938239	7004.9817325	7004.9778613	0.0000000	0.0000000	0.0000659	0.1928887	0.1027675	0.0000000	0.0000000
