7404.9991993	7600.0002163	7599.5502051	0.0000000	0.0000000	0.0074249	0.1884200	0.1243931	0.0000000	7405.0000000
7404.9991993	7594.9892152	7594.9313574	0.0000000	0.0000000	0.0099827	0.1892362	0.1231702	0.0000000	0.0000000
7404.9991993	7589.9849267	7589.8506250	0.0000000	0.0000000	0.0125010	0.1905906	0.1233529	0.0000000	0.0000000
7404.9991993	7584.9897621	7584.7698926	0.0000000	0.0000000	0.0124231	0.1900620	0.1242726	0.0000000	0.0000000
7404.9991993	7579.9895004	7579.6891602	0.0000000	0.0000000	0.0125751	0.1902532	0.1233536	0.0000000	0.0000000
7404.9991993	7574.9866901	7574.6139941	0.0000000	0.0000000	0.0166224	0.1890630	0.1240009	0.0000000	0.0000000
7404.9991993	7569.9889770	7569.5944922	0.0000000	0.0000000	0.0141024	0.1890538	0.1238058	0.0000000	0.0000000
7404.9991993	7564.9887153	7564.5749902	0.0000000	0.0000000	0.0128271	0.1898632	0.1239159	0.0000000	0.0000000
7404.9991993	7559.9884535	7559.5554883	0.0000000	0.0000000	0.0129152	0.1907399	0.1243818	0.0000000	0.0000000
7404.9991993	7554.9881918	7554.9923047	0.0000000	0.0000000	0.0114589	0.1907362	0.1237305	0.0000000	0.0000000
7404.9991993	7549.9853816	7549.9728027	0.0000000	0.0000000	0.0157943	0.1904619	0.1254005	0.0000000	0.0000000
7404.9991993	7544.9851198	7544.9533008	0.0000000	0.0000000	0.0124392	0.1897963	0.1247255	0.0000000	0.0000000
7404.9991993	7539.9872981	7539.9337988	0.0000000	0.0000000	0.0133085	0.1905956	0.1245984	0.0000000	0.0000000
7404.9991993	7535.0301440	7534.9142969	0.0000000	0.0000000	0.0135352	0.1903142	0.1244990	0.0000000	0.0000000
7404.9991993	7530.0294806	7529.8947949	0.0000000	0.0000000	0.0136322	0.1905917	0.1247874	0.0000000	0.0000000
7404.9991993	7524.9882086	7524.9299316	0.0000000	0.0000000	0.0168176	0.1903313	0.1238185	0.0000000	0.0000000
7404.9991993	7519.9875452	7519.9705322	0.0000000	0.0000000	0.0198645	0.1908042	0.1254520	0.0000000	0.0000000
7404.9991993	7514.9897825	7514.5602783	0.0000000	0.0000000	0.0196469	0.1905488	0.1262195	0.0000000	0.0000000
7404.9991993	7510.0355290	7509.6008789	0.0000000	0.0000000	0.0147833	0.1910968	0.1233363	0.0000000	0.0000000
7404.9991993	7505.0319651	7504.6414795	0.0000000	0.0000000	0.0168619	0.1905623	0.1239436	0.0000000	0.0000000
7404.9991993	7499.9877924	7499.6820801	0.0000000	0.0000000	0.0146932	0.1902672	0.1229951	0.0000000	0.0000000
7404.9991993	7495.0277377	7494.7226807	0.0000000	0.0000000	0.0161802	0.1906406	0.1238577	0.0000000	0.0000000
7404.9991993	7489.9843030	7489.7632813	0.0000000	0.0000000	0.0121813	0.1896421	0.1229019	0.0000000	0.0000000
7404.9991993	7484.9843817	7484.8038818	0.0000000	0.0000000	0.0106696	0.1905424	0.1220027	0.0000000	0.0000000
7404.9991993	7480.0356832	7479.8981445	0.0000000	0.0000000	0.0144011	0.1907185	0.1236260	0.0000000	0.0000000
7404.9991993	7474.9845391	7474.9977734	0.0000000	0.0000000	0.0133344	0.1913816	0.1234886	0.0000000	0.0000000
7404.9991993	7469.9846178	7469.6519141	0.0000000	0.0000000	0.0090111	0.1904213	0.1241150	0.0000000	0.0000000
7404.9991993	7464.9875422	7464.7515430	0.0000000	0.0000000	0.0110223	0.1891698	0.1237114	0.0000000	0.0000000
7404.9991993	7459.9847751	7459.8511719	0.0000000	0.0000000	0.0130837	0.1901206	0.1236136	0.0000000	0.0000000
7404.9991993	7454.9820081	7454.9508008	0.0000000	0.0000000	0.0118411	0.1911021	0.1239819	0.0000000	0.0000000
7404.9991993	7449.9877783	7449.6049414	0.0000000	0.0000000	0.0089888	0.1915132	0.1226145	0.0000000	0.0000000
7404.9991993	7444.9850112	7444.7045703	0.0000000	0.0000000	0.0091571	0.1906381	0.1229290	0.0000000	0.0000000
7404.9991993	7439.9850899	7439.8041992	0.0000000	0.0000000	0.0087411	0.1897228	0.1233030	0.0000000	0.0000000
7404.9991993	7434.9851686	7434.9618359	0.0000000	0.0000000	0.0116764	0.1892520	0.1241046	0.0000000	0.0000000
7404.9991993	7429.9872294	7429.6792578	0.0000000	0.0000000	0.0100994	0.1890826	0.1221582	0.0000000	0.0000000
7404.9991993	7424.9891513	7424.8368945	0.0000000	0.0000000	0.0140934	0.1902499	0.1209231	0.0000000	0.0000000
7404.9991993	7419.9857133	7419.9945313	0.0000000	0.0000000	0.0240734	0.1918367	0.1229972	0.0000000	0.0000000
7404.9991993	7414.9849553	7414.7119531	0.0000000	0.0000000	0.0627705	0.1902974	0.1225201	0.0000000	0.0000000
7404.9991993	7409.9868772	7409.8695898	0.0000000	0.0000000	0.0957875	0.1903927	0.1199897	0.0000000	0.0000000
7404.9991993	7404.9861191	7404.5870117	0.0000000	0.0000000	0.1170852	0.1905157	0.1199103	0.0000000	0.0000000
7404.9991993	7399.9853611	7399.7446484	0.0000000	0.0000000	0.0908004	0.1903689	0.1198506	0.0000000	0.0000000
7404.9991993	7394.9846030	7394.9126367	0.0000000	0.0000000	0.0488342	0.1894012	0.1191754	0.0000000	0.0000000
7404.9991993	7389.9865249	7389.6921680	0.0000000	0.0000000	0.0198734	0.1880486	0.1184797	0.0000000	0.0000000
7404.9991993	7384.9857669	7384.9067383	0.0000000	0.0000000	0.0142087	0.1898040	0.1183000	0.0000000	0.0000000
7404.9991993	7379.9820701	7379.6862695	0.0000000	0.0000000	0.0104507	0.1904203	0.1165239	0.0000000	0.0000000
7404.9991993	7375.0152613	7374.9008398	0.0000000	0.0000000	0.0094849	0.1898737	0.1155015	0.0000000	0.0000000
7404.9991993	7370.0095227	7369.6803711	0.0000000	0.0000000	0.0118638	0.1895558	0.1150511	0.0000000	0.0000000
7404.9991993	7365.0037840	7364.8949414	0.0000000	0.0000000	0.0087950	0.1907231	0.1139807	0.0000000	0.0000000
7404.9991993	7360.0012895	7359.6744727	0.0000000	0.0000000	0.0111163	0.1909607	0.1140585	0.0000000	0.0000000
7404.9991993	7355.0085275	7354.8890430	0.0000000	0.0000000	0.0119962	0.1918861	0.1132648	0.0000000	0.0000000
7404.9991993	7350.0027889	7349.6991016	0.0000000	0.0000000	0.0092991	0.1908363	0.1116035	0.0000000	0.0000000
7404.9991993	7345.0067827	7344.9696387	0.0000000	0.0000000	0.0084781	0.1908093	0.1090890	0.0000000	0.0000000
7404.9991993	7340.0075324	7339.8102246	0.0000000	0.0000000	0.0099298	0.1902430	0.1089592	0.0000000	0.0000000
7404.9991993	7335.0050379	7334.6508105	0.0000000	0.0000000	0.0102584	0.1902549	0.1077717	0.0000000	0.0000000
7404.9991993	7330.0057875	7329.9213477	0.0000000	0.0000000	0.0114142	0.1907596	0.1063004	0.0000000	0.0000000
7404.9991993	7325.0132099	7324.7619336	0.0000000	0.0000000	0.0110618	0.1900311	0.1083090	0.0000000	0.0000000
7404.9991993	7319.9871765	7319.6025195	0.0000000	0.0000000	0.0120945	0.1895142	0.1083572	0.0000000	0.0000000
7404.9991993	7314.9864987	7314.8730566	0.0000000	0.0000000	0.0171154	0.1901744	0.1082959	0.0000000	0.0000000
7404.9991993	7309.9886382	7309.7136426	0.0000000	0.0000000	0.0125399	0.1905350	0.1090311	0.0000000	0.0000000
7404.9991993	7304.9851431	7304.6092822	0.0000000	0.0000000	0.0091487	0.1902142	0.1088688	0.0000000	0.0000000
7404.9991993	7299.9816481	7299.9348730	0.0000000	0.0000000	0.0115664	0.1905300	0.1116920	0.0000000	0.0000000
7404.9991993	7294.9837875	7294.8355176	0.0000000	0.0000000	0.0132839	0.1900914	0.1097570	0.0000000	0.0000000
7404.9991993	7289.9859270	7289.7361621	0.0000000	0.0000000	0.0125594	0.1904919	0.1081682	0.0000000	0.0000000
7404.9991993	7284.9852492	7284.6368066	0.0000000	0.0000000	0.0144633	0.1911147	0.1082838	0.0000000	0.0000000
7404.9991993	7279.9815887	7279.9623975	0.0000000	0.0000000	0.0141063	0.1908665	0.1081866	0.0000000	0.0000000
7404.9991993	7275.0097731	7274.8630420	0.0000000	0.0000000	0.0167715	0.1899967	0.1103132	0.0000000	0.0000000
7404.9991993	7270.0122966	7269.7636865	0.0000000	0.0000000	0.0141652	0.1902157	0.1091001	0.0000000	0.0000000
7404.9991993	7265.0019895	7264.6888672	0.0000000	0.0000000	0.0115370	0.1884747	0.1091647	0.0000000	0.0000000
7404.9991993	7260.0077206	7259.6483984	0.0000000	0.0000000	0.0110564	0.1889666	0.1084658	0.0000000	0.0000000
7404.9991993	7255.0102440	7254.6079297	0.0000000	0.0000000	0.0119150	0.1893373	0.1099481	0.0000000	0.0000000
7404.9991993	7250.0095598	7249.9875000	0.0000000	0.0000000	0.0105967	0.1900514	0.1102726	0.0000000	0.0000000
7404.9991993	7245.0120833	7244.9470313	0.0000000	0.0000000	0.0076793	0.1897404	0.1084807	0.0000000	0.0000000
7404.9991993	7240.0178144	7239.9065625	0.0000000	0.0000000	0.0058446	0.1885365	0.1074493	0.0000000	0.0000000
7404.9991993	7235.0107149	7234.8660938	0.0000000	0.0000000	0.0066769	0.1898864	0.1035854	0.0000000	0.0000000
7404.9991993	7230.0068231	7229.8256250	0.0000000	0.0000000	0.0054482	0.1902594	0.1004514	0.0000000	0.0000000
7404.9991993	7225.0001244	7224.7851563	0.0000000	0.0000000	0.0057212	0.1902350	0.1005845	0.0000000	0.0000000
7404.9991993	7220.0114581	7219.8026367	0.0000000	0.0000000	0.0068334	0.1914464	0.1020405	0.0000000	0.0000000
7404.9991993	7215.0130100	7214.8201172	0.0000000	0.0000000	0.0078765	0.1906980	0.1045798	0.0000000	0.0000000
7404.9991993	7210.0047803	7209.8375977	0.0000000	0.0000000	0.0083679	0.1902568	0.1064509	0.0000000	0.0000000
7404.9991993	7205.0063322	7204.8550781	0.0000000	0.0000000	0.0089337	0.1904952	0.1070439	0.0000000	0.0000000
7404.9991993	7200.0078842	7199.8725586	0.0000000	0.0000000	0.0069254	0.1894423	0.1087141	0.0000000	0.0000000
7404.9991993	7195.0094361	7194.8900391	0.0000000	0.0000000	0.0081815	0.1896300	0.1090095	0.0000000	0.0000000
7404.9991993	7189.9979458	7189.9075195	0.0000000	0.0000000	0.0103214	0.1897891	0.1122092	0.0000000	0.0000000
7404.9991993	7184.9994977	7184.9250000	0.0000000	0.0000000	0.0092421	0.1895916	0.1129452	0.0000000	0.0000000
7404.9991993	7180.0108314	7179.9804492	0.0000000	0.0000000	0.0058656	0.1897631	0.1101155	0.0000000	0.0000000
7404.9991993	7175.0058622	7174.6444189	0.0000000	0.0000000	0.0061025	0.1914635	0.1071210	0.0000000	0.0000000
7404.9991993	7170.0041536	7169.7188525	0.0000000	0.0000000	0.0041682	0.1901580	0.1049894	0.0000000	0.0000000
7404.9991993	7165.0300253	7164.7932861	0.0000000	0.0000000	0.0024248	0.1903082	0.1021599	0.0000000	0.0000000
7404.9991993	7160.0281100	7159.8677197	0.0000000	0.0000000	0.0021213	0.1917410	0.1024158	0.0000000	0.0000000
7404.9991993	7155.0292025	7154.9421533	0.0000000	0.0000000	0.0028643	0.1904867	0.1062297	0.0000000	0.0000000
7404.9991993	7150.0242795	7149.6061230	0.0000000	0.0000000	0.0029814	0.1881826	0.1072429	0.0000000	0.0000000
7404.9991993	7145.0223642	7144.6805566	0.0000000	0.0000000	0.0022720	0.1897682	0.1051232	0.0000000	0.0000000
7404.9991993	7140.0234567	7139.7829688	0.0000000	0.0000000	0.0015093	0.1893662	0.1070338	0.0000000	0.0000000
7404.9991993	7135.0245491	7134.9133594	0.0000000	0.0000000	0.0017576	0.1886675	0.1090576	0.0000000	0.0000000
7404.9991993	7130.0256416	7129.6379492	0.0000000	0.0000000	0.0026211	0.1889622	0.1082721	0.0000000	0.0000000
7404.9991993	7125.0207186	7124.7683398	0.0000000	0.0000000	0.0017665	0.1882178	0.1069586	0.0000000	0.0000000
7404.9991993	7120.0218110	7119.8987305	0.0000000	0.0000000	0.0008860	0.1882557	0.1070140	0.0000000	0.0000000
7404.9991993	7114.9947607	7114.6233203	0.0000000	0.0000000	0.0013258	0.1897432	0.1045325	0.0000000	0.0000000
7404.9991993	7110.0066557	7109.7537109	0.0000000	0.0000000	0.0013589	0.1904960	0.1046517	0.0000000	0.0000000
7404.9991993	7104.9837419	7104.8841016	0.0000000	0.0000000	0.0009755	0.1903081	0.1037462	0.0000000	0.0000000
7404.9991993	7099.9817134	7099.6316406	0.0000000	0.0000000	0.0008304	0.1902601	0.1032391	0.0000000	0.0000000
7404.9991993	7094.9831658	7094.8171094	0.0000000	0.0000000	0.0007881	0.1889036	0.1044910	0.0000000	0.0000000
7404.9991993	7089.9846182	7089.6013672	0.0000000	0.0000000	0.0008207	0.1900363	0.1054678	0.0000000	0.0000000
7404.9991993	7084.9860706	7084.7868359	0.0000000	0.0000000	0.0007185	0.1887612	0.1067363	0.0000000	0.0000000
7404.9991993	7079.9875230	7079.9723047	0.0000000	0.0000000	0.0005746	0.1888381	0.1071648	0.0000000	0.0000000
7404.9991993	7074.9889754	7074.7565625	0.0000000	0.0000000	0.0002157	0.1893778	0.1023156	0.0000000	0.0000000
7404.9991993	7070.0008704	7069.9420313	0.0000000	0.0000000	0.0001605	0.1901261	0.1019526	0.0000000	0.0000000
7404.9991993	7064.9988419	7064.7262891	0.0000000	0.0000000	0.0002180	0.1888638	0.1031705	0.0000000	0.0000000
7404.9991993	7059.9863559	7059.9297656	0.0000000	0.0000000	0.0002207	0.1882445	0.1034426	0.0000000	0.0000000
7404.9991993	7054.9880656	7054.7725488	0.0000000	0.0000000	0.0002487	0.1886810	0.1025283	0.0000000	0.0000000
7404.9991993	7049.9819654	7049.6153320	0.0000000	0.0000000	0.0001736	0.1883566	0.1005505	0.0000000	0.0000000
7404.9991993	7044.9875799	7044.8548242	0.0000000	0.0000000	0.0002490	0.1888218	0.1012200	0.0000000	0.0000000
7404.9991993	7039.9775748	7039.6976074	0.0000000	0.0000000	0.0001481	0.1902687	0.0983495	0.0000000	0.0000000
7404.9991993	7034.9792845	7034.9370996	0.0000000	0.0000000	0.0002937	0.1892507	0.0994962	0.0000000	0.0000000
7404.9991993	7029.9809941	7029.7798828	0.0000000	0.0000000	0.0002285	0.1899330	0.0991096	0.0000000	0.0000000
7404.9991993	7024.9827038	7024.6226660	0.0000000	0.0000000	0.0002529	0.1890082	0.1008379	0.0000000	0.0000000
7404.9991993	7019.9805085	7019.8843262	0.0000000	0.0000000	0.0001771	0.1894254	0.1001881	0.0000000	0.0000000
7404.9991993	7014.9822181	7014.7847461	0.0000000	0.0000000	0.0001438	0.1890221	0.1006101	0.0000000	0.0000000
7404.9991993	7009.9878327	7009.6851660	0.0000000	0.0000000	0.0001802	0.1891379	0.1012384	0.0000000	0.0000000
7404.9991993	7004.9817325	7004.9778613	0.0000000	0.0000000	0.0001698	0.1893499	0.1027200	0.0000000	0.0000000
