7049.9983772	7600.0002163	7599.5502051	0.0000000	0.0000000	0.0182092	0.1605869	0.1214424	0.0000000	7050.0000000
7049.9983772	7594.9867234	7594.9313574	0.0000000	0.0000000	0.0201494	0.1618877	0.1200918	0.0000000	0.0000000
7049.9983772	7589.9849267	7589.8506250	0.0000000	0.0000000	0.0207743	0.1620046	0.1206954	0.0000000	0.0000000
7049.9983772	7584.9897621	7584.7698926	0.0000000	0.0000000	0.0230204	0.1623833	0.1210098	0.0000000	0.0000000
7049.9983772	7579.9895004	7579.6891602	0.0000000	0.0000000	0.0197289	0.1624263	0.1209032	0.0000000	0.0000000
7049.9983772	7574.9866901	7574.6139941	0.0000000	0.0000000	0.0195129	0.1613201	0.1208175	0.0000000	0.0000000
7049.9983772	7569.9889770	7569.5944922	0.0000000	0.0000000	0.0184408	0.1604894	0.1220634	0.0000000	0.0000000
7049.9983772	7564.9887153	7564.5749902	0.0000000	0.0000000	0.0170314	0.1598762	0.1217429	0.0000000	0.0000000
7049.9983772	7559.9910021	7559.5554883	0.0000000	0.0000000	0.0177457	0.1603197	0.1218281	0.0000000	0.0000000
7049.9983772	7554.9856433	7554.9923047	0.0000000	0.0000000	0.0234520	0.1606239	0.1226602	0.0000000	0.0000000
7049.9983772	7549.9853816	7549.9728027	0.0000000	0.0000000	0.0191963	0.1610743	0.1235916	0.0000000	0.0000000
7049.9983772	7544.9851198	7544.9533008	0.0000000	0.0000000	0.0189177	0.1614221	0.1224348	0.0000000	0.0000000
7049.9983772	7539.9872981	7539.9337988	0.0000000	0.0000000	0.0188833	0.1609860	0.1210991	0.0000000	0.0000000
7049.9983772	7534.9866347	7534.9142969	0.0000000	0.0000000	0.0207780	0.1633308	0.1224180	0.0000000	0.0000000
7049.9983772	7529.9830707	7529.8947949	0.0000000	0.0000000	0.0206654	0.1631367	0.1207639	0.0000000	0.0000000
7049.9983772	7525.0375191	7524.9299316	0.0000000	0.0000000	0.0200834	0.1624714	0.1208793	0.0000000	0.0000000
7049.9983772	7519.9875452	7519.9705322	0.0000000	0.0000000	0.0210566	0.1612079	0.1209822	0.0000000	0.0000000
7049.9983772	7515.0245899	7514.5602783	0.0000000	0.0000000	0.0212399	0.1600332	0.1202131	0.0000000	0.0000000
7049.9983772	7509.9833179	7509.6008789	0.0000000	0.0000000	0.0202834	0.1612356	0.1207762	0.0000000	0.0000000
7049.9983772	7504.9855552	7504.6414795	0.0000000	0.0000000	0.0198972	0.1621708	0.1194858	0.0000000	0.0000000
7049.9983772	7500.0313017	7499.6820801	0.0000000	0.0000000	0.0213048	0.1625509	0.1204760	0.0000000	0.0000000
7049.9983772	7494.9871291	7494.7226807	0.0000000	0.0000000	0.0222589	0.1622391	0.1204961	0.0000000	0.0000000
7049.9983772	7489.9843030	7489.7632813	0.0000000	0.0000000	0.0192407	0.1628384	0.1198730	0.0000000	0.0000000
7049.9983772	7485.0356045	7484.8038818	0.0000000	0.0000000	0.0218363	0.1624490	0.1205785	0.0000000	0.0000000
7049.9983772	7479.9844604	7479.8981445	0.0000000	0.0000000	0.0186447	0.1625823	0.1191626	0.0000000	0.0000000
7049.9983772	7474.9845391	7474.9977734	0.0000000	0.0000000	0.0180452	0.1613971	0.1196594	0.0000000	0.0000000
7049.9983772	7469.9846178	7469.6519141	0.0000000	0.0000000	0.0189100	0.1620244	0.1214254	0.0000000	0.0000000
7049.9983772	7464.9846965	7464.7515430	0.0000000	0.0000000	0.0170616	0.1623088	0.1215444	0.0000000	0.0000000
7049.9983772	7459.9847751	7459.8511719	0.0000000	0.0000000	0.0152650	0.1624282	0.1205100	0.0000000	0.0000000
7049.9983772	7454.9820081	7454.9508008	0.0000000	0.0000000	0.0167891	0.1627166	0.1228708	0.0000000	0.0000000
7049.9983772	7449.9877783	7449.6049414	0.0000000	0.0000000	0.0160878	0.1627723	0.1220146	0.0000000	0.0000000
7049.9983772	7444.9850112	7444.7045703	0.0000000	0.0000000	0.0145317	0.1611575	0.1195837	0.0000000	0.0000000
7049.9983772	7439.9850899	7439.8041992	0.0000000	0.0000000	0.0146903	0.1624282	0.1196106	0.0000000	0.0000000
7049.9983772	7434.9851686	7434.9618359	0.0000000	0.0000000	0.0149172	0.1621064	0.1196216	0.0000000	0.0000000
7049.9983772	7429.9899093	7429.6792578	0.0000000	0.0000000	0.0128947	0.1628558	0.1184452	0.0000000	0.0000000
7049.9983772	7424.9864714	7424.8368945	0.0000000	0.0000000	0.0115396	0.1625784	0.1178516	0.0000000	0.0000000
7049.9983772	7419.9883932	7419.9945313	0.0000000	0.0000000	0.0108643	0.1632915	0.1164568	0.0000000	0.0000000
7049.9983772	7414.9849553	7414.7119531	0.0000000	0.0000000	0.0088224	0.1633672	0.1158390	0.0000000	0.0000000
7049.9983772	7409.9868772	7409.8695898	0.0000000	0.0000000	0.0087113	0.1639822	0.1167845	0.0000000	0.0000000
7049.9983772	7404.9861191	7404.5870117	0.0000000	0.0000000	0.0089750	0.1634854	0.1167958	0.0000000	0.0000000
7049.9983772	7399.9853611	7399.7446484	0.0000000	0.0000000	0.0095137	0.1627544	0.1164594	0.0000000	0.0000000
7049.9983772	7394.9846030	7394.9126367	0.0000000	0.0000000	0.0089137	0.1623860	0.1149816	0.0000000	0.0000000
7049.9983772	7389.9865249	7389.6921680	0.0000000	0.0000000	0.0098789	0.1622817	0.1149921	0.0000000	0.0000000
7049.9983772	7384.9857669	7384.9067383	0.0000000	0.0000000	0.0083845	0.1630834	0.1129069	0.0000000	0.0000000
7049.9983772	7379.9853142	7379.6862695	0.0000000	0.0000000	0.0102554	0.1629231	0.1144397	0.0000000	0.0000000
7049.9983772	7375.0120172	7374.9008398	0.0000000	0.0000000	0.0091445	0.1622084	0.1139808	0.0000000	0.0000000
7049.9983772	7370.0095227	7369.6803711	0.0000000	0.0000000	0.0101609	0.1622292	0.1152301	0.0000000	0.0000000
7049.9983772	7365.0037840	7364.8949414	0.0000000	0.0000000	0.0117996	0.1607271	0.1147928	0.0000000	0.0000000
7049.9983772	7360.0045337	7359.6744727	0.0000000	0.0000000	0.0123309	0.1625190	0.1110110	0.0000000	0.0000000
7049.9983772	7355.0182600	7354.8890430	0.0000000	0.0000000	0.0103954	0.1637943	0.1086506	0.0000000	0.0000000
7049.9983772	7350.0027889	7349.6991016	0.0000000	0.0000000	0.0110120	0.1642942	0.1070837	0.0000000	0.0000000
7049.9983772	7345.0035385	7344.9696387	0.0000000	0.0000000	0.0101960	0.1633379	0.1054299	0.0000000	0.0000000
7049.9983772	7340.0107765	7339.8102246	0.0000000	0.0000000	0.0102262	0.1622424	0.1053546	0.0000000	0.0000000
7049.9983772	7335.0050379	7334.6508105	0.0000000	0.0000000	0.0104333	0.1627817	0.1046429	0.0000000	0.0000000
7049.9983772	7330.0025434	7329.9213477	0.0000000	0.0000000	0.0124109	0.1633248	0.1038197	0.0000000	0.0000000
7049.9983772	7325.0188445	7324.7619336	0.0000000	0.0000000	0.0115596	0.1636841	0.1036201	0.0000000	0.0000000
7049.9983772	7319.9871765	7319.6025195	0.0000000	0.0000000	0.0104762	0.1640137	0.1032551	0.0000000	0.0000000
7049.9983772	7314.9864987	7314.8730566	0.0000000	0.0000000	0.0129287	0.1644290	0.1032765	0.0000000	0.0000000
7049.9983772	7309.9886382	7309.7136426	0.0000000	0.0000000	0.0135889	0.1651072	0.1041039	0.0000000	0.0000000
7049.9983772	7304.9851431	7304.6092822	0.0000000	0.0000000	0.0152666	0.1635593	0.1064929	0.0000000	0.0000000
7049.9983772	7299.9844653	7299.9348730	0.0000000	0.0000000	0.0201045	0.1637422	0.1085150	0.0000000	0.0000000
7049.9983772	7294.9837875	7294.8355176	0.0000000	0.0000000	0.0190389	0.1638761	0.1054991	0.0000000	0.0000000
7049.9983772	7289.9859270	7289.7361621	0.0000000	0.0000000	0.0178108	0.1639430	0.1050984	0.0000000	0.0000000
7049.9983772	7284.9852492	7284.6368066	0.0000000	0.0000000	0.0209207	0.1642345	0.1059218	0.0000000	0.0000000
7049.9983772	7279.9783810	7279.9623975	0.0000000	0.0000000	0.0221021	0.1625068	0.1067891	0.0000000	0.0000000
7049.9983772	7275.0161883	7274.8630420	0.0000000	0.0000000	0.0245184	0.1624467	0.1072070	0.0000000	0.0000000
7049.9983772	7270.0155042	7269.7636865	0.0000000	0.0000000	0.0257867	0.1629829	0.1059709	0.0000000	0.0000000
7049.9983772	7265.0116124	7264.6888672	0.0000000	0.0000000	0.0241184	0.1631675	0.1054363	0.0000000	0.0000000
7049.9983772	7260.0077206	7259.6483984	0.0000000	0.0000000	0.0219677	0.1636128	0.1048073	0.0000000	0.0000000
7049.9983772	7255.0038288	7254.6079297	0.0000000	0.0000000	0.0271006	0.1629436	0.1045240	0.0000000	0.0000000
7049.9983772	7250.0191827	7249.9875000	0.0000000	0.0000000	0.0278881	0.1633593	0.1024927	0.0000000	0.0000000
7049.9983772	7245.0024604	7244.9470313	0.0000000	0.0000000	0.0259515	0.1636512	0.0996582	0.0000000	0.0000000
7049.9983772	7240.0178144	7239.9065625	0.0000000	0.0000000	0.0256313	0.1630923	0.0987263	0.0000000	0.0000000
7049.9983772	7235.0107149	7234.8660938	0.0000000	0.0000000	0.0284452	0.1625986	0.0972681	0.0000000	0.0000000
7049.9983772	7230.0036155	7229.8256250	0.0000000	0.0000000	0.0291144	0.1625131	0.0982067	0.0000000	0.0000000
7049.9983772	7224.9968639	7224.7851563	0.0000000	0.0000000	0.0311832	0.1629269	0.0989517	0.0000000	0.0000000
7049.9983772	7219.9984158	7219.8026367	0.0000000	0.0000000	0.0405140	0.1637098	0.1000253	0.0000000	0.0000000
7049.9983772	7215.0064889	7214.8201172	0.0000000	0.0000000	0.0507047	0.1624690	0.1020349	0.0000000	0.0000000
7049.9983772	7210.0113014	7209.8375977	0.0000000	0.0000000	0.0611161	0.1635339	0.1029718	0.0000000	0.0000000
7049.9983772	7205.0030717	7204.8550781	0.0000000	0.0000000	0.0754801	0.1635092	0.1045867	0.0000000	0.0000000
7049.9983772	7200.0013630	7199.8725586	0.0000000	0.0000000	0.0782855	0.1623203	0.1047743	0.0000000	0.0000000
7049.9983772	7195.0029150	7194.8900391	0.0000000	0.0000000	0.0834061	0.1620021	0.1060825	0.0000000	0.0000000
7049.9983772	7190.0044669	7189.9075195	0.0000000	0.0000000	0.1004235	0.1619174	0.1066097	0.0000000	0.0000000
7049.9983772	7184.9994977	7184.9250000	0.0000000	0.0000000	0.0931233	0.1632850	0.1047498	0.0000000	0.0000000
7049.9983772	7180.0010497	7179.9804492	0.0000000	0.0000000	0.0957013	0.1629611	0.1045175	0.0000000	0.0000000
7049.9983772	7175.0026016	7174.6444189	0.0000000	0.0000000	0.1021912	0.1625547	0.1035664	0.0000000	0.0000000
7049.9983772	7170.0008930	7169.7188525	0.0000000	0.0000000	0.1130074	0.1628353	0.1028317	0.0000000	0.0000000
7049.9983772	7165.0390486	7164.7932861	0.0000000	0.0000000	0.1013407	0.1631979	0.1017207	0.0000000	0.0000000
7049.9983772	7160.0251023	7159.8677197	0.0000000	0.0000000	0.0965853	0.1628105	0.1021875	0.0000000	0.0000000
7049.9983772	7155.0292025	7154.9421533	0.0000000	0.0000000	0.1094941	0.1617416	0.1041904	0.0000000	0.0000000
7049.9983772	7150.0242795	7149.6061230	0.0000000	0.0000000	0.1343853	0.1611799	0.1043702	0.0000000	0.0000000
7049.9983772	7145.0253719	7144.6805566	0.0000000	0.0000000	0.1192974	0.1615884	0.1010107	0.0000000	0.0000000
7049.9983772	7140.0234567	7139.7829688	0.0000000	0.0000000	0.1010779	0.1633848	0.0996606	0.0000000	0.0000000
7049.9983772	7135.0185336	7134.9133594	0.0000000	0.0000000	0.1048799	0.1620414	0.1009907	0.0000000	0.0000000
7049.9983772	7130.0196261	7129.6379492	0.0000000	0.0000000	0.1348619	0.1617952	0.1027244	0.0000000	0.0000000
7049.9983772	7125.0207186	7124.7683398	0.0000000	0.0000000	0.1430485	0.1627151	0.1019548	0.0000000	0.0000000
7049.9983772	7120.0248188	7119.8987305	0.0000000	0.0000000	0.1305210	0.1627719	0.1017415	0.0000000	0.0000000
7049.9983772	7114.9843181	7114.6233203	0.0000000	0.0000000	0.1319213	0.1621229	0.1010115	0.0000000	0.0000000
7049.9983772	7109.9857704	7109.7537109	0.0000000	0.0000000	0.1473405	0.1631216	0.1016533	0.0000000	0.0000000
7049.9983772	7104.9837419	7104.8841016	0.0000000	0.0000000	0.1407520	0.1627186	0.0990061	0.0000000	0.0000000
7049.9983772	7099.9851943	7099.6316406	0.0000000	0.0000000	0.1455483	0.1625802	0.0980620	0.0000000	0.0000000
7049.9983772	7094.9831658	7094.8171094	0.0000000	0.0000000	0.1389041	0.1636018	0.0982422	0.0000000	0.0000000
7049.9983772	7089.9846182	7089.6013672	0.0000000	0.0000000	0.1437428	0.1631293	0.0980712	0.0000000	0.0000000
7049.9983772	7084.9895515	7084.7868359	0.0000000	0.0000000	0.1479302	0.1633782	0.0975801	0.0000000	0.0000000
7049.9983772	7079.9875230	7079.9723047	0.0000000	0.0000000	0.1277101	0.1621361	0.0976782	0.0000000	0.0000000
7049.9983772	7074.9889754	7074.7565625	0.0000000	0.0000000	0.1139822	0.1626736	0.0976108	0.0000000	0.0000000
7049.9983772	7069.9869469	7069.9420313	0.0000000	0.0000000	0.1201381	0.1615940	0.0971135	0.0000000	0.0000000
7049.9983772	7064.9883993	7064.7262891	0.0000000	0.0000000	0.1857156	0.1616821	0.0983169	0.0000000	0.0000000
7049.9983772	7059.9863559	7059.9297656	0.0000000	0.0000000	0.2631947	0.1618987	0.0969799	0.0000000	0.0000000
7049.9983772	7054.9880656	7054.7725488	0.0000000	0.0000000	0.3396959	0.1620107	0.0963396	0.0000000	0.0000000
7049.9983772	7049.9819654	7049.6153320	0.0000000	0.0000000	0.3478203	0.1624359	0.0947141	0.0000000	0.0000000
7049.9983772	7044.9875799	7044.8548242	0.0000000	0.0000000	0.2972498	0.1623702	0.0959669	0.0000000	0.0000000
7049.9983772	7039.9814797	7039.6976074	0.0000000	0.0000000	0.2464470	0.1610829	0.0961719	0.0000000	0.0000000
7049.9983772	7034.9831894	7034.9370996	0.0000000	0.0000000	0.2053732	0.1620042	0.0968585	0.0000000	0.0000000
7049.9983772	7029.9809941	7029.7798828	0.0000000	0.0000000	0.1898945	0.1623658	0.0953617	0.0000000	0.0000000
7049.9983772	7024.9827038	7024.6226660	0.0000000	0.0000000	0.2150203	0.1619707	0.0968116	0.0000000	0.0000000
7049.9983772	7019.9844134	7019.8843262	0.0000000	0.0000000	0.2119805	0.1620808	0.0962933	0.0000000	0.0000000
7049.9983772	7014.9900280	7014.7847461	0.0000000	0.0000000	0.2245267	0.1623439	0.0960461	0.0000000	0.0000000
7049.9983772	7009.9878327	7009.6851660	0.0000000	0.0000000	0.2343442	0.1618228	0.0976666	0.0000000	0.0000000
7049.9983772	7004.9817325	7004.9778613	0.0000000	0.0000000	0.2372966	0.1614818	0.0968522	0.0000000	0.0000000
