7294.9924394	7599.9977245	7599.5502051	0.0000000	0.0000000	0.0166274	0.1844485	0.1242917	0.0000000	7295.0000000
7294.9924394	7594.9867234	7594.9313574	0.0000000	0.0000000	0.0170223	0.1852660	0.1226177	0.0000000	0.0000000
7294.9924394	7589.9874753	7589.8506250	0.0000000	0.0000000	0.0179689	0.1852540	0.1238448	0.0000000	0.0000000
7294.9924394	7584.9897621	7584.7698926	0.0000000	0.0000000	0.0191199	0.1862139	0.1235682	0.0000000	0.0000000
7294.9924394	7579.9895004	7579.6891602	0.0000000	0.0000000	0.0205630	0.1856979	0.1232698	0.0000000	0.0000000
7294.9924394	7574.9866901	7574.6139941	0.0000000	0.0000000	0.0200741	0.1851969	0.1241636	0.0000000	0.0000000
7294.9924394	7569.9889770	7569.5944922	0.0000000	0.0000000	0.0181504	0.1841443	0.1234207	0.0000000	0.0000000
7294.9924394	7564.9861667	7564.5749902	0.0000000	0.0000000	0.0199095	0.1839802	0.1225317	0.0000000	0.0000000
7294.9924394	7559.9859050	7559.5554883	0.0000000	0.0000000	0.0188359	0.1850085	0.1220392	0.0000000	0.0000000
7294.9924394	7554.9856433	7554.9923047	0.0000000	0.0000000	0.0173994	0.1854094	0.1210958	0.0000000	0.0000000
7294.9924394	7549.9853816	7549.9728027	0.0000000	0.0000000	0.0183942	0.1840067	0.1228242	0.0000000	0.0000000
7294.9924394	7544.9851198	7544.9533008	0.0000000	0.0000000	0.0182201	0.1840684	0.1221273	0.0000000	0.0000000
7294.9924394	7539.9872981	7539.9337988	0.0000000	0.0000000	0.0195973	0.1852731	0.1210688	0.0000000	0.0000000
7294.9924394	7534.9866347	7534.9142969	0.0000000	0.0000000	0.0236403	0.1838728	0.1227682	0.0000000	0.0000000
7294.9924394	7530.0323812	7529.8947949	0.0000000	0.0000000	0.0218042	0.1842825	0.1232119	0.0000000	0.0000000
7294.9924394	7524.9853080	7524.9299316	0.0000000	0.0000000	0.0204216	0.1851938	0.1230824	0.0000000	0.0000000
7294.9924394	7520.0339551	7519.9705322	0.0000000	0.0000000	0.0251356	0.1854249	0.1259814	0.0000000	0.0000000
7294.9924394	7514.9839813	7514.5602783	0.0000000	0.0000000	0.0223253	0.1863905	0.1246462	0.0000000	0.0000000
7294.9924394	7509.9804173	7509.6008789	0.0000000	0.0000000	0.0239364	0.1856429	0.1265336	0.0000000	0.0000000
7294.9924394	7504.9855552	7504.6414795	0.0000000	0.0000000	0.0238699	0.1858816	0.1257671	0.0000000	0.0000000
7294.9924394	7500.0255005	7499.6820801	0.0000000	0.0000000	0.0224994	0.1855784	0.1232976	0.0000000	0.0000000
7294.9924394	7494.9871291	7494.7226807	0.0000000	0.0000000	0.0223474	0.1844790	0.1211447	0.0000000	0.0000000
7294.9924394	7490.0326801	7489.7632813	0.0000000	0.0000000	0.0230417	0.1848527	0.1215914	0.0000000	0.0000000
7294.9924394	7484.9843817	7484.8038818	0.0000000	0.0000000	0.0240798	0.1839358	0.1221169	0.0000000	0.0000000
7294.9924394	7479.9901518	7479.8981445	0.0000000	0.0000000	0.0223547	0.1845898	0.1215114	0.0000000	0.0000000
7294.9924394	7474.9845391	7474.9977734	0.0000000	0.0000000	0.0239700	0.1849176	0.1219104	0.0000000	0.0000000
7294.9924394	7469.9846178	7469.6519141	0.0000000	0.0000000	0.0226567	0.1857965	0.1230878	0.0000000	0.0000000
7294.9924394	7464.9846965	7464.7515430	0.0000000	0.0000000	0.0183698	0.1852615	0.1223228	0.0000000	0.0000000
7294.9924394	7459.9847751	7459.8511719	0.0000000	0.0000000	0.0201356	0.1838721	0.1219172	0.0000000	0.0000000
7294.9924394	7454.9820081	7454.9508008	0.0000000	0.0000000	0.0228071	0.1840115	0.1218187	0.0000000	0.0000000
7294.9924394	7449.9877783	7449.6049414	0.0000000	0.0000000	0.0207971	0.1852809	0.1229342	0.0000000	0.0000000
7294.9924394	7444.9850112	7444.7045703	0.0000000	0.0000000	0.0196625	0.1860391	0.1229296	0.0000000	0.0000000
7294.9924394	7439.9822442	7439.8041992	0.0000000	0.0000000	0.0209971	0.1843762	0.1246180	0.0000000	0.0000000
7294.9924394	7434.9851686	7434.9618359	0.0000000	0.0000000	0.0237740	0.1846709	0.1243900	0.0000000	0.0000000
7294.9924394	7429.9872294	7429.6792578	0.0000000	0.0000000	0.0203785	0.1852540	0.1228502	0.0000000	0.0000000
7294.9924394	7424.9918312	7424.8368945	0.0000000	0.0000000	0.0176997	0.1865197	0.1201904	0.0000000	0.0000000
7294.9924394	7419.9857133	7419.9945313	0.0000000	0.0000000	0.0158514	0.1855842	0.1200718	0.0000000	0.0000000
7294.9924394	7414.9849553	7414.7119531	0.0000000	0.0000000	0.0170209	0.1851119	0.1182765	0.0000000	0.0000000
7294.9924394	7409.9841972	7409.8695898	0.0000000	0.0000000	0.0185031	0.1850284	0.1168907	0.0000000	0.0000000
7294.9924394	7404.9861191	7404.5870117	0.0000000	0.0000000	0.0198397	0.1846086	0.1168611	0.0000000	0.0000000
7294.9924394	7399.9853611	7399.7446484	0.0000000	0.0000000	0.0206029	0.1839290	0.1167927	0.0000000	0.0000000
7294.9924394	7394.9846030	7394.9126367	0.0000000	0.0000000	0.0218118	0.1844615	0.1172253	0.0000000	0.0000000
7294.9924394	7389.9865249	7389.6921680	0.0000000	0.0000000	0.0222350	0.1850973	0.1187117	0.0000000	0.0000000
7294.9924394	7384.9857669	7384.9067383	0.0000000	0.0000000	0.0216663	0.1860861	0.1158906	0.0000000	0.0000000
7294.9924394	7379.9820701	7379.6862695	0.0000000	0.0000000	0.0216970	0.1860548	0.1159285	0.0000000	0.0000000
7294.9924394	7374.9990405	7374.9008398	0.0000000	0.0000000	0.0238696	0.1844916	0.1157688	0.0000000	0.0000000
7294.9924394	7370.0160110	7369.6803711	0.0000000	0.0000000	0.0280553	0.1849943	0.1156714	0.0000000	0.0000000
7294.9924394	7365.0070282	7364.8949414	0.0000000	0.0000000	0.0289653	0.1854166	0.1141573	0.0000000	0.0000000
7294.9924394	7360.0045337	7359.6744727	0.0000000	0.0000000	0.0309377	0.1852965	0.1128696	0.0000000	0.0000000
7294.9924394	7355.0085275	7354.8890430	0.0000000	0.0000000	0.0348926	0.1846346	0.1112369	0.0000000	0.0000000
7294.9924394	7350.0092772	7349.6991016	0.0000000	0.0000000	0.0326449	0.1863752	0.1082084	0.0000000	0.0000000
7294.9924394	7345.0100269	7344.9696387	0.0000000	0.0000000	0.0322236	0.1866830	0.1071317	0.0000000	0.0000000
7294.9924394	7340.0075324	7339.8102246	0.0000000	0.0000000	0.0322230	0.1861879	0.1076443	0.0000000	0.0000000
7294.9924394	7335.0017937	7334.6508105	0.0000000	0.0000000	0.0396763	0.1850833	0.1100063	0.0000000	0.0000000
7294.9924394	7330.0025434	7329.9213477	0.0000000	0.0000000	0.0481023	0.1855750	0.1097919	0.0000000	0.0000000
7294.9924394	7325.0160272	7324.7619336	0.0000000	0.0000000	0.0439001	0.1857190	0.1086355	0.0000000	0.0000000
7294.9924394	7319.9843593	7319.6025195	0.0000000	0.0000000	0.0430699	0.1865381	0.1069757	0.0000000	0.0000000
7294.9924394	7314.9836815	7314.8730566	0.0000000	0.0000000	0.0502587	0.1867264	0.1064746	0.0000000	0.0000000
7294.9924394	7309.9886382	7309.7136426	0.0000000	0.0000000	0.0670901	0.1870023	0.1091357	0.0000000	0.0000000
7294.9924394	7304.9851431	7304.6092822	0.0000000	0.0000000	0.1106593	0.1868567	0.1110056	0.0000000	0.0000000
7294.9924394	7299.9844653	7299.9348730	0.0000000	0.0000000	0.1820761	0.1854413	0.1093711	0.0000000	0.0000000
7294.9924394	7294.9837875	7294.8355176	0.0000000	0.0000000	0.2164843	0.1851552	0.1073844	0.0000000	0.0000000
7294.9924394	7289.9831097	7289.7361621	0.0000000	0.0000000	0.1822360	0.1844941	0.1079147	0.0000000	0.0000000
7294.9924394	7284.9852492	7284.6368066	0.0000000	0.0000000	0.1248505	0.1844598	0.1107498	0.0000000	0.0000000
7294.9924394	7279.9815887	7279.9623975	0.0000000	0.0000000	0.0796139	0.1851022	0.1098828	0.0000000	0.0000000
7294.9924394	7275.0033579	7274.8630420	0.0000000	0.0000000	0.0589738	0.1864108	0.1091779	0.0000000	0.0000000
7294.9924394	7270.0090889	7269.7636865	0.0000000	0.0000000	0.0508420	0.1863107	0.1075673	0.0000000	0.0000000
7294.9924394	7265.0084048	7264.6888672	0.0000000	0.0000000	0.0500872	0.1862733	0.1074454	0.0000000	0.0000000
7294.9924394	7260.0173434	7259.6483984	0.0000000	0.0000000	0.0458142	0.1870665	0.1085710	0.0000000	0.0000000
7294.9924394	7255.0102440	7254.6079297	0.0000000	0.0000000	0.0486948	0.1867554	0.1071807	0.0000000	0.0000000
7294.9924394	7250.0095598	7249.9875000	0.0000000	0.0000000	0.0385419	0.1885619	0.1024456	0.0000000	0.0000000
7294.9924394	7245.0088757	7244.9470313	0.0000000	0.0000000	0.0412035	0.1881764	0.1059420	0.0000000	0.0000000
7294.9924394	7240.0146067	7239.9065625	0.0000000	0.0000000	0.0371648	0.1877838	0.1029769	0.0000000	0.0000000
7294.9924394	7235.0107149	7234.8660938	0.0000000	0.0000000	0.0365723	0.1877218	0.0987363	0.0000000	0.0000000
7294.9924394	7230.0036155	7229.8256250	0.0000000	0.0000000	0.0344081	0.1873167	0.0986033	0.0000000	0.0000000
7294.9924394	7225.0099061	7224.7851563	0.0000000	0.0000000	0.0389226	0.1876453	0.1005574	0.0000000	0.0000000
7294.9924394	7220.0114581	7219.8026367	0.0000000	0.0000000	0.0505852	0.1871665	0.1028359	0.0000000	0.0000000
7294.9924394	7215.0097495	7214.8201172	0.0000000	0.0000000	0.0554419	0.1873242	0.1050292	0.0000000	0.0000000
7294.9924394	7210.0015197	7209.8375977	0.0000000	0.0000000	0.0602661	0.1881583	0.1056653	0.0000000	0.0000000
7294.9924394	7205.0095928	7204.8550781	0.0000000	0.0000000	0.0638063	0.1878427	0.1075826	0.0000000	0.0000000
7294.9924394	7200.0046236	7199.8725586	0.0000000	0.0000000	0.0602476	0.1864613	0.1105681	0.0000000	0.0000000
7294.9924394	7195.0029150	7194.8900391	0.0000000	0.0000000	0.0637258	0.1870293	0.1132634	0.0000000	0.0000000
7294.9924394	7190.0109881	7189.9075195	0.0000000	0.0000000	0.0705773	0.1877324	0.1101134	0.0000000	0.0000000
7294.9924394	7185.0060189	7184.9250000	0.0000000	0.0000000	0.0645453	0.1877587	0.1081974	0.0000000	0.0000000
7294.9924394	7180.0075708	7179.9804492	0.0000000	0.0000000	0.0539991	0.1869946	0.1058937	0.0000000	0.0000000
7294.9924394	7175.0058622	7174.6444189	0.0000000	0.0000000	0.0504222	0.1870232	0.1033838	0.0000000	0.0000000
7294.9924394	7169.9976324	7169.7188525	0.0000000	0.0000000	0.0491951	0.1876927	0.1025363	0.0000000	0.0000000
7294.9924394	7164.9849088	7164.7932861	0.0000000	0.0000000	0.0348860	0.1875607	0.1016377	0.0000000	0.0000000
7294.9924394	7160.0281100	7159.8677197	0.0000000	0.0000000	0.0321898	0.1877979	0.1034456	0.0000000	0.0000000
7294.9924394	7155.0231870	7154.9421533	0.0000000	0.0000000	0.0353000	0.1868669	0.1038022	0.0000000	0.0000000
7294.9924394	7150.0363105	7149.6061230	0.0000000	0.0000000	0.0389297	0.1874958	0.1039111	0.0000000	0.0000000
7294.9924394	7145.0193564	7144.6805566	0.0000000	0.0000000	0.0311426	0.1877719	0.1041302	0.0000000	0.0000000
7294.9924394	7140.0294722	7139.7829688	0.0000000	0.0000000	0.0217456	0.1876877	0.1034380	0.0000000	0.0000000
7294.9924394	7135.0215414	7134.9133594	0.0000000	0.0000000	0.0211433	0.1865294	0.1035233	0.0000000	0.0000000
7294.9924394	7130.0226338	7129.6379492	0.0000000	0.0000000	0.0289037	0.1870315	0.1012401	0.0000000	0.0000000
7294.9924394	7125.0267341	7124.7683398	0.0000000	0.0000000	0.0264764	0.1884121	0.1010841	0.0000000	0.0000000
7294.9924394	7120.0188033	7119.8987305	0.0000000	0.0000000	0.0186339	0.1882056	0.1009500	0.0000000	0.0000000
7294.9924394	7114.9808372	7114.6233203	0.0000000	0.0000000	0.0183123	0.1876901	0.1017544	0.0000000	0.0000000
7294.9924394	7109.9857704	7109.7537109	0.0000000	0.0000000	0.0191051	0.1869086	0.1021764	0.0000000	0.0000000
7294.9924394	7104.9837419	7104.8841016	0.0000000	0.0000000	0.0169503	0.1874474	0.1014279	0.0000000	0.0000000
7294.9924394	7099.9817134	7099.6316406	0.0000000	0.0000000	0.0170875	0.1886743	0.1000773	0.0000000	0.0000000
7294.9924394	7094.9796850	7094.8171094	0.0000000	0.0000000	0.0124097	0.1896903	0.0994319	0.0000000	0.0000000
7294.9924394	7089.9811373	7089.6013672	0.0000000	0.0000000	0.0127219	0.1896139	0.0996212	0.0000000	0.0000000
7294.9924394	7084.9860706	7084.7868359	0.0000000	0.0000000	0.0093248	0.1893707	0.0998462	0.0000000	0.0000000
7294.9924394	7079.9910039	7079.9723047	0.0000000	0.0000000	0.0062544	0.1885349	0.0995695	0.0000000	0.0000000
7294.9924394	7074.9889754	7074.7565625	0.0000000	0.0000000	0.0037969	0.1887625	0.0973533	0.0000000	0.0000000
7294.9924394	7069.9869469	7069.9420313	0.0000000	0.0000000	0.0028457	0.1877928	0.0980536	0.0000000	0.0000000
7294.9924394	7064.9883993	7064.7262891	0.0000000	0.0000000	0.0029067	0.1878639	0.0977693	0.0000000	0.0000000
7294.9924394	7059.9863559	7059.9297656	0.0000000	0.0000000	0.0027164	0.1885935	0.0970647	0.0000000	0.0000000
7294.9924394	7054.9880656	7054.7725488	0.0000000	0.0000000	0.0031731	0.1888243	0.0974984	0.0000000	0.0000000
7294.9924394	7049.9819654	7049.6153320	0.0000000	0.0000000	0.0035614	0.1891934	0.0969617	0.0000000	0.0000000
7294.9924394	7044.9875799	7044.8548242	0.0000000	0.0000000	0.0034403	0.1895363	0.0972920	0.0000000	0.0000000
7294.9924394	7039.9775748	7039.6976074	0.0000000	0.0000000	0.0037939	0.1893674	0.0978926	0.0000000	0.0000000
7294.9924394	7034.9831894	7034.9370996	0.0000000	0.0000000	0.0039500	0.1892621	0.0974823	0.0000000	0.0000000
7294.9924394	7029.9809941	7029.7798828	0.0000000	0.0000000	0.0048705	0.1894341	0.0979465	0.0000000	0.0000000
7294.9924394	7024.9827038	7024.6226660	0.0000000	0.0000000	0.0052771	0.1896097	0.0977274	0.0000000	0.0000000
7294.9924394	7019.9844134	7019.8843262	0.0000000	0.0000000	0.0046107	0.1883790	0.0984966	0.0000000	0.0000000
7294.9924394	7014.9861230	7014.7847461	0.0000000	0.0000000	0.0041116	0.1879579	0.0991487	0.0000000	0.0000000
7294.9924394	7009.9878327	7009.6851660	0.0000000	0.0000000	0.0041224	0.1875466	0.0998081	0.0000000	0.0000000
7294.9924394	7004.9817325	7004.9778613	0.0000000	0.0000000	0.0037650	0.1883021	0.0989644	0.0000000	0.0000000
