7199.9989997	7599.9977245	7599.5502051	0.0000000	0.0000000	0.0151525	0.1694960	0.1233175	0.0000000	7200.0000000
7199.9989997	7594.9867234	7594.9313574	0.0000000	0.0000000	0.0160481	0.1708842	0.1222158	0.0000000	0.0000000
7199.9989997	7589.9849267	7589.8506250	0.0000000	0.0000000	0.0206018	0.1735739	0.1228153	0.0000000	0.0000000
7199.9989997	7584.9897621	7584.7698926	0.0000000	0.0000000	0.0196136	0.1738213	0.1234476	0.0000000	0.0000000
7199.9989997	7579.9895004	7579.6891602	0.0000000	0.0000000	0.0229388	0.1723860	0.1246168	0.0000000	0.0000000
7199.9989997	7574.9866901	7574.6139941	0.0000000	0.0000000	0.0184701	0.1710886	0.1225504	0.0000000	0.0000000
7199.9989997	7569.9915255	7569.5944922	0.0000000	0.0000000	0.0194186	0.1717728	0.1232263	0.0000000	0.0000000
7199.9989997	7564.9861667	7564.5749902	0.0000000	0.0000000	0.0168728	0.1722815	0.1234611	0.0000000	0.0000000
7199.9989997	7559.9910021	7559.5554883	0.0000000	0.0000000	0.0182551	0.1729966	0.1237719	0.0000000	0.0000000
7199.9989997	7554.9856433	7554.9923047	0.0000000	0.0000000	0.0191055	0.1715228	0.1235454	0.0000000	0.0000000
7199.9989997	7549.9853816	7549.9728027	0.0000000	0.0000000	0.0183500	0.1709790	0.1241166	0.0000000	0.0000000
7199.9989997	7544.9851198	7544.9533008	0.0000000	0.0000000	0.0159899	0.1707500	0.1214789	0.0000000	0.0000000
7199.9989997	7539.9872981	7539.9337988	0.0000000	0.0000000	0.0170703	0.1723428	0.1233318	0.0000000	0.0000000
7199.9989997	7534.9866347	7534.9142969	0.0000000	0.0000000	0.0161272	0.1713408	0.1228179	0.0000000	0.0000000
7199.9989997	7530.0352818	7529.8947949	0.0000000	0.0000000	0.0158812	0.1716729	0.1216118	0.0000000	0.0000000
7199.9989997	7525.0317179	7524.9299316	0.0000000	0.0000000	0.0162864	0.1718882	0.1218013	0.0000000	0.0000000
7199.9989997	7520.0310545	7519.9705322	0.0000000	0.0000000	0.0174602	0.1720525	0.1219481	0.0000000	0.0000000
7199.9989997	7514.9839813	7514.5602783	0.0000000	0.0000000	0.0192924	0.1714056	0.1225045	0.0000000	0.0000000
7199.9989997	7509.9833179	7509.6008789	0.0000000	0.0000000	0.0171558	0.1723877	0.1228995	0.0000000	0.0000000
7199.9989997	7505.0319651	7504.6414795	0.0000000	0.0000000	0.0167502	0.1724817	0.1228579	0.0000000	0.0000000
7199.9989997	7500.0313017	7499.6820801	0.0000000	0.0000000	0.0168827	0.1719009	0.1217107	0.0000000	0.0000000
7199.9989997	7494.9842285	7494.7226807	0.0000000	0.0000000	0.0157532	0.1731388	0.1207222	0.0000000	0.0000000
7199.9989997	7489.9843030	7489.7632813	0.0000000	0.0000000	0.0151962	0.1721361	0.1195184	0.0000000	0.0000000
7199.9989997	7484.9872274	7484.8038818	0.0000000	0.0000000	0.0166494	0.1730732	0.1209734	0.0000000	0.0000000
7199.9989997	7479.9844604	7479.8981445	0.0000000	0.0000000	0.0167119	0.1723783	0.1224172	0.0000000	0.0000000
7199.9989997	7474.9845391	7474.9977734	0.0000000	0.0000000	0.0121925	0.1713682	0.1220162	0.0000000	0.0000000
7199.9989997	7469.9846178	7469.6519141	0.0000000	0.0000000	0.0115890	0.1690587	0.1194238	0.0000000	0.0000000
7199.9989997	7464.9875422	7464.7515430	0.0000000	0.0000000	0.0102039	0.1719233	0.1191918	0.0000000	0.0000000
7199.9989997	7459.9876209	7459.8511719	0.0000000	0.0000000	0.0095674	0.1706736	0.1196792	0.0000000	0.0000000
7199.9989997	7454.9820081	7454.9508008	0.0000000	0.0000000	0.0103969	0.1721610	0.1229666	0.0000000	0.0000000
7199.9989997	7449.9906240	7449.6049414	0.0000000	0.0000000	0.0107454	0.1714683	0.1215181	0.0000000	0.0000000
7199.9989997	7444.9850112	7444.7045703	0.0000000	0.0000000	0.0115741	0.1724905	0.1220033	0.0000000	0.0000000
7199.9989997	7439.9822442	7439.8041992	0.0000000	0.0000000	0.0092432	0.1724398	0.1240297	0.0000000	0.0000000
7199.9989997	7435.0363915	7434.9618359	0.0000000	0.0000000	0.0090233	0.1723704	0.1243407	0.0000000	0.0000000
7199.9989997	7429.9899093	7429.6792578	0.0000000	0.0000000	0.0099329	0.1711257	0.1223905	0.0000000	0.0000000
7199.9989997	7424.9864714	7424.8368945	0.0000000	0.0000000	0.0086371	0.1703157	0.1200667	0.0000000	0.0000000
7199.9989997	7419.9857133	7419.9945313	0.0000000	0.0000000	0.0084352	0.1729579	0.1232385	0.0000000	0.0000000
7199.9989997	7414.9849553	7414.7119531	0.0000000	0.0000000	0.0083672	0.1731646	0.1217855	0.0000000	0.0000000
7199.9989997	7409.9868772	7409.8695898	0.0000000	0.0000000	0.0082715	0.1719668	0.1194117	0.0000000	0.0000000
7199.9989997	7404.9861191	7404.5870117	0.0000000	0.0000000	0.0076490	0.1715454	0.1198451	0.0000000	0.0000000
7199.9989997	7399.9853611	7399.7446484	0.0000000	0.0000000	0.0086376	0.1710187	0.1209913	0.0000000	0.0000000
7199.9989997	7394.9846030	7394.9126367	0.0000000	0.0000000	0.0113420	0.1703479	0.1202828	0.0000000	0.0000000
7199.9989997	7389.9838450	7389.6921680	0.0000000	0.0000000	0.0121965	0.1705350	0.1187970	0.0000000	0.0000000
7199.9989997	7384.9884468	7384.9067383	0.0000000	0.0000000	0.0122803	0.1716954	0.1179485	0.0000000	0.0000000
7199.9989997	7379.9853142	7379.6862695	0.0000000	0.0000000	0.0108208	0.1735071	0.1152760	0.0000000	0.0000000
7199.9989997	7375.0022847	7374.9008398	0.0000000	0.0000000	0.0120054	0.1735132	0.1172896	0.0000000	0.0000000
7199.9989997	7370.0095227	7369.6803711	0.0000000	0.0000000	0.0135881	0.1730698	0.1161224	0.0000000	0.0000000
7199.9989997	7365.0102724	7364.8949414	0.0000000	0.0000000	0.0158359	0.1723346	0.1162640	0.0000000	0.0000000
7199.9989997	7360.0207545	7359.6744727	0.0000000	0.0000000	0.0198314	0.1720548	0.1144711	0.0000000	0.0000000
7199.9989997	7355.0117717	7354.8890430	0.0000000	0.0000000	0.0188695	0.1722446	0.1123304	0.0000000	0.0000000
7199.9989997	7349.9995447	7349.6991016	0.0000000	0.0000000	0.0184729	0.1728459	0.1097523	0.0000000	0.0000000
7199.9989997	7345.0067827	7344.9696387	0.0000000	0.0000000	0.0196753	0.1725139	0.1072253	0.0000000	0.0000000
7199.9989997	7340.0107765	7339.8102246	0.0000000	0.0000000	0.0184924	0.1715759	0.1048313	0.0000000	0.0000000
7199.9989997	7335.0050379	7334.6508105	0.0000000	0.0000000	0.0227146	0.1698534	0.1048390	0.0000000	0.0000000
7199.9989997	7330.0057875	7329.9213477	0.0000000	0.0000000	0.0316974	0.1699078	0.1064811	0.0000000	0.0000000
7199.9989997	7325.0272963	7324.7619336	0.0000000	0.0000000	0.0345337	0.1699584	0.1050146	0.0000000	0.0000000
7199.9989997	7319.9843593	7319.6025195	0.0000000	0.0000000	0.0322921	0.1717225	0.1051244	0.0000000	0.0000000
7199.9989997	7314.9836815	7314.8730566	0.0000000	0.0000000	0.0394919	0.1720012	0.1051185	0.0000000	0.0000000
7199.9989997	7309.9914555	7309.7136426	0.0000000	0.0000000	0.0448945	0.1716605	0.1077264	0.0000000	0.0000000
7199.9989997	7304.9879604	7304.6092822	0.0000000	0.0000000	0.0395865	0.1733428	0.1067900	0.0000000	0.0000000
7199.9989997	7299.9844653	7299.9348730	0.0000000	0.0000000	0.0459882	0.1728119	0.1063182	0.0000000	0.0000000
7199.9989997	7294.9837875	7294.8355176	0.0000000	0.0000000	0.0519170	0.1717574	0.1059172	0.0000000	0.0000000
7199.9989997	7289.9831097	7289.7361621	0.0000000	0.0000000	0.0514656	0.1720562	0.1048112	0.0000000	0.0000000
7199.9989997	7284.9852492	7284.6368066	0.0000000	0.0000000	0.0547494	0.1724740	0.1058632	0.0000000	0.0000000
7199.9989997	7279.9847963	7279.9623975	0.0000000	0.0000000	0.0588625	0.1729386	0.1076334	0.0000000	0.0000000
7199.9989997	7275.0065655	7274.8630420	0.0000000	0.0000000	0.0647152	0.1725474	0.1077733	0.0000000	0.0000000
7199.9989997	7270.0026737	7269.7636865	0.0000000	0.0000000	0.0702971	0.1709509	0.1081080	0.0000000	0.0000000
7199.9989997	7265.0180276	7264.6888672	0.0000000	0.0000000	0.0698579	0.1707797	0.1069990	0.0000000	0.0000000
7199.9989997	7260.0141358	7259.6483984	0.0000000	0.0000000	0.0717711	0.1710682	0.1086479	0.0000000	0.0000000
7199.9989997	7255.0070364	7254.6079297	0.0000000	0.0000000	0.0744041	0.1718214	0.1062535	0.0000000	0.0000000
7199.9989997	7250.0095598	7249.9875000	0.0000000	0.0000000	0.0740619	0.1718965	0.1056759	0.0000000	0.0000000
7199.9989997	7245.0056680	7244.9470313	0.0000000	0.0000000	0.0723584	0.1730618	0.1023917	0.0000000	0.0000000
7199.9989997	7240.0146067	7239.9065625	0.0000000	0.0000000	0.0699214	0.1725624	0.1017692	0.0000000	0.0000000
7199.9989997	7235.0139226	7234.8660938	0.0000000	0.0000000	0.0778594	0.1716443	0.1032318	0.0000000	0.0000000
7199.9989997	7230.0132384	7229.8256250	0.0000000	0.0000000	0.0776680	0.1720985	0.1040227	0.0000000	0.0000000
7199.9989997	7225.0066456	7224.7851563	0.0000000	0.0000000	0.0813010	0.1725172	0.1043944	0.0000000	0.0000000
7199.9989997	7220.0081975	7219.8026367	0.0000000	0.0000000	0.1049084	0.1725211	0.1049856	0.0000000	0.0000000
7199.9989997	7215.0064889	7214.8201172	0.0000000	0.0000000	0.1522058	0.1729430	0.1060984	0.0000000	0.0000000
7199.9989997	7210.0080408	7209.8375977	0.0000000	0.0000000	0.2402697	0.1716649	0.1077280	0.0000000	0.0000000
7199.9989997	7204.9998111	7204.8550781	0.0000000	0.0000000	0.3254108	0.1717327	0.1077681	0.0000000	0.0000000
7199.9989997	7200.0046236	7199.8725586	0.0000000	0.0000000	0.3451964	0.1710386	0.1077786	0.0000000	0.0000000
7199.9989997	7195.0126967	7194.8900391	0.0000000	0.0000000	0.2955708	0.1711600	0.1091238	0.0000000	0.0000000
7199.9989997	7190.0077275	7189.9075195	0.0000000	0.0000000	0.2207357	0.1727059	0.1082771	0.0000000	0.0000000
7199.9989997	7184.9994977	7184.9250000	0.0000000	0.0000000	0.1652123	0.1728693	0.1095494	0.0000000	0.0000000
7199.9989997	7180.0043103	7179.9804492	0.0000000	0.0000000	0.1273397	0.1712262	0.1087201	0.0000000	0.0000000
7199.9989997	7175.0058622	7174.6444189	0.0000000	0.0000000	0.1230114	0.1709951	0.1067089	0.0000000	0.0000000
7199.9989997	7170.0041536	7169.7188525	0.0000000	0.0000000	0.1261259	0.1717618	0.1064934	0.0000000	0.0000000
7199.9989997	7165.0300253	7164.7932861	0.0000000	0.0000000	0.0992715	0.1729692	0.1045060	0.0000000	0.0000000
7199.9989997	7160.0281100	7159.8677197	0.0000000	0.0000000	0.0880830	0.1732191	0.1041554	0.0000000	0.0000000
7199.9989997	7155.0231870	7154.9421533	0.0000000	0.0000000	0.0957388	0.1717563	0.1065109	0.0000000	0.0000000
7199.9989997	7150.0302950	7149.6061230	0.0000000	0.0000000	0.1094961	0.1716179	0.1065718	0.0000000	0.0000000
7199.9989997	7145.0223642	7144.6805566	0.0000000	0.0000000	0.0986636	0.1719082	0.1038157	0.0000000	0.0000000
7199.9989997	7140.0264644	7139.7829688	0.0000000	0.0000000	0.0770948	0.1731764	0.1024717	0.0000000	0.0000000
7199.9989997	7135.0275569	7134.9133594	0.0000000	0.0000000	0.0789570	0.1721826	0.1056011	0.0000000	0.0000000
7199.9989997	7130.0256416	7129.6379492	0.0000000	0.0000000	0.0934371	0.1730221	0.1033241	0.0000000	0.0000000
7199.9989997	7125.0297419	7124.7683398	0.0000000	0.0000000	0.0902029	0.1731318	0.1003315	0.0000000	0.0000000
7199.9989997	7120.0218110	7119.8987305	0.0000000	0.0000000	0.0708765	0.1718536	0.0995417	0.0000000	0.0000000
7199.9989997	7114.9843181	7114.6233203	0.0000000	0.0000000	0.0741510	0.1714388	0.0991699	0.0000000	0.0000000
7199.9989997	7109.9857704	7109.7537109	0.0000000	0.0000000	0.0837587	0.1728073	0.0988573	0.0000000	0.0000000
7199.9989997	7104.9837419	7104.8841016	0.0000000	0.0000000	0.0760391	0.1720159	0.0983654	0.0000000	0.0000000
7199.9989997	7099.9817134	7099.6316406	0.0000000	0.0000000	0.0775289	0.1726536	0.0985012	0.0000000	0.0000000
7199.9989997	7094.9796850	7094.8171094	0.0000000	0.0000000	0.0666801	0.1732576	0.0987339	0.0000000	0.0000000
7199.9989997	7089.9846182	7089.6013672	0.0000000	0.0000000	0.0641241	0.1746207	0.0991768	0.0000000	0.0000000
7199.9989997	7084.9860706	7084.7868359	0.0000000	0.0000000	0.0582734	0.1737572	0.0982782	0.0000000	0.0000000
7199.9989997	7079.9805612	7079.9723047	0.0000000	0.0000000	0.0466343	0.1742548	0.0976539	0.0000000	0.0000000
7199.9989997	7074.9959372	7074.7565625	0.0000000	0.0000000	0.0375974	0.1731688	0.0989155	0.0000000	0.0000000
7199.9989997	7069.9834660	7069.9420313	0.0000000	0.0000000	0.0303138	0.1726213	0.0996888	0.0000000	0.0000000
7199.9989997	7064.9849184	7064.7262891	0.0000000	0.0000000	0.0283314	0.1711774	0.0980225	0.0000000	0.0000000
7199.9989997	7059.9863559	7059.9297656	0.0000000	0.0000000	0.0304631	0.1715498	0.0978088	0.0000000	0.0000000
7199.9989997	7054.9841606	7054.7725488	0.0000000	0.0000000	0.0329855	0.1726699	0.0964478	0.0000000	0.0000000
7199.9989997	7049.9819654	7049.6153320	0.0000000	0.0000000	0.0330443	0.1719976	0.0961084	0.0000000	0.0000000
7199.9989997	7044.9836750	7044.8548242	0.0000000	0.0000000	0.0346993	0.1731354	0.0960089	0.0000000	0.0000000
7199.9989997	7039.9775748	7039.6976074	0.0000000	0.0000000	0.0422236	0.1746071	0.0961840	0.0000000	0.0000000
7199.9989997	7034.9792845	7034.9370996	0.0000000	0.0000000	0.0421489	0.1726191	0.0992892	0.0000000	0.0000000
7199.9989997	7029.9809941	7029.7798828	0.0000000	0.0000000	0.0432793	0.1713385	0.0992135	0.0000000	0.0000000
7199.9989997	7024.9827038	7024.6226660	0.0000000	0.0000000	0.0421733	0.1707595	0.0982017	0.0000000	0.0000000
7199.9989997	7019.9766036	7019.8843262	0.0000000	0.0000000	0.0397280	0.1720413	0.0979070	0.0000000	0.0000000
7199.9989997	7014.9861230	7014.7847461	0.0000000	0.0000000	0.0388444	0.1717598	0.0978302	0.0000000	0.0000000
7199.9989997	7009.9839278	7009.6851660	0.0000000	0.0000000	0.0415977	0.1725601	0.0960452	0.0000000	0.0000000
7199.9989997	7004.9817325	7004.9778613	0.0000000	0.0000000	0.0369023	0.1724159	0.0967708	0.0000000	0.0000000
