7144.9951295	7599.9977245	7599.5502051	0.0000000	0.0000000	0.0173948	0.1543923	0.1211959	0.0000000	7145.0000000
7144.9951295	7594.9867234	7594.9313574	0.0000000	0.0000000	0.0201123	0.1544875	0.1201239	0.0000000	0.0000000
7144.9951295	7589.9849267	7589.8506250	0.0000000	0.0000000	0.0187505	0.1551624	0.1199257	0.0000000	0.0000000
7144.9951295	7584.9897621	7584.7698926	0.0000000	0.0000000	0.0239792	0.1544893	0.1216658	0.0000000	0.0000000
7144.9951295	7579.9869519	7579.6891602	0.0000000	0.0000000	0.0251166	0.1536443	0.1207996	0.0000000	0.0000000
7144.9951295	7574.9866901	7574.6139941	0.0000000	0.0000000	0.0232220	0.1548228	0.1219584	0.0000000	0.0000000
7144.9951295	7569.9864284	7569.5944922	0.0000000	0.0000000	0.0265646	0.1544736	0.1227617	0.0000000	0.0000000
7144.9951295	7564.9887153	7564.5749902	0.0000000	0.0000000	0.0215936	0.1536521	0.1209077	0.0000000	0.0000000
7144.9951295	7559.9910021	7559.5554883	0.0000000	0.0000000	0.0211908	0.1549819	0.1216882	0.0000000	0.0000000
7144.9951295	7554.9856433	7554.9923047	0.0000000	0.0000000	0.0202125	0.1537717	0.1216029	0.0000000	0.0000000
7144.9951295	7549.9853816	7549.9728027	0.0000000	0.0000000	0.0182975	0.1544346	0.1214624	0.0000000	0.0000000
7144.9951295	7544.9825713	7544.9533008	0.0000000	0.0000000	0.0200502	0.1537657	0.1221874	0.0000000	0.0000000
7144.9951295	7539.9872981	7539.9337988	0.0000000	0.0000000	0.0194191	0.1541951	0.1231367	0.0000000	0.0000000
7144.9951295	7535.0359452	7534.9142969	0.0000000	0.0000000	0.0194703	0.1552113	0.1223293	0.0000000	0.0000000
7144.9951295	7529.9830707	7529.8947949	0.0000000	0.0000000	0.0202620	0.1551224	0.1210992	0.0000000	0.0000000
7144.9951295	7525.0375191	7524.9299316	0.0000000	0.0000000	0.0212755	0.1547793	0.1213534	0.0000000	0.0000000
7144.9951295	7520.0368557	7519.9705322	0.0000000	0.0000000	0.0223540	0.1532240	0.1218975	0.0000000	0.0000000
7144.9951295	7515.0303911	7514.5602783	0.0000000	0.0000000	0.0190325	0.1541410	0.1206835	0.0000000	0.0000000
7144.9951295	7510.0268272	7509.6008789	0.0000000	0.0000000	0.0186410	0.1542902	0.1207847	0.0000000	0.0000000
7144.9951295	7504.9826546	7504.6414795	0.0000000	0.0000000	0.0211654	0.1535857	0.1200585	0.0000000	0.0000000
7144.9951295	7499.9877924	7499.6820801	0.0000000	0.0000000	0.0182704	0.1549574	0.1203740	0.0000000	0.0000000
7144.9951295	7494.9871291	7494.7226807	0.0000000	0.0000000	0.0196130	0.1544449	0.1212765	0.0000000	0.0000000
7144.9951295	7489.9843030	7489.7632813	0.0000000	0.0000000	0.0209506	0.1541510	0.1208918	0.0000000	0.0000000
7144.9951295	7485.0356045	7484.8038818	0.0000000	0.0000000	0.0204189	0.1544790	0.1209504	0.0000000	0.0000000
7144.9951295	7479.9873061	7479.8981445	0.0000000	0.0000000	0.0164695	0.1545709	0.1198630	0.0000000	0.0000000
7144.9951295	7474.9845391	7474.9977734	0.0000000	0.0000000	0.0167649	0.1548464	0.1195834	0.0000000	0.0000000
7144.9951295	7469.9846178	7469.6519141	0.0000000	0.0000000	0.0144823	0.1545170	0.1211584	0.0000000	0.0000000
7144.9951295	7464.9875422	7464.7515430	0.0000000	0.0000000	0.0141079	0.1537894	0.1213728	0.0000000	0.0000000
7144.9951295	7459.9819294	7459.8511719	0.0000000	0.0000000	0.0109888	0.1546033	0.1196204	0.0000000	0.0000000
7144.9951295	7454.9820081	7454.9508008	0.0000000	0.0000000	0.0141508	0.1552733	0.1206368	0.0000000	0.0000000
7144.9951295	7449.9849325	7449.6049414	0.0000000	0.0000000	0.0150825	0.1546892	0.1205076	0.0000000	0.0000000
7144.9951295	7444.9850112	7444.7045703	0.0000000	0.0000000	0.0144362	0.1532046	0.1198640	0.0000000	0.0000000
7144.9951295	7439.9850899	7439.8041992	0.0000000	0.0000000	0.0130907	0.1525071	0.1194764	0.0000000	0.0000000
7144.9951295	7434.9880144	7434.9618359	0.0000000	0.0000000	0.0131082	0.1530217	0.1195488	0.0000000	0.0000000
7144.9951295	7429.9872294	7429.6792578	0.0000000	0.0000000	0.0120796	0.1544944	0.1195435	0.0000000	0.0000000
7144.9951295	7424.9918312	7424.8368945	0.0000000	0.0000000	0.0105417	0.1551587	0.1176505	0.0000000	0.0000000
7144.9951295	7419.9883932	7419.9945313	0.0000000	0.0000000	0.0115502	0.1551964	0.1173331	0.0000000	0.0000000
7144.9951295	7414.9876352	7414.7119531	0.0000000	0.0000000	0.0104838	0.1541578	0.1185864	0.0000000	0.0000000
7144.9951295	7409.9841972	7409.8695898	0.0000000	0.0000000	0.0097190	0.1538008	0.1159517	0.0000000	0.0000000
7144.9951295	7404.9861191	7404.5870117	0.0000000	0.0000000	0.0097489	0.1543883	0.1165642	0.0000000	0.0000000
7144.9951295	7399.9853611	7399.7446484	0.0000000	0.0000000	0.0090693	0.1541675	0.1170144	0.0000000	0.0000000
7144.9951295	7394.9846030	7394.9126367	0.0000000	0.0000000	0.0095435	0.1551451	0.1161106	0.0000000	0.0000000
7144.9951295	7389.9865249	7389.6921680	0.0000000	0.0000000	0.0103759	0.1536672	0.1154774	0.0000000	0.0000000
7144.9951295	7384.9884468	7384.9067383	0.0000000	0.0000000	0.0119065	0.1524119	0.1174834	0.0000000	0.0000000
7144.9951295	7379.9820701	7379.6862695	0.0000000	0.0000000	0.0125602	0.1522155	0.1188586	0.0000000	0.0000000
7144.9951295	7375.0055289	7374.9008398	0.0000000	0.0000000	0.0106385	0.1532701	0.1145630	0.0000000	0.0000000
7144.9951295	7370.0062785	7369.6803711	0.0000000	0.0000000	0.0118839	0.1526426	0.1138170	0.0000000	0.0000000
7144.9951295	7364.9972957	7364.8949414	0.0000000	0.0000000	0.0130450	0.1536506	0.1109032	0.0000000	0.0000000
7144.9951295	7360.0110220	7359.6744727	0.0000000	0.0000000	0.0155692	0.1538041	0.1103008	0.0000000	0.0000000
7144.9951295	7355.0052834	7354.8890430	0.0000000	0.0000000	0.0155781	0.1539922	0.1092039	0.0000000	0.0000000
7144.9951295	7350.0092772	7349.6991016	0.0000000	0.0000000	0.0147728	0.1547415	0.1070083	0.0000000	0.0000000
7144.9951295	7345.0035385	7344.9696387	0.0000000	0.0000000	0.0144315	0.1554611	0.1059327	0.0000000	0.0000000
7144.9951295	7340.0140207	7339.8102246	0.0000000	0.0000000	0.0124583	0.1550657	0.1044530	0.0000000	0.0000000
7144.9951295	7335.0050379	7334.6508105	0.0000000	0.0000000	0.0163003	0.1552599	0.1040027	0.0000000	0.0000000
7144.9951295	7330.0090317	7329.9213477	0.0000000	0.0000000	0.0218419	0.1526669	0.1040264	0.0000000	0.0000000
7144.9951295	7325.0188445	7324.7619336	0.0000000	0.0000000	0.0245353	0.1529995	0.1068654	0.0000000	0.0000000
7144.9951295	7319.9843593	7319.6025195	0.0000000	0.0000000	0.0258010	0.1534342	0.1083015	0.0000000	0.0000000
7144.9951295	7314.9864987	7314.8730566	0.0000000	0.0000000	0.0311866	0.1534606	0.1056293	0.0000000	0.0000000
7144.9951295	7309.9886382	7309.7136426	0.0000000	0.0000000	0.0310566	0.1541960	0.1051737	0.0000000	0.0000000
7144.9951295	7304.9907777	7304.6092822	0.0000000	0.0000000	0.0283569	0.1546226	0.1045941	0.0000000	0.0000000
7144.9951295	7299.9816481	7299.9348730	0.0000000	0.0000000	0.0347668	0.1550984	0.1055242	0.0000000	0.0000000
7144.9951295	7294.9837875	7294.8355176	0.0000000	0.0000000	0.0367091	0.1550146	0.1055789	0.0000000	0.0000000
7144.9951295	7289.9831097	7289.7361621	0.0000000	0.0000000	0.0376246	0.1538425	0.1056575	0.0000000	0.0000000
7144.9951295	7284.9852492	7284.6368066	0.0000000	0.0000000	0.0412256	0.1516134	0.1061863	0.0000000	0.0000000
7144.9951295	7279.9815887	7279.9623975	0.0000000	0.0000000	0.0500391	0.1513872	0.1093153	0.0000000	0.0000000
7144.9951295	7275.0065655	7274.8630420	0.0000000	0.0000000	0.0545348	0.1543546	0.1092028	0.0000000	0.0000000
7144.9951295	7270.0058813	7269.7636865	0.0000000	0.0000000	0.0506587	0.1547542	0.1072921	0.0000000	0.0000000
7144.9951295	7265.0084048	7264.6888672	0.0000000	0.0000000	0.0496293	0.1538632	0.1065078	0.0000000	0.0000000
7144.9951295	7260.0077206	7259.6483984	0.0000000	0.0000000	0.0488903	0.1545922	0.1056970	0.0000000	0.0000000
7144.9951295	7255.0070364	7254.6079297	0.0000000	0.0000000	0.0601953	0.1548782	0.1050771	0.0000000	0.0000000
7144.9951295	7249.9999370	7249.9875000	0.0000000	0.0000000	0.0570468	0.1555374	0.1035930	0.0000000	0.0000000
7144.9951295	7245.0056680	7244.9470313	0.0000000	0.0000000	0.0603492	0.1556500	0.1015657	0.0000000	0.0000000
7144.9951295	7240.0146067	7239.9065625	0.0000000	0.0000000	0.0534869	0.1549648	0.0995271	0.0000000	0.0000000
7144.9951295	7235.0075073	7234.8660938	0.0000000	0.0000000	0.0573455	0.1557498	0.0980063	0.0000000	0.0000000
7144.9951295	7230.0100308	7229.8256250	0.0000000	0.0000000	0.0573263	0.1559250	0.0973954	0.0000000	0.0000000
7144.9951295	7225.0099061	7224.7851563	0.0000000	0.0000000	0.0649998	0.1549243	0.0999460	0.0000000	0.0000000
7144.9951295	7220.0049369	7219.8026367	0.0000000	0.0000000	0.0813068	0.1539727	0.1023395	0.0000000	0.0000000
7144.9951295	7215.0032283	7214.8201172	0.0000000	0.0000000	0.0926832	0.1540402	0.1039498	0.0000000	0.0000000
7144.9951295	7209.9982591	7209.8375977	0.0000000	0.0000000	0.1020626	0.1546234	0.1052982	0.0000000	0.0000000
7144.9951295	7205.0095928	7204.8550781	0.0000000	0.0000000	0.1135400	0.1545189	0.1067665	0.0000000	0.0000000
7144.9951295	7200.0046236	7199.8725586	0.0000000	0.0000000	0.1100701	0.1544998	0.1062540	0.0000000	0.0000000
7144.9951295	7195.0094361	7194.8900391	0.0000000	0.0000000	0.1170983	0.1550410	0.1073489	0.0000000	0.0000000
7144.9951295	7190.0109881	7189.9075195	0.0000000	0.0000000	0.1311689	0.1540104	0.1083730	0.0000000	0.0000000
7144.9951295	7185.0060189	7184.9250000	0.0000000	0.0000000	0.1354600	0.1537117	0.1064105	0.0000000	0.0000000
7144.9951295	7179.9977891	7179.9804492	0.0000000	0.0000000	0.1247411	0.1535640	0.1049312	0.0000000	0.0000000
7144.9951295	7175.0058622	7174.6444189	0.0000000	0.0000000	0.1293003	0.1540269	0.1046670	0.0000000	0.0000000
7144.9951295	7170.0041536	7169.7188525	0.0000000	0.0000000	0.1306786	0.1557527	0.1023137	0.0000000	0.0000000
7144.9951295	7165.0300253	7164.7932861	0.0000000	0.0000000	0.1168650	0.1564436	0.1012284	0.0000000	0.0000000
7144.9951295	7160.0251023	7159.8677197	0.0000000	0.0000000	0.1541565	0.1570226	0.1018568	0.0000000	0.0000000
7144.9951295	7155.0201792	7154.9421533	0.0000000	0.0000000	0.2474684	0.1561514	0.1035865	0.0000000	0.0000000
7144.9951295	7150.0242795	7149.6061230	0.0000000	0.0000000	0.3261284	0.1564745	0.1043268	0.0000000	0.0000000
7144.9951295	7145.0163486	7144.6805566	0.0000000	0.0000000	0.2883379	0.1566312	0.1010316	0.0000000	0.0000000
7144.9951295	7140.0294722	7139.7829688	0.0000000	0.0000000	0.1867532	0.1565415	0.1001010	0.0000000	0.0000000
7144.9951295	7135.0215414	7134.9133594	0.0000000	0.0000000	0.1227089	0.1552703	0.1023547	0.0000000	0.0000000
7144.9951295	7130.0286494	7129.6379492	0.0000000	0.0000000	0.1139681	0.1542771	0.1027089	0.0000000	0.0000000
7144.9951295	7125.0267341	7124.7683398	0.0000000	0.0000000	0.1012207	0.1557668	0.1010555	0.0000000	0.0000000
7144.9951295	7120.0278266	7119.8987305	0.0000000	0.0000000	0.0853241	0.1570380	0.0994705	0.0000000	0.0000000
7144.9951295	7114.9843181	7114.6233203	0.0000000	0.0000000	0.0879095	0.1563490	0.1000632	0.0000000	0.0000000
7144.9951295	7109.9857704	7109.7537109	0.0000000	0.0000000	0.0960089	0.1558551	0.1017893	0.0000000	0.0000000
7144.9951295	7104.9837419	7104.8841016	0.0000000	0.0000000	0.0892490	0.1555077	0.1008846	0.0000000	0.0000000
7144.9951295	7099.9817134	7099.6316406	0.0000000	0.0000000	0.0927904	0.1553530	0.1001302	0.0000000	0.0000000
7144.9951295	7094.9796850	7094.8171094	0.0000000	0.0000000	0.0853241	0.1581471	0.0989854	0.0000000	0.0000000
7144.9951295	7089.9811373	7089.6013672	0.0000000	0.0000000	0.0831576	0.1574082	0.0998621	0.0000000	0.0000000
7144.9951295	7084.9860706	7084.7868359	0.0000000	0.0000000	0.0764203	0.1572123	0.0989277	0.0000000	0.0000000
7144.9951295	7079.9979657	7079.9723047	0.0000000	0.0000000	0.0617471	0.1551012	0.0977120	0.0000000	0.0000000
7144.9951295	7074.9889754	7074.7565625	0.0000000	0.0000000	0.0537700	0.1559865	0.0974857	0.0000000	0.0000000
7144.9951295	7069.9834660	7069.9420313	0.0000000	0.0000000	0.0433457	0.1567036	0.0977092	0.0000000	0.0000000
7144.9951295	7064.9883993	7064.7262891	0.0000000	0.0000000	0.0455863	0.1569568	0.0961334	0.0000000	0.0000000
7144.9951295	7059.9863559	7059.9297656	0.0000000	0.0000000	0.0468781	0.1573145	0.0961503	0.0000000	0.0000000
7144.9951295	7054.9841606	7054.7725488	0.0000000	0.0000000	0.0558329	0.1578607	0.0955061	0.0000000	0.0000000
7144.9951295	7049.9819654	7049.6153320	0.0000000	0.0000000	0.0564728	0.1570013	0.0959791	0.0000000	0.0000000
7144.9951295	7044.9836750	7044.8548242	0.0000000	0.0000000	0.0539020	0.1561455	0.0964686	0.0000000	0.0000000
7144.9951295	7039.9775748	7039.6976074	0.0000000	0.0000000	0.0623096	0.1549243	0.0985784	0.0000000	0.0000000
7144.9951295	7034.9831894	7034.9370996	0.0000000	0.0000000	0.0693214	0.1551641	0.0995631	0.0000000	0.0000000
7144.9951295	7029.9809941	7029.7798828	0.0000000	0.0000000	0.0735109	0.1555236	0.0966851	0.0000000	0.0000000
7144.9951295	7024.9827038	7024.6226660	0.0000000	0.0000000	0.0775602	0.1570264	0.0969604	0.0000000	0.0000000
7144.9951295	7019.9805085	7019.8843262	0.0000000	0.0000000	0.0746437	0.1561013	0.0963423	0.0000000	0.0000000
7144.9951295	7014.9822181	7014.7847461	0.0000000	0.0000000	0.0735975	0.1560148	0.0973937	0.0000000	0.0000000
7144.9951295	7009.9839278	7009.6851660	0.0000000	0.0000000	0.0721364	0.1562330	0.0983997	0.0000000	0.0000000
7144.9951295	7004.9817325	7004.9778613	0.0000000	0.0000000	0.0781575	0.1576107	0.0980309	0.0000000	0.0000000
