7119.9946931	7599.9977245	7599.5502051	0.0000000	0.0000000	0.0178357	0.1623824	0.1234900	0.0000000	7120.0000000
7119.9946931	7594.9867234	7594.9313574	0.0000000	0.0000000	0.0205077	0.1626508	0.1226855	0.0000000	0.0000000
7119.9946931	7589.9874753	7589.8506250	0.0000000	0.0000000	0.0204021	0.1618547	0.1225621	0.0000000	0.0000000
7119.9946931	7584.9897621	7584.7698926	0.0000000	0.0000000	0.0214753	0.1613768	0.1218678	0.0000000	0.0000000
7119.9946931	7579.9895004	7579.6891602	0.0000000	0.0000000	0.0217903	0.1613502	0.1218035	0.0000000	0.0000000
7119.9946931	7574.9866901	7574.6139941	0.0000000	0.0000000	0.0239236	0.1614581	0.1214934	0.0000000	0.0000000
7119.9946931	7569.9864284	7569.5944922	0.0000000	0.0000000	0.0207587	0.1633058	0.1203561	0.0000000	0.0000000
7119.9946931	7564.9887153	7564.5749902	0.0000000	0.0000000	0.0226952	0.1627778	0.1213220	0.0000000	0.0000000
7119.9946931	7559.9859050	7559.5554883	0.0000000	0.0000000	0.0220123	0.1623521	0.1218459	0.0000000	0.0000000
7119.9946931	7554.9856433	7554.9923047	0.0000000	0.0000000	0.0228190	0.1620168	0.1226658	0.0000000	0.0000000
7119.9946931	7549.9853816	7549.9728027	0.0000000	0.0000000	0.0205552	0.1622009	0.1213591	0.0000000	0.0000000
7119.9946931	7544.9851198	7544.9533008	0.0000000	0.0000000	0.0186814	0.1625305	0.1207274	0.0000000	0.0000000
7119.9946931	7539.9843974	7539.9337988	0.0000000	0.0000000	0.0191434	0.1627518	0.1209966	0.0000000	0.0000000
7119.9946931	7535.0359452	7534.9142969	0.0000000	0.0000000	0.0221389	0.1622920	0.1218251	0.0000000	0.0000000
7119.9946931	7529.9830707	7529.8947949	0.0000000	0.0000000	0.0200746	0.1628491	0.1201136	0.0000000	0.0000000
7119.9946931	7524.9853080	7524.9299316	0.0000000	0.0000000	0.0188145	0.1633118	0.1192570	0.0000000	0.0000000
7119.9946931	7520.0368557	7519.9705322	0.0000000	0.0000000	0.0200067	0.1636948	0.1199790	0.0000000	0.0000000
7119.9946931	7514.9839813	7514.5602783	0.0000000	0.0000000	0.0190371	0.1633348	0.1214309	0.0000000	0.0000000
7119.9946931	7509.9804173	7509.6008789	0.0000000	0.0000000	0.0222688	0.1638805	0.1215619	0.0000000	0.0000000
7119.9946931	7505.0319651	7504.6414795	0.0000000	0.0000000	0.0193116	0.1627982	0.1204508	0.0000000	0.0000000
7119.9946931	7500.0284011	7499.6820801	0.0000000	0.0000000	0.0208619	0.1619202	0.1212170	0.0000000	0.0000000
7119.9946931	7495.0277377	7494.7226807	0.0000000	0.0000000	0.0200907	0.1616849	0.1208490	0.0000000	0.0000000
7119.9946931	7489.9843030	7489.7632813	0.0000000	0.0000000	0.0217749	0.1623711	0.1213966	0.0000000	0.0000000
7119.9946931	7484.9872274	7484.8038818	0.0000000	0.0000000	0.0226505	0.1615643	0.1217545	0.0000000	0.0000000
7119.9946931	7479.9901518	7479.8981445	0.0000000	0.0000000	0.0227334	0.1626766	0.1214812	0.0000000	0.0000000
7119.9946931	7474.9845391	7474.9977734	0.0000000	0.0000000	0.0195361	0.1627811	0.1202015	0.0000000	0.0000000
7119.9946931	7469.9846178	7469.6519141	0.0000000	0.0000000	0.0168271	0.1627813	0.1211355	0.0000000	0.0000000
7119.9946931	7464.9903879	7464.7515430	0.0000000	0.0000000	0.0159806	0.1626719	0.1197817	0.0000000	0.0000000
7119.9946931	7459.9904666	7459.8511719	0.0000000	0.0000000	0.0151219	0.1624703	0.1208715	0.0000000	0.0000000
7119.9946931	7454.9848538	7454.9508008	0.0000000	0.0000000	0.0135474	0.1635436	0.1211169	0.0000000	0.0000000
7119.9946931	7449.9877783	7449.6049414	0.0000000	0.0000000	0.0125883	0.1623291	0.1208793	0.0000000	0.0000000
7119.9946931	7444.9907027	7444.7045703	0.0000000	0.0000000	0.0127542	0.1616776	0.1200103	0.0000000	0.0000000
7119.9946931	7439.9850899	7439.8041992	0.0000000	0.0000000	0.0132626	0.1628326	0.1194188	0.0000000	0.0000000
7119.9946931	7434.9851686	7434.9618359	0.0000000	0.0000000	0.0115649	0.1622819	0.1175237	0.0000000	0.0000000
7119.9946931	7429.9899093	7429.6792578	0.0000000	0.0000000	0.0111007	0.1627545	0.1182219	0.0000000	0.0000000
7119.9946931	7424.9864714	7424.8368945	0.0000000	0.0000000	0.0112932	0.1629502	0.1172462	0.0000000	0.0000000
7119.9946931	7419.9857133	7419.9945313	0.0000000	0.0000000	0.0093315	0.1628478	0.1165538	0.0000000	0.0000000
7119.9946931	7414.9876352	7414.7119531	0.0000000	0.0000000	0.0101011	0.1616792	0.1167117	0.0000000	0.0000000
7119.9946931	7409.9868772	7409.8695898	0.0000000	0.0000000	0.0097797	0.1627845	0.1165815	0.0000000	0.0000000
7119.9946931	7404.9861191	7404.5870117	0.0000000	0.0000000	0.0097946	0.1617175	0.1170658	0.0000000	0.0000000
7119.9946931	7399.9853611	7399.7446484	0.0000000	0.0000000	0.0084192	0.1627686	0.1153267	0.0000000	0.0000000
7119.9946931	7394.9846030	7394.9126367	0.0000000	0.0000000	0.0094125	0.1620222	0.1160066	0.0000000	0.0000000
7119.9946931	7389.9865249	7389.6921680	0.0000000	0.0000000	0.0094667	0.1613102	0.1159086	0.0000000	0.0000000
7119.9946931	7384.9884468	7384.9067383	0.0000000	0.0000000	0.0092928	0.1615604	0.1150439	0.0000000	0.0000000
7119.9946931	7379.9853142	7379.6862695	0.0000000	0.0000000	0.0089530	0.1621520	0.1119968	0.0000000	0.0000000
7119.9946931	7375.0022847	7374.9008398	0.0000000	0.0000000	0.0084479	0.1623969	0.1105820	0.0000000	0.0000000
7119.9946931	7370.0127668	7369.6803711	0.0000000	0.0000000	0.0112612	0.1619196	0.1111012	0.0000000	0.0000000
7119.9946931	7365.0135165	7364.8949414	0.0000000	0.0000000	0.0109043	0.1624011	0.1101760	0.0000000	0.0000000
7119.9946931	7360.0012895	7359.6744727	0.0000000	0.0000000	0.0137803	0.1621331	0.1096223	0.0000000	0.0000000
7119.9946931	7355.0085275	7354.8890430	0.0000000	0.0000000	0.0153984	0.1622401	0.1086273	0.0000000	0.0000000
7119.9946931	7350.0060330	7349.6991016	0.0000000	0.0000000	0.0146273	0.1612510	0.1072490	0.0000000	0.0000000
7119.9946931	7345.0002944	7344.9696387	0.0000000	0.0000000	0.0151179	0.1617021	0.1062605	0.0000000	0.0000000
7119.9946931	7340.0107765	7339.8102246	0.0000000	0.0000000	0.0151104	0.1618300	0.1067173	0.0000000	0.0000000
7119.9946931	7335.0180145	7334.6508105	0.0000000	0.0000000	0.0164188	0.1615762	0.1056490	0.0000000	0.0000000
7119.9946931	7330.0025434	7329.9213477	0.0000000	0.0000000	0.0209268	0.1616055	0.1050948	0.0000000	0.0000000
7119.9946931	7325.0160272	7324.7619336	0.0000000	0.0000000	0.0190521	0.1618304	0.1036877	0.0000000	0.0000000
7119.9946931	7319.9871765	7319.6025195	0.0000000	0.0000000	0.0196913	0.1620751	0.1036414	0.0000000	0.0000000
7119.9946931	7314.9864987	7314.8730566	0.0000000	0.0000000	0.0242990	0.1620577	0.1035642	0.0000000	0.0000000
7119.9946931	7309.9886382	7309.7136426	0.0000000	0.0000000	0.0296204	0.1622690	0.1049860	0.0000000	0.0000000
7119.9946931	7304.9879604	7304.6092822	0.0000000	0.0000000	0.0253730	0.1617101	0.1038655	0.0000000	0.0000000
7119.9946931	7299.9816481	7299.9348730	0.0000000	0.0000000	0.0302572	0.1618240	0.1050349	0.0000000	0.0000000
7119.9946931	7294.9866048	7294.8355176	0.0000000	0.0000000	0.0331140	0.1622365	0.1057784	0.0000000	0.0000000
7119.9946931	7289.9831097	7289.7361621	0.0000000	0.0000000	0.0381798	0.1624410	0.1075135	0.0000000	0.0000000
7119.9946931	7284.9852492	7284.6368066	0.0000000	0.0000000	0.0402581	0.1624612	0.1075396	0.0000000	0.0000000
7119.9946931	7280.0425335	7279.9623975	0.0000000	0.0000000	0.0424231	0.1626068	0.1076824	0.0000000	0.0000000
7119.9946931	7275.0129807	7274.8630420	0.0000000	0.0000000	0.0470372	0.1620642	0.1079771	0.0000000	0.0000000
7119.9946931	7270.0090889	7269.7636865	0.0000000	0.0000000	0.0443716	0.1615447	0.1057083	0.0000000	0.0000000
7119.9946931	7265.0116124	7264.6888672	0.0000000	0.0000000	0.0447163	0.1617163	0.1061655	0.0000000	0.0000000
7119.9946931	7260.0141358	7259.6483984	0.0000000	0.0000000	0.0413888	0.1623533	0.1042490	0.0000000	0.0000000
7119.9946931	7255.0102440	7254.6079297	0.0000000	0.0000000	0.0525496	0.1621921	0.1046826	0.0000000	0.0000000
7119.9946931	7250.0063522	7249.9875000	0.0000000	0.0000000	0.0503324	0.1620889	0.1028246	0.0000000	0.0000000
7119.9946931	7245.0088757	7244.9470313	0.0000000	0.0000000	0.0540021	0.1627733	0.1012827	0.0000000	0.0000000
7119.9946931	7240.0081915	7239.9065625	0.0000000	0.0000000	0.0520203	0.1618932	0.1012830	0.0000000	0.0000000
7119.9946931	7235.0010921	7234.8660938	0.0000000	0.0000000	0.0601219	0.1616112	0.1005559	0.0000000	0.0000000
7119.9946931	7230.0068231	7229.8256250	0.0000000	0.0000000	0.0583411	0.1615789	0.0994625	0.0000000	0.0000000
7119.9946931	7225.0066456	7224.7851563	0.0000000	0.0000000	0.0621213	0.1612218	0.0995935	0.0000000	0.0000000
7119.9946931	7220.0016764	7219.8026367	0.0000000	0.0000000	0.0778827	0.1618596	0.1018082	0.0000000	0.0000000
7119.9946931	7215.0097495	7214.8201172	0.0000000	0.0000000	0.0919031	0.1620431	0.1028401	0.0000000	0.0000000
7119.9946931	7210.0047803	7209.8375977	0.0000000	0.0000000	0.1070251	0.1618387	0.1042350	0.0000000	0.0000000
7119.9946931	7205.0063322	7204.8550781	0.0000000	0.0000000	0.1153755	0.1618702	0.1043539	0.0000000	0.0000000
7119.9946931	7200.0046236	7199.8725586	0.0000000	0.0000000	0.1148865	0.1611641	0.1043008	0.0000000	0.0000000
7119.9946931	7195.0061755	7194.8900391	0.0000000	0.0000000	0.1235889	0.1611492	0.1064777	0.0000000	0.0000000
7119.9946931	7190.0077275	7189.9075195	0.0000000	0.0000000	0.1390476	0.1614548	0.1071896	0.0000000	0.0000000
7119.9946931	7185.0060189	7184.9250000	0.0000000	0.0000000	0.1507369	0.1610840	0.1066388	0.0000000	0.0000000
7119.9946931	7180.0043103	7179.9804492	0.0000000	0.0000000	0.1374880	0.1603479	0.1060400	0.0000000	0.0000000
7119.9946931	7175.0091228	7174.6444189	0.0000000	0.0000000	0.1403413	0.1610178	0.1039155	0.0000000	0.0000000
7119.9946931	7170.0008930	7169.7188525	0.0000000	0.0000000	0.1452806	0.1615796	0.1029244	0.0000000	0.0000000
7119.9946931	7165.0210020	7164.7932861	0.0000000	0.0000000	0.1244658	0.1619242	0.1009266	0.0000000	0.0000000
7119.9946931	7160.0281100	7159.8677197	0.0000000	0.0000000	0.1214387	0.1619415	0.1009304	0.0000000	0.0000000
7119.9946931	7155.0231870	7154.9421533	0.0000000	0.0000000	0.1375563	0.1609799	0.1025048	0.0000000	0.0000000
7119.9946931	7150.0333028	7149.6061230	0.0000000	0.0000000	0.1610883	0.1610049	0.1033156	0.0000000	0.0000000
7119.9946931	7145.0223642	7144.6805566	0.0000000	0.0000000	0.1424187	0.1611305	0.1014462	0.0000000	0.0000000
7119.9946931	7140.0264644	7139.7829688	0.0000000	0.0000000	0.1329470	0.1607041	0.1007762	0.0000000	0.0000000
7119.9946931	7135.0185336	7134.9133594	0.0000000	0.0000000	0.1921139	0.1607601	0.1041310	0.0000000	0.0000000
7119.9946931	7130.0346649	7129.6379492	0.0000000	0.0000000	0.3146151	0.1610062	0.1051049	0.0000000	0.0000000
7119.9946931	7125.0327496	7124.7683398	0.0000000	0.0000000	0.3531011	0.1615796	0.1046917	0.0000000	0.0000000
7119.9946931	7120.0248188	7119.8987305	0.0000000	0.0000000	0.2995107	0.1608132	0.1023988	0.0000000	0.0000000
7119.9946931	7114.9843181	7114.6233203	0.0000000	0.0000000	0.2349224	0.1613386	0.1021082	0.0000000	0.0000000
7119.9946931	7109.9857704	7109.7537109	0.0000000	0.0000000	0.1745498	0.1623325	0.1014761	0.0000000	0.0000000
7119.9946931	7104.9837419	7104.8841016	0.0000000	0.0000000	0.1186223	0.1613470	0.0988601	0.0000000	0.0000000
7119.9946931	7099.9817134	7099.6316406	0.0000000	0.0000000	0.1206705	0.1610570	0.0996047	0.0000000	0.0000000
7119.9946931	7094.9831658	7094.8171094	0.0000000	0.0000000	0.1145631	0.1608026	0.1005043	0.0000000	0.0000000
7119.9946931	7089.9846182	7089.6013672	0.0000000	0.0000000	0.1116914	0.1610094	0.1006943	0.0000000	0.0000000
7119.9946931	7084.9895515	7084.7868359	0.0000000	0.0000000	0.0988767	0.1617347	0.0994391	0.0000000	0.0000000
7119.9946931	7079.9875230	7079.9723047	0.0000000	0.0000000	0.0834647	0.1622731	0.0991659	0.0000000	0.0000000
7119.9946931	7074.9889754	7074.7565625	0.0000000	0.0000000	0.0724094	0.1607924	0.0980073	0.0000000	0.0000000
7119.9946931	7069.9869469	7069.9420313	0.0000000	0.0000000	0.0580188	0.1615482	0.0967992	0.0000000	0.0000000
7119.9946931	7064.9883993	7064.7262891	0.0000000	0.0000000	0.0645276	0.1603575	0.0982841	0.0000000	0.0000000
7119.9946931	7059.9863559	7059.9297656	0.0000000	0.0000000	0.0672628	0.1607454	0.0958242	0.0000000	0.0000000
7119.9946931	7054.9841606	7054.7725488	0.0000000	0.0000000	0.0802288	0.1610314	0.0961902	0.0000000	0.0000000
7119.9946931	7049.9819654	7049.6153320	0.0000000	0.0000000	0.0825984	0.1617675	0.0949602	0.0000000	0.0000000
7119.9946931	7044.9875799	7044.8548242	0.0000000	0.0000000	0.0879669	0.1604980	0.0951255	0.0000000	0.0000000
7119.9946931	7039.9814797	7039.6976074	0.0000000	0.0000000	0.0997594	0.1612843	0.0961204	0.0000000	0.0000000
7119.9946931	7034.9870943	7034.9370996	0.0000000	0.0000000	0.1085181	0.1617308	0.0960194	0.0000000	0.0000000
7119.9946931	7029.9848990	7029.7798828	0.0000000	0.0000000	0.1168886	0.1618682	0.0960314	0.0000000	0.0000000
7119.9946931	7024.9827038	7024.6226660	0.0000000	0.0000000	0.1287159	0.1612784	0.0977902	0.0000000	0.0000000
7119.9946931	7019.9805085	7019.8843262	0.0000000	0.0000000	0.1230278	0.1613785	0.0980994	0.0000000	0.0000000
7119.9946931	7014.9861230	7014.7847461	0.0000000	0.0000000	0.1248823	0.1602930	0.0983145	0.0000000	0.0000000
7119.9946931	7009.9878327	7009.6851660	0.0000000	0.0000000	0.1227136	0.1602233	0.0981740	0.0000000	0.0000000
7119.9946931	7004.9817325	7004.9778613	0.0000000	0.0000000	0.1204138	0.1605106	0.0976996	0.0000000	0.0000000
