7219.9970824	7599.9977245	7599.5502051	0.0000000	0.0000000	0.0174247	0.1698750	0.1219935	0.0000000	7220.0000000
7219.9970824	7594.9867234	7594.9313574	0.0000000	0.0000000	0.0193240	0.1704619	0.1209171	0.0000000	0.0000000
7219.9970824	7589.9874753	7589.8506250	0.0000000	0.0000000	0.0196685	0.1709927	0.1218298	0.0000000	0.0000000
7219.9970824	7584.9897621	7584.7698926	0.0000000	0.0000000	0.0213815	0.1692262	0.1224805	0.0000000	0.0000000
7219.9970824	7579.9869519	7579.6891602	0.0000000	0.0000000	0.0201090	0.1700546	0.1212648	0.0000000	0.0000000
7219.9970824	7574.9866901	7574.6139941	0.0000000	0.0000000	0.0203910	0.1710612	0.1231980	0.0000000	0.0000000
7219.9970824	7569.9889770	7569.5944922	0.0000000	0.0000000	0.0200486	0.1710601	0.1222632	0.0000000	0.0000000
7219.9970824	7564.9887153	7564.5749902	0.0000000	0.0000000	0.0189459	0.1700114	0.1250693	0.0000000	0.0000000
7219.9970824	7559.9910021	7559.5554883	0.0000000	0.0000000	0.0165532	0.1709960	0.1257751	0.0000000	0.0000000
7219.9970824	7554.9856433	7554.9923047	0.0000000	0.0000000	0.0149607	0.1696147	0.1235259	0.0000000	0.0000000
7219.9970824	7549.9879301	7549.9728027	0.0000000	0.0000000	0.0166913	0.1701534	0.1231853	0.0000000	0.0000000
7219.9970824	7544.9851198	7544.9533008	0.0000000	0.0000000	0.0181064	0.1703293	0.1231466	0.0000000	0.0000000
7219.9970824	7539.9872981	7539.9337988	0.0000000	0.0000000	0.0174558	0.1702203	0.1218687	0.0000000	0.0000000
7219.9970824	7535.0272433	7534.9142969	0.0000000	0.0000000	0.0181014	0.1708972	0.1217214	0.0000000	0.0000000
7219.9970824	7529.9830707	7529.8947949	0.0000000	0.0000000	0.0172155	0.1700009	0.1227509	0.0000000	0.0000000
7219.9970824	7525.0288172	7524.9299316	0.0000000	0.0000000	0.0196083	0.1698574	0.1236095	0.0000000	0.0000000
7219.9970824	7519.9904459	7519.9705322	0.0000000	0.0000000	0.0173839	0.1707567	0.1235159	0.0000000	0.0000000
7219.9970824	7515.0303911	7514.5602783	0.0000000	0.0000000	0.0184598	0.1687936	0.1242656	0.0000000	0.0000000
7219.9970824	7509.9833179	7509.6008789	0.0000000	0.0000000	0.0199838	0.1687758	0.1236873	0.0000000	0.0000000
7219.9970824	7505.0377663	7504.6414795	0.0000000	0.0000000	0.0146929	0.1686437	0.1248464	0.0000000	0.0000000
7219.9970824	7499.9848918	7499.6820801	0.0000000	0.0000000	0.0162289	0.1686555	0.1209275	0.0000000	0.0000000
7219.9970824	7495.0277377	7494.7226807	0.0000000	0.0000000	0.0126494	0.1686919	0.1207000	0.0000000	0.0000000
7219.9970824	7489.9843030	7489.7632813	0.0000000	0.0000000	0.0133461	0.1690814	0.1211659	0.0000000	0.0000000
7219.9970824	7484.9843817	7484.8038818	0.0000000	0.0000000	0.0138936	0.1699048	0.1204363	0.0000000	0.0000000
7219.9970824	7479.9873061	7479.8981445	0.0000000	0.0000000	0.0136969	0.1716177	0.1205022	0.0000000	0.0000000
7219.9970824	7474.9845391	7474.9977734	0.0000000	0.0000000	0.0156302	0.1708503	0.1208060	0.0000000	0.0000000
7219.9970824	7469.9817720	7469.6519141	0.0000000	0.0000000	0.0129368	0.1700171	0.1219358	0.0000000	0.0000000
7219.9970824	7464.9846965	7464.7515430	0.0000000	0.0000000	0.0104077	0.1682720	0.1220720	0.0000000	0.0000000
7219.9970824	7459.9847751	7459.8511719	0.0000000	0.0000000	0.0110466	0.1691946	0.1216163	0.0000000	0.0000000
7219.9970824	7454.9820081	7454.9508008	0.0000000	0.0000000	0.0113715	0.1704446	0.1238997	0.0000000	0.0000000
7219.9970824	7450.0390011	7449.6049414	0.0000000	0.0000000	0.0115415	0.1701511	0.1251270	0.0000000	0.0000000
7219.9970824	7445.0362341	7444.7045703	0.0000000	0.0000000	0.0111451	0.1704003	0.1223368	0.0000000	0.0000000
7219.9970824	7439.9850899	7439.8041992	0.0000000	0.0000000	0.0095629	0.1706691	0.1205596	0.0000000	0.0000000
7219.9970824	7434.9823229	7434.9618359	0.0000000	0.0000000	0.0103430	0.1690881	0.1204220	0.0000000	0.0000000
7219.9970824	7429.9872294	7429.6792578	0.0000000	0.0000000	0.0111653	0.1675984	0.1213868	0.0000000	0.0000000
7219.9970824	7424.9891513	7424.8368945	0.0000000	0.0000000	0.0124196	0.1679469	0.1227484	0.0000000	0.0000000
7219.9970824	7419.9857133	7419.9945313	0.0000000	0.0000000	0.0104677	0.1686647	0.1240687	0.0000000	0.0000000
7219.9970824	7414.9876352	7414.7119531	0.0000000	0.0000000	0.0096757	0.1699878	0.1237323	0.0000000	0.0000000
7219.9970824	7409.9841972	7409.8695898	0.0000000	0.0000000	0.0087214	0.1693363	0.1227384	0.0000000	0.0000000
7219.9970824	7404.9834392	7404.5870117	0.0000000	0.0000000	0.0087668	0.1706506	0.1183834	0.0000000	0.0000000
7219.9970824	7399.9853611	7399.7446484	0.0000000	0.0000000	0.0088358	0.1707280	0.1211588	0.0000000	0.0000000
7219.9970824	7394.9846030	7394.9126367	0.0000000	0.0000000	0.0141705	0.1704912	0.1209790	0.0000000	0.0000000
7219.9970824	7389.9838450	7389.6921680	0.0000000	0.0000000	0.0113221	0.1701655	0.1186930	0.0000000	0.0000000
7219.9970824	7384.9857669	7384.9067383	0.0000000	0.0000000	0.0111235	0.1691143	0.1151656	0.0000000	0.0000000
7219.9970824	7379.9820701	7379.6862695	0.0000000	0.0000000	0.0106877	0.1699745	0.1132764	0.0000000	0.0000000
7219.9970824	7375.0120172	7374.9008398	0.0000000	0.0000000	0.0128424	0.1683517	0.1134185	0.0000000	0.0000000
7219.9970824	7370.0030344	7369.6803711	0.0000000	0.0000000	0.0145421	0.1683385	0.1121440	0.0000000	0.0000000
7219.9970824	7365.0005399	7364.8949414	0.0000000	0.0000000	0.0176638	0.1689368	0.1136636	0.0000000	0.0000000
7219.9970824	7360.0012895	7359.6744727	0.0000000	0.0000000	0.0170157	0.1694822	0.1123590	0.0000000	0.0000000
7219.9970824	7355.0182600	7354.8890430	0.0000000	0.0000000	0.0180405	0.1703638	0.1111299	0.0000000	0.0000000
7219.9970824	7350.0027889	7349.6991016	0.0000000	0.0000000	0.0164330	0.1709626	0.1059965	0.0000000	0.0000000
7219.9970824	7344.9938061	7344.9696387	0.0000000	0.0000000	0.0188983	0.1704219	0.1064427	0.0000000	0.0000000
7219.9970824	7340.0010440	7339.8102246	0.0000000	0.0000000	0.0169401	0.1703700	0.1048928	0.0000000	0.0000000
7219.9970824	7335.0050379	7334.6508105	0.0000000	0.0000000	0.0215298	0.1705138	0.1061123	0.0000000	0.0000000
7219.9970824	7330.0025434	7329.9213477	0.0000000	0.0000000	0.0306886	0.1685625	0.1068177	0.0000000	0.0000000
7219.9970824	7325.0244790	7324.7619336	0.0000000	0.0000000	0.0285128	0.1685072	0.1034940	0.0000000	0.0000000
7219.9970824	7319.9843593	7319.6025195	0.0000000	0.0000000	0.0270208	0.1695972	0.1037236	0.0000000	0.0000000
7219.9970824	7314.9836815	7314.8730566	0.0000000	0.0000000	0.0327563	0.1708704	0.1037532	0.0000000	0.0000000
7219.9970824	7309.9886382	7309.7136426	0.0000000	0.0000000	0.0372648	0.1690671	0.1037131	0.0000000	0.0000000
7219.9970824	7304.9907777	7304.6092822	0.0000000	0.0000000	0.0358547	0.1702588	0.1037179	0.0000000	0.0000000
7219.9970824	7299.9844653	7299.9348730	0.0000000	0.0000000	0.0439840	0.1702618	0.1054231	0.0000000	0.0000000
7219.9970824	7294.9837875	7294.8355176	0.0000000	0.0000000	0.0483901	0.1691550	0.1054313	0.0000000	0.0000000
7219.9970824	7289.9859270	7289.7361621	0.0000000	0.0000000	0.0499802	0.1686816	0.1055055	0.0000000	0.0000000
7219.9970824	7284.9852492	7284.6368066	0.0000000	0.0000000	0.0475503	0.1706062	0.1053248	0.0000000	0.0000000
7219.9970824	7279.9847963	7279.9623975	0.0000000	0.0000000	0.0518494	0.1712831	0.1063743	0.0000000	0.0000000
7219.9970824	7275.0065655	7274.8630420	0.0000000	0.0000000	0.0599917	0.1694908	0.1076687	0.0000000	0.0000000
7219.9970824	7270.0026737	7269.7636865	0.0000000	0.0000000	0.0592284	0.1689625	0.1067274	0.0000000	0.0000000
7219.9970824	7265.0148200	7264.6888672	0.0000000	0.0000000	0.0594061	0.1695381	0.1073619	0.0000000	0.0000000
7219.9970824	7260.0109282	7259.6483984	0.0000000	0.0000000	0.0678203	0.1692615	0.1128838	0.0000000	0.0000000
7219.9970824	7255.0070364	7254.6079297	0.0000000	0.0000000	0.0748516	0.1697303	0.1126689	0.0000000	0.0000000
7219.9970824	7250.0095598	7249.9875000	0.0000000	0.0000000	0.0672382	0.1692440	0.1081058	0.0000000	0.0000000
7219.9970824	7245.0056680	7244.9470313	0.0000000	0.0000000	0.0604856	0.1697277	0.1035233	0.0000000	0.0000000
7219.9970824	7240.0017763	7239.9065625	0.0000000	0.0000000	0.0598455	0.1685128	0.1023486	0.0000000	0.0000000
7219.9970824	7235.0075073	7234.8660938	0.0000000	0.0000000	0.0902686	0.1686588	0.1033308	0.0000000	0.0000000
7219.9970824	7230.0196536	7229.8256250	0.0000000	0.0000000	0.1429666	0.1692244	0.1017277	0.0000000	0.0000000
7219.9970824	7225.0099061	7224.7851563	0.0000000	0.0000000	0.2063538	0.1701177	0.1009784	0.0000000	0.0000000
7219.9970824	7220.0049369	7219.8026367	0.0000000	0.0000000	0.2572174	0.1696074	0.1039023	0.0000000	0.0000000
7219.9970824	7215.0032283	7214.8201172	0.0000000	0.0000000	0.2330104	0.1699303	0.1075942	0.0000000	0.0000000
7219.9970824	7209.9982591	7209.8375977	0.0000000	0.0000000	0.1698138	0.1705887	0.1057472	0.0000000	0.0000000
7219.9970824	7205.0063322	7204.8550781	0.0000000	0.0000000	0.1278298	0.1702703	0.1062759	0.0000000	0.0000000
7219.9970824	7200.0046236	7199.8725586	0.0000000	0.0000000	0.1033804	0.1707778	0.1078665	0.0000000	0.0000000
7219.9970824	7194.9996544	7194.8900391	0.0000000	0.0000000	0.1003932	0.1711869	0.1091235	0.0000000	0.0000000
7219.9970824	7190.0109881	7189.9075195	0.0000000	0.0000000	0.1081885	0.1699877	0.1094303	0.0000000	0.0000000
7219.9970824	7185.0092794	7184.9250000	0.0000000	0.0000000	0.1060266	0.1692882	0.1074783	0.0000000	0.0000000
7219.9970824	7180.0010497	7179.9804492	0.0000000	0.0000000	0.0912762	0.1687252	0.1063177	0.0000000	0.0000000
7219.9970824	7175.0058622	7174.6444189	0.0000000	0.0000000	0.0874727	0.1676526	0.1068254	0.0000000	0.0000000
7219.9970824	7170.0074141	7169.7188525	0.0000000	0.0000000	0.0868761	0.1689044	0.1046588	0.0000000	0.0000000
7219.9970824	7165.0240098	7164.7932861	0.0000000	0.0000000	0.0702418	0.1677959	0.1043981	0.0000000	0.0000000
7219.9970824	7160.0281100	7159.8677197	0.0000000	0.0000000	0.0632274	0.1686816	0.1023589	0.0000000	0.0000000
7219.9970824	7155.0231870	7154.9421533	0.0000000	0.0000000	0.0650450	0.1695829	0.1019055	0.0000000	0.0000000
7219.9970824	7150.0182639	7149.6061230	0.0000000	0.0000000	0.0769835	0.1704054	0.1004915	0.0000000	0.0000000
7219.9970824	7145.0163486	7144.6805566	0.0000000	0.0000000	0.0685938	0.1698276	0.1001875	0.0000000	0.0000000
7219.9970824	7140.0324800	7139.7829688	0.0000000	0.0000000	0.0517235	0.1690675	0.1008026	0.0000000	0.0000000
7219.9970824	7135.0245491	7134.9133594	0.0000000	0.0000000	0.0532651	0.1698954	0.1033567	0.0000000	0.0000000
7219.9970824	7130.0226338	7129.6379492	0.0000000	0.0000000	0.0689824	0.1699106	0.1054756	0.0000000	0.0000000
7219.9970824	7125.0267341	7124.7683398	0.0000000	0.0000000	0.0688704	0.1699098	0.1062179	0.0000000	0.0000000
7219.9970824	7120.0218110	7119.8987305	0.0000000	0.0000000	0.0528076	0.1699578	0.1021239	0.0000000	0.0000000
7219.9970824	7114.9808372	7114.6233203	0.0000000	0.0000000	0.0546188	0.1694851	0.1004172	0.0000000	0.0000000
7219.9970824	7109.9857704	7109.7537109	0.0000000	0.0000000	0.0600737	0.1693857	0.1012300	0.0000000	0.0000000
7219.9970824	7104.9837419	7104.8841016	0.0000000	0.0000000	0.0495671	0.1684219	0.1008616	0.0000000	0.0000000
7219.9970824	7099.9851943	7099.6316406	0.0000000	0.0000000	0.0493087	0.1678984	0.1003629	0.0000000	0.0000000
7219.9970824	7094.9831658	7094.8171094	0.0000000	0.0000000	0.0396428	0.1665424	0.1007891	0.0000000	0.0000000
7219.9970824	7089.9846182	7089.6013672	0.0000000	0.0000000	0.0391057	0.1673597	0.1016617	0.0000000	0.0000000
7219.9970824	7084.9860706	7084.7868359	0.0000000	0.0000000	0.0343011	0.1680067	0.1032972	0.0000000	0.0000000
7219.9970824	7079.9875230	7079.9723047	0.0000000	0.0000000	0.0269381	0.1690562	0.1024451	0.0000000	0.0000000
7219.9970824	7074.9889754	7074.7565625	0.0000000	0.0000000	0.0199110	0.1698917	0.0981082	0.0000000	0.0000000
7219.9970824	7069.9869469	7069.9420313	0.0000000	0.0000000	0.0138329	0.1697782	0.0970332	0.0000000	0.0000000
7219.9970824	7064.9953610	7064.7262891	0.0000000	0.0000000	0.0149038	0.1715143	0.0962822	0.0000000	0.0000000
7219.9970824	7059.9863559	7059.9297656	0.0000000	0.0000000	0.0158026	0.1713838	0.0965907	0.0000000	0.0000000
7219.9970824	7054.9841606	7054.7725488	0.0000000	0.0000000	0.0179814	0.1712848	0.0969304	0.0000000	0.0000000
7219.9970824	7049.9819654	7049.6153320	0.0000000	0.0000000	0.0199342	0.1706870	0.0957192	0.0000000	0.0000000
7219.9970824	7044.9836750	7044.8548242	0.0000000	0.0000000	0.0190667	0.1699709	0.0952638	0.0000000	0.0000000
7219.9970824	7039.9814797	7039.6976074	0.0000000	0.0000000	0.0229413	0.1692626	0.0966421	0.0000000	0.0000000
7219.9970824	7034.9831894	7034.9370996	0.0000000	0.0000000	0.0258247	0.1703481	0.0959417	0.0000000	0.0000000
7219.9970824	7029.9809941	7029.7798828	0.0000000	0.0000000	0.0267506	0.1699867	0.0970018	0.0000000	0.0000000
7219.9970824	7024.9787988	7024.6226660	0.0000000	0.0000000	0.0267036	0.1696443	0.0990914	0.0000000	0.0000000
7219.9970824	7019.9844134	7019.8843262	0.0000000	0.0000000	0.0245857	0.1701975	0.0992957	0.0000000	0.0000000
7219.9970824	7014.9861230	7014.7847461	0.0000000	0.0000000	0.0197344	0.1687803	0.0997732	0.0000000	0.0000000
7219.9970824	7009.9839278	7009.6851660	0.0000000	0.0000000	0.0215481	0.1698190	0.0988885	0.0000000	0.0000000
7219.9970824	7004.9817325	7004.9778613	0.0000000	0.0000000	0.0200171	0.1695885	0.0986466	0.0000000	0.0000000
