7224.9931783	7599.9977245	7599.5502051	0.0000000	0.0000000	0.0157942	0.1691824	0.1217668	0.0000000	7225.0000000
7224.9931783	7594.9867234	7594.9313574	0.0000000	0.0000000	0.0182843	0.1699183	0.1210989	0.0000000	0.0000000
7224.9931783	7589.9849267	7589.8506250	0.0000000	0.0000000	0.0256660	0.1699209	0.1231096	0.0000000	0.0000000
7224.9931783	7584.9897621	7584.7698926	0.0000000	0.0000000	0.0214031	0.1696466	0.1230455	0.0000000	0.0000000
7224.9931783	7579.9895004	7579.6891602	0.0000000	0.0000000	0.0211467	0.1696705	0.1236805	0.0000000	0.0000000
7224.9931783	7574.9866901	7574.6139941	0.0000000	0.0000000	0.0211106	0.1705212	0.1233416	0.0000000	0.0000000
7224.9931783	7569.9889770	7569.5944922	0.0000000	0.0000000	0.0201758	0.1695345	0.1239653	0.0000000	0.0000000
7224.9931783	7564.9887153	7564.5749902	0.0000000	0.0000000	0.0200946	0.1690059	0.1258044	0.0000000	0.0000000
7224.9931783	7559.9859050	7559.5554883	0.0000000	0.0000000	0.0188429	0.1695496	0.1247487	0.0000000	0.0000000
7224.9931783	7554.9856433	7554.9923047	0.0000000	0.0000000	0.0201271	0.1691974	0.1232650	0.0000000	0.0000000
7224.9931783	7549.9879301	7549.9728027	0.0000000	0.0000000	0.0169082	0.1685798	0.1217544	0.0000000	0.0000000
7224.9931783	7544.9851198	7544.9533008	0.0000000	0.0000000	0.0171417	0.1693781	0.1230005	0.0000000	0.0000000
7224.9931783	7539.9872981	7539.9337988	0.0000000	0.0000000	0.0159014	0.1695417	0.1227302	0.0000000	0.0000000
7224.9931783	7534.9866347	7534.9142969	0.0000000	0.0000000	0.0195264	0.1694104	0.1243052	0.0000000	0.0000000
7224.9931783	7529.9830707	7529.8947949	0.0000000	0.0000000	0.0187120	0.1686826	0.1253805	0.0000000	0.0000000
7224.9931783	7524.9853080	7524.9299316	0.0000000	0.0000000	0.0187118	0.1681161	0.1257594	0.0000000	0.0000000
7224.9931783	7519.9875452	7519.9705322	0.0000000	0.0000000	0.0168934	0.1690485	0.1240886	0.0000000	0.0000000
7224.9931783	7514.9839813	7514.5602783	0.0000000	0.0000000	0.0161327	0.1687819	0.1241005	0.0000000	0.0000000
7224.9931783	7509.9862185	7509.6008789	0.0000000	0.0000000	0.0206293	0.1682417	0.1268424	0.0000000	0.0000000
7224.9931783	7505.0319651	7504.6414795	0.0000000	0.0000000	0.0173322	0.1687322	0.1248057	0.0000000	0.0000000
7224.9931783	7499.9877924	7499.6820801	0.0000000	0.0000000	0.0163997	0.1691266	0.1221315	0.0000000	0.0000000
7224.9931783	7494.9871291	7494.7226807	0.0000000	0.0000000	0.0180624	0.1690828	0.1225107	0.0000000	0.0000000
7224.9931783	7489.9843030	7489.7632813	0.0000000	0.0000000	0.0162307	0.1696571	0.1225990	0.0000000	0.0000000
7224.9931783	7484.9843817	7484.8038818	0.0000000	0.0000000	0.0183777	0.1683051	0.1226431	0.0000000	0.0000000
7224.9931783	7479.9844604	7479.8981445	0.0000000	0.0000000	0.0167798	0.1697261	0.1211324	0.0000000	0.0000000
7224.9931783	7474.9845391	7474.9977734	0.0000000	0.0000000	0.0146423	0.1690442	0.1213204	0.0000000	0.0000000
7224.9931783	7469.9846178	7469.6519141	0.0000000	0.0000000	0.0145044	0.1693760	0.1228823	0.0000000	0.0000000
7224.9931783	7464.9875422	7464.7515430	0.0000000	0.0000000	0.0140645	0.1687596	0.1230717	0.0000000	0.0000000
7224.9931783	7460.0359980	7459.8511719	0.0000000	0.0000000	0.0132844	0.1679530	0.1257292	0.0000000	0.0000000
7224.9931783	7454.9820081	7454.9508008	0.0000000	0.0000000	0.0094341	0.1684462	0.1239487	0.0000000	0.0000000
7224.9931783	7449.9849325	7449.6049414	0.0000000	0.0000000	0.0111185	0.1691014	0.1228779	0.0000000	0.0000000
7224.9931783	7444.9850112	7444.7045703	0.0000000	0.0000000	0.0123650	0.1680970	0.1229293	0.0000000	0.0000000
7224.9931783	7439.9850899	7439.8041992	0.0000000	0.0000000	0.0122612	0.1686844	0.1220272	0.0000000	0.0000000
7224.9931783	7434.9823229	7434.9618359	0.0000000	0.0000000	0.0123220	0.1696945	0.1208652	0.0000000	0.0000000
7224.9931783	7429.9899093	7429.6792578	0.0000000	0.0000000	0.0111326	0.1694249	0.1218539	0.0000000	0.0000000
7224.9931783	7424.9918312	7424.8368945	0.0000000	0.0000000	0.0115953	0.1689370	0.1231049	0.0000000	0.0000000
7224.9931783	7419.9857133	7419.9945313	0.0000000	0.0000000	0.0099934	0.1682067	0.1226493	0.0000000	0.0000000
7224.9931783	7414.9849553	7414.7119531	0.0000000	0.0000000	0.0090706	0.1687203	0.1200830	0.0000000	0.0000000
7224.9931783	7409.9841972	7409.8695898	0.0000000	0.0000000	0.0092318	0.1677208	0.1185785	0.0000000	0.0000000
7224.9931783	7404.9861191	7404.5870117	0.0000000	0.0000000	0.0091865	0.1678781	0.1178214	0.0000000	0.0000000
7224.9931783	7399.9853611	7399.7446484	0.0000000	0.0000000	0.0100795	0.1683370	0.1184598	0.0000000	0.0000000
7224.9931783	7394.9846030	7394.9126367	0.0000000	0.0000000	0.0092382	0.1690969	0.1180299	0.0000000	0.0000000
7224.9931783	7389.9865249	7389.6921680	0.0000000	0.0000000	0.0108014	0.1688544	0.1175450	0.0000000	0.0000000
7224.9931783	7384.9857669	7384.9067383	0.0000000	0.0000000	0.0113617	0.1674099	0.1168090	0.0000000	0.0000000
7224.9931783	7379.9820701	7379.6862695	0.0000000	0.0000000	0.0112384	0.1684460	0.1135388	0.0000000	0.0000000
7224.9931783	7375.0022847	7374.9008398	0.0000000	0.0000000	0.0116063	0.1692906	0.1140709	0.0000000	0.0000000
7224.9931783	7370.0127668	7369.6803711	0.0000000	0.0000000	0.0122710	0.1680822	0.1125299	0.0000000	0.0000000
7224.9931783	7365.0070282	7364.8949414	0.0000000	0.0000000	0.0145441	0.1693243	0.1124165	0.0000000	0.0000000
7224.9931783	7360.0175103	7359.6744727	0.0000000	0.0000000	0.0191151	0.1692076	0.1120186	0.0000000	0.0000000
7224.9931783	7355.0117717	7354.8890430	0.0000000	0.0000000	0.0207472	0.1683408	0.1136698	0.0000000	0.0000000
7224.9931783	7350.0157655	7349.6991016	0.0000000	0.0000000	0.0202274	0.1678932	0.1094137	0.0000000	0.0000000
7224.9931783	7345.0067827	7344.9696387	0.0000000	0.0000000	0.0191622	0.1684375	0.1073024	0.0000000	0.0000000
7224.9931783	7340.0042882	7339.8102246	0.0000000	0.0000000	0.0168134	0.1689142	0.1056221	0.0000000	0.0000000
7224.9931783	7335.0115262	7334.6508105	0.0000000	0.0000000	0.0195024	0.1690121	0.1050839	0.0000000	0.0000000
7224.9931783	7330.0057875	7329.9213477	0.0000000	0.0000000	0.0279923	0.1679276	0.1059154	0.0000000	0.0000000
7224.9931783	7325.0272963	7324.7619336	0.0000000	0.0000000	0.0297677	0.1679012	0.1054958	0.0000000	0.0000000
7224.9931783	7319.9815420	7319.6025195	0.0000000	0.0000000	0.0279323	0.1690831	0.1046483	0.0000000	0.0000000
7224.9931783	7314.9836815	7314.8730566	0.0000000	0.0000000	0.0359484	0.1691666	0.1060872	0.0000000	0.0000000
7224.9931783	7309.9886382	7309.7136426	0.0000000	0.0000000	0.0445490	0.1685018	0.1080050	0.0000000	0.0000000
7224.9931783	7304.9851431	7304.6092822	0.0000000	0.0000000	0.0394962	0.1685592	0.1074281	0.0000000	0.0000000
7224.9931783	7299.9844653	7299.9348730	0.0000000	0.0000000	0.0427828	0.1695385	0.1072141	0.0000000	0.0000000
7224.9931783	7294.9866048	7294.8355176	0.0000000	0.0000000	0.0490931	0.1688049	0.1086384	0.0000000	0.0000000
7224.9931783	7289.9831097	7289.7361621	0.0000000	0.0000000	0.0475702	0.1691215	0.1080936	0.0000000	0.0000000
7224.9931783	7284.9852492	7284.6368066	0.0000000	0.0000000	0.0536288	0.1693712	0.1096012	0.0000000	0.0000000
7224.9931783	7279.9815887	7279.9623975	0.0000000	0.0000000	0.0567689	0.1689546	0.1093315	0.0000000	0.0000000
7224.9931783	7275.0097731	7274.8630420	0.0000000	0.0000000	0.0613783	0.1691871	0.1091184	0.0000000	0.0000000
7224.9931783	7270.0026737	7269.7636865	0.0000000	0.0000000	0.0582325	0.1690415	0.1087728	0.0000000	0.0000000
7224.9931783	7265.0212352	7264.6888672	0.0000000	0.0000000	0.0603030	0.1686157	0.1078831	0.0000000	0.0000000
7224.9931783	7260.0141358	7259.6483984	0.0000000	0.0000000	0.0574373	0.1689861	0.1068894	0.0000000	0.0000000
7224.9931783	7255.0102440	7254.6079297	0.0000000	0.0000000	0.0601440	0.1696329	0.1057874	0.0000000	0.0000000
7224.9931783	7250.0063522	7249.9875000	0.0000000	0.0000000	0.0593058	0.1687681	0.1051760	0.0000000	0.0000000
7224.9931783	7245.0056680	7244.9470313	0.0000000	0.0000000	0.0630311	0.1680597	0.1051069	0.0000000	0.0000000
7224.9931783	7240.0146067	7239.9065625	0.0000000	0.0000000	0.0780111	0.1678502	0.1030085	0.0000000	0.0000000
7224.9931783	7235.0010921	7234.8660938	0.0000000	0.0000000	0.1317979	0.1683531	0.1020383	0.0000000	0.0000000
7224.9931783	7230.0036155	7229.8256250	0.0000000	0.0000000	0.1835161	0.1689244	0.1008783	0.0000000	0.0000000
7224.9931783	7225.0131667	7224.7851563	0.0000000	0.0000000	0.2060595	0.1676486	0.1022527	0.0000000	0.0000000
7224.9931783	7220.0016764	7219.8026367	0.0000000	0.0000000	0.2088033	0.1681096	0.1035754	0.0000000	0.0000000
7224.9931783	7215.0195312	7214.8201172	0.0000000	0.0000000	0.1598820	0.1677865	0.1062628	0.0000000	0.0000000
7224.9931783	7210.0015197	7209.8375977	0.0000000	0.0000000	0.1126301	0.1670386	0.1078303	0.0000000	0.0000000
7224.9931783	7205.0063322	7204.8550781	0.0000000	0.0000000	0.1021417	0.1670989	0.1090216	0.0000000	0.0000000
7224.9931783	7200.0013630	7199.8725586	0.0000000	0.0000000	0.0937925	0.1675403	0.1077972	0.0000000	0.0000000
7224.9931783	7195.0159572	7194.8900391	0.0000000	0.0000000	0.0897349	0.1674872	0.1071416	0.0000000	0.0000000
7224.9931783	7190.0109881	7189.9075195	0.0000000	0.0000000	0.1011246	0.1680505	0.1081262	0.0000000	0.0000000
7224.9931783	7185.0060189	7184.9250000	0.0000000	0.0000000	0.1003386	0.1684707	0.1070447	0.0000000	0.0000000
7224.9931783	7180.0043103	7179.9804492	0.0000000	0.0000000	0.0868632	0.1675347	0.1057773	0.0000000	0.0000000
7224.9931783	7175.0091228	7174.6444189	0.0000000	0.0000000	0.0872418	0.1687551	0.1053274	0.0000000	0.0000000
7224.9931783	7170.0008930	7169.7188525	0.0000000	0.0000000	0.0844592	0.1692554	0.1040958	0.0000000	0.0000000
7224.9931783	7165.0300253	7164.7932861	0.0000000	0.0000000	0.0640858	0.1684370	0.1020028	0.0000000	0.0000000
7224.9931783	7160.0251023	7159.8677197	0.0000000	0.0000000	0.0565804	0.1692247	0.1027758	0.0000000	0.0000000
7224.9931783	7155.0292025	7154.9421533	0.0000000	0.0000000	0.0661737	0.1692473	0.1044998	0.0000000	0.0000000
7224.9931783	7150.0333028	7149.6061230	0.0000000	0.0000000	0.0796709	0.1689740	0.1062141	0.0000000	0.0000000
7224.9931783	7145.0343952	7144.6805566	0.0000000	0.0000000	0.0668936	0.1698679	0.1052303	0.0000000	0.0000000
7224.9931783	7140.0234567	7139.7829688	0.0000000	0.0000000	0.0483978	0.1700428	0.1039521	0.0000000	0.0000000
7224.9931783	7135.0185336	7134.9133594	0.0000000	0.0000000	0.0486598	0.1693116	0.1048979	0.0000000	0.0000000
7224.9931783	7130.0256416	7129.6379492	0.0000000	0.0000000	0.0631221	0.1678441	0.1063058	0.0000000	0.0000000
7224.9931783	7125.0237263	7124.7683398	0.0000000	0.0000000	0.0601964	0.1682848	0.1031387	0.0000000	0.0000000
7224.9931783	7120.0248188	7119.8987305	0.0000000	0.0000000	0.0473879	0.1676787	0.1022073	0.0000000	0.0000000
7224.9931783	7114.9808372	7114.6233203	0.0000000	0.0000000	0.0483763	0.1688140	0.1010730	0.0000000	0.0000000
7224.9931783	7109.9962131	7109.7537109	0.0000000	0.0000000	0.0526356	0.1686655	0.1017350	0.0000000	0.0000000
7224.9931783	7104.9837419	7104.8841016	0.0000000	0.0000000	0.0476293	0.1689154	0.1017029	0.0000000	0.0000000
7224.9931783	7099.9817134	7099.6316406	0.0000000	0.0000000	0.0452784	0.1681580	0.1015171	0.0000000	0.0000000
7224.9931783	7094.9796850	7094.8171094	0.0000000	0.0000000	0.0388777	0.1685194	0.1025294	0.0000000	0.0000000
7224.9931783	7089.9811373	7089.6013672	0.0000000	0.0000000	0.0350563	0.1685505	0.1011267	0.0000000	0.0000000
7224.9931783	7084.9860706	7084.7868359	0.0000000	0.0000000	0.0342944	0.1681072	0.1025354	0.0000000	0.0000000
7224.9931783	7079.9875230	7079.9723047	0.0000000	0.0000000	0.0216866	0.1681613	0.1001638	0.0000000	0.0000000
7224.9931783	7074.9889754	7074.7565625	0.0000000	0.0000000	0.0157300	0.1669664	0.0988615	0.0000000	0.0000000
7224.9931783	7069.9834660	7069.9420313	0.0000000	0.0000000	0.0126210	0.1681127	0.0974319	0.0000000	0.0000000
7224.9931783	7064.9883993	7064.7262891	0.0000000	0.0000000	0.0131074	0.1679784	0.0991631	0.0000000	0.0000000
7224.9931783	7059.9863559	7059.9297656	0.0000000	0.0000000	0.0132842	0.1680575	0.0990098	0.0000000	0.0000000
7224.9931783	7054.9841606	7054.7725488	0.0000000	0.0000000	0.0150620	0.1673374	0.0986649	0.0000000	0.0000000
7224.9931783	7049.9819654	7049.6153320	0.0000000	0.0000000	0.0151837	0.1678105	0.0980549	0.0000000	0.0000000
7224.9931783	7044.9875799	7044.8548242	0.0000000	0.0000000	0.0153649	0.1684518	0.0980247	0.0000000	0.0000000
7224.9931783	7039.9775748	7039.6976074	0.0000000	0.0000000	0.0180511	0.1683644	0.0991498	0.0000000	0.0000000
7224.9931783	7034.9831894	7034.9370996	0.0000000	0.0000000	0.0190242	0.1687637	0.0980919	0.0000000	0.0000000
7224.9931783	7029.9809941	7029.7798828	0.0000000	0.0000000	0.0217360	0.1688295	0.0999912	0.0000000	0.0000000
7224.9931783	7024.9787988	7024.6226660	0.0000000	0.0000000	0.0219286	0.1691364	0.0985349	0.0000000	0.0000000
7224.9931783	7019.9805085	7019.8843262	0.0000000	0.0000000	0.0204911	0.1691415	0.0978906	0.0000000	0.0000000
7224.9931783	7014.9861230	7014.7847461	0.0000000	0.0000000	0.0204281	0.1683879	0.0974126	0.0000000	0.0000000
7224.9931783	7009.9839278	7009.6851660	0.0000000	0.0000000	0.0207405	0.1688655	0.0970612	0.0000000	0.0000000
7224.9931783	7004.9778276	7004.9778613	0.0000000	0.0000000	0.0201792	0.1691920	0.0971132	0.0000000	0.0000000
