7594.9967995	7599.9977245	7599.5502051	0.0000000	0.0000000	0.0618043	0.1875842	0.1254495	0.0000000	7595.0000000
7594.9967995	7594.9892152	7594.9313574	0.0000000	0.0000000	0.0675958	0.1880240	0.1254237	0.0000000	0.0000000
7594.9967995	7589.9849267	7589.8506250	0.0000000	0.0000000	0.0469830	0.1877816	0.1252371	0.0000000	0.0000000
7594.9967995	7584.9897621	7584.7698926	0.0000000	0.0000000	0.0241316	0.1878733	0.1246674	0.0000000	0.0000000
7594.9967995	7579.9920490	7579.6891602	0.0000000	0.0000000	0.0148668	0.1875798	0.1261628	0.0000000	0.0000000
7594.9967995	7574.9866901	7574.6139941	0.0000000	0.0000000	0.0095555	0.1868148	0.1248242	0.0000000	0.0000000
7594.9967995	7569.9915255	7569.5944922	0.0000000	0.0000000	0.0090254	0.1874332	0.1249928	0.0000000	0.0000000
7594.9967995	7564.9887153	7564.5749902	0.0000000	0.0000000	0.0101425	0.1865549	0.1262054	0.0000000	0.0000000
7594.9967995	7559.9910021	7559.5554883	0.0000000	0.0000000	0.0087001	0.1877125	0.1257748	0.0000000	0.0000000
7594.9967995	7554.9856433	7554.9923047	0.0000000	0.0000000	0.0109615	0.1870332	0.1260842	0.0000000	0.0000000
7594.9967995	7549.9853816	7549.9728027	0.0000000	0.0000000	0.0121704	0.1873389	0.1271097	0.0000000	0.0000000
7594.9967995	7544.9851198	7544.9533008	0.0000000	0.0000000	0.0145717	0.1868901	0.1265675	0.0000000	0.0000000
7594.9967995	7539.9872981	7539.9337988	0.0000000	0.0000000	0.0150219	0.1863002	0.1267930	0.0000000	0.0000000
7594.9967995	7534.9866347	7534.9142969	0.0000000	0.0000000	0.0152012	0.1873315	0.1271831	0.0000000	0.0000000
7594.9967995	7529.9830707	7529.8947949	0.0000000	0.0000000	0.0194026	0.1875988	0.1269850	0.0000000	0.0000000
7594.9967995	7524.9853080	7524.9299316	0.0000000	0.0000000	0.0192839	0.1868445	0.1262756	0.0000000	0.0000000
7594.9967995	7519.9875452	7519.9705322	0.0000000	0.0000000	0.0202485	0.1876344	0.1250089	0.0000000	0.0000000
7594.9967995	7514.9839813	7514.5602783	0.0000000	0.0000000	0.0231261	0.1874700	0.1252400	0.0000000	0.0000000
7594.9967995	7509.9804173	7509.6008789	0.0000000	0.0000000	0.0199255	0.1869762	0.1247418	0.0000000	0.0000000
7594.9967995	7504.9855552	7504.6414795	0.0000000	0.0000000	0.0189568	0.1882830	0.1258749	0.0000000	0.0000000
7594.9967995	7499.9877924	7499.6820801	0.0000000	0.0000000	0.0187283	0.1874153	0.1252904	0.0000000	0.0000000
7594.9967995	7494.9871291	7494.7226807	0.0000000	0.0000000	0.0214832	0.1868862	0.1260383	0.0000000	0.0000000
7594.9967995	7489.9871487	7489.7632812	0.0000000	0.0000000	0.0161144	0.1872891	0.1254913	0.0000000	0.0000000
7594.9967995	7484.9872274	7484.8038818	0.0000000	0.0000000	0.0140018	0.1870060	0.1259669	0.0000000	0.0000000
7594.9967995	7479.9901518	7479.8981445	0.0000000	0.0000000	0.0132570	0.1874148	0.1250662	0.0000000	0.0000000
7594.9967995	7474.9873848	7474.9977734	0.0000000	0.0000000	0.0128990	0.1867620	0.1259292	0.0000000	0.0000000
7594.9967995	7469.9874635	7469.6519141	0.0000000	0.0000000	0.0084813	0.1877395	0.1262146	0.0000000	0.0000000
7594.9967995	7464.9903879	7464.7515430	0.0000000	0.0000000	0.0083647	0.1872407	0.1258289	0.0000000	0.0000000
7594.9967995	7459.9904666	7459.8511719	0.0000000	0.0000000	0.0085360	0.1864840	0.1279323	0.0000000	0.0000000
7594.9967995	7454.9848538	7454.9508008	0.0000000	0.0000000	0.0086801	0.1866656	0.1262831	0.0000000	0.0000000
7594.9967995	7449.9877783	7449.6049414	0.0000000	0.0000000	0.0077251	0.1869423	0.1263350	0.0000000	0.0000000
7594.9967995	7444.9878570	7444.7045703	0.0000000	0.0000000	0.0085656	0.1865154	0.1270808	0.0000000	0.0000000
7594.9967995	7439.9879357	7439.8041992	0.0000000	0.0000000	0.0090193	0.1877645	0.1270928	0.0000000	0.0000000
7594.9967995	7434.9880144	7434.9618359	0.0000000	0.0000000	0.0109781	0.1868566	0.1259540	0.0000000	0.0000000
7594.9967995	7429.9899093	7429.6792578	0.0000000	0.0000000	0.0090166	0.1862029	0.1250432	0.0000000	0.0000000
7594.9967995	7424.9918312	7424.8368945	0.0000000	0.0000000	0.0097305	0.1868997	0.1238959	0.0000000	0.0000000
7594.9967995	7419.9883932	7419.9945312	0.0000000	0.0000000	0.0098539	0.1878197	0.1247277	0.0000000	0.0000000
7594.9967995	7414.9876352	7414.7119531	0.0000000	0.0000000	0.0070352	0.1877841	0.1223038	0.0000000	0.0000000
7594.9967995	7409.9868772	7409.8695898	0.0000000	0.0000000	0.0078447	0.1872329	0.1226034	0.0000000	0.0000000
7594.9967995	7404.9861191	7404.5870117	0.0000000	0.0000000	0.0077152	0.1873243	0.1239608	0.0000000	0.0000000
7594.9967995	7399.9880410	7399.7446484	0.0000000	0.0000000	0.0070419	0.1868663	0.1240564	0.0000000	0.0000000
7594.9967995	7394.9872830	7394.9126367	0.0000000	0.0000000	0.0072694	0.1873000	0.1230291	0.0000000	0.0000000
7594.9967995	7389.9865249	7389.6921680	0.0000000	0.0000000	0.0066455	0.1870728	0.1219324	0.0000000	0.0000000
7594.9967995	7384.9857669	7384.9067383	0.0000000	0.0000000	0.0061803	0.1867223	0.1208593	0.0000000	0.0000000
7594.9967995	7379.9820701	7379.6862695	0.0000000	0.0000000	0.0053340	0.1861887	0.1205497	0.0000000	0.0000000
7594.9967995	7374.9860639	7374.9008398	0.0000000	0.0000000	0.0049752	0.1865625	0.1201180	0.0000000	0.0000000
7594.9967995	7369.9868136	7369.6803711	0.0000000	0.0000000	0.0042405	0.1871481	0.1191342	0.0000000	0.0000000
7594.9967995	7364.9843191	7364.8949414	0.0000000	0.0000000	0.0053280	0.1868296	0.1187070	0.0000000	0.0000000
7594.9967995	7359.9850687	7359.6744727	0.0000000	0.0000000	0.0053533	0.1870942	0.1169973	0.0000000	0.0000000
7594.9967995	7354.9858184	7354.8890430	0.0000000	0.0000000	0.0054707	0.1878879	0.1153462	0.0000000	0.0000000
7594.9967995	7349.9865681	7349.6991016	0.0000000	0.0000000	0.0074592	0.1877764	0.1121222	0.0000000	0.0000000
7594.9967995	7344.9840736	7344.9696387	0.0000000	0.0000000	0.0122650	0.1873071	0.1119351	0.0000000	0.0000000
7594.9967995	7339.9848232	7339.8102246	0.0000000	0.0000000	0.0034038	0.1876405	0.1095302	0.0000000	0.0000000
7594.9967995	7334.9888171	7334.6508105	0.0000000	0.0000000	0.0032717	0.1873175	0.1104795	0.0000000	0.0000000
7594.9967995	7329.9863226	7329.9213477	0.0000000	0.0000000	0.0035347	0.1868374	0.1116907	0.0000000	0.0000000
7594.9967995	7324.9878543	7324.7619336	0.0000000	0.0000000	0.0024365	0.1870096	0.1114587	0.0000000	0.0000000
7594.9967995	7319.9871765	7319.6025195	0.0000000	0.0000000	0.0022977	0.1866604	0.1097590	0.0000000	0.0000000
7594.9967995	7314.9893160	7314.8730566	0.0000000	0.0000000	0.0033793	0.1870441	0.1116268	0.0000000	0.0000000
7594.9967995	7309.9886382	7309.7136426	0.0000000	0.0000000	0.0023479	0.1865083	0.1119630	0.0000000	0.0000000
7594.9967995	7304.9879604	7304.6092822	0.0000000	0.0000000	0.0019987	0.1879166	0.1103660	0.0000000	0.0000000
7594.9967995	7299.9844653	7299.9348730	0.0000000	0.0000000	0.0023918	0.1877438	0.1114041	0.0000000	0.0000000
7594.9967995	7294.9837875	7294.8355176	0.0000000	0.0000000	0.0031184	0.1872466	0.1117052	0.0000000	0.0000000
7594.9967995	7289.9887443	7289.7361621	0.0000000	0.0000000	0.0028864	0.1871716	0.1122374	0.0000000	0.0000000
7594.9967995	7284.9852492	7284.6368066	0.0000000	0.0000000	0.0023947	0.1878247	0.1110876	0.0000000	0.0000000
7594.9967995	7279.9880039	7279.9623975	0.0000000	0.0000000	0.0025632	0.1877540	0.1127054	0.0000000	0.0000000
7594.9967995	7274.9841121	7274.8630420	0.0000000	0.0000000	0.0034076	0.1864829	0.1141273	0.0000000	0.0000000
7594.9967995	7269.9866356	7269.7636865	0.0000000	0.0000000	0.0035071	0.1875414	0.1145033	0.0000000	0.0000000
7594.9967995	7264.9859514	7264.6888672	0.0000000	0.0000000	0.0024935	0.1868739	0.1133870	0.0000000	0.0000000
7594.9967995	7259.9852672	7259.6483984	0.0000000	0.0000000	0.0019888	0.1878389	0.1119622	0.0000000	0.0000000
7594.9967995	7254.9845830	7254.6079297	0.0000000	0.0000000	0.0022173	0.1871777	0.1124037	0.0000000	0.0000000
7594.9967995	7249.9871065	7249.9875000	0.0000000	0.0000000	0.0032407	0.1864493	0.1114240	0.0000000	0.0000000
7594.9967995	7244.9832147	7244.9470312	0.0000000	0.0000000	0.0013982	0.1877333	0.1080449	0.0000000	0.0000000
7594.9967995	7239.9857381	7239.9065625	0.0000000	0.0000000	0.0010621	0.1876683	0.1063268	0.0000000	0.0000000
7594.9967995	7234.9850540	7234.8660937	0.0000000	0.0000000	0.0008787	0.1877684	0.1063330	0.0000000	0.0000000
7594.9967995	7229.9843698	7229.8256250	0.0000000	0.0000000	0.0007393	0.1874447	0.1061880	0.0000000	0.0000000
7594.9967995	7224.9870822	7224.7851562	0.0000000	0.0000000	0.0006639	0.1876453	0.1075975	0.0000000	0.0000000
7594.9967995	7219.9886341	7219.8026367	0.0000000	0.0000000	0.0009242	0.1873451	0.1082266	0.0000000	0.0000000
7594.9967995	7214.9869255	7214.8201172	0.0000000	0.0000000	0.0011337	0.1875844	0.1105428	0.0000000	0.0000000
7594.9967995	7209.9884774	7209.8375977	0.0000000	0.0000000	0.0014182	0.1878617	0.1103850	0.0000000	0.0000000
7594.9967995	7204.9867688	7204.8550781	0.0000000	0.0000000	0.0011603	0.1885243	0.1105668	0.0000000	0.0000000
7594.9967995	7199.9850602	7199.8725586	0.0000000	0.0000000	0.0012386	0.1883389	0.1114082	0.0000000	0.0000000
7594.9967995	7194.9866121	7194.8900391	0.0000000	0.0000000	0.0007524	0.1877794	0.1124060	0.0000000	0.0000000
7594.9967995	7189.9881641	7189.9075195	0.0000000	0.0000000	0.0007902	0.1883002	0.1134420	0.0000000	0.0000000
7594.9967995	7184.9897160	7184.9250000	0.0000000	0.0000000	0.0007511	0.1878494	0.1121431	0.0000000	0.0000000
7594.9967995	7179.9814863	7179.9804492	0.0000000	0.0000000	0.0004386	0.1877483	0.1116882	0.0000000	0.0000000
7594.9967995	7174.9862988	7174.6444189	0.0000000	0.0000000	0.0004783	0.1871426	0.1127361	0.0000000	0.0000000
7594.9967995	7169.9813296	7169.7188525	0.0000000	0.0000000	0.0004325	0.1865724	0.1102134	0.0000000	0.0000000
7594.9967995	7164.9849088	7164.7932861	0.0000000	0.0000000	0.0002655	0.1879094	0.1083367	0.0000000	0.0000000
7594.9967995	7159.9890091	7159.8677197	0.0000000	0.0000000	0.0002811	0.1885209	0.1087921	0.0000000	0.0000000
7594.9967995	7154.9840860	7154.9421533	0.0000000	0.0000000	0.0003335	0.1881998	0.1102809	0.0000000	0.0000000
7594.9967995	7149.9821707	7149.6061230	0.0000000	0.0000000	0.0002213	0.1884994	0.1095709	0.0000000	0.0000000
7594.9967995	7144.9892787	7144.6805566	0.0000000	0.0000000	0.0002994	0.1880168	0.1079570	0.0000000	0.0000000
7594.9967995	7139.9873635	7139.7829687	0.0000000	0.0000000	0.0001670	0.1878413	0.1074498	0.0000000	0.0000000
7594.9967995	7134.9854482	7134.9133594	0.0000000	0.0000000	0.0001864	0.1878231	0.1089761	0.0000000	0.0000000
7594.9967995	7129.9865407	7129.6379492	0.0000000	0.0000000	0.0002125	0.1879230	0.1095240	0.0000000	0.0000000
7594.9967995	7124.9876331	7124.7683398	0.0000000	0.0000000	0.0001646	0.1870760	0.1097081	0.0000000	0.0000000
7594.9967995	7119.9857178	7119.8987305	0.0000000	0.0000000	0.0001185	0.1871293	0.1089172	0.0000000	0.0000000
7594.9967995	7114.9843181	7114.6233203	0.0000000	0.0000000	0.0001196	0.1867516	0.1083796	0.0000000	0.0000000
7594.9967995	7109.9857704	7109.7537109	0.0000000	0.0000000	0.0001696	0.1873698	0.1089347	0.0000000	0.0000000
7594.9967995	7104.9837419	7104.8841016	0.0000000	0.0000000	0.0000806	0.1873334	0.1083778	0.0000000	0.0000000
7594.9967995	7099.9817134	7099.6316406	0.0000000	0.0000000	0.0000946	0.1880869	0.1067911	0.0000000	0.0000000
7594.9967995	7094.9831658	7094.8171094	0.0000000	0.0000000	0.0000728	0.1879923	0.1070753	0.0000000	0.0000000
7594.9967995	7089.9880991	7089.6013672	0.0000000	0.0000000	0.0001101	0.1868589	0.1072271	0.0000000	0.0000000
7594.9967995	7084.9895515	7084.7868359	0.0000000	0.0000000	0.0000409	0.1870568	0.1069937	0.0000000	0.0000000
7594.9967995	7079.9944848	7079.9723047	0.0000000	0.0000000	0.0000544	0.1875972	0.1051147	0.0000000	0.0000000
7594.9967995	7074.9889754	7074.7565625	0.0000000	0.0000000	0.0000187	0.1870714	0.1046287	0.0000000	0.0000000
7594.9967995	7069.9834660	7069.9420312	0.0000000	0.0000000	0.0000040	0.1875173	0.1042043	0.0000000	0.0000000
7594.9967995	7064.9849184	7064.7262891	0.0000000	0.0000000	0.0000095	0.1881317	0.1054845	0.0000000	0.0000000
7594.9967995	7059.9863559	7059.9297656	0.0000000	0.0000000	0.0000103	0.1871993	0.1046932	0.0000000	0.0000000
7594.9967995	7054.9841606	7054.7725488	0.0000000	0.0000000	0.0000236	0.1867946	0.1041106	0.0000000	0.0000000
7594.9967995	7049.9819654	7049.6153320	0.0000000	0.0000000	0.0000304	0.1874172	0.1019965	0.0000000	0.0000000
7594.9967995	7044.9875799	7044.8548242	0.0000000	0.0000000	0.0000370	0.1873804	0.1040057	0.0000000	0.0000000
7594.9967995	7039.9853847	7039.6976074	0.0000000	0.0000000	0.0000475	0.1872404	0.1049032	0.0000000	0.0000000
7594.9967995	7034.9831894	7034.9370996	0.0000000	0.0000000	0.0000405	0.1881335	0.1031865	0.0000000	0.0000000
7594.9967995	7029.9809941	7029.7798828	0.0000000	0.0000000	0.0000902	0.1872611	0.1037788	0.0000000	0.0000000
7594.9967995	7024.9827038	7024.6226660	0.0000000	0.0000000	0.0000884	0.1870022	0.1043429	0.0000000	0.0000000
7594.9967995	7019.9805085	7019.8843262	0.0000000	0.0000000	0.0000532	0.1871310	0.1047189	0.0000000	0.0000000
7594.9967995	7014.9861230	7014.7847461	0.0000000	0.0000000	0.0005468	0.1879639	0.1063208	0.0000000	0.0000000
7594.9967995	7009.9878327	7009.6851660	0.0000000	0.0000000	0.0000299	0.1879507	0.1059633	0.0000000	0.0000000
7594.9967995	7004.9817325	7004.9778613	0.0000000	0.0000000	0.0000189	0.1871742	0.1048746	0.0000000	0.0000000
