7379.9967423	7600.0002163	7599.5502051	0.0000000	0.0000000	0.0083658	0.1873760	0.1261676	0.0000000	7380.0000000
7379.9967423	7594.9867234	7594.9313574	0.0000000	0.0000000	0.0101167	0.1887611	0.1257972	0.0000000	0.0000000
7379.9967423	7589.9849267	7589.8506250	0.0000000	0.0000000	0.0140431	0.1873702	0.1252742	0.0000000	0.0000000
7379.9967423	7584.9897621	7584.7698926	0.0000000	0.0000000	0.0111199	0.1877166	0.1255376	0.0000000	0.0000000
7379.9967423	7579.9869519	7579.6891602	0.0000000	0.0000000	0.0121893	0.1871506	0.1250892	0.0000000	0.0000000
7379.9967423	7574.9866901	7574.6139941	0.0000000	0.0000000	0.0136019	0.1875238	0.1248894	0.0000000	0.0000000
7379.9967423	7569.9889770	7569.5944922	0.0000000	0.0000000	0.0136279	0.1871676	0.1240533	0.0000000	0.0000000
7379.9967423	7564.9861667	7564.5749902	0.0000000	0.0000000	0.0136802	0.1882291	0.1230270	0.0000000	0.0000000
7379.9967423	7559.9884535	7559.5554883	0.0000000	0.0000000	0.0116653	0.1881437	0.1226713	0.0000000	0.0000000
7379.9967423	7554.9856433	7554.9923047	0.0000000	0.0000000	0.0161216	0.1874348	0.1257054	0.0000000	0.0000000
7379.9967423	7549.9853816	7549.9728027	0.0000000	0.0000000	0.0136863	0.1869597	0.1280399	0.0000000	0.0000000
7379.9967423	7544.9876684	7544.9533008	0.0000000	0.0000000	0.0149701	0.1868722	0.1285251	0.0000000	0.0000000
7379.9967423	7539.9843974	7539.9337988	0.0000000	0.0000000	0.0134149	0.1879587	0.1264331	0.0000000	0.0000000
7379.9967423	7534.9866347	7534.9142969	0.0000000	0.0000000	0.0127280	0.1892352	0.1268029	0.0000000	0.0000000
7379.9967423	7530.0323812	7529.8947949	0.0000000	0.0000000	0.0102921	0.1892552	0.1235792	0.0000000	0.0000000
7379.9967423	7525.0375191	7524.9299316	0.0000000	0.0000000	0.0149049	0.1871438	0.1235563	0.0000000	0.0000000
7379.9967423	7519.9904459	7519.9705322	0.0000000	0.0000000	0.0122573	0.1883813	0.1211864	0.0000000	0.0000000
7379.9967423	7514.9868819	7514.5602783	0.0000000	0.0000000	0.0138186	0.1872308	0.1220518	0.0000000	0.0000000
7379.9967423	7510.0239266	7509.6008789	0.0000000	0.0000000	0.0139458	0.1876732	0.1226259	0.0000000	0.0000000
7379.9967423	7505.0261638	7504.6414795	0.0000000	0.0000000	0.0155780	0.1875092	0.1223311	0.0000000	0.0000000
7379.9967423	7499.9848918	7499.6820801	0.0000000	0.0000000	0.0194768	0.1873661	0.1234285	0.0000000	0.0000000
7379.9967423	7495.0306383	7494.7226807	0.0000000	0.0000000	0.0166055	0.1883176	0.1243624	0.0000000	0.0000000
7379.9967423	7490.0298344	7489.7632813	0.0000000	0.0000000	0.0187660	0.1878605	0.1251837	0.0000000	0.0000000
7379.9967423	7484.9872274	7484.8038818	0.0000000	0.0000000	0.0153446	0.1884978	0.1257832	0.0000000	0.0000000
7379.9967423	7479.9844604	7479.8981445	0.0000000	0.0000000	0.0118965	0.1877163	0.1244818	0.0000000	0.0000000
7379.9967423	7474.9845391	7474.9977734	0.0000000	0.0000000	0.0104922	0.1878123	0.1230260	0.0000000	0.0000000
7379.9967423	7469.9846178	7469.6519141	0.0000000	0.0000000	0.0117921	0.1875707	0.1228961	0.0000000	0.0000000
7379.9967423	7464.9846965	7464.7515430	0.0000000	0.0000000	0.0092693	0.1877629	0.1213477	0.0000000	0.0000000
7379.9967423	7459.9847751	7459.8511719	0.0000000	0.0000000	0.0086526	0.1872736	0.1216649	0.0000000	0.0000000
7379.9967423	7454.9848538	7454.9508008	0.0000000	0.0000000	0.0109343	0.1871284	0.1219670	0.0000000	0.0000000
7379.9967423	7449.9877783	7449.6049414	0.0000000	0.0000000	0.0116241	0.1892356	0.1215374	0.0000000	0.0000000
7379.9967423	7444.9850112	7444.7045703	0.0000000	0.0000000	0.0142478	0.1880104	0.1226554	0.0000000	0.0000000
7379.9967423	7439.9822442	7439.8041992	0.0000000	0.0000000	0.0141025	0.1878442	0.1239813	0.0000000	0.0000000
7379.9967423	7434.9851686	7434.9618359	0.0000000	0.0000000	0.0161990	0.1877828	0.1231896	0.0000000	0.0000000
7379.9967423	7429.9872294	7429.6792578	0.0000000	0.0000000	0.0168649	0.1866769	0.1245371	0.0000000	0.0000000
7379.9967423	7424.9864714	7424.8368945	0.0000000	0.0000000	0.0148756	0.1868311	0.1236914	0.0000000	0.0000000
7379.9967423	7419.9857133	7419.9945313	0.0000000	0.0000000	0.0120247	0.1880282	0.1240469	0.0000000	0.0000000
7379.9967423	7414.9849553	7414.7119531	0.0000000	0.0000000	0.0109741	0.1878778	0.1222086	0.0000000	0.0000000
7379.9967423	7409.9841972	7409.8695898	0.0000000	0.0000000	0.0116871	0.1885149	0.1220988	0.0000000	0.0000000
7379.9967423	7404.9861191	7404.5870117	0.0000000	0.0000000	0.0134258	0.1880145	0.1219857	0.0000000	0.0000000
7379.9967423	7399.9880410	7399.7446484	0.0000000	0.0000000	0.0137616	0.1875590	0.1226530	0.0000000	0.0000000
7379.9967423	7394.9872830	7394.9126367	0.0000000	0.0000000	0.0225684	0.1880112	0.1239493	0.0000000	0.0000000
7379.9967423	7389.9865249	7389.6921680	0.0000000	0.0000000	0.0614009	0.1879160	0.1242036	0.0000000	0.0000000
7379.9967423	7384.9857669	7384.9067383	0.0000000	0.0000000	0.1037000	0.1879210	0.1174850	0.0000000	0.0000000
7379.9967423	7379.9820701	7379.6862695	0.0000000	0.0000000	0.1260531	0.1881133	0.1145441	0.0000000	0.0000000
7379.9967423	7375.0087730	7374.9008398	0.0000000	0.0000000	0.1073706	0.1876234	0.1127526	0.0000000	0.0000000
7379.9967423	7370.0095227	7369.6803711	0.0000000	0.0000000	0.0644811	0.1889941	0.1122915	0.0000000	0.0000000
7379.9967423	7365.0005399	7364.8949414	0.0000000	0.0000000	0.0320361	0.1897131	0.1113427	0.0000000	0.0000000
7379.9967423	7360.0077779	7359.6744727	0.0000000	0.0000000	0.0189523	0.1887719	0.1118922	0.0000000	0.0000000
7379.9967423	7355.0085275	7354.8890430	0.0000000	0.0000000	0.0169844	0.1885450	0.1101738	0.0000000	0.0000000
7379.9967423	7350.0092772	7349.6991016	0.0000000	0.0000000	0.0203538	0.1887888	0.1110771	0.0000000	0.0000000
7379.9967423	7345.0002944	7344.9696387	0.0000000	0.0000000	0.0174865	0.1884216	0.1136591	0.0000000	0.0000000
7379.9967423	7340.0107765	7339.8102246	0.0000000	0.0000000	0.0129772	0.1880464	0.1122463	0.0000000	0.0000000
7379.9967423	7335.0180145	7334.6508105	0.0000000	0.0000000	0.0159836	0.1868411	0.1112666	0.0000000	0.0000000
7379.9967423	7330.0090317	7329.9213477	0.0000000	0.0000000	0.0176028	0.1870435	0.1084855	0.0000000	0.0000000
7379.9967423	7325.0160272	7324.7619336	0.0000000	0.0000000	0.0164780	0.1878499	0.1062644	0.0000000	0.0000000
7379.9967423	7320.0294358	7319.6025195	0.0000000	0.0000000	0.0182709	0.1866615	0.1074292	0.0000000	0.0000000
7379.9967423	7314.9864987	7314.8730566	0.0000000	0.0000000	0.0202538	0.1875571	0.1055708	0.0000000	0.0000000
7379.9967423	7309.9886382	7309.7136426	0.0000000	0.0000000	0.0204567	0.1885024	0.1059258	0.0000000	0.0000000
7379.9967423	7304.9879604	7304.6092822	0.0000000	0.0000000	0.0168096	0.1886343	0.1060127	0.0000000	0.0000000
7379.9967423	7299.9844653	7299.9348730	0.0000000	0.0000000	0.0206011	0.1884926	0.1079805	0.0000000	0.0000000
7379.9967423	7294.9837875	7294.8355176	0.0000000	0.0000000	0.0216271	0.1869756	0.1137745	0.0000000	0.0000000
7379.9967423	7289.9831097	7289.7361621	0.0000000	0.0000000	0.0229974	0.1866116	0.1129366	0.0000000	0.0000000
7379.9967423	7284.9852492	7284.6368066	0.0000000	0.0000000	0.0225925	0.1852910	0.1123021	0.0000000	0.0000000
7379.9967423	7279.9847963	7279.9623975	0.0000000	0.0000000	0.0221952	0.1873800	0.1117076	0.0000000	0.0000000
7379.9967423	7275.0129807	7274.8630420	0.0000000	0.0000000	0.0211953	0.1879442	0.1090737	0.0000000	0.0000000
7379.9967423	7270.0122966	7269.7636865	0.0000000	0.0000000	0.0213153	0.1892971	0.1144976	0.0000000	0.0000000
7379.9967423	7265.0051971	7264.6888672	0.0000000	0.0000000	0.0175519	0.1884314	0.1122611	0.0000000	0.0000000
7379.9967423	7260.0077206	7259.6483984	0.0000000	0.0000000	0.0143525	0.1881100	0.1088799	0.0000000	0.0000000
7379.9967423	7255.0038288	7254.6079297	0.0000000	0.0000000	0.0137607	0.1877177	0.1070865	0.0000000	0.0000000
7379.9967423	7250.0095598	7249.9875000	0.0000000	0.0000000	0.0118971	0.1855278	0.1064681	0.0000000	0.0000000
7379.9967423	7245.0152909	7244.9470313	0.0000000	0.0000000	0.0103431	0.1862137	0.1059541	0.0000000	0.0000000
7379.9967423	7240.0146067	7239.9065625	0.0000000	0.0000000	0.0078365	0.1866797	0.1053835	0.0000000	0.0000000
7379.9967423	7235.0042997	7234.8660938	0.0000000	0.0000000	0.0071375	0.1881666	0.1041700	0.0000000	0.0000000
7379.9967423	7230.0132384	7229.8256250	0.0000000	0.0000000	0.0067913	0.1862548	0.1040895	0.0000000	0.0000000
7379.9967423	7225.0066456	7224.7851563	0.0000000	0.0000000	0.0061489	0.1861221	0.1035012	0.0000000	0.0000000
7379.9967423	7220.0016764	7219.8026367	0.0000000	0.0000000	0.0088922	0.1879489	0.1025963	0.0000000	0.0000000
7379.9967423	7215.0097495	7214.8201172	0.0000000	0.0000000	0.0101034	0.1885466	0.1053967	0.0000000	0.0000000
7379.9967423	7210.0047803	7209.8375977	0.0000000	0.0000000	0.0116481	0.1882032	0.1079700	0.0000000	0.0000000
7379.9967423	7205.0030717	7204.8550781	0.0000000	0.0000000	0.0121743	0.1884806	0.1089139	0.0000000	0.0000000
7379.9967423	7199.9981025	7199.8725586	0.0000000	0.0000000	0.0112000	0.1874871	0.1085659	0.0000000	0.0000000
7379.9967423	7195.0061755	7194.8900391	0.0000000	0.0000000	0.0113665	0.1879993	0.1078345	0.0000000	0.0000000
7379.9967423	7190.0175092	7189.9075195	0.0000000	0.0000000	0.0124927	0.1874244	0.1092384	0.0000000	0.0000000
7379.9967423	7185.0125400	7184.9250000	0.0000000	0.0000000	0.0108986	0.1875911	0.1066129	0.0000000	0.0000000
7379.9967423	7180.0043103	7179.9804492	0.0000000	0.0000000	0.0076943	0.1886178	0.1038110	0.0000000	0.0000000
7379.9967423	7175.0123833	7174.6444189	0.0000000	0.0000000	0.0075592	0.1881547	0.1035731	0.0000000	0.0000000
7379.9967423	7170.0041536	7169.7188525	0.0000000	0.0000000	0.0067686	0.1877061	0.1048416	0.0000000	0.0000000
7379.9967423	7165.0270176	7164.7932861	0.0000000	0.0000000	0.0040629	0.1865538	0.1060745	0.0000000	0.0000000
7379.9967423	7160.0311178	7159.8677197	0.0000000	0.0000000	0.0022273	0.1869803	0.1050686	0.0000000	0.0000000
7379.9967423	7155.0261947	7154.9421533	0.0000000	0.0000000	0.0030062	0.1852264	0.1100262	0.0000000	0.0000000
7379.9967423	7150.0212717	7149.6061230	0.0000000	0.0000000	0.0029441	0.1880350	0.1065199	0.0000000	0.0000000
7379.9967423	7145.0223642	7144.6805566	0.0000000	0.0000000	0.0020283	0.1876791	0.1052939	0.0000000	0.0000000
7379.9967423	7140.0174411	7139.7829688	0.0000000	0.0000000	0.0011001	0.1882446	0.1037620	0.0000000	0.0000000
7379.9967423	7134.9854482	7134.9133594	0.0000000	0.0000000	0.0008297	0.1876674	0.1037168	0.0000000	0.0000000
7379.9967423	7130.0256416	7129.6379492	0.0000000	0.0000000	0.0013252	0.1868916	0.1047037	0.0000000	0.0000000
7379.9967423	7125.0297419	7124.7683398	0.0000000	0.0000000	0.0014226	0.1873716	0.1027278	0.0000000	0.0000000
7379.9967423	7120.0218110	7119.8987305	0.0000000	0.0000000	0.0007842	0.1889681	0.1017964	0.0000000	0.0000000
7379.9967423	7115.0017225	7114.6233203	0.0000000	0.0000000	0.0009100	0.1884492	0.1020227	0.0000000	0.0000000
7379.9967423	7109.9857704	7109.7537109	0.0000000	0.0000000	0.0008845	0.1877113	0.1054745	0.0000000	0.0000000
7379.9967423	7104.9837419	7104.8841016	0.0000000	0.0000000	0.0008192	0.1876132	0.1060156	0.0000000	0.0000000
7379.9967423	7099.9851943	7099.6316406	0.0000000	0.0000000	0.0006105	0.1875259	0.1057987	0.0000000	0.0000000
7379.9967423	7094.9831658	7094.8171094	0.0000000	0.0000000	0.0004174	0.1868004	0.1052867	0.0000000	0.0000000
7379.9967423	7089.9811373	7089.6013672	0.0000000	0.0000000	0.0003232	0.1872760	0.1045670	0.0000000	0.0000000
7379.9967423	7084.9860706	7084.7868359	0.0000000	0.0000000	0.0003408	0.1882595	0.1044592	0.0000000	0.0000000
7379.9967423	7079.9875230	7079.9723047	0.0000000	0.0000000	0.0002013	0.1884517	0.1014127	0.0000000	0.0000000
7379.9967423	7074.9889754	7074.7565625	0.0000000	0.0000000	0.0001486	0.1876978	0.1004639	0.0000000	0.0000000
7379.9967423	7069.9869469	7069.9420313	0.0000000	0.0000000	0.0000563	0.1870858	0.1006791	0.0000000	0.0000000
7379.9967423	7064.9883993	7064.7262891	0.0000000	0.0000000	0.0000581	0.1874065	0.0989445	0.0000000	0.0000000
7379.9967423	7059.9863559	7059.9297656	0.0000000	0.0000000	0.0000461	0.1875668	0.0970189	0.0000000	0.0000000
7379.9967423	7054.9880656	7054.7725488	0.0000000	0.0000000	0.0000442	0.1877662	0.0979282	0.0000000	0.0000000
7379.9967423	7049.9858703	7049.6153320	0.0000000	0.0000000	0.0001243	0.1872485	0.0985522	0.0000000	0.0000000
7379.9967423	7044.9875799	7044.8548242	0.0000000	0.0000000	0.0001039	0.1871442	0.1007286	0.0000000	0.0000000
7379.9967423	7039.9814797	7039.6976074	0.0000000	0.0000000	0.0000763	0.1859799	0.1010464	0.0000000	0.0000000
7379.9967423	7034.9831894	7034.9370996	0.0000000	0.0000000	0.0000968	0.1860493	0.1001622	0.0000000	0.0000000
7379.9967423	7029.9809941	7029.7798828	0.0000000	0.0000000	0.0001519	0.1862516	0.1004928	0.0000000	0.0000000
7379.9967423	7024.9827038	7024.6226660	0.0000000	0.0000000	0.0001514	0.1873285	0.1000886	0.0000000	0.0000000
7379.9967423	7019.9805085	7019.8843262	0.0000000	0.0000000	0.0000968	0.1875756	0.0993910	0.0000000	0.0000000
7379.9967423	7014.9900280	7014.7847461	0.0000000	0.0000000	0.0000635	0.1863979	0.0988624	0.0000000	0.0000000
7379.9967423	7009.9839278	7009.6851660	0.0000000	0.0000000	0.0001671	0.1873628	0.0991630	0.0000000	0.0000000
7379.9967423	7004.9817325	7004.9778613	0.0000000	0.0000000	0.0000986	0.1871359	0.0982311	0.0000000	0.0000000
