7269.9941356	7600.0002163	7599.5502051	0.0000000	0.0000000	0.0210515	0.1942988	0.1236346	0.0000000	7270.0000000
7269.9941356	7594.9867234	7594.9313574	0.0000000	0.0000000	0.0186150	0.1933994	0.1213766	0.0000000	0.0000000
7269.9941356	7589.9900238	7589.8506250	0.0000000	0.0000000	0.0176779	0.1949531	0.1202008	0.0000000	0.0000000
7269.9941356	7584.9923107	7584.7698926	0.0000000	0.0000000	0.0209816	0.1944679	0.1225295	0.0000000	0.0000000
7269.9941356	7579.9869519	7579.6891602	0.0000000	0.0000000	0.0205234	0.1948569	0.1214276	0.0000000	0.0000000
7269.9941356	7574.9866901	7574.6139941	0.0000000	0.0000000	0.0201293	0.1941880	0.1226038	0.0000000	0.0000000
7269.9941356	7569.9864284	7569.5944922	0.0000000	0.0000000	0.0201898	0.1938502	0.1228346	0.0000000	0.0000000
7269.9941356	7564.9861667	7564.5749902	0.0000000	0.0000000	0.0201106	0.1945725	0.1231331	0.0000000	0.0000000
7269.9941356	7559.9884535	7559.5554883	0.0000000	0.0000000	0.0190713	0.1943169	0.1233356	0.0000000	0.0000000
7269.9941356	7554.9856433	7554.9923047	0.0000000	0.0000000	0.0177881	0.1937239	0.1226017	0.0000000	0.0000000
7269.9941356	7549.9853816	7549.9728027	0.0000000	0.0000000	0.0187687	0.1938916	0.1232610	0.0000000	0.0000000
7269.9941356	7544.9851198	7544.9533008	0.0000000	0.0000000	0.0197740	0.1947230	0.1224282	0.0000000	0.0000000
7269.9941356	7539.9872981	7539.9337988	0.0000000	0.0000000	0.0189432	0.1939856	0.1224716	0.0000000	0.0000000
7269.9941356	7535.0272433	7534.9142969	0.0000000	0.0000000	0.0176350	0.1944030	0.1222764	0.0000000	0.0000000
7269.9941356	7529.9830707	7529.8947949	0.0000000	0.0000000	0.0200936	0.1936554	0.1231801	0.0000000	0.0000000
7269.9941356	7524.9853080	7524.9299316	0.0000000	0.0000000	0.0205045	0.1944980	0.1224003	0.0000000	0.0000000
7269.9941356	7520.0339551	7519.9705322	0.0000000	0.0000000	0.0222590	0.1943174	0.1217211	0.0000000	0.0000000
7269.9941356	7515.0303911	7514.5602783	0.0000000	0.0000000	0.0199515	0.1948770	0.1216576	0.0000000	0.0000000
7269.9941356	7509.9833179	7509.6008789	0.0000000	0.0000000	0.0197272	0.1954369	0.1208000	0.0000000	0.0000000
7269.9941356	7504.9826546	7504.6414795	0.0000000	0.0000000	0.0208721	0.1941104	0.1205040	0.0000000	0.0000000
7269.9941356	7499.9848918	7499.6820801	0.0000000	0.0000000	0.0208007	0.1940032	0.1210988	0.0000000	0.0000000
7269.9941356	7495.0277377	7494.7226807	0.0000000	0.0000000	0.0217117	0.1936703	0.1211609	0.0000000	0.0000000
7269.9941356	7489.9843030	7489.7632813	0.0000000	0.0000000	0.0236653	0.1933558	0.1219630	0.0000000	0.0000000
7269.9941356	7484.9872274	7484.8038818	0.0000000	0.0000000	0.0235183	0.1935044	0.1220685	0.0000000	0.0000000
7269.9941356	7479.9844604	7479.8981445	0.0000000	0.0000000	0.0264121	0.1938118	0.1225579	0.0000000	0.0000000
7269.9941356	7474.9845391	7474.9977734	0.0000000	0.0000000	0.0232941	0.1939917	0.1229589	0.0000000	0.0000000
7269.9941356	7469.9846178	7469.6519141	0.0000000	0.0000000	0.0254724	0.1934365	0.1237782	0.0000000	0.0000000
7269.9941356	7464.9875422	7464.7515430	0.0000000	0.0000000	0.0262595	0.1929474	0.1242157	0.0000000	0.0000000
7269.9941356	7459.9876209	7459.8511719	0.0000000	0.0000000	0.0207423	0.1935863	0.1225498	0.0000000	0.0000000
7269.9941356	7454.9820081	7454.9508008	0.0000000	0.0000000	0.0220997	0.1928900	0.1220170	0.0000000	0.0000000
7269.9941356	7449.9849325	7449.6049414	0.0000000	0.0000000	0.0228464	0.1935984	0.1211694	0.0000000	0.0000000
7269.9941356	7444.9850112	7444.7045703	0.0000000	0.0000000	0.0186511	0.1925737	0.1213398	0.0000000	0.0000000
7269.9941356	7439.9822442	7439.8041992	0.0000000	0.0000000	0.0215020	0.1923431	0.1212494	0.0000000	0.0000000
7269.9941356	7434.9851686	7434.9618359	0.0000000	0.0000000	0.0211350	0.1934614	0.1211052	0.0000000	0.0000000
7269.9941356	7429.9899093	7429.6792578	0.0000000	0.0000000	0.0190480	0.1921403	0.1215399	0.0000000	0.0000000
7269.9941356	7424.9864714	7424.8368945	0.0000000	0.0000000	0.0200103	0.1919796	0.1198479	0.0000000	0.0000000
7269.9941356	7419.9883932	7419.9945313	0.0000000	0.0000000	0.0176956	0.1933252	0.1184608	0.0000000	0.0000000
7269.9941356	7414.9849553	7414.7119531	0.0000000	0.0000000	0.0208468	0.1938564	0.1185342	0.0000000	0.0000000
7269.9941356	7409.9868772	7409.8695898	0.0000000	0.0000000	0.0158878	0.1929917	0.1164015	0.0000000	0.0000000
7269.9941356	7404.9861191	7404.5870117	0.0000000	0.0000000	0.0180004	0.1934689	0.1172363	0.0000000	0.0000000
7269.9941356	7399.9853611	7399.7446484	0.0000000	0.0000000	0.0201472	0.1938834	0.1180382	0.0000000	0.0000000
7269.9941356	7394.9872830	7394.9126367	0.0000000	0.0000000	0.0206436	0.1934974	0.1174813	0.0000000	0.0000000
7269.9941356	7389.9865249	7389.6921680	0.0000000	0.0000000	0.0221386	0.1933726	0.1171948	0.0000000	0.0000000
7269.9941356	7384.9857669	7384.9067383	0.0000000	0.0000000	0.0217003	0.1937766	0.1156780	0.0000000	0.0000000
7269.9941356	7379.9820701	7379.6862695	0.0000000	0.0000000	0.0236816	0.1934840	0.1158607	0.0000000	0.0000000
7269.9941356	7375.0120172	7374.9008398	0.0000000	0.0000000	0.0241118	0.1932290	0.1137612	0.0000000	0.0000000
7269.9941356	7370.0062785	7369.6803711	0.0000000	0.0000000	0.0266545	0.1932861	0.1130441	0.0000000	0.0000000
7269.9941356	7365.0102724	7364.8949414	0.0000000	0.0000000	0.0301439	0.1943217	0.1136394	0.0000000	0.0000000
7269.9941356	7360.0045337	7359.6744727	0.0000000	0.0000000	0.0342349	0.1925607	0.1132852	0.0000000	0.0000000
7269.9941356	7355.0020392	7354.8890430	0.0000000	0.0000000	0.0389368	0.1925919	0.1122676	0.0000000	0.0000000
7269.9941356	7350.0190097	7349.6991016	0.0000000	0.0000000	0.0379520	0.1934287	0.1090037	0.0000000	0.0000000
7269.9941356	7345.0002944	7344.9696387	0.0000000	0.0000000	0.0335643	0.1938691	0.1062087	0.0000000	0.0000000
7269.9941356	7339.9945557	7339.8102246	0.0000000	0.0000000	0.0301199	0.1935439	0.1051559	0.0000000	0.0000000
7269.9941356	7335.0082820	7334.6508105	0.0000000	0.0000000	0.0351171	0.1929120	0.1053938	0.0000000	0.0000000
7269.9941356	7330.0090317	7329.9213477	0.0000000	0.0000000	0.0453160	0.1934270	0.1057476	0.0000000	0.0000000
7269.9941356	7325.0301136	7324.7619336	0.0000000	0.0000000	0.0432391	0.1933235	0.1050848	0.0000000	0.0000000
7269.9941356	7319.9871765	7319.6025195	0.0000000	0.0000000	0.0466405	0.1931425	0.1066473	0.0000000	0.0000000
7269.9941356	7314.9836815	7314.8730566	0.0000000	0.0000000	0.0548390	0.1930791	0.1058395	0.0000000	0.0000000
7269.9941356	7309.9886382	7309.7136426	0.0000000	0.0000000	0.0585186	0.1944655	0.1066875	0.0000000	0.0000000
7269.9941356	7304.9879604	7304.6092822	0.0000000	0.0000000	0.0531658	0.1940464	0.1049852	0.0000000	0.0000000
7269.9941356	7299.9844653	7299.9348730	0.0000000	0.0000000	0.0637656	0.1936772	0.1060947	0.0000000	0.0000000
7269.9941356	7294.9837875	7294.8355176	0.0000000	0.0000000	0.0640270	0.1934635	0.1059623	0.0000000	0.0000000
7269.9941356	7289.9859270	7289.7361621	0.0000000	0.0000000	0.0660621	0.1933817	0.1054130	0.0000000	0.0000000
7269.9941356	7284.9852492	7284.6368066	0.0000000	0.0000000	0.0956126	0.1938806	0.1061262	0.0000000	0.0000000
7269.9941356	7280.0393259	7279.9623975	0.0000000	0.0000000	0.1547517	0.1933671	0.1069608	0.0000000	0.0000000
7269.9941356	7275.0097731	7274.8630420	0.0000000	0.0000000	0.2203702	0.1931649	0.1077911	0.0000000	0.0000000
7269.9941356	7270.0058813	7269.7636865	0.0000000	0.0000000	0.2389337	0.1934132	0.1087181	0.0000000	0.0000000
7269.9941356	7265.0019895	7264.6888672	0.0000000	0.0000000	0.1886021	0.1938518	0.1080253	0.0000000	0.0000000
7269.9941356	7260.0045130	7259.6483984	0.0000000	0.0000000	0.1207214	0.1932164	0.1083125	0.0000000	0.0000000
7269.9941356	7255.0070364	7254.6079297	0.0000000	0.0000000	0.0773785	0.1926301	0.1063077	0.0000000	0.0000000
7269.9941356	7250.0031446	7249.9875000	0.0000000	0.0000000	0.0606499	0.1931655	0.1049576	0.0000000	0.0000000
7269.9941356	7245.0056680	7244.9470313	0.0000000	0.0000000	0.0601608	0.1942794	0.1037966	0.0000000	0.0000000
7269.9941356	7240.0146067	7239.9065625	0.0000000	0.0000000	0.0532665	0.1924885	0.1008030	0.0000000	0.0000000
7269.9941356	7235.0075073	7234.8660938	0.0000000	0.0000000	0.0571082	0.1921567	0.1015385	0.0000000	0.0000000
7269.9941356	7230.0100308	7229.8256250	0.0000000	0.0000000	0.0541172	0.1925719	0.1017207	0.0000000	0.0000000
7269.9941356	7225.0066456	7224.7851563	0.0000000	0.0000000	0.0537413	0.1922886	0.1024834	0.0000000	0.0000000
7269.9941356	7220.0114581	7219.8026367	0.0000000	0.0000000	0.0723838	0.1917968	0.1043011	0.0000000	0.0000000
7269.9941356	7215.0032283	7214.8201172	0.0000000	0.0000000	0.0776128	0.1923889	0.1041681	0.0000000	0.0000000
7269.9941356	7210.0047803	7209.8375977	0.0000000	0.0000000	0.0831571	0.1923035	0.1042213	0.0000000	0.0000000
7269.9941356	7204.9998111	7204.8550781	0.0000000	0.0000000	0.0884019	0.1927899	0.1047006	0.0000000	0.0000000
7269.9941356	7200.0013630	7199.8725586	0.0000000	0.0000000	0.0830060	0.1933177	0.1051288	0.0000000	0.0000000
7269.9941356	7195.0061755	7194.8900391	0.0000000	0.0000000	0.0884777	0.1924279	0.1063347	0.0000000	0.0000000
7269.9941356	7190.0012064	7189.9075195	0.0000000	0.0000000	0.0957130	0.1920098	0.1067070	0.0000000	0.0000000
7269.9941356	7185.0158006	7184.9250000	0.0000000	0.0000000	0.0883949	0.1932142	0.1054359	0.0000000	0.0000000
7269.9941356	7180.0075708	7179.9804492	0.0000000	0.0000000	0.0745608	0.1929677	0.1046108	0.0000000	0.0000000
7269.9941356	7175.0026016	7174.6444189	0.0000000	0.0000000	0.0784523	0.1921595	0.1045179	0.0000000	0.0000000
7269.9941356	7170.0041536	7169.7188525	0.0000000	0.0000000	0.0767164	0.1925627	0.1042430	0.0000000	0.0000000
7269.9941356	7165.0270176	7164.7932861	0.0000000	0.0000000	0.0550983	0.1931548	0.1010714	0.0000000	0.0000000
7269.9941356	7160.0220945	7159.8677197	0.0000000	0.0000000	0.0489822	0.1926228	0.1032339	0.0000000	0.0000000
7269.9941356	7155.0292025	7154.9421533	0.0000000	0.0000000	0.0545125	0.1918691	0.1052416	0.0000000	0.0000000
7269.9941356	7150.0242795	7149.6061230	0.0000000	0.0000000	0.0633682	0.1909613	0.1061908	0.0000000	0.0000000
7269.9941356	7145.0223642	7144.6805566	0.0000000	0.0000000	0.0499628	0.1903693	0.1025997	0.0000000	0.0000000
7269.9941356	7140.0204489	7139.7829688	0.0000000	0.0000000	0.0368712	0.1904854	0.1023118	0.0000000	0.0000000
7269.9941356	7135.0215414	7134.9133594	0.0000000	0.0000000	0.0379574	0.1906862	0.1048008	0.0000000	0.0000000
7269.9941356	7130.0256416	7129.6379492	0.0000000	0.0000000	0.0476649	0.1919691	0.1046533	0.0000000	0.0000000
7269.9941356	7125.0297419	7124.7683398	0.0000000	0.0000000	0.0426205	0.1920077	0.1034066	0.0000000	0.0000000
7269.9941356	7120.0248188	7119.8987305	0.0000000	0.0000000	0.0310923	0.1922307	0.1020020	0.0000000	0.0000000
7269.9941356	7114.9843181	7114.6233203	0.0000000	0.0000000	0.0338356	0.1924084	0.1013781	0.0000000	0.0000000
7269.9941356	7109.9857704	7109.7537109	0.0000000	0.0000000	0.0367947	0.1929027	0.1016930	0.0000000	0.0000000
7269.9941356	7104.9837419	7104.8841016	0.0000000	0.0000000	0.0328141	0.1929625	0.1022676	0.0000000	0.0000000
7269.9941356	7099.9817134	7099.6316406	0.0000000	0.0000000	0.0298805	0.1934720	0.1004340	0.0000000	0.0000000
7269.9941356	7094.9796850	7094.8171094	0.0000000	0.0000000	0.0257231	0.1929707	0.1003940	0.0000000	0.0000000
7269.9941356	7089.9811373	7089.6013672	0.0000000	0.0000000	0.0223894	0.1924645	0.1005121	0.0000000	0.0000000
7269.9941356	7084.9860706	7084.7868359	0.0000000	0.0000000	0.0203457	0.1929694	0.0996599	0.0000000	0.0000000
7269.9941356	7079.9875230	7079.9723047	0.0000000	0.0000000	0.0145266	0.1930996	0.0980898	0.0000000	0.0000000
7269.9941356	7074.9889754	7074.7565625	0.0000000	0.0000000	0.0098988	0.1926421	0.0977325	0.0000000	0.0000000
7269.9941356	7069.9869469	7069.9420313	0.0000000	0.0000000	0.0068457	0.1933495	0.0974117	0.0000000	0.0000000
7269.9941356	7064.9883993	7064.7262891	0.0000000	0.0000000	0.0070829	0.1918087	0.0982213	0.0000000	0.0000000
7269.9941356	7059.9863559	7059.9297656	0.0000000	0.0000000	0.0081184	0.1923900	0.0976381	0.0000000	0.0000000
7269.9941356	7054.9841606	7054.7725488	0.0000000	0.0000000	0.0086014	0.1926882	0.0987146	0.0000000	0.0000000
7269.9941356	7049.9819654	7049.6153320	0.0000000	0.0000000	0.0099042	0.1929855	0.0976998	0.0000000	0.0000000
7269.9941356	7044.9875799	7044.8548242	0.0000000	0.0000000	0.0100784	0.1919271	0.0985477	0.0000000	0.0000000
7269.9941356	7039.9814797	7039.6976074	0.0000000	0.0000000	0.0102053	0.1926702	0.0981102	0.0000000	0.0000000
7269.9941356	7034.9831894	7034.9370996	0.0000000	0.0000000	0.0110621	0.1934083	0.0980245	0.0000000	0.0000000
7269.9941356	7029.9848990	7029.7798828	0.0000000	0.0000000	0.0104144	0.1940433	0.0978564	0.0000000	0.0000000
7269.9941356	7024.9827038	7024.6226660	0.0000000	0.0000000	0.0115387	0.1937684	0.0986293	0.0000000	0.0000000
7269.9941356	7019.9805085	7019.8843262	0.0000000	0.0000000	0.0108604	0.1943319	0.0983164	0.0000000	0.0000000
7269.9941356	7014.9822181	7014.7847461	0.0000000	0.0000000	0.0118873	0.1924508	0.0995823	0.0000000	0.0000000
7269.9941356	7009.9839278	7009.6851660	0.0000000	0.0000000	0.0097137	0.1922715	0.0990123	0.0000000	0.0000000
7269.9941356	7004.9817325	7004.9778613	0.0000000	0.0000000	0.0089563	0.1924548	0.0992042	0.0000000	0.0000000
