7534.9958579	7599.9977245	7599.5502051	0.0000000	0.0000000	0.0072318	0.1839438	0.1250199	0.0000000	7535.0000000
7534.9958579	7594.9892152	7594.9313574	0.0000000	0.0000000	0.0078428	0.1851311	0.1233958	0.0000000	0.0000000
7534.9958579	7589.9849267	7589.8506250	0.0000000	0.0000000	0.0100770	0.1838329	0.1226520	0.0000000	0.0000000
7534.9958579	7584.9923107	7584.7698926	0.0000000	0.0000000	0.0088696	0.1836346	0.1226564	0.0000000	0.0000000
7534.9958579	7579.9895004	7579.6891602	0.0000000	0.0000000	0.0101340	0.1831685	0.1233466	0.0000000	0.0000000
7534.9958579	7574.9866901	7574.6139941	0.0000000	0.0000000	0.0095105	0.1837177	0.1241188	0.0000000	0.0000000
7534.9958579	7569.9915255	7569.5944922	0.0000000	0.0000000	0.0088451	0.1838625	0.1240282	0.0000000	0.0000000
7534.9958579	7564.9912638	7564.5749902	0.0000000	0.0000000	0.0142346	0.1832944	0.1242832	0.0000000	0.0000000
7534.9958579	7559.9910021	7559.5554883	0.0000000	0.0000000	0.0142277	0.1833844	0.1259060	0.0000000	0.0000000
7534.9958579	7554.9881918	7554.9923047	0.0000000	0.0000000	0.0181494	0.1832289	0.1252638	0.0000000	0.0000000
7534.9958579	7549.9853816	7549.9728027	0.0000000	0.0000000	0.0297659	0.1844869	0.1254918	0.0000000	0.0000000
7534.9958579	7544.9851198	7544.9533008	0.0000000	0.0000000	0.0613145	0.1843846	0.1254249	0.0000000	0.0000000
7534.9958579	7539.9872981	7539.9337988	0.0000000	0.0000000	0.0899072	0.1848107	0.1233566	0.0000000	0.0000000
7534.9958579	7534.9866347	7534.9142969	0.0000000	0.0000000	0.1154614	0.1851721	0.1244653	0.0000000	0.0000000
7534.9958579	7529.9830707	7529.8947949	0.0000000	0.0000000	0.0940643	0.1847789	0.1250868	0.0000000	0.0000000
7534.9958579	7524.9853080	7524.9299316	0.0000000	0.0000000	0.0555300	0.1849578	0.1234907	0.0000000	0.0000000
7534.9958579	7519.9875452	7519.9705322	0.0000000	0.0000000	0.0291974	0.1835548	0.1238339	0.0000000	0.0000000
7534.9958579	7514.9868819	7514.5602783	0.0000000	0.0000000	0.0163496	0.1828901	0.1240222	0.0000000	0.0000000
7534.9958579	7509.9833179	7509.6008789	0.0000000	0.0000000	0.0114005	0.1844513	0.1239392	0.0000000	0.0000000
7534.9958579	7504.9855552	7504.6414795	0.0000000	0.0000000	0.0121486	0.1852903	0.1229991	0.0000000	0.0000000
7534.9958579	7499.9877924	7499.6820801	0.0000000	0.0000000	0.0132338	0.1846221	0.1222649	0.0000000	0.0000000
7534.9958579	7494.9842285	7494.7226807	0.0000000	0.0000000	0.0131505	0.1835297	0.1234227	0.0000000	0.0000000
7534.9958579	7489.9843030	7489.7632813	0.0000000	0.0000000	0.0125702	0.1828320	0.1240839	0.0000000	0.0000000
7534.9958579	7484.9872274	7484.8038818	0.0000000	0.0000000	0.0107170	0.1847471	0.1229777	0.0000000	0.0000000
7534.9958579	7479.9844604	7479.8981445	0.0000000	0.0000000	0.0101056	0.1841473	0.1237242	0.0000000	0.0000000
7534.9958579	7474.9845391	7474.9977734	0.0000000	0.0000000	0.0106610	0.1847134	0.1235413	0.0000000	0.0000000
7534.9958579	7469.9846178	7469.6519141	0.0000000	0.0000000	0.0100287	0.1838542	0.1239089	0.0000000	0.0000000
7534.9958579	7464.9846965	7464.7515430	0.0000000	0.0000000	0.0081398	0.1841578	0.1238435	0.0000000	0.0000000
7534.9958579	7459.9847751	7459.8511719	0.0000000	0.0000000	0.0089003	0.1837659	0.1245815	0.0000000	0.0000000
7534.9958579	7454.9848538	7454.9508008	0.0000000	0.0000000	0.0081331	0.1845240	0.1233679	0.0000000	0.0000000
7534.9958579	7449.9877783	7449.6049414	0.0000000	0.0000000	0.0098745	0.1843157	0.1238170	0.0000000	0.0000000
7534.9958579	7444.9878570	7444.7045703	0.0000000	0.0000000	0.0117278	0.1839005	0.1234922	0.0000000	0.0000000
7534.9958579	7439.9879357	7439.8041992	0.0000000	0.0000000	0.0133524	0.1831465	0.1236595	0.0000000	0.0000000
7534.9958579	7434.9851686	7434.9618359	0.0000000	0.0000000	0.0107393	0.1836013	0.1228700	0.0000000	0.0000000
7534.9958579	7429.9872294	7429.6792578	0.0000000	0.0000000	0.0087759	0.1831600	0.1223701	0.0000000	0.0000000
7534.9958579	7424.9864714	7424.8368945	0.0000000	0.0000000	0.0087710	0.1845710	0.1202019	0.0000000	0.0000000
7534.9958579	7419.9857133	7419.9945313	0.0000000	0.0000000	0.0071010	0.1837629	0.1195736	0.0000000	0.0000000
7534.9958579	7414.9849553	7414.7119531	0.0000000	0.0000000	0.0068319	0.1838883	0.1211749	0.0000000	0.0000000
7534.9958579	7409.9868772	7409.8695898	0.0000000	0.0000000	0.0065237	0.1839788	0.1221895	0.0000000	0.0000000
7534.9958579	7404.9861191	7404.5870117	0.0000000	0.0000000	0.0072506	0.1841437	0.1202159	0.0000000	0.0000000
7534.9958579	7399.9880410	7399.7446484	0.0000000	0.0000000	0.0079523	0.1838972	0.1196909	0.0000000	0.0000000
7534.9958579	7394.9872830	7394.9126367	0.0000000	0.0000000	0.0077446	0.1844719	0.1189189	0.0000000	0.0000000
7534.9958579	7389.9865249	7389.6921680	0.0000000	0.0000000	0.0082596	0.1836871	0.1184364	0.0000000	0.0000000
7534.9958579	7384.9884468	7384.9067383	0.0000000	0.0000000	0.0073175	0.1845133	0.1176707	0.0000000	0.0000000
7534.9958579	7379.9820701	7379.6862695	0.0000000	0.0000000	0.0055626	0.1837495	0.1168909	0.0000000	0.0000000
7534.9958579	7374.9860639	7374.9008398	0.0000000	0.0000000	0.0058208	0.1836614	0.1158125	0.0000000	0.0000000
7534.9958579	7369.9868136	7369.6803711	0.0000000	0.0000000	0.0055999	0.1836052	0.1153494	0.0000000	0.0000000
7534.9958579	7364.9810749	7364.8949414	0.0000000	0.0000000	0.0063895	0.1836880	0.1157488	0.0000000	0.0000000
7534.9958579	7359.9850687	7359.6744727	0.0000000	0.0000000	0.0075903	0.1841334	0.1154855	0.0000000	0.0000000
7534.9958579	7354.9858184	7354.8890430	0.0000000	0.0000000	0.0072207	0.1841665	0.1124308	0.0000000	0.0000000
7534.9958579	7349.9865681	7349.6991016	0.0000000	0.0000000	0.0073380	0.1836746	0.1119426	0.0000000	0.0000000
7534.9958579	7344.9840736	7344.9696387	0.0000000	0.0000000	0.0069960	0.1849016	0.1086198	0.0000000	0.0000000
7534.9958579	7339.9848232	7339.8102246	0.0000000	0.0000000	0.0099979	0.1837766	0.1084050	0.0000000	0.0000000
7534.9958579	7334.9855729	7334.6508105	0.0000000	0.0000000	0.0078044	0.1838558	0.1083823	0.0000000	0.0000000
7534.9958579	7329.9830784	7329.9213477	0.0000000	0.0000000	0.0086997	0.1834553	0.1087256	0.0000000	0.0000000
7534.9958579	7324.9850371	7324.7619336	0.0000000	0.0000000	0.0057201	0.1829702	0.1080272	0.0000000	0.0000000
7534.9958579	7319.9843593	7319.6025195	0.0000000	0.0000000	0.0054562	0.1841995	0.1075072	0.0000000	0.0000000
7534.9958579	7314.9864987	7314.8730566	0.0000000	0.0000000	0.0072493	0.1841646	0.1072936	0.0000000	0.0000000
7534.9958579	7309.9886382	7309.7136426	0.0000000	0.0000000	0.0043307	0.1841489	0.1072490	0.0000000	0.0000000
7534.9958579	7304.9907777	7304.6092822	0.0000000	0.0000000	0.0037263	0.1839928	0.1075464	0.0000000	0.0000000
7534.9958579	7299.9844653	7299.9348730	0.0000000	0.0000000	0.0043607	0.1837723	0.1084487	0.0000000	0.0000000
7534.9958579	7294.9837875	7294.8355176	0.0000000	0.0000000	0.0048301	0.1840876	0.1093060	0.0000000	0.0000000
7534.9958579	7289.9831097	7289.7361621	0.0000000	0.0000000	0.0038760	0.1840206	0.1092111	0.0000000	0.0000000
7534.9958579	7284.9880665	7284.6368066	0.0000000	0.0000000	0.0048021	0.1830779	0.1106896	0.0000000	0.0000000
7534.9958579	7279.9815887	7279.9623975	0.0000000	0.0000000	0.0051472	0.1840049	0.1108694	0.0000000	0.0000000
7534.9958579	7274.9841121	7274.8630420	0.0000000	0.0000000	0.0043820	0.1847783	0.1103145	0.0000000	0.0000000
7534.9958579	7269.9866356	7269.7636865	0.0000000	0.0000000	0.0050001	0.1835471	0.1109943	0.0000000	0.0000000
7534.9958579	7264.9859514	7264.6888672	0.0000000	0.0000000	0.0034805	0.1846217	0.1094843	0.0000000	0.0000000
7534.9958579	7259.9852672	7259.6483984	0.0000000	0.0000000	0.0042034	0.1848124	0.1094077	0.0000000	0.0000000
7534.9958579	7254.9845830	7254.6079297	0.0000000	0.0000000	0.0030907	0.1833746	0.1084745	0.0000000	0.0000000
7534.9958579	7249.9871065	7249.9875000	0.0000000	0.0000000	0.0027802	0.1835925	0.1074977	0.0000000	0.0000000
7534.9958579	7244.9864223	7244.9470313	0.0000000	0.0000000	0.0020229	0.1836006	0.1047966	0.0000000	0.0000000
7534.9958579	7239.9857381	7239.9065625	0.0000000	0.0000000	0.0012462	0.1841316	0.1030433	0.0000000	0.0000000
7534.9958579	7234.9818463	7234.8660938	0.0000000	0.0000000	0.0010306	0.1851626	0.1013275	0.0000000	0.0000000
7534.9958579	7229.9811622	7229.8256250	0.0000000	0.0000000	0.0009366	0.1845770	0.1016841	0.0000000	0.0000000
7534.9958579	7224.9838216	7224.7851563	0.0000000	0.0000000	0.0008004	0.1849926	0.1017942	0.0000000	0.0000000
7534.9958579	7219.9886341	7219.8026367	0.0000000	0.0000000	0.0013385	0.1840477	0.1042509	0.0000000	0.0000000
7534.9958579	7214.9869255	7214.8201172	0.0000000	0.0000000	0.0013851	0.1839187	0.1065051	0.0000000	0.0000000
7534.9958579	7209.9852169	7209.8375977	0.0000000	0.0000000	0.0023218	0.1842345	0.1080272	0.0000000	0.0000000
7534.9958579	7204.9867688	7204.8550781	0.0000000	0.0000000	0.0020490	0.1847609	0.1089188	0.0000000	0.0000000
7534.9958579	7199.9850602	7199.8725586	0.0000000	0.0000000	0.0012828	0.1845400	0.1083481	0.0000000	0.0000000
7534.9958579	7194.9866121	7194.8900391	0.0000000	0.0000000	0.0010293	0.1842119	0.1098536	0.0000000	0.0000000
7534.9958579	7189.9849035	7189.9075195	0.0000000	0.0000000	0.0008391	0.1840101	0.1101725	0.0000000	0.0000000
7534.9958579	7184.9864555	7184.9250000	0.0000000	0.0000000	0.0010452	0.1840959	0.1107412	0.0000000	0.0000000
7534.9958579	7179.9847469	7179.9804492	0.0000000	0.0000000	0.0004857	0.1846930	0.1075114	0.0000000	0.0000000
7534.9958579	7174.9895594	7174.6444189	0.0000000	0.0000000	0.0004851	0.1842939	0.1081650	0.0000000	0.0000000
7534.9958579	7169.9845902	7169.7188525	0.0000000	0.0000000	0.0005673	0.1832448	0.1074518	0.0000000	0.0000000
7534.9958579	7164.9879166	7164.7932861	0.0000000	0.0000000	0.0002167	0.1841243	0.1052173	0.0000000	0.0000000
7534.9958579	7159.9890091	7159.8677197	0.0000000	0.0000000	0.0003134	0.1842797	0.1050898	0.0000000	0.0000000
7534.9958579	7154.9840860	7154.9421533	0.0000000	0.0000000	0.0002623	0.1841213	0.1066144	0.0000000	0.0000000
7534.9958579	7149.9851785	7149.6061230	0.0000000	0.0000000	0.0002848	0.1844232	0.1059318	0.0000000	0.0000000
7534.9958579	7144.9862710	7144.6805566	0.0000000	0.0000000	0.0001666	0.1840963	0.1051001	0.0000000	0.0000000
7534.9958579	7139.9873635	7139.7829688	0.0000000	0.0000000	0.0001140	0.1844996	0.1044515	0.0000000	0.0000000
7534.9958579	7134.9854482	7134.9133594	0.0000000	0.0000000	0.0001436	0.1841547	0.1039249	0.0000000	0.0000000
7534.9958579	7129.9865407	7129.6379492	0.0000000	0.0000000	0.0002256	0.1832571	0.1065277	0.0000000	0.0000000
7534.9958579	7124.9876331	7124.7683398	0.0000000	0.0000000	0.0002705	0.1837194	0.1061423	0.0000000	0.0000000
7534.9958579	7119.9857178	7119.8987305	0.0000000	0.0000000	0.0002614	0.1832216	0.1036453	0.0000000	0.0000000
7534.9958579	7114.9843181	7114.6233203	0.0000000	0.0000000	0.0002225	0.1827137	0.1047439	0.0000000	0.0000000
7534.9958579	7109.9857704	7109.7537109	0.0000000	0.0000000	0.0002196	0.1843582	0.1043601	0.0000000	0.0000000
7534.9958579	7104.9837419	7104.8841016	0.0000000	0.0000000	0.0001647	0.1849678	0.1048076	0.0000000	0.0000000
7534.9958579	7099.9851943	7099.6316406	0.0000000	0.0000000	0.0000981	0.1838140	0.1042500	0.0000000	0.0000000
7534.9958579	7094.9831658	7094.8171094	0.0000000	0.0000000	0.0001194	0.1838475	0.1040759	0.0000000	0.0000000
7534.9958579	7089.9846182	7089.6013672	0.0000000	0.0000000	0.0000651	0.1847305	0.1039652	0.0000000	0.0000000
7534.9958579	7084.9895515	7084.7868359	0.0000000	0.0000000	0.0000936	0.1842117	0.1035188	0.0000000	0.0000000
7534.9958579	7079.9875230	7079.9723047	0.0000000	0.0000000	0.0000857	0.1842306	0.1023412	0.0000000	0.0000000
7534.9958579	7074.9889754	7074.7565625	0.0000000	0.0000000	0.0000481	0.1839618	0.1020640	0.0000000	0.0000000
7534.9958579	7069.9869469	7069.9420313	0.0000000	0.0000000	0.0000417	0.1845953	0.1002146	0.0000000	0.0000000
7534.9958579	7064.9883993	7064.7262891	0.0000000	0.0000000	0.0000540	0.1835481	0.1010194	0.0000000	0.0000000
7534.9958579	7059.9824510	7059.9297656	0.0000000	0.0000000	0.0000215	0.1842506	0.1016598	0.0000000	0.0000000
7534.9958579	7054.9880656	7054.7725488	0.0000000	0.0000000	0.0000586	0.1847552	0.1007168	0.0000000	0.0000000
7534.9958579	7049.9819654	7049.6153320	0.0000000	0.0000000	0.0000566	0.1842123	0.1007048	0.0000000	0.0000000
7534.9958579	7044.9875799	7044.8548242	0.0000000	0.0000000	0.0000477	0.1843225	0.1005541	0.0000000	0.0000000
7534.9958579	7039.9814797	7039.6976074	0.0000000	0.0000000	0.0000786	0.1839642	0.1003142	0.0000000	0.0000000
7534.9958579	7034.9831894	7034.9370996	0.0000000	0.0000000	0.0000952	0.1833478	0.1012925	0.0000000	0.0000000
7534.9958579	7029.9848990	7029.7798828	0.0000000	0.0000000	0.0000906	0.1836234	0.1027059	0.0000000	0.0000000
7534.9958579	7024.9827038	7024.6226660	0.0000000	0.0000000	0.0000970	0.1823800	0.1022657	0.0000000	0.0000000
7534.9958579	7019.9805085	7019.8843262	0.0000000	0.0000000	0.0000902	0.1835050	0.1031356	0.0000000	0.0000000
7534.9958579	7014.9861230	7014.7847461	0.0000000	0.0000000	0.0000735	0.1841940	0.1017244	0.0000000	0.0000000
7534.9958579	7009.9878327	7009.6851660	0.0000000	0.0000000	0.0000955	0.1839612	0.1019647	0.0000000	0.0000000
7534.9958579	7004.9817325	7004.9778613	0.0000000	0.0000000	0.0000747	0.1826138	0.1034569	0.0000000	0.0000000
