7414.9997920	7599.9977245	7599.5502051	0.0000000	0.0000000	0.0071394	0.1861713	0.1229680	0.0000000	7415.0000000
7414.9997920	7594.9842316	7594.9313574	0.0000000	0.0000000	0.0123905	0.1867080	0.1243149	0.0000000	0.0000000
7414.9997920	7589.9874753	7589.8506250	0.0000000	0.0000000	0.0135900	0.1854829	0.1244929	0.0000000	0.0000000
7414.9997920	7584.9897621	7584.7698926	0.0000000	0.0000000	0.0141703	0.1873066	0.1240472	0.0000000	0.0000000
7414.9997920	7579.9895004	7579.6891602	0.0000000	0.0000000	0.0129586	0.1871165	0.1234326	0.0000000	0.0000000
7414.9997920	7574.9866901	7574.6139941	0.0000000	0.0000000	0.0118732	0.1856561	0.1221683	0.0000000	0.0000000
7414.9997920	7569.9915255	7569.5944922	0.0000000	0.0000000	0.0120413	0.1846940	0.1237207	0.0000000	0.0000000
7414.9997920	7564.9887153	7564.5749902	0.0000000	0.0000000	0.0112587	0.1860527	0.1241127	0.0000000	0.0000000
7414.9997920	7559.9884535	7559.5554883	0.0000000	0.0000000	0.0096549	0.1859468	0.1231743	0.0000000	0.0000000
7414.9997920	7554.9856433	7554.9923047	0.0000000	0.0000000	0.0122379	0.1856180	0.1242341	0.0000000	0.0000000
7414.9997920	7549.9853816	7549.9728027	0.0000000	0.0000000	0.0095771	0.1855352	0.1244620	0.0000000	0.0000000
7414.9997920	7544.9876684	7544.9533008	0.0000000	0.0000000	0.0100236	0.1867184	0.1236705	0.0000000	0.0000000
7414.9997920	7539.9872981	7539.9337988	0.0000000	0.0000000	0.0111561	0.1859408	0.1241019	0.0000000	0.0000000
7414.9997920	7534.9866347	7534.9142969	0.0000000	0.0000000	0.0091664	0.1847502	0.1237146	0.0000000	0.0000000
7414.9997920	7529.9830707	7529.8947949	0.0000000	0.0000000	0.0129810	0.1856660	0.1238022	0.0000000	0.0000000
7414.9997920	7524.9853080	7524.9299316	0.0000000	0.0000000	0.0126748	0.1853656	0.1228719	0.0000000	0.0000000
7414.9997920	7519.9875452	7519.9705322	0.0000000	0.0000000	0.0129218	0.1848920	0.1223857	0.0000000	0.0000000
7414.9997920	7514.9868819	7514.5602783	0.0000000	0.0000000	0.0141451	0.1852854	0.1230527	0.0000000	0.0000000
7414.9997920	7509.9833179	7509.6008789	0.0000000	0.0000000	0.0126847	0.1873623	0.1214839	0.0000000	0.0000000
7414.9997920	7504.9797539	7504.6414795	0.0000000	0.0000000	0.0117029	0.1869005	0.1234531	0.0000000	0.0000000
7414.9997920	7499.9848918	7499.6820801	0.0000000	0.0000000	0.0132886	0.1864512	0.1230374	0.0000000	0.0000000
7414.9997920	7494.9842285	7494.7226807	0.0000000	0.0000000	0.0124252	0.1850472	0.1238984	0.0000000	0.0000000
7414.9997920	7489.9843030	7489.7632813	0.0000000	0.0000000	0.0106804	0.1850614	0.1230247	0.0000000	0.0000000
7414.9997920	7484.9872274	7484.8038818	0.0000000	0.0000000	0.0104303	0.1874097	0.1231720	0.0000000	0.0000000
7414.9997920	7479.9844604	7479.8981445	0.0000000	0.0000000	0.0087317	0.1859480	0.1233267	0.0000000	0.0000000
7414.9997920	7474.9873848	7474.9977734	0.0000000	0.0000000	0.0072528	0.1850905	0.1246831	0.0000000	0.0000000
7414.9997920	7469.9846178	7469.6519141	0.0000000	0.0000000	0.0059998	0.1858951	0.1236315	0.0000000	0.0000000
7414.9997920	7464.9875422	7464.7515430	0.0000000	0.0000000	0.0050601	0.1863547	0.1236146	0.0000000	0.0000000
7414.9997920	7459.9847751	7459.8511719	0.0000000	0.0000000	0.0063805	0.1859242	0.1232894	0.0000000	0.0000000
7414.9997920	7454.9848538	7454.9508008	0.0000000	0.0000000	0.0063250	0.1852311	0.1239498	0.0000000	0.0000000
7414.9997920	7449.9849325	7449.6049414	0.0000000	0.0000000	0.0076251	0.1838242	0.1289252	0.0000000	0.0000000
7414.9997920	7444.9878570	7444.7045703	0.0000000	0.0000000	0.0054259	0.1844922	0.1256277	0.0000000	0.0000000
7414.9997920	7439.9850899	7439.8041992	0.0000000	0.0000000	0.0095369	0.1851853	0.1223188	0.0000000	0.0000000
7414.9997920	7434.9880144	7434.9618359	0.0000000	0.0000000	0.0091217	0.1861027	0.1210370	0.0000000	0.0000000
7414.9997920	7429.9899093	7429.6792578	0.0000000	0.0000000	0.0173529	0.1859431	0.1212111	0.0000000	0.0000000
7414.9997920	7424.9864714	7424.8368945	0.0000000	0.0000000	0.0502869	0.1850979	0.1229011	0.0000000	0.0000000
7414.9997920	7419.9883932	7419.9945313	0.0000000	0.0000000	0.0902814	0.1855659	0.1219629	0.0000000	0.0000000
7414.9997920	7414.9876352	7414.7119531	0.0000000	0.0000000	0.1126016	0.1853324	0.1205138	0.0000000	0.0000000
7414.9997920	7409.9868772	7409.8695898	0.0000000	0.0000000	0.0824058	0.1851815	0.1209182	0.0000000	0.0000000
7414.9997920	7404.9914790	7404.5870117	0.0000000	0.0000000	0.0408391	0.1871768	0.1184442	0.0000000	0.0000000
7414.9997920	7399.9880410	7399.7446484	0.0000000	0.0000000	0.0156011	0.1858215	0.1189559	0.0000000	0.0000000
7414.9997920	7394.9846030	7394.9126367	0.0000000	0.0000000	0.0078159	0.1849019	0.1186990	0.0000000	0.0000000
7414.9997920	7389.9865249	7389.6921680	0.0000000	0.0000000	0.0081996	0.1858375	0.1194075	0.0000000	0.0000000
7414.9997920	7384.9884468	7384.9067383	0.0000000	0.0000000	0.0072816	0.1842087	0.1175037	0.0000000	0.0000000
7414.9997920	7379.9820701	7379.6862695	0.0000000	0.0000000	0.0067654	0.1847927	0.1156470	0.0000000	0.0000000
7414.9997920	7374.9828197	7374.9008398	0.0000000	0.0000000	0.0060342	0.1842765	0.1148143	0.0000000	0.0000000
7414.9997920	7369.9835694	7369.6803711	0.0000000	0.0000000	0.0066177	0.1851348	0.1135325	0.0000000	0.0000000
7414.9997920	7364.9810749	7364.8949414	0.0000000	0.0000000	0.0068422	0.1836471	0.1144514	0.0000000	0.0000000
7414.9997920	7359.9850687	7359.6744727	0.0000000	0.0000000	0.0080789	0.1853961	0.1127244	0.0000000	0.0000000
7414.9997920	7354.9890626	7354.8890430	0.0000000	0.0000000	0.0078872	0.1863135	0.1118369	0.0000000	0.0000000
7414.9997920	7349.9865681	7349.6991016	0.0000000	0.0000000	0.0087977	0.1863015	0.1114286	0.0000000	0.0000000
7414.9997920	7344.9840736	7344.9696387	0.0000000	0.0000000	0.0064199	0.1871664	0.1080421	0.0000000	0.0000000
7414.9997920	7339.9848232	7339.8102246	0.0000000	0.0000000	0.0060681	0.1877714	0.1058081	0.0000000	0.0000000
7414.9997920	7334.9855729	7334.6508105	0.0000000	0.0000000	0.0062866	0.1876405	0.1060894	0.0000000	0.0000000
7414.9997920	7329.9830784	7329.9213477	0.0000000	0.0000000	0.0092817	0.1880314	0.1064242	0.0000000	0.0000000
7414.9997920	7324.9850371	7324.7619336	0.0000000	0.0000000	0.0068368	0.1868009	0.1062164	0.0000000	0.0000000
7414.9997920	7319.9843593	7319.6025195	0.0000000	0.0000000	0.0083511	0.1864388	0.1078369	0.0000000	0.0000000
7414.9997920	7314.9864987	7314.8730566	0.0000000	0.0000000	0.0101556	0.1834991	0.1079137	0.0000000	0.0000000
7414.9997920	7309.9886382	7309.7136426	0.0000000	0.0000000	0.0141293	0.1861688	0.1089974	0.0000000	0.0000000
7414.9997920	7304.9879604	7304.6092822	0.0000000	0.0000000	0.0083864	0.1863219	0.1083252	0.0000000	0.0000000
7414.9997920	7299.9844653	7299.9348730	0.0000000	0.0000000	0.0109674	0.1854924	0.1081400	0.0000000	0.0000000
7414.9997920	7294.9837875	7294.8355176	0.0000000	0.0000000	0.0116401	0.1864120	0.1078855	0.0000000	0.0000000
7414.9997920	7289.9831097	7289.7361621	0.0000000	0.0000000	0.0121479	0.1878170	0.1095890	0.0000000	0.0000000
7414.9997920	7284.9852492	7284.6368066	0.0000000	0.0000000	0.0124587	0.1856207	0.1084945	0.0000000	0.0000000
7414.9997920	7279.9880039	7279.9623975	0.0000000	0.0000000	0.0106403	0.1871049	0.1091134	0.0000000	0.0000000
7414.9997920	7274.9809045	7274.8630420	0.0000000	0.0000000	0.0123311	0.1858629	0.1100499	0.0000000	0.0000000
7414.9997920	7269.9834279	7269.7636865	0.0000000	0.0000000	0.0106974	0.1843568	0.1114889	0.0000000	0.0000000
7414.9997920	7264.9859514	7264.6888672	0.0000000	0.0000000	0.0105720	0.1841317	0.1101378	0.0000000	0.0000000
7414.9997920	7259.9820596	7259.6483984	0.0000000	0.0000000	0.0075148	0.1855325	0.1089176	0.0000000	0.0000000
7414.9997920	7254.9813754	7254.6079297	0.0000000	0.0000000	0.0083252	0.1866016	0.1066522	0.0000000	0.0000000
7414.9997920	7249.9838989	7249.9875000	0.0000000	0.0000000	0.0068031	0.1868837	0.1047008	0.0000000	0.0000000
7414.9997920	7244.9832147	7244.9470313	0.0000000	0.0000000	0.0056339	0.1861084	0.1038960	0.0000000	0.0000000
7414.9997920	7239.9825305	7239.9065625	0.0000000	0.0000000	0.0039917	0.1860758	0.1007378	0.0000000	0.0000000
7414.9997920	7234.9818463	7234.8660938	0.0000000	0.0000000	0.0044036	0.1864304	0.1016111	0.0000000	0.0000000
7414.9997920	7229.9843698	7229.8256250	0.0000000	0.0000000	0.0032432	0.1875911	0.1001208	0.0000000	0.0000000
7414.9997920	7224.9838216	7224.7851563	0.0000000	0.0000000	0.0043794	0.1866290	0.1013058	0.0000000	0.0000000
7414.9997920	7219.9853736	7219.8026367	0.0000000	0.0000000	0.0051234	0.1868621	0.1029921	0.0000000	0.0000000
7414.9997920	7214.9869255	7214.8201172	0.0000000	0.0000000	0.0053855	0.1869973	0.1048364	0.0000000	0.0000000
7414.9997920	7209.9852169	7209.8375977	0.0000000	0.0000000	0.0063345	0.1862117	0.1067059	0.0000000	0.0000000
7414.9997920	7204.9867688	7204.8550781	0.0000000	0.0000000	0.0049843	0.1876349	0.1074657	0.0000000	0.0000000
7414.9997920	7199.9850602	7199.8725586	0.0000000	0.0000000	0.0049548	0.1873977	0.1081506	0.0000000	0.0000000
7414.9997920	7194.9833516	7194.8900391	0.0000000	0.0000000	0.0044032	0.1880479	0.1073901	0.0000000	0.0000000
7414.9997920	7189.9816430	7189.9075195	0.0000000	0.0000000	0.0067411	0.1878607	0.1086592	0.0000000	0.0000000
7414.9997920	7184.9831949	7184.9250000	0.0000000	0.0000000	0.0058525	0.1869026	0.1078099	0.0000000	0.0000000
7414.9997920	7179.9814863	7179.9804492	0.0000000	0.0000000	0.0036665	0.1874338	0.1080894	0.0000000	0.0000000
7414.9997920	7174.9862988	7174.6444189	0.0000000	0.0000000	0.0044741	0.1872920	0.1059821	0.0000000	0.0000000
7414.9997920	7169.9813296	7169.7188525	0.0000000	0.0000000	0.0031790	0.1882725	0.1037781	0.0000000	0.0000000
7414.9997920	7164.9849088	7164.7932861	0.0000000	0.0000000	0.0015594	0.1863070	0.1023528	0.0000000	0.0000000
7414.9997920	7159.9860013	7159.8677197	0.0000000	0.0000000	0.0011676	0.1848469	0.1057881	0.0000000	0.0000000
7414.9997920	7154.9840860	7154.9421533	0.0000000	0.0000000	0.0017046	0.1842167	0.1070149	0.0000000	0.0000000
7414.9997920	7149.9851785	7149.6061230	0.0000000	0.0000000	0.0018389	0.1849374	0.1059447	0.0000000	0.0000000
7414.9997920	7144.9892787	7144.6805566	0.0000000	0.0000000	0.0014572	0.1863540	0.1044484	0.0000000	0.0000000
7414.9997920	7139.9873635	7139.7829688	0.0000000	0.0000000	0.0010599	0.1878372	0.1040424	0.0000000	0.0000000
7414.9997920	7134.9824404	7134.9133594	0.0000000	0.0000000	0.0011091	0.1867897	0.1060647	0.0000000	0.0000000
7414.9997920	7129.9865407	7129.6379492	0.0000000	0.0000000	0.0015880	0.1866733	0.1055634	0.0000000	0.0000000
7414.9997920	7124.9876331	7124.7683398	0.0000000	0.0000000	0.0010616	0.1865221	0.1043292	0.0000000	0.0000000
7414.9997920	7119.9827101	7119.8987305	0.0000000	0.0000000	0.0006306	0.1832351	0.1042791	0.0000000	0.0000000
7414.9997920	7114.9843181	7114.6233203	0.0000000	0.0000000	0.0008815	0.1848328	0.1038456	0.0000000	0.0000000
7414.9997920	7109.9892513	7109.7537109	0.0000000	0.0000000	0.0009640	0.1864086	0.1027521	0.0000000	0.0000000
7414.9997920	7104.9837419	7104.8841016	0.0000000	0.0000000	0.0008943	0.1866429	0.1035547	0.0000000	0.0000000
7414.9997920	7099.9817134	7099.6316406	0.0000000	0.0000000	0.0009265	0.1859204	0.1024066	0.0000000	0.0000000
7414.9997920	7094.9831658	7094.8171094	0.0000000	0.0000000	0.0006796	0.1861848	0.1033459	0.0000000	0.0000000
7414.9997920	7089.9811373	7089.6013672	0.0000000	0.0000000	0.0004790	0.1850876	0.1058033	0.0000000	0.0000000
7414.9997920	7084.9860706	7084.7868359	0.0000000	0.0000000	0.0002954	0.1845547	0.1023994	0.0000000	0.0000000
7414.9997920	7079.9875230	7079.9723047	0.0000000	0.0000000	0.0002827	0.1851818	0.1031942	0.0000000	0.0000000
7414.9997920	7074.9889754	7074.7565625	0.0000000	0.0000000	0.0001465	0.1849801	0.1017574	0.0000000	0.0000000
7414.9997920	7069.9834660	7069.9420313	0.0000000	0.0000000	0.0001272	0.1850046	0.1012251	0.0000000	0.0000000
7414.9997920	7064.9849184	7064.7262891	0.0000000	0.0000000	0.0001493	0.1856125	0.0990621	0.0000000	0.0000000
7414.9997920	7059.9863559	7059.9297656	0.0000000	0.0000000	0.0001694	0.1864363	0.1007063	0.0000000	0.0000000
7414.9997920	7054.9841606	7054.7725488	0.0000000	0.0000000	0.0000957	0.1872522	0.0963093	0.0000000	0.0000000
7414.9997920	7049.9819654	7049.6153320	0.0000000	0.0000000	0.0002682	0.1882753	0.0979615	0.0000000	0.0000000
7414.9997920	7044.9836750	7044.8548242	0.0000000	0.0000000	0.0001782	0.1872577	0.1002949	0.0000000	0.0000000
7414.9997920	7039.9814797	7039.6976074	0.0000000	0.0000000	0.0001477	0.1861038	0.0983406	0.0000000	0.0000000
7414.9997920	7034.9831894	7034.9370996	0.0000000	0.0000000	0.0000824	0.1831665	0.1037153	0.0000000	0.0000000
7414.9997920	7029.9809941	7029.7798828	0.0000000	0.0000000	0.0001597	0.1828752	0.1018715	0.0000000	0.0000000
7414.9997920	7024.9827038	7024.6226660	0.0000000	0.0000000	0.0001694	0.1846089	0.1002540	0.0000000	0.0000000
7414.9997920	7019.9805085	7019.8843262	0.0000000	0.0000000	0.0001516	0.1863196	0.0997618	0.0000000	0.0000000
7414.9997920	7014.9861230	7014.7847461	0.0000000	0.0000000	0.0001719	0.1875902	0.0985322	0.0000000	0.0000000
7414.9997920	7009.9878327	7009.6851660	0.0000000	0.0000000	0.0001989	0.1864021	0.1000090	0.0000000	0.0000000
7414.9997920	7004.9817325	7004.9778613	0.0000000	0.0000000	0.0001794	0.1853564	0.1020566	0.0000000	0.0000000
