7029.9973800	7599.9977245	7599.5502051	0.0000000	0.0000000	0.0185155	0.1593431	0.1211705	0.0000000	7030.0000000
7029.9973800	7594.9842316	7594.9313574	0.0000000	0.0000000	0.0203469	0.1585833	0.1206541	0.0000000	0.0000000
7029.9973800	7589.9874753	7589.8506250	0.0000000	0.0000000	0.0193718	0.1592964	0.1208949	0.0000000	0.0000000
7029.9973800	7584.9897621	7584.7698926	0.0000000	0.0000000	0.0198243	0.1599950	0.1209609	0.0000000	0.0000000
7029.9973800	7579.9895004	7579.6891602	0.0000000	0.0000000	0.0194364	0.1597506	0.1212529	0.0000000	0.0000000
7029.9973800	7574.9866901	7574.6139941	0.0000000	0.0000000	0.0195088	0.1589927	0.1224453	0.0000000	0.0000000
7029.9973800	7569.9889770	7569.5944922	0.0000000	0.0000000	0.0177155	0.1596586	0.1207786	0.0000000	0.0000000
7029.9973800	7564.9887153	7564.5749902	0.0000000	0.0000000	0.0176399	0.1600515	0.1194729	0.0000000	0.0000000
7029.9973800	7559.9884535	7559.5554883	0.0000000	0.0000000	0.0164897	0.1598660	0.1198497	0.0000000	0.0000000
7029.9973800	7554.9856433	7554.9923047	0.0000000	0.0000000	0.0181661	0.1597183	0.1203335	0.0000000	0.0000000
7029.9973800	7549.9853816	7549.9728027	0.0000000	0.0000000	0.0197628	0.1594457	0.1216411	0.0000000	0.0000000
7029.9973800	7544.9851198	7544.9533008	0.0000000	0.0000000	0.0193712	0.1601302	0.1214264	0.0000000	0.0000000
7029.9973800	7539.9901987	7539.9337988	0.0000000	0.0000000	0.0216660	0.1593098	0.1222483	0.0000000	0.0000000
7029.9973800	7534.9866347	7534.9142969	0.0000000	0.0000000	0.0195389	0.1604186	0.1218114	0.0000000	0.0000000
7029.9973800	7529.9830707	7529.8947949	0.0000000	0.0000000	0.0193494	0.1594734	0.1213849	0.0000000	0.0000000
7029.9973800	7525.0346185	7524.9299316	0.0000000	0.0000000	0.0202965	0.1600679	0.1205248	0.0000000	0.0000000
7029.9973800	7519.9875452	7519.9705322	0.0000000	0.0000000	0.0205464	0.1606443	0.1205634	0.0000000	0.0000000
7029.9973800	7514.9839813	7514.5602783	0.0000000	0.0000000	0.0191069	0.1609264	0.1205559	0.0000000	0.0000000
7029.9973800	7509.9804173	7509.6008789	0.0000000	0.0000000	0.0196550	0.1605808	0.1215643	0.0000000	0.0000000
7029.9973800	7505.0261638	7504.6414795	0.0000000	0.0000000	0.0201277	0.1589725	0.1210431	0.0000000	0.0000000
7029.9973800	7500.0371029	7499.6820801	0.0000000	0.0000000	0.0220284	0.1590751	0.1216552	0.0000000	0.0000000
7029.9973800	7495.0248371	7494.7226807	0.0000000	0.0000000	0.0200471	0.1593113	0.1216863	0.0000000	0.0000000
7029.9973800	7489.9843030	7489.7632813	0.0000000	0.0000000	0.0182203	0.1589701	0.1205331	0.0000000	0.0000000
7029.9973800	7484.9843817	7484.8038818	0.0000000	0.0000000	0.0197051	0.1596810	0.1199073	0.0000000	0.0000000
7029.9973800	7479.9873061	7479.8981445	0.0000000	0.0000000	0.0183683	0.1602644	0.1188960	0.0000000	0.0000000
7029.9973800	7474.9845391	7474.9977734	0.0000000	0.0000000	0.0177421	0.1600856	0.1195444	0.0000000	0.0000000
7029.9973800	7469.9846178	7469.6519141	0.0000000	0.0000000	0.0163374	0.1599873	0.1198285	0.0000000	0.0000000
7029.9973800	7464.9903879	7464.7515430	0.0000000	0.0000000	0.0153245	0.1588059	0.1202482	0.0000000	0.0000000
7029.9973800	7459.9847751	7459.8511719	0.0000000	0.0000000	0.0134775	0.1596289	0.1193807	0.0000000	0.0000000
7029.9973800	7454.9848538	7454.9508008	0.0000000	0.0000000	0.0149789	0.1592388	0.1200055	0.0000000	0.0000000
7029.9973800	7449.9849325	7449.6049414	0.0000000	0.0000000	0.0139860	0.1588126	0.1195601	0.0000000	0.0000000
7029.9973800	7444.9878570	7444.7045703	0.0000000	0.0000000	0.0139650	0.1603612	0.1194261	0.0000000	0.0000000
7029.9973800	7439.9850899	7439.8041992	0.0000000	0.0000000	0.0133853	0.1603624	0.1176960	0.0000000	0.0000000
7029.9973800	7434.9823229	7434.9618359	0.0000000	0.0000000	0.0134009	0.1612648	0.1180736	0.0000000	0.0000000
7029.9973800	7429.9899093	7429.6792578	0.0000000	0.0000000	0.0109595	0.1600450	0.1172500	0.0000000	0.0000000
7029.9973800	7424.9891513	7424.8368945	0.0000000	0.0000000	0.0101943	0.1609662	0.1179475	0.0000000	0.0000000
7029.9973800	7419.9883932	7419.9945313	0.0000000	0.0000000	0.0097994	0.1602975	0.1169854	0.0000000	0.0000000
7029.9973800	7414.9876352	7414.7119531	0.0000000	0.0000000	0.0081323	0.1596260	0.1163093	0.0000000	0.0000000
7029.9973800	7409.9868772	7409.8695898	0.0000000	0.0000000	0.0076328	0.1593809	0.1164233	0.0000000	0.0000000
7029.9973800	7404.9887990	7404.5870117	0.0000000	0.0000000	0.0077844	0.1597762	0.1163501	0.0000000	0.0000000
7029.9973800	7399.9853611	7399.7446484	0.0000000	0.0000000	0.0090507	0.1602146	0.1171385	0.0000000	0.0000000
7029.9973800	7394.9846030	7394.9126367	0.0000000	0.0000000	0.0094935	0.1595824	0.1165111	0.0000000	0.0000000
7029.9973800	7389.9865249	7389.6921680	0.0000000	0.0000000	0.0090518	0.1592235	0.1156288	0.0000000	0.0000000
7029.9973800	7384.9884468	7384.9067383	0.0000000	0.0000000	0.0086836	0.1596151	0.1133982	0.0000000	0.0000000
7029.9973800	7379.9820701	7379.6862695	0.0000000	0.0000000	0.0076284	0.1596372	0.1129662	0.0000000	0.0000000
7029.9973800	7375.0022847	7374.9008398	0.0000000	0.0000000	0.0081821	0.1584276	0.1131943	0.0000000	0.0000000
7029.9973800	7370.0095227	7369.6803711	0.0000000	0.0000000	0.0080686	0.1591129	0.1114465	0.0000000	0.0000000
7029.9973800	7365.0005399	7364.8949414	0.0000000	0.0000000	0.0097913	0.1592253	0.1109081	0.0000000	0.0000000
7029.9973800	7360.0077779	7359.6744727	0.0000000	0.0000000	0.0096155	0.1604568	0.1096189	0.0000000	0.0000000
7029.9973800	7355.0150158	7354.8890430	0.0000000	0.0000000	0.0087191	0.1594066	0.1075953	0.0000000	0.0000000
7029.9973800	7350.0060330	7349.6991016	0.0000000	0.0000000	0.0084067	0.1599609	0.1064272	0.0000000	0.0000000
7029.9973800	7345.0002944	7344.9696387	0.0000000	0.0000000	0.0084395	0.1602311	0.1058130	0.0000000	0.0000000
7029.9973800	7340.0010440	7339.8102246	0.0000000	0.0000000	0.0083745	0.1603270	0.1052316	0.0000000	0.0000000
7029.9973800	7335.0180145	7334.6508105	0.0000000	0.0000000	0.0097546	0.1609407	0.1057367	0.0000000	0.0000000
7029.9973800	7330.0090317	7329.9213477	0.0000000	0.0000000	0.0113964	0.1599716	0.1065360	0.0000000	0.0000000
7029.9973800	7325.0216617	7324.7619336	0.0000000	0.0000000	0.0129487	0.1595547	0.1058777	0.0000000	0.0000000
7029.9973800	7319.9843593	7319.6025195	0.0000000	0.0000000	0.0105990	0.1605852	0.1046268	0.0000000	0.0000000
7029.9973800	7314.9864987	7314.8730566	0.0000000	0.0000000	0.0103392	0.1596124	0.1031531	0.0000000	0.0000000
7029.9973800	7309.9886382	7309.7136426	0.0000000	0.0000000	0.0125519	0.1592869	0.1052216	0.0000000	0.0000000
7029.9973800	7304.9851431	7304.6092822	0.0000000	0.0000000	0.0120630	0.1585148	0.1052806	0.0000000	0.0000000
7029.9973800	7299.9844653	7299.9348730	0.0000000	0.0000000	0.0128435	0.1588257	0.1044945	0.0000000	0.0000000
7029.9973800	7294.9837875	7294.8355176	0.0000000	0.0000000	0.0121616	0.1601072	0.1045077	0.0000000	0.0000000
7029.9973800	7289.9831097	7289.7361621	0.0000000	0.0000000	0.0132692	0.1605901	0.1055300	0.0000000	0.0000000
7029.9973800	7284.9852492	7284.6368066	0.0000000	0.0000000	0.0154949	0.1603719	0.1067516	0.0000000	0.0000000
7029.9973800	7279.9815887	7279.9623975	0.0000000	0.0000000	0.0175654	0.1598606	0.1074641	0.0000000	0.0000000
7029.9973800	7275.0097731	7274.8630420	0.0000000	0.0000000	0.0195408	0.1591100	0.1070789	0.0000000	0.0000000
7029.9973800	7270.0058813	7269.7636865	0.0000000	0.0000000	0.0185798	0.1599003	0.1065826	0.0000000	0.0000000
7029.9973800	7265.0116124	7264.6888672	0.0000000	0.0000000	0.0166321	0.1606610	0.1055546	0.0000000	0.0000000
7029.9973800	7260.0173434	7259.6483984	0.0000000	0.0000000	0.0164774	0.1601849	0.1046528	0.0000000	0.0000000
7029.9973800	7255.0102440	7254.6079297	0.0000000	0.0000000	0.0201650	0.1583795	0.1034727	0.0000000	0.0000000
7029.9973800	7250.0095598	7249.9875000	0.0000000	0.0000000	0.0191440	0.1593204	0.1017745	0.0000000	0.0000000
7029.9973800	7245.0088757	7244.9470313	0.0000000	0.0000000	0.0204419	0.1600709	0.0996169	0.0000000	0.0000000
7029.9973800	7240.0017763	7239.9065625	0.0000000	0.0000000	0.0202231	0.1605378	0.0988450	0.0000000	0.0000000
7029.9973800	7235.0107149	7234.8660938	0.0000000	0.0000000	0.0235514	0.1592970	0.0981052	0.0000000	0.0000000
7029.9973800	7230.0068231	7229.8256250	0.0000000	0.0000000	0.0266807	0.1596217	0.0991730	0.0000000	0.0000000
7029.9973800	7225.0001244	7224.7851563	0.0000000	0.0000000	0.0292021	0.1581954	0.0998110	0.0000000	0.0000000
7029.9973800	7220.0049369	7219.8026367	0.0000000	0.0000000	0.0350082	0.1588929	0.1014678	0.0000000	0.0000000
7029.9973800	7214.9967072	7214.8201172	0.0000000	0.0000000	0.0422329	0.1584913	0.1029373	0.0000000	0.0000000
7029.9973800	7210.0178225	7209.8375977	0.0000000	0.0000000	0.0513854	0.1581533	0.1039066	0.0000000	0.0000000
7029.9973800	7204.9998111	7204.8550781	0.0000000	0.0000000	0.0567476	0.1583876	0.1042250	0.0000000	0.0000000
7029.9973800	7200.0046236	7199.8725586	0.0000000	0.0000000	0.0553406	0.1585167	0.1040031	0.0000000	0.0000000
7029.9973800	7195.0029150	7194.8900391	0.0000000	0.0000000	0.0632963	0.1591847	0.1051891	0.0000000	0.0000000
7029.9973800	7190.0012064	7189.9075195	0.0000000	0.0000000	0.0758302	0.1589956	0.1063129	0.0000000	0.0000000
7029.9973800	7185.0060189	7184.9250000	0.0000000	0.0000000	0.0862295	0.1585581	0.1057166	0.0000000	0.0000000
7029.9973800	7179.9977891	7179.9804492	0.0000000	0.0000000	0.0841349	0.1596205	0.1059579	0.0000000	0.0000000
7029.9973800	7175.0123833	7174.6444189	0.0000000	0.0000000	0.0871831	0.1597974	0.1047637	0.0000000	0.0000000
7029.9973800	7170.0008930	7169.7188525	0.0000000	0.0000000	0.0888904	0.1589110	0.1021671	0.0000000	0.0000000
7029.9973800	7165.0270176	7164.7932861	0.0000000	0.0000000	0.0796660	0.1590145	0.1007970	0.0000000	0.0000000
7029.9973800	7160.0281100	7159.8677197	0.0000000	0.0000000	0.0798649	0.1589854	0.1018409	0.0000000	0.0000000
7029.9973800	7155.0322103	7154.9421533	0.0000000	0.0000000	0.0869785	0.1590044	0.1028472	0.0000000	0.0000000
7029.9973800	7150.0272872	7149.6061230	0.0000000	0.0000000	0.1066788	0.1588877	0.1028514	0.0000000	0.0000000
7029.9973800	7145.0283797	7144.6805566	0.0000000	0.0000000	0.1040830	0.1594861	0.1002717	0.0000000	0.0000000
7029.9973800	7140.0144334	7139.7829688	0.0000000	0.0000000	0.0856377	0.1587656	0.0995054	0.0000000	0.0000000
7029.9973800	7135.0185336	7134.9133594	0.0000000	0.0000000	0.0971342	0.1585734	0.1021984	0.0000000	0.0000000
7029.9973800	7130.0256416	7129.6379492	0.0000000	0.0000000	0.1235354	0.1598180	0.1025356	0.0000000	0.0000000
7029.9973800	7125.0297419	7124.7683398	0.0000000	0.0000000	0.1358571	0.1590144	0.1031627	0.0000000	0.0000000
7029.9973800	7120.0218110	7119.8987305	0.0000000	0.0000000	0.1197070	0.1588337	0.1018379	0.0000000	0.0000000
7029.9973800	7114.9843181	7114.6233203	0.0000000	0.0000000	0.1258959	0.1586033	0.1021729	0.0000000	0.0000000
7029.9973800	7109.9857704	7109.7537109	0.0000000	0.0000000	0.1350557	0.1592783	0.1005480	0.0000000	0.0000000
7029.9973800	7104.9837419	7104.8841016	0.0000000	0.0000000	0.1418613	0.1594570	0.1012378	0.0000000	0.0000000
7029.9973800	7099.9817134	7099.6316406	0.0000000	0.0000000	0.1512754	0.1597668	0.1005089	0.0000000	0.0000000
7029.9973800	7094.9831658	7094.8171094	0.0000000	0.0000000	0.1557955	0.1582979	0.1016913	0.0000000	0.0000000
7029.9973800	7089.9846182	7089.6013672	0.0000000	0.0000000	0.1564650	0.1593257	0.1005867	0.0000000	0.0000000
7029.9973800	7084.9895515	7084.7868359	0.0000000	0.0000000	0.1447338	0.1598586	0.0984430	0.0000000	0.0000000
7029.9973800	7079.9875230	7079.9723047	0.0000000	0.0000000	0.1316260	0.1602231	0.0978086	0.0000000	0.0000000
7029.9973800	7074.9889754	7074.7565625	0.0000000	0.0000000	0.1259200	0.1595371	0.0956025	0.0000000	0.0000000
7029.9973800	7070.0043513	7069.9420313	0.0000000	0.0000000	0.1150033	0.1596323	0.0958826	0.0000000	0.0000000
7029.9973800	7064.9849184	7064.7262891	0.0000000	0.0000000	0.1218004	0.1601208	0.0969305	0.0000000	0.0000000
7029.9973800	7059.9863559	7059.9297656	0.0000000	0.0000000	0.1317444	0.1586991	0.0968905	0.0000000	0.0000000
7029.9973800	7054.9880656	7054.7725488	0.0000000	0.0000000	0.1462023	0.1590350	0.0975394	0.0000000	0.0000000
7029.9973800	7049.9819654	7049.6153320	0.0000000	0.0000000	0.1757065	0.1594019	0.0955422	0.0000000	0.0000000
7029.9973800	7044.9875799	7044.8548242	0.0000000	0.0000000	0.2404402	0.1599832	0.0957933	0.0000000	0.0000000
7029.9973800	7039.9814797	7039.6976074	0.0000000	0.0000000	0.3409673	0.1598268	0.0957037	0.0000000	0.0000000
7029.9973800	7034.9831894	7034.9370996	0.0000000	0.0000000	0.4501768	0.1589374	0.0963083	0.0000000	0.0000000
7029.9973800	7029.9848990	7029.7798828	0.0000000	0.0000000	0.5050389	0.1594012	0.0968958	0.0000000	0.0000000
7029.9973800	7024.9827038	7024.6226660	0.0000000	0.0000000	0.4906758	0.1598916	0.0993026	0.0000000	0.0000000
7029.9973800	7019.9805085	7019.8843262	0.0000000	0.0000000	0.3862470	0.1585325	0.0986986	0.0000000	0.0000000
7029.9973800	7014.9822181	7014.7847461	0.0000000	0.0000000	0.3181681	0.1587039	0.0996324	0.0000000	0.0000000
7029.9973800	7009.9839278	7009.6851660	0.0000000	0.0000000	0.2815440	0.1595059	0.0970364	0.0000000	0.0000000
7029.9973800	7004.9817325	7004.9778613	0.0000000	0.0000000	0.2755247	0.1592791	0.0972809	0.0000000	0.0000000
