7509.9989468	7599.9977245	7599.5502051	0.0000000	0.0000000	0.0050945	0.1916700	0.1246947	0.0000000	7510.0000000
7509.9989468	7594.9867234	7594.9313574	0.0000000	0.0000000	0.0080957	0.1914525	0.1249836	0.0000000	0.0000000
7509.9989468	7589.9849267	7589.8506250	0.0000000	0.0000000	0.0099137	0.1903611	0.1246741	0.0000000	0.0000000
7509.9989468	7584.9897621	7584.7698926	0.0000000	0.0000000	0.0073640	0.1905614	0.1256289	0.0000000	0.0000000
7509.9989468	7579.9895004	7579.6891602	0.0000000	0.0000000	0.0071830	0.1919229	0.1236451	0.0000000	0.0000000
7509.9989468	7574.9866901	7574.6139941	0.0000000	0.0000000	0.0097510	0.1908781	0.1246149	0.0000000	0.0000000
7509.9989468	7569.9864284	7569.5944922	0.0000000	0.0000000	0.0096682	0.1906959	0.1247871	0.0000000	0.0000000
7509.9989468	7564.9887153	7564.5749902	0.0000000	0.0000000	0.0103086	0.1900862	0.1252483	0.0000000	0.0000000
7509.9989468	7559.9884535	7559.5554883	0.0000000	0.0000000	0.0095594	0.1911604	0.1258949	0.0000000	0.0000000
7509.9989468	7554.9881918	7554.9923047	0.0000000	0.0000000	0.0092545	0.1909792	0.1252808	0.0000000	0.0000000
7509.9989468	7549.9853816	7549.9728027	0.0000000	0.0000000	0.0087081	0.1922360	0.1249550	0.0000000	0.0000000
7509.9989468	7544.9851198	7544.9533008	0.0000000	0.0000000	0.0107622	0.1913014	0.1250817	0.0000000	0.0000000
7509.9989468	7539.9843974	7539.9337988	0.0000000	0.0000000	0.0101323	0.1910652	0.1241134	0.0000000	0.0000000
7509.9989468	7534.9866347	7534.9142969	0.0000000	0.0000000	0.0121781	0.1913925	0.1249912	0.0000000	0.0000000
7509.9989468	7529.9859713	7529.8947949	0.0000000	0.0000000	0.0178904	0.1916116	0.1251835	0.0000000	0.0000000
7509.9989468	7524.9853080	7524.9299316	0.0000000	0.0000000	0.0371621	0.1910684	0.1242300	0.0000000	0.0000000
7509.9989468	7519.9904459	7519.9705322	0.0000000	0.0000000	0.0691945	0.1912610	0.1232866	0.0000000	0.0000000
7509.9989468	7514.9839813	7514.5602783	0.0000000	0.0000000	0.1094491	0.1911740	0.1235701	0.0000000	0.0000000
7509.9989468	7509.9833179	7509.6008789	0.0000000	0.0000000	0.1041377	0.1916194	0.1232556	0.0000000	0.0000000
7509.9989468	7504.9826546	7504.6414795	0.0000000	0.0000000	0.0745974	0.1907448	0.1230452	0.0000000	0.0000000
7509.9989468	7499.9848918	7499.6820801	0.0000000	0.0000000	0.0373328	0.1908680	0.1238395	0.0000000	0.0000000
7509.9989468	7494.9842285	7494.7226807	0.0000000	0.0000000	0.0172773	0.1924778	0.1228438	0.0000000	0.0000000
7509.9989468	7489.9843030	7489.7632813	0.0000000	0.0000000	0.0108508	0.1919042	0.1247540	0.0000000	0.0000000
7509.9989468	7484.9872274	7484.8038818	0.0000000	0.0000000	0.0107581	0.1916533	0.1247406	0.0000000	0.0000000
7509.9989468	7479.9844604	7479.8981445	0.0000000	0.0000000	0.0096962	0.1913170	0.1243234	0.0000000	0.0000000
7509.9989468	7474.9845391	7474.9977734	0.0000000	0.0000000	0.0072462	0.1913867	0.1235873	0.0000000	0.0000000
7509.9989468	7469.9846178	7469.6519141	0.0000000	0.0000000	0.0077324	0.1908171	0.1247823	0.0000000	0.0000000
7509.9989468	7464.9875422	7464.7515430	0.0000000	0.0000000	0.0070929	0.1921638	0.1241465	0.0000000	0.0000000
7509.9989468	7459.9847751	7459.8511719	0.0000000	0.0000000	0.0042526	0.1917988	0.1237330	0.0000000	0.0000000
7509.9989468	7454.9848538	7454.9508008	0.0000000	0.0000000	0.0063610	0.1921937	0.1243467	0.0000000	0.0000000
7509.9989468	7449.9849325	7449.6049414	0.0000000	0.0000000	0.0054860	0.1914951	0.1233369	0.0000000	0.0000000
7509.9989468	7444.9878570	7444.7045703	0.0000000	0.0000000	0.0062336	0.1912319	0.1234071	0.0000000	0.0000000
7509.9989468	7439.9879357	7439.8041992	0.0000000	0.0000000	0.0081671	0.1919861	0.1232274	0.0000000	0.0000000
7509.9989468	7434.9851686	7434.9618359	0.0000000	0.0000000	0.0070798	0.1913607	0.1227787	0.0000000	0.0000000
7509.9989468	7429.9872294	7429.6792578	0.0000000	0.0000000	0.0079087	0.1908677	0.1211598	0.0000000	0.0000000
7509.9989468	7424.9918312	7424.8368945	0.0000000	0.0000000	0.0064846	0.1918060	0.1229240	0.0000000	0.0000000
7509.9989468	7419.9883932	7419.9945313	0.0000000	0.0000000	0.0072169	0.1915100	0.1212930	0.0000000	0.0000000
7509.9989468	7414.9849553	7414.7119531	0.0000000	0.0000000	0.0093287	0.1917318	0.1213892	0.0000000	0.0000000
7509.9989468	7409.9841972	7409.8695898	0.0000000	0.0000000	0.0076100	0.1911774	0.1211774	0.0000000	0.0000000
7509.9989468	7404.9887990	7404.5870117	0.0000000	0.0000000	0.0068706	0.1906228	0.1202651	0.0000000	0.0000000
7509.9989468	7399.9907209	7399.7446484	0.0000000	0.0000000	0.0064951	0.1905209	0.1199762	0.0000000	0.0000000
7509.9989468	7394.9872830	7394.9126367	0.0000000	0.0000000	0.0068848	0.1908673	0.1194799	0.0000000	0.0000000
7509.9989468	7389.9865249	7389.6921680	0.0000000	0.0000000	0.0081141	0.1905259	0.1191249	0.0000000	0.0000000
7509.9989468	7384.9857669	7384.9067383	0.0000000	0.0000000	0.0057854	0.1909448	0.1180978	0.0000000	0.0000000
7509.9989468	7379.9820701	7379.6862695	0.0000000	0.0000000	0.0053982	0.1902972	0.1161810	0.0000000	0.0000000
7509.9989468	7374.9828197	7374.9008398	0.0000000	0.0000000	0.0068605	0.1914825	0.1148130	0.0000000	0.0000000
7509.9989468	7369.9868136	7369.6803711	0.0000000	0.0000000	0.0052161	0.1908131	0.1147306	0.0000000	0.0000000
7509.9989468	7364.9810749	7364.8949414	0.0000000	0.0000000	0.0072585	0.1915542	0.1150636	0.0000000	0.0000000
7509.9989468	7359.9850687	7359.6744727	0.0000000	0.0000000	0.0075106	0.1914513	0.1141630	0.0000000	0.0000000
7509.9989468	7354.9858184	7354.8890430	0.0000000	0.0000000	0.0051350	0.1911410	0.1125250	0.0000000	0.0000000
7509.9989468	7349.9865681	7349.6991016	0.0000000	0.0000000	0.0054974	0.1915382	0.1105962	0.0000000	0.0000000
7509.9989468	7344.9840736	7344.9696387	0.0000000	0.0000000	0.0051166	0.1918762	0.1075256	0.0000000	0.0000000
7509.9989468	7339.9848232	7339.8102246	0.0000000	0.0000000	0.0044614	0.1897633	0.1081742	0.0000000	0.0000000
7509.9989468	7334.9855729	7334.6508105	0.0000000	0.0000000	0.0050278	0.1913220	0.1082775	0.0000000	0.0000000
7509.9989468	7329.9863226	7329.9213477	0.0000000	0.0000000	0.0071501	0.1910189	0.1081112	0.0000000	0.0000000
7509.9989468	7324.9850371	7324.7619336	0.0000000	0.0000000	0.0053322	0.1914567	0.1069071	0.0000000	0.0000000
7509.9989468	7319.9871765	7319.6025195	0.0000000	0.0000000	0.0051259	0.1908978	0.1077332	0.0000000	0.0000000
7509.9989468	7314.9864987	7314.8730566	0.0000000	0.0000000	0.0051475	0.1909668	0.1073389	0.0000000	0.0000000
7509.9989468	7309.9886382	7309.7136426	0.0000000	0.0000000	0.0046493	0.1907876	0.1086528	0.0000000	0.0000000
7509.9989468	7304.9851431	7304.6092822	0.0000000	0.0000000	0.0046290	0.1900250	0.1083315	0.0000000	0.0000000
7509.9989468	7299.9844653	7299.9348730	0.0000000	0.0000000	0.0031292	0.1908784	0.1077864	0.0000000	0.0000000
7509.9989468	7294.9866048	7294.8355176	0.0000000	0.0000000	0.0045725	0.1904620	0.1086168	0.0000000	0.0000000
7509.9989468	7289.9831097	7289.7361621	0.0000000	0.0000000	0.0040082	0.1904232	0.1092650	0.0000000	0.0000000
7509.9989468	7284.9852492	7284.6368066	0.0000000	0.0000000	0.0049679	0.1909058	0.1092618	0.0000000	0.0000000
7509.9989468	7279.9847963	7279.9623975	0.0000000	0.0000000	0.0075109	0.1917211	0.1104943	0.0000000	0.0000000
7509.9989468	7274.9809045	7274.8630420	0.0000000	0.0000000	0.0064171	0.1902052	0.1121302	0.0000000	0.0000000
7509.9989468	7269.9834279	7269.7636865	0.0000000	0.0000000	0.0048782	0.1910844	0.1104512	0.0000000	0.0000000
7509.9989468	7264.9859514	7264.6888672	0.0000000	0.0000000	0.0040685	0.1913529	0.1097742	0.0000000	0.0000000
7509.9989468	7259.9852672	7259.6483984	0.0000000	0.0000000	0.0036356	0.1920586	0.1085294	0.0000000	0.0000000
7509.9989468	7254.9813754	7254.6079297	0.0000000	0.0000000	0.0025344	0.1919354	0.1080798	0.0000000	0.0000000
7509.9989468	7249.9838989	7249.9875000	0.0000000	0.0000000	0.0029219	0.1905242	0.1067804	0.0000000	0.0000000
7509.9989468	7244.9832147	7244.9470313	0.0000000	0.0000000	0.0016611	0.1911627	0.1039124	0.0000000	0.0000000
7509.9989468	7239.9825305	7239.9065625	0.0000000	0.0000000	0.0017729	0.1908146	0.1035714	0.0000000	0.0000000
7509.9989468	7234.9850540	7234.8660938	0.0000000	0.0000000	0.0013229	0.1910026	0.1024106	0.0000000	0.0000000
7509.9989468	7229.9811622	7229.8256250	0.0000000	0.0000000	0.0010382	0.1907701	0.1016725	0.0000000	0.0000000
7509.9989468	7224.9870822	7224.7851563	0.0000000	0.0000000	0.0012554	0.1912760	0.1032551	0.0000000	0.0000000
7509.9989468	7219.9853736	7219.8026367	0.0000000	0.0000000	0.0015416	0.1911538	0.1050560	0.0000000	0.0000000
7509.9989468	7214.9869255	7214.8201172	0.0000000	0.0000000	0.0012001	0.1910455	0.1057135	0.0000000	0.0000000
7509.9989468	7209.9852169	7209.8375977	0.0000000	0.0000000	0.0013147	0.1912598	0.1077904	0.0000000	0.0000000
7509.9989468	7204.9867688	7204.8550781	0.0000000	0.0000000	0.0013403	0.1909930	0.1077506	0.0000000	0.0000000
7509.9989468	7199.9850602	7199.8725586	0.0000000	0.0000000	0.0011747	0.1904294	0.1091918	0.0000000	0.0000000
7509.9989468	7194.9866121	7194.8900391	0.0000000	0.0000000	0.0014073	0.1914956	0.1110808	0.0000000	0.0000000
7509.9989468	7189.9849035	7189.9075195	0.0000000	0.0000000	0.0014633	0.1910266	0.1107285	0.0000000	0.0000000
7509.9989468	7184.9864555	7184.9250000	0.0000000	0.0000000	0.0009490	0.1922332	0.1088265	0.0000000	0.0000000
7509.9989468	7179.9814863	7179.9804492	0.0000000	0.0000000	0.0007500	0.1909128	0.1099490	0.0000000	0.0000000
7509.9989468	7174.9862988	7174.6444189	0.0000000	0.0000000	0.0009305	0.1912031	0.1073608	0.0000000	0.0000000
7509.9989468	7169.9845902	7169.7188525	0.0000000	0.0000000	0.0006500	0.1915021	0.1081570	0.0000000	0.0000000
7509.9989468	7164.9879166	7164.7932861	0.0000000	0.0000000	0.0004314	0.1905416	0.1069962	0.0000000	0.0000000
7509.9989468	7159.9890091	7159.8677197	0.0000000	0.0000000	0.0004639	0.1907035	0.1068636	0.0000000	0.0000000
7509.9989468	7154.9870938	7154.9421533	0.0000000	0.0000000	0.0004823	0.1912898	0.1077463	0.0000000	0.0000000
7509.9989468	7149.9851785	7149.6061230	0.0000000	0.0000000	0.0004716	0.1904557	0.1075887	0.0000000	0.0000000
7509.9989468	7144.9862710	7144.6805566	0.0000000	0.0000000	0.0003202	0.1912354	0.1066770	0.0000000	0.0000000
7509.9989468	7139.9873635	7139.7829688	0.0000000	0.0000000	0.0003638	0.1915177	0.1058829	0.0000000	0.0000000
7509.9989468	7134.9824404	7134.9133594	0.0000000	0.0000000	0.0002983	0.1908217	0.1072069	0.0000000	0.0000000
7509.9989468	7129.9895484	7129.6379492	0.0000000	0.0000000	0.0003074	0.1908340	0.1085098	0.0000000	0.0000000
7509.9989468	7124.9876331	7124.7683398	0.0000000	0.0000000	0.0003547	0.1900057	0.1075961	0.0000000	0.0000000
7509.9989468	7119.9857178	7119.8987305	0.0000000	0.0000000	0.0002180	0.1915126	0.1064896	0.0000000	0.0000000
7509.9989468	7114.9843181	7114.6233203	0.0000000	0.0000000	0.0002688	0.1914113	0.1054626	0.0000000	0.0000000
7509.9989468	7109.9857704	7109.7537109	0.0000000	0.0000000	0.0002059	0.1914742	0.1076925	0.0000000	0.0000000
7509.9989468	7104.9837419	7104.8841016	0.0000000	0.0000000	0.0002450	0.1920419	0.1058422	0.0000000	0.0000000
7509.9989468	7099.9851943	7099.6316406	0.0000000	0.0000000	0.0002048	0.1906189	0.1055813	0.0000000	0.0000000
7509.9989468	7094.9831658	7094.8171094	0.0000000	0.0000000	0.0001914	0.1916118	0.1045925	0.0000000	0.0000000
7509.9989468	7089.9846182	7089.6013672	0.0000000	0.0000000	0.0001106	0.1915814	0.1034857	0.0000000	0.0000000
7509.9989468	7084.9860706	7084.7868359	0.0000000	0.0000000	0.0001547	0.1911382	0.1047034	0.0000000	0.0000000
7509.9989468	7079.9875230	7079.9723047	0.0000000	0.0000000	0.0001196	0.1914844	0.1031849	0.0000000	0.0000000
7509.9989468	7074.9889754	7074.7565625	0.0000000	0.0000000	0.0000834	0.1908486	0.1017224	0.0000000	0.0000000
7509.9989468	7069.9869469	7069.9420313	0.0000000	0.0000000	0.0000889	0.1911255	0.1007795	0.0000000	0.0000000
7509.9989468	7064.9883993	7064.7262891	0.0000000	0.0000000	0.0000482	0.1913645	0.1009521	0.0000000	0.0000000
7509.9989468	7059.9902608	7059.9297656	0.0000000	0.0000000	0.0001149	0.1919965	0.1000326	0.0000000	0.0000000
7509.9989468	7054.9841606	7054.7725488	0.0000000	0.0000000	0.0000502	0.1923265	0.1009261	0.0000000	0.0000000
7509.9989468	7049.9819654	7049.6153320	0.0000000	0.0000000	0.0000260	0.1910405	0.1008466	0.0000000	0.0000000
7509.9989468	7044.9875799	7044.8548242	0.0000000	0.0000000	0.0001573	0.1921475	0.1007880	0.0000000	0.0000000
7509.9989468	7039.9814797	7039.6976074	0.0000000	0.0000000	0.0000498	0.1909525	0.1015482	0.0000000	0.0000000
7509.9989468	7034.9831894	7034.9370996	0.0000000	0.0000000	0.0000398	0.1914224	0.1014927	0.0000000	0.0000000
7509.9989468	7029.9809941	7029.7798828	0.0000000	0.0000000	0.0000792	0.1918967	0.1007085	0.0000000	0.0000000
7509.9989468	7024.9827038	7024.6226660	0.0000000	0.0000000	0.0001284	0.1926748	0.1011274	0.0000000	0.0000000
7509.9989468	7019.9805085	7019.8843262	0.0000000	0.0000000	0.0000624	0.1921692	0.1014426	0.0000000	0.0000000
7509.9989468	7014.9861230	7014.7847461	0.0000000	0.0000000	0.0001063	0.1916453	0.1020897	0.0000000	0.0000000
7509.9989468	7009.9839278	7009.6851660	0.0000000	0.0000000	0.0000654	0.1912118	0.1021688	0.0000000	0.0000000
7509.9989468	7004.9817325	7004.9778613	0.0000000	0.0000000	0.0000555	0.1919630	0.1009315	0.0000000	0.0000000
