7094.9976241	7599.9977245	7599.5502051	0.0000000	0.0000000	0.0211202	0.1612961	0.1226506	0.0000000	7095.0000000
7094.9976241	7594.9867234	7594.9313574	0.0000000	0.0000000	0.0215221	0.1618595	0.1215538	0.0000000	0.0000000
7094.9976241	7589.9849267	7589.8506250	0.0000000	0.0000000	0.0205709	0.1623868	0.1217360	0.0000000	0.0000000
7094.9976241	7584.9897621	7584.7698926	0.0000000	0.0000000	0.0229180	0.1627080	0.1240074	0.0000000	0.0000000
7094.9976241	7579.9895004	7579.6891602	0.0000000	0.0000000	0.0235444	0.1635723	0.1240162	0.0000000	0.0000000
7094.9976241	7574.9866901	7574.6139941	0.0000000	0.0000000	0.0256168	0.1636244	0.1241964	0.0000000	0.0000000
7094.9976241	7569.9864284	7569.5944922	0.0000000	0.0000000	0.0226180	0.1632238	0.1236562	0.0000000	0.0000000
7094.9976241	7564.9887153	7564.5749902	0.0000000	0.0000000	0.0212494	0.1624231	0.1219105	0.0000000	0.0000000
7094.9976241	7559.9910021	7559.5554883	0.0000000	0.0000000	0.0187817	0.1623804	0.1224379	0.0000000	0.0000000
7094.9976241	7554.9881918	7554.9923047	0.0000000	0.0000000	0.0213320	0.1627915	0.1235073	0.0000000	0.0000000
7094.9976241	7549.9853816	7549.9728027	0.0000000	0.0000000	0.0224814	0.1621019	0.1229594	0.0000000	0.0000000
7094.9976241	7544.9851198	7544.9533008	0.0000000	0.0000000	0.0228627	0.1619316	0.1234601	0.0000000	0.0000000
7094.9976241	7539.9872981	7539.9337988	0.0000000	0.0000000	0.0199122	0.1622709	0.1218549	0.0000000	0.0000000
7094.9976241	7534.9866347	7534.9142969	0.0000000	0.0000000	0.0209247	0.1630295	0.1241548	0.0000000	0.0000000
7094.9976241	7530.0294806	7529.8947949	0.0000000	0.0000000	0.0230741	0.1627590	0.1234377	0.0000000	0.0000000
7094.9976241	7524.9853080	7524.9299316	0.0000000	0.0000000	0.0221556	0.1629463	0.1242433	0.0000000	0.0000000
7094.9976241	7519.9875452	7519.9705322	0.0000000	0.0000000	0.0224318	0.1628098	0.1238735	0.0000000	0.0000000
7094.9976241	7514.9839813	7514.5602783	0.0000000	0.0000000	0.0208898	0.1625715	0.1220569	0.0000000	0.0000000
7094.9976241	7510.0355290	7509.6008789	0.0000000	0.0000000	0.0214310	0.1624794	0.1208988	0.0000000	0.0000000
7094.9976241	7504.9855552	7504.6414795	0.0000000	0.0000000	0.0225355	0.1633490	0.1209564	0.0000000	0.0000000
7094.9976241	7500.0255005	7499.6820801	0.0000000	0.0000000	0.0207614	0.1615828	0.1224485	0.0000000	0.0000000
7094.9976241	7494.9842285	7494.7226807	0.0000000	0.0000000	0.0202542	0.1608416	0.1230223	0.0000000	0.0000000
7094.9976241	7490.0269887	7489.7632813	0.0000000	0.0000000	0.0220988	0.1594833	0.1220631	0.0000000	0.0000000
7094.9976241	7484.9843817	7484.8038818	0.0000000	0.0000000	0.0198903	0.1606688	0.1208843	0.0000000	0.0000000
7094.9976241	7480.0328375	7479.8981445	0.0000000	0.0000000	0.0205526	0.1613417	0.1215963	0.0000000	0.0000000
7094.9976241	7474.9845391	7474.9977734	0.0000000	0.0000000	0.0193237	0.1620065	0.1216831	0.0000000	0.0000000
7094.9976241	7469.9846178	7469.6519141	0.0000000	0.0000000	0.0183048	0.1630145	0.1221290	0.0000000	0.0000000
7094.9976241	7464.9875422	7464.7515430	0.0000000	0.0000000	0.0157805	0.1622338	0.1240066	0.0000000	0.0000000
7094.9976241	7459.9876209	7459.8511719	0.0000000	0.0000000	0.0163761	0.1626339	0.1259598	0.0000000	0.0000000
7094.9976241	7455.0360767	7454.9508008	0.0000000	0.0000000	0.0136661	0.1635018	0.1224161	0.0000000	0.0000000
7094.9976241	7449.9877783	7449.6049414	0.0000000	0.0000000	0.0133484	0.1625850	0.1222505	0.0000000	0.0000000
7094.9976241	7444.9878570	7444.7045703	0.0000000	0.0000000	0.0148582	0.1628313	0.1212594	0.0000000	0.0000000
7094.9976241	7439.9879357	7439.8041992	0.0000000	0.0000000	0.0186943	0.1618235	0.1205533	0.0000000	0.0000000
7094.9976241	7434.9851686	7434.9618359	0.0000000	0.0000000	0.0169965	0.1619659	0.1196394	0.0000000	0.0000000
7094.9976241	7429.9899093	7429.6792578	0.0000000	0.0000000	0.0135936	0.1628070	0.1191570	0.0000000	0.0000000
7094.9976241	7424.9891513	7424.8368945	0.0000000	0.0000000	0.0125356	0.1620201	0.1195306	0.0000000	0.0000000
7094.9976241	7419.9883932	7419.9945313	0.0000000	0.0000000	0.0115676	0.1620289	0.1185885	0.0000000	0.0000000
7094.9976241	7414.9849553	7414.7119531	0.0000000	0.0000000	0.0103551	0.1621252	0.1193309	0.0000000	0.0000000
7094.9976241	7409.9841972	7409.8695898	0.0000000	0.0000000	0.0113635	0.1614185	0.1204398	0.0000000	0.0000000
7094.9976241	7404.9861191	7404.5870117	0.0000000	0.0000000	0.0110455	0.1626586	0.1206307	0.0000000	0.0000000
7094.9976241	7399.9853611	7399.7446484	0.0000000	0.0000000	0.0114747	0.1619321	0.1192358	0.0000000	0.0000000
7094.9976241	7394.9872830	7394.9126367	0.0000000	0.0000000	0.0117026	0.1618619	0.1171338	0.0000000	0.0000000
7094.9976241	7389.9865249	7389.6921680	0.0000000	0.0000000	0.0115820	0.1622438	0.1161740	0.0000000	0.0000000
7094.9976241	7384.9857669	7384.9067383	0.0000000	0.0000000	0.0096252	0.1629044	0.1155055	0.0000000	0.0000000
7094.9976241	7379.9820701	7379.6862695	0.0000000	0.0000000	0.0099028	0.1620800	0.1142339	0.0000000	0.0000000
7094.9976241	7375.0152613	7374.9008398	0.0000000	0.0000000	0.0099884	0.1613857	0.1128934	0.0000000	0.0000000
7094.9976241	7370.0062785	7369.6803711	0.0000000	0.0000000	0.0104417	0.1615466	0.1113649	0.0000000	0.0000000
7094.9976241	7365.0135165	7364.8949414	0.0000000	0.0000000	0.0115168	0.1632626	0.1111777	0.0000000	0.0000000
7094.9976241	7360.0110220	7359.6744727	0.0000000	0.0000000	0.0139323	0.1628667	0.1114761	0.0000000	0.0000000
7094.9976241	7355.0085275	7354.8890430	0.0000000	0.0000000	0.0159741	0.1621946	0.1122627	0.0000000	0.0000000
7094.9976241	7350.0125214	7349.6991016	0.0000000	0.0000000	0.0160104	0.1614639	0.1104188	0.0000000	0.0000000
7094.9976241	7345.0067827	7344.9696387	0.0000000	0.0000000	0.0155126	0.1614576	0.1100835	0.0000000	0.0000000
7094.9976241	7340.0075324	7339.8102246	0.0000000	0.0000000	0.0155577	0.1623428	0.1093702	0.0000000	0.0000000
7094.9976241	7335.0180145	7334.6508105	0.0000000	0.0000000	0.0172373	0.1611001	0.1084076	0.0000000	0.0000000
7094.9976241	7330.0090317	7329.9213477	0.0000000	0.0000000	0.0236593	0.1608378	0.1079357	0.0000000	0.0000000
7094.9976241	7325.0160272	7324.7619336	0.0000000	0.0000000	0.0213826	0.1621998	0.1064756	0.0000000	0.0000000
7094.9976241	7319.9871765	7319.6025195	0.0000000	0.0000000	0.0204836	0.1632306	0.1052904	0.0000000	0.0000000
7094.9976241	7314.9864987	7314.8730566	0.0000000	0.0000000	0.0241787	0.1630907	0.1062953	0.0000000	0.0000000
7094.9976241	7309.9858209	7309.7136426	0.0000000	0.0000000	0.0273058	0.1615148	0.1070138	0.0000000	0.0000000
7094.9976241	7304.9879604	7304.6092822	0.0000000	0.0000000	0.0279691	0.1609863	0.1085284	0.0000000	0.0000000
7094.9976241	7299.9872826	7299.9348730	0.0000000	0.0000000	0.0303076	0.1601567	0.1079164	0.0000000	0.0000000
7094.9976241	7294.9866048	7294.8355176	0.0000000	0.0000000	0.0301035	0.1610305	0.1058103	0.0000000	0.0000000
7094.9976241	7289.9887443	7289.7361621	0.0000000	0.0000000	0.0364943	0.1617666	0.1094521	0.0000000	0.0000000
7094.9976241	7284.9852492	7284.6368066	0.0000000	0.0000000	0.0402053	0.1604371	0.1126124	0.0000000	0.0000000
7094.9976241	7279.9847963	7279.9623975	0.0000000	0.0000000	0.0453922	0.1596281	0.1130952	0.0000000	0.0000000
7094.9976241	7275.0065655	7274.8630420	0.0000000	0.0000000	0.0461793	0.1593553	0.1107850	0.0000000	0.0000000
7094.9976241	7270.0026737	7269.7636865	0.0000000	0.0000000	0.0528649	0.1598408	0.1121055	0.0000000	0.0000000
7094.9976241	7265.0148200	7264.6888672	0.0000000	0.0000000	0.0425337	0.1613011	0.1082853	0.0000000	0.0000000
7094.9976241	7260.0173434	7259.6483984	0.0000000	0.0000000	0.0425615	0.1609889	0.1070261	0.0000000	0.0000000
7094.9976241	7255.0038288	7254.6079297	0.0000000	0.0000000	0.0487780	0.1616183	0.1045773	0.0000000	0.0000000
7094.9976241	7250.0095598	7249.9875000	0.0000000	0.0000000	0.0471282	0.1618289	0.1024054	0.0000000	0.0000000
7094.9976241	7245.0152909	7244.9470313	0.0000000	0.0000000	0.0496578	0.1620271	0.1015046	0.0000000	0.0000000
7094.9976241	7240.0081915	7239.9065625	0.0000000	0.0000000	0.0464235	0.1619786	0.0996680	0.0000000	0.0000000
7094.9976241	7235.0042997	7234.8660938	0.0000000	0.0000000	0.0465338	0.1619973	0.0983162	0.0000000	0.0000000
7094.9976241	7230.0100308	7229.8256250	0.0000000	0.0000000	0.0514496	0.1632656	0.0988494	0.0000000	0.0000000
7094.9976241	7225.0001244	7224.7851563	0.0000000	0.0000000	0.0551484	0.1618556	0.0995708	0.0000000	0.0000000
7094.9976241	7219.9984158	7219.8026367	0.0000000	0.0000000	0.0724305	0.1614618	0.1018911	0.0000000	0.0000000
7094.9976241	7215.0130100	7214.8201172	0.0000000	0.0000000	0.0808759	0.1609325	0.1027537	0.0000000	0.0000000
7094.9976241	7210.0080408	7209.8375977	0.0000000	0.0000000	0.0847524	0.1620515	0.1027130	0.0000000	0.0000000
7094.9976241	7204.9998111	7204.8550781	0.0000000	0.0000000	0.1026560	0.1610602	0.1043857	0.0000000	0.0000000
7094.9976241	7200.0078842	7199.8725586	0.0000000	0.0000000	0.1093750	0.1616184	0.1056980	0.0000000	0.0000000
7094.9976241	7195.0061755	7194.8900391	0.0000000	0.0000000	0.1160035	0.1607517	0.1078746	0.0000000	0.0000000
7094.9976241	7190.0012064	7189.9075195	0.0000000	0.0000000	0.1282681	0.1612673	0.1079673	0.0000000	0.0000000
7094.9976241	7184.9994977	7184.9250000	0.0000000	0.0000000	0.1368672	0.1617979	0.1063734	0.0000000	0.0000000
7094.9976241	7180.0010497	7179.9804492	0.0000000	0.0000000	0.1330194	0.1608485	0.1072372	0.0000000	0.0000000
7094.9976241	7174.9993411	7174.6444189	0.0000000	0.0000000	0.1342034	0.1608956	0.1042905	0.0000000	0.0000000
7094.9976241	7170.0041536	7169.7188525	0.0000000	0.0000000	0.1367308	0.1614218	0.1020856	0.0000000	0.0000000
7094.9976241	7165.0360409	7164.7932861	0.0000000	0.0000000	0.1225186	0.1618281	0.1012137	0.0000000	0.0000000
7094.9976241	7160.0281100	7159.8677197	0.0000000	0.0000000	0.1223967	0.1624961	0.1048342	0.0000000	0.0000000
7094.9976241	7155.0231870	7154.9421533	0.0000000	0.0000000	0.1347216	0.1630786	0.1063046	0.0000000	0.0000000
7094.9976241	7150.0272872	7149.6061230	0.0000000	0.0000000	0.1544182	0.1621023	0.1055568	0.0000000	0.0000000
7094.9976241	7145.0343952	7144.6805566	0.0000000	0.0000000	0.1546472	0.1614054	0.1064580	0.0000000	0.0000000
7094.9976241	7140.0204489	7139.7829688	0.0000000	0.0000000	0.1394559	0.1595964	0.1064137	0.0000000	0.0000000
7094.9976241	7135.0215414	7134.9133594	0.0000000	0.0000000	0.1392946	0.1582329	0.1062338	0.0000000	0.0000000
7094.9976241	7130.0196261	7129.6379492	0.0000000	0.0000000	0.1587167	0.1581167	0.1028887	0.0000000	0.0000000
7094.9976241	7125.0207186	7124.7683398	0.0000000	0.0000000	0.1581909	0.1594207	0.1027811	0.0000000	0.0000000
7094.9976241	7120.0278266	7119.8987305	0.0000000	0.0000000	0.1327622	0.1593102	0.1020721	0.0000000	0.0000000
7094.9976241	7114.9877989	7114.6233203	0.0000000	0.0000000	0.1589063	0.1597356	0.1023218	0.0000000	0.0000000
7094.9976241	7109.9857704	7109.7537109	0.0000000	0.0000000	0.2279773	0.1611334	0.0996122	0.0000000	0.0000000
7094.9976241	7104.9837419	7104.8841016	0.0000000	0.0000000	0.3037343	0.1614686	0.1002091	0.0000000	0.0000000
7094.9976241	7099.9851943	7099.6316406	0.0000000	0.0000000	0.3717158	0.1610122	0.1014282	0.0000000	0.0000000
7094.9976241	7094.9831658	7094.8171094	0.0000000	0.0000000	0.3393868	0.1615138	0.1032932	0.0000000	0.0000000
7094.9976241	7089.9950609	7089.6013672	0.0000000	0.0000000	0.2419189	0.1605562	0.1011656	0.0000000	0.0000000
7094.9976241	7084.9895515	7084.7868359	0.0000000	0.0000000	0.1537397	0.1608427	0.0994146	0.0000000	0.0000000
7094.9976241	7079.9875230	7079.9723047	0.0000000	0.0000000	0.0944260	0.1602018	0.0974988	0.0000000	0.0000000
7094.9976241	7074.9889754	7074.7565625	0.0000000	0.0000000	0.0768676	0.1621738	0.0958264	0.0000000	0.0000000
7094.9976241	7069.9869469	7069.9420313	0.0000000	0.0000000	0.0649366	0.1625848	0.0962178	0.0000000	0.0000000
7094.9976241	7064.9883993	7064.7262891	0.0000000	0.0000000	0.0693737	0.1623525	0.0959286	0.0000000	0.0000000
7094.9976241	7059.9863559	7059.9297656	0.0000000	0.0000000	0.0747889	0.1640170	0.0963651	0.0000000	0.0000000
7094.9976241	7054.9880656	7054.7725488	0.0000000	0.0000000	0.0812382	0.1644431	0.0943489	0.0000000	0.0000000
7094.9976241	7049.9819654	7049.6153320	0.0000000	0.0000000	0.0979758	0.1622532	0.0958542	0.0000000	0.0000000
7094.9976241	7044.9875799	7044.8548242	0.0000000	0.0000000	0.0990977	0.1626440	0.0947051	0.0000000	0.0000000
7094.9976241	7039.9814797	7039.6976074	0.0000000	0.0000000	0.1149978	0.1620505	0.0956296	0.0000000	0.0000000
7094.9976241	7034.9870943	7034.9370996	0.0000000	0.0000000	0.1254355	0.1610972	0.0970909	0.0000000	0.0000000
7094.9976241	7029.9848990	7029.7798828	0.0000000	0.0000000	0.1382644	0.1607928	0.0957621	0.0000000	0.0000000
7094.9976241	7024.9827038	7024.6226660	0.0000000	0.0000000	0.1501893	0.1601379	0.0949546	0.0000000	0.0000000
7094.9976241	7019.9805085	7019.8843262	0.0000000	0.0000000	0.1466466	0.1603367	0.0962754	0.0000000	0.0000000
7094.9976241	7014.9861230	7014.7847461	0.0000000	0.0000000	0.1576782	0.1588475	0.0983237	0.0000000	0.0000000
7094.9976241	7009.9878327	7009.6851660	0.0000000	0.0000000	0.1628915	0.1586364	0.0983130	0.0000000	0.0000000
7094.9976241	7004.9817325	7004.9778613	0.0000000	0.0000000	0.1633671	0.1598291	0.0976211	0.0000000	0.0000000
