7034.9916920	7599.9952327	7599.5502051	0.0000000	0.0000000	0.0194513	0.1553944	0.1202698	0.0000000	7035.0000000
7034.9916920	7594.9867234	7594.9313574	0.0000000	0.0000000	0.0203835	0.1546637	0.1206321	0.0000000	0.0000000
7034.9916920	7589.9849267	7589.8506250	0.0000000	0.0000000	0.0189258	0.1549160	0.1198650	0.0000000	0.0000000
7034.9916920	7584.9923107	7584.7698926	0.0000000	0.0000000	0.0206588	0.1565598	0.1216704	0.0000000	0.0000000
7034.9916920	7579.9895004	7579.6891602	0.0000000	0.0000000	0.0231101	0.1562338	0.1227977	0.0000000	0.0000000
7034.9916920	7574.9866901	7574.6139941	0.0000000	0.0000000	0.0200637	0.1564712	0.1218630	0.0000000	0.0000000
7034.9916920	7569.9915255	7569.5944922	0.0000000	0.0000000	0.0223083	0.1545083	0.1221400	0.0000000	0.0000000
7034.9916920	7564.9912638	7564.5749902	0.0000000	0.0000000	0.0237924	0.1536499	0.1220778	0.0000000	0.0000000
7034.9916920	7559.9859050	7559.5554883	0.0000000	0.0000000	0.0214507	0.1546677	0.1225070	0.0000000	0.0000000
7034.9916920	7554.9856433	7554.9923047	0.0000000	0.0000000	0.0182205	0.1549756	0.1217189	0.0000000	0.0000000
7034.9916920	7549.9879301	7549.9728027	0.0000000	0.0000000	0.0178381	0.1536340	0.1203450	0.0000000	0.0000000
7034.9916920	7544.9876684	7544.9533008	0.0000000	0.0000000	0.0186663	0.1550332	0.1212545	0.0000000	0.0000000
7034.9916920	7539.9901987	7539.9337988	0.0000000	0.0000000	0.0189089	0.1547069	0.1221221	0.0000000	0.0000000
7034.9916920	7534.9866347	7534.9142969	0.0000000	0.0000000	0.0204596	0.1560594	0.1214132	0.0000000	0.0000000
7034.9916920	7530.0352818	7529.8947949	0.0000000	0.0000000	0.0174230	0.1565923	0.1200137	0.0000000	0.0000000
7034.9916920	7524.9853080	7524.9299316	0.0000000	0.0000000	0.0198386	0.1563418	0.1204496	0.0000000	0.0000000
7034.9916920	7520.0310545	7519.9705322	0.0000000	0.0000000	0.0185516	0.1557026	0.1198811	0.0000000	0.0000000
7034.9916920	7514.9868819	7514.5602783	0.0000000	0.0000000	0.0189904	0.1563701	0.1201869	0.0000000	0.0000000
7034.9916920	7510.0355290	7509.6008789	0.0000000	0.0000000	0.0198842	0.1570863	0.1197743	0.0000000	0.0000000
7034.9916920	7505.0348657	7504.6414795	0.0000000	0.0000000	0.0247256	0.1582852	0.1213049	0.0000000	0.0000000
7034.9916920	7500.0284011	7499.6820801	0.0000000	0.0000000	0.0213141	0.1588625	0.1205983	0.0000000	0.0000000
7034.9916920	7495.0364396	7494.7226807	0.0000000	0.0000000	0.0210601	0.1581986	0.1223661	0.0000000	0.0000000
7034.9916920	7489.9871487	7489.7632813	0.0000000	0.0000000	0.0203688	0.1569498	0.1214001	0.0000000	0.0000000
7034.9916920	7485.0356045	7484.8038818	0.0000000	0.0000000	0.0177128	0.1562839	0.1196812	0.0000000	0.0000000
7034.9916920	7480.0328375	7479.8981445	0.0000000	0.0000000	0.0184727	0.1552767	0.1212930	0.0000000	0.0000000
7034.9916920	7474.9845391	7474.9977734	0.0000000	0.0000000	0.0204563	0.1562828	0.1212551	0.0000000	0.0000000
7034.9916920	7469.9846178	7469.6519141	0.0000000	0.0000000	0.0179004	0.1569884	0.1203910	0.0000000	0.0000000
7034.9916920	7464.9875422	7464.7515430	0.0000000	0.0000000	0.0166475	0.1568794	0.1212830	0.0000000	0.0000000
7034.9916920	7459.9847751	7459.8511719	0.0000000	0.0000000	0.0160690	0.1563872	0.1232159	0.0000000	0.0000000
7034.9916920	7454.9848538	7454.9508008	0.0000000	0.0000000	0.0166869	0.1564126	0.1226213	0.0000000	0.0000000
7034.9916920	7449.9849325	7449.6049414	0.0000000	0.0000000	0.0166957	0.1560591	0.1202911	0.0000000	0.0000000
7034.9916920	7444.9878570	7444.7045703	0.0000000	0.0000000	0.0148284	0.1567091	0.1188352	0.0000000	0.0000000
7034.9916920	7439.9850899	7439.8041992	0.0000000	0.0000000	0.0150820	0.1572625	0.1198304	0.0000000	0.0000000
7034.9916920	7434.9851686	7434.9618359	0.0000000	0.0000000	0.0138463	0.1570491	0.1190983	0.0000000	0.0000000
7034.9916920	7429.9899093	7429.6792578	0.0000000	0.0000000	0.0139740	0.1573829	0.1187546	0.0000000	0.0000000
7034.9916920	7424.9864714	7424.8368945	0.0000000	0.0000000	0.0127178	0.1558489	0.1179637	0.0000000	0.0000000
7034.9916920	7419.9857133	7419.9945313	0.0000000	0.0000000	0.0105454	0.1584434	0.1169188	0.0000000	0.0000000
7034.9916920	7414.9876352	7414.7119531	0.0000000	0.0000000	0.0078094	0.1596877	0.1156068	0.0000000	0.0000000
7034.9916920	7409.9841972	7409.8695898	0.0000000	0.0000000	0.0081039	0.1602638	0.1160370	0.0000000	0.0000000
7034.9916920	7404.9887990	7404.5870117	0.0000000	0.0000000	0.0076281	0.1604408	0.1146769	0.0000000	0.0000000
7034.9916920	7399.9907209	7399.7446484	0.0000000	0.0000000	0.0079321	0.1605177	0.1151273	0.0000000	0.0000000
7034.9916920	7394.9872830	7394.9126367	0.0000000	0.0000000	0.0078170	0.1608085	0.1144271	0.0000000	0.0000000
7034.9916920	7389.9865249	7389.6921680	0.0000000	0.0000000	0.0075829	0.1602329	0.1135867	0.0000000	0.0000000
7034.9916920	7384.9884468	7384.9067383	0.0000000	0.0000000	0.0072657	0.1581774	0.1129604	0.0000000	0.0000000
7034.9916920	7379.9820701	7379.6862695	0.0000000	0.0000000	0.0083937	0.1578827	0.1126422	0.0000000	0.0000000
7034.9916920	7375.0152613	7374.9008398	0.0000000	0.0000000	0.0081790	0.1586095	0.1115109	0.0000000	0.0000000
7034.9916920	7370.0062785	7369.6803711	0.0000000	0.0000000	0.0081462	0.1574369	0.1123842	0.0000000	0.0000000
7034.9916920	7365.0005399	7364.8949414	0.0000000	0.0000000	0.0087653	0.1578599	0.1106979	0.0000000	0.0000000
7034.9916920	7360.0110220	7359.6744727	0.0000000	0.0000000	0.0092538	0.1571663	0.1090792	0.0000000	0.0000000
7034.9916920	7355.0020392	7354.8890430	0.0000000	0.0000000	0.0100487	0.1567482	0.1093553	0.0000000	0.0000000
7034.9916920	7350.0157655	7349.6991016	0.0000000	0.0000000	0.0105026	0.1567880	0.1076935	0.0000000	0.0000000
7034.9916920	7345.0067827	7344.9696387	0.0000000	0.0000000	0.0098334	0.1576741	0.1066351	0.0000000	0.0000000
7034.9916920	7340.0075324	7339.8102246	0.0000000	0.0000000	0.0088301	0.1569237	0.1051708	0.0000000	0.0000000
7034.9916920	7335.0082820	7334.6508105	0.0000000	0.0000000	0.0106211	0.1565684	0.1054387	0.0000000	0.0000000
7034.9916920	7330.0057875	7329.9213477	0.0000000	0.0000000	0.0119474	0.1577360	0.1057618	0.0000000	0.0000000
7034.9916920	7325.0244790	7324.7619336	0.0000000	0.0000000	0.0114862	0.1578918	0.1048350	0.0000000	0.0000000
7034.9916920	7319.9815420	7319.6025195	0.0000000	0.0000000	0.0119641	0.1579380	0.1043186	0.0000000	0.0000000
7034.9916920	7314.9864987	7314.8730566	0.0000000	0.0000000	0.0143157	0.1582416	0.1050806	0.0000000	0.0000000
7034.9916920	7309.9858209	7309.7136426	0.0000000	0.0000000	0.0126971	0.1583326	0.1041223	0.0000000	0.0000000
7034.9916920	7304.9879604	7304.6092822	0.0000000	0.0000000	0.0124473	0.1588982	0.1047141	0.0000000	0.0000000
7034.9916920	7299.9844653	7299.9348730	0.0000000	0.0000000	0.0137856	0.1592382	0.1048151	0.0000000	0.0000000
7034.9916920	7294.9837875	7294.8355176	0.0000000	0.0000000	0.0146105	0.1591355	0.1047733	0.0000000	0.0000000
7034.9916920	7289.9859270	7289.7361621	0.0000000	0.0000000	0.0181458	0.1567872	0.1063387	0.0000000	0.0000000
7034.9916920	7284.9852492	7284.6368066	0.0000000	0.0000000	0.0172257	0.1586826	0.1068015	0.0000000	0.0000000
7034.9916920	7279.9815887	7279.9623975	0.0000000	0.0000000	0.0140529	0.1610157	0.1063055	0.0000000	0.0000000
7034.9916920	7275.0033579	7274.8630420	0.0000000	0.0000000	0.0163311	0.1604933	0.1065129	0.0000000	0.0000000
7034.9916920	7270.0026737	7269.7636865	0.0000000	0.0000000	0.0149009	0.1596442	0.1059851	0.0000000	0.0000000
7034.9916920	7265.0116124	7264.6888672	0.0000000	0.0000000	0.0150787	0.1596729	0.1058151	0.0000000	0.0000000
7034.9916920	7260.0077206	7259.6483984	0.0000000	0.0000000	0.0153131	0.1573385	0.1050920	0.0000000	0.0000000
7034.9916920	7255.0102440	7254.6079297	0.0000000	0.0000000	0.0191151	0.1579729	0.1045825	0.0000000	0.0000000
7034.9916920	7250.0095598	7249.9875000	0.0000000	0.0000000	0.0172506	0.1588549	0.1025144	0.0000000	0.0000000
7034.9916920	7245.0120833	7244.9470313	0.0000000	0.0000000	0.0204746	0.1588082	0.1021119	0.0000000	0.0000000
7034.9916920	7240.0081915	7239.9065625	0.0000000	0.0000000	0.0196448	0.1586292	0.1004224	0.0000000	0.0000000
7034.9916920	7235.0107149	7234.8660938	0.0000000	0.0000000	0.0223845	0.1572986	0.0993177	0.0000000	0.0000000
7034.9916920	7230.0132384	7229.8256250	0.0000000	0.0000000	0.0227584	0.1581360	0.0976835	0.0000000	0.0000000
7034.9916920	7225.0066456	7224.7851563	0.0000000	0.0000000	0.0245574	0.1580273	0.0994801	0.0000000	0.0000000
7034.9916920	7220.0016764	7219.8026367	0.0000000	0.0000000	0.0314063	0.1585425	0.1017231	0.0000000	0.0000000
7034.9916920	7215.0130100	7214.8201172	0.0000000	0.0000000	0.0416652	0.1606659	0.1029193	0.0000000	0.0000000
7034.9916920	7210.0080408	7209.8375977	0.0000000	0.0000000	0.0495353	0.1608275	0.1035179	0.0000000	0.0000000
7034.9916920	7204.9998111	7204.8550781	0.0000000	0.0000000	0.0646660	0.1586213	0.1067142	0.0000000	0.0000000
7034.9916920	7200.0046236	7199.8725586	0.0000000	0.0000000	0.0622416	0.1582949	0.1045760	0.0000000	0.0000000
7034.9916920	7194.9963938	7194.8900391	0.0000000	0.0000000	0.0721469	0.1574695	0.1049171	0.0000000	0.0000000
7034.9916920	7190.0044669	7189.9075195	0.0000000	0.0000000	0.0873835	0.1586376	0.1061665	0.0000000	0.0000000
7034.9916920	7185.0125400	7184.9250000	0.0000000	0.0000000	0.0869038	0.1590151	0.1048066	0.0000000	0.0000000
7034.9916920	7180.0043103	7179.9804492	0.0000000	0.0000000	0.0772589	0.1597991	0.1028861	0.0000000	0.0000000
7034.9916920	7175.0058622	7174.6444189	0.0000000	0.0000000	0.0730616	0.1596890	0.1015573	0.0000000	0.0000000
7034.9916920	7170.0074141	7169.7188525	0.0000000	0.0000000	0.0799249	0.1598661	0.1014028	0.0000000	0.0000000
7034.9916920	7165.0270176	7164.7932861	0.0000000	0.0000000	0.0772924	0.1594637	0.1010415	0.0000000	0.0000000
7034.9916920	7160.0281100	7159.8677197	0.0000000	0.0000000	0.0798059	0.1595303	0.1028671	0.0000000	0.0000000
7034.9916920	7155.0201792	7154.9421533	0.0000000	0.0000000	0.0985322	0.1589833	0.1057750	0.0000000	0.0000000
7034.9916920	7150.0242795	7149.6061230	0.0000000	0.0000000	0.1197194	0.1589430	0.1052653	0.0000000	0.0000000
7034.9916920	7145.0283797	7144.6805566	0.0000000	0.0000000	0.1217626	0.1592639	0.1033995	0.0000000	0.0000000
7034.9916920	7140.0234567	7139.7829688	0.0000000	0.0000000	0.0960533	0.1580736	0.1006804	0.0000000	0.0000000
7034.9916920	7135.0155258	7134.9133594	0.0000000	0.0000000	0.0956835	0.1591528	0.1010806	0.0000000	0.0000000
7034.9916920	7130.0256416	7129.6379492	0.0000000	0.0000000	0.1174384	0.1590502	0.1013707	0.0000000	0.0000000
7034.9916920	7125.0297419	7124.7683398	0.0000000	0.0000000	0.1298136	0.1580707	0.1010112	0.0000000	0.0000000
7034.9916920	7119.9857178	7119.8987305	0.0000000	0.0000000	0.1216229	0.1582787	0.1001426	0.0000000	0.0000000
7034.9916920	7114.9843181	7114.6233203	0.0000000	0.0000000	0.1239282	0.1594141	0.0991985	0.0000000	0.0000000
7034.9916920	7109.9857704	7109.7537109	0.0000000	0.0000000	0.1355320	0.1599580	0.0996752	0.0000000	0.0000000
7034.9916920	7104.9837419	7104.8841016	0.0000000	0.0000000	0.1311666	0.1611327	0.0991864	0.0000000	0.0000000
7034.9916920	7099.9817134	7099.6316406	0.0000000	0.0000000	0.1459822	0.1601891	0.0985565	0.0000000	0.0000000
7034.9916920	7094.9831658	7094.8171094	0.0000000	0.0000000	0.1451768	0.1607965	0.0998380	0.0000000	0.0000000
7034.9916920	7089.9846182	7089.6013672	0.0000000	0.0000000	0.1417478	0.1612727	0.0991906	0.0000000	0.0000000
7034.9916920	7084.9860706	7084.7868359	0.0000000	0.0000000	0.1483690	0.1604913	0.0987799	0.0000000	0.0000000
7034.9916920	7079.9875230	7079.9723047	0.0000000	0.0000000	0.1400256	0.1594104	0.0975504	0.0000000	0.0000000
7034.9916920	7074.9854945	7074.7565625	0.0000000	0.0000000	0.1303745	0.1593855	0.0965126	0.0000000	0.0000000
7034.9916920	7069.9973895	7069.9420313	0.0000000	0.0000000	0.1151438	0.1578142	0.0961625	0.0000000	0.0000000
7034.9916920	7064.9849184	7064.7262891	0.0000000	0.0000000	0.1186552	0.1590316	0.0963987	0.0000000	0.0000000
7034.9916920	7059.9863559	7059.9297656	0.0000000	0.0000000	0.1242148	0.1595062	0.0960227	0.0000000	0.0000000
7034.9916920	7054.9841606	7054.7725488	0.0000000	0.0000000	0.1565106	0.1602942	0.0943329	0.0000000	0.0000000
7034.9916920	7049.9819654	7049.6153320	0.0000000	0.0000000	0.2356969	0.1616123	0.0953433	0.0000000	0.0000000
7034.9916920	7044.9875799	7044.8548242	0.0000000	0.0000000	0.3247125	0.1617821	0.0975001	0.0000000	0.0000000
7034.9916920	7039.9814797	7039.6976074	0.0000000	0.0000000	0.4126401	0.1611279	0.0957241	0.0000000	0.0000000
7034.9916920	7034.9831894	7034.9370996	0.0000000	0.0000000	0.4516903	0.1605688	0.0968883	0.0000000	0.0000000
7034.9916920	7029.9809941	7029.7798828	0.0000000	0.0000000	0.4233051	0.1594730	0.0966825	0.0000000	0.0000000
7034.9916920	7024.9827038	7024.6226660	0.0000000	0.0000000	0.3625691	0.1616442	0.0962793	0.0000000	0.0000000
7034.9916920	7019.9805085	7019.8843262	0.0000000	0.0000000	0.2901664	0.1603977	0.0969613	0.0000000	0.0000000
7034.9916920	7014.9861230	7014.7847461	0.0000000	0.0000000	0.2652109	0.1606556	0.0969387	0.0000000	0.0000000
7034.9916920	7009.9839278	7009.6851660	0.0000000	0.0000000	0.2673929	0.1608107	0.0974989	0.0000000	0.0000000
7034.9916920	7004.9817325	7004.9778613	0.0000000	0.0000000	0.2697345	0.1599893	0.0989032	0.0000000	0.0000000
