7299.9959008	7599.9977245	7599.5502051	0.0000000	0.0000000	0.0164236	0.1839789	0.1242080	0.0000000	7300.0000000
7299.9959008	7594.9867234	7594.9313574	0.0000000	0.0000000	0.0226598	0.1849646	0.1234100	0.0000000	0.0000000
7299.9959008	7589.9849267	7589.8506250	0.0000000	0.0000000	0.0164673	0.1842332	0.1237449	0.0000000	0.0000000
7299.9959008	7584.9897621	7584.7698926	0.0000000	0.0000000	0.0190416	0.1848800	0.1247192	0.0000000	0.0000000
7299.9959008	7579.9895004	7579.6891602	0.0000000	0.0000000	0.0188452	0.1852816	0.1237292	0.0000000	0.0000000
7299.9959008	7574.9866901	7574.6139941	0.0000000	0.0000000	0.0173964	0.1853666	0.1227963	0.0000000	0.0000000
7299.9959008	7569.9864284	7569.5944922	0.0000000	0.0000000	0.0190574	0.1848806	0.1240485	0.0000000	0.0000000
7299.9959008	7564.9887153	7564.5749902	0.0000000	0.0000000	0.0199812	0.1856464	0.1250707	0.0000000	0.0000000
7299.9959008	7559.9859050	7559.5554883	0.0000000	0.0000000	0.0196766	0.1853025	0.1255812	0.0000000	0.0000000
7299.9959008	7554.9856433	7554.9923047	0.0000000	0.0000000	0.0209685	0.1847894	0.1262629	0.0000000	0.0000000
7299.9959008	7549.9853816	7549.9728027	0.0000000	0.0000000	0.0214413	0.1841086	0.1261333	0.0000000	0.0000000
7299.9959008	7544.9851198	7544.9533008	0.0000000	0.0000000	0.0184415	0.1833864	0.1252432	0.0000000	0.0000000
7299.9959008	7539.9872981	7539.9337988	0.0000000	0.0000000	0.0200304	0.1846875	0.1240596	0.0000000	0.0000000
7299.9959008	7534.9866347	7534.9142969	0.0000000	0.0000000	0.0204343	0.1852019	0.1242266	0.0000000	0.0000000
7299.9959008	7529.9830707	7529.8947949	0.0000000	0.0000000	0.0207310	0.1853917	0.1247300	0.0000000	0.0000000
7299.9959008	7524.9853080	7524.9299316	0.0000000	0.0000000	0.0236294	0.1845712	0.1255645	0.0000000	0.0000000
7299.9959008	7519.9875452	7519.9705322	0.0000000	0.0000000	0.0221321	0.1857833	0.1265861	0.0000000	0.0000000
7299.9959008	7514.9839813	7514.5602783	0.0000000	0.0000000	0.0222560	0.1844993	0.1278276	0.0000000	0.0000000
7299.9959008	7509.9804173	7509.6008789	0.0000000	0.0000000	0.0235088	0.1833439	0.1270959	0.0000000	0.0000000
7299.9959008	7504.9826546	7504.6414795	0.0000000	0.0000000	0.0251713	0.1831873	0.1267434	0.0000000	0.0000000
7299.9959008	7499.9848918	7499.6820801	0.0000000	0.0000000	0.0223307	0.1832593	0.1244020	0.0000000	0.0000000
7299.9959008	7494.9842285	7494.7226807	0.0000000	0.0000000	0.0251693	0.1831443	0.1233521	0.0000000	0.0000000
7299.9959008	7489.9843030	7489.7632813	0.0000000	0.0000000	0.0227915	0.1840310	0.1244404	0.0000000	0.0000000
7299.9959008	7484.9843817	7484.8038818	0.0000000	0.0000000	0.0249169	0.1840399	0.1239182	0.0000000	0.0000000
7299.9959008	7479.9844604	7479.8981445	0.0000000	0.0000000	0.0254698	0.1838920	0.1234792	0.0000000	0.0000000
7299.9959008	7474.9845391	7474.9977734	0.0000000	0.0000000	0.0248944	0.1843248	0.1236371	0.0000000	0.0000000
7299.9959008	7469.9846178	7469.6519141	0.0000000	0.0000000	0.0200842	0.1851179	0.1230406	0.0000000	0.0000000
7299.9959008	7464.9875422	7464.7515430	0.0000000	0.0000000	0.0180743	0.1848337	0.1227257	0.0000000	0.0000000
7299.9959008	7459.9876209	7459.8511719	0.0000000	0.0000000	0.0188982	0.1848972	0.1232120	0.0000000	0.0000000
7299.9959008	7454.9848538	7454.9508008	0.0000000	0.0000000	0.0213447	0.1836041	0.1232969	0.0000000	0.0000000
7299.9959008	7449.9906240	7449.6049414	0.0000000	0.0000000	0.0191980	0.1844340	0.1211160	0.0000000	0.0000000
7299.9959008	7444.9907027	7444.7045703	0.0000000	0.0000000	0.0260006	0.1841836	0.1233433	0.0000000	0.0000000
7299.9959008	7439.9850899	7439.8041992	0.0000000	0.0000000	0.0222679	0.1847076	0.1231100	0.0000000	0.0000000
7299.9959008	7434.9851686	7434.9618359	0.0000000	0.0000000	0.0223896	0.1852972	0.1241786	0.0000000	0.0000000
7299.9959008	7429.9899093	7429.6792578	0.0000000	0.0000000	0.0183872	0.1846388	0.1224236	0.0000000	0.0000000
7299.9959008	7424.9864714	7424.8368945	0.0000000	0.0000000	0.0205861	0.1846439	0.1216353	0.0000000	0.0000000
7299.9959008	7419.9857133	7419.9945313	0.0000000	0.0000000	0.0207993	0.1841226	0.1204559	0.0000000	0.0000000
7299.9959008	7414.9849553	7414.7119531	0.0000000	0.0000000	0.0201798	0.1839001	0.1212490	0.0000000	0.0000000
7299.9959008	7409.9868772	7409.8695898	0.0000000	0.0000000	0.0197240	0.1837635	0.1216921	0.0000000	0.0000000
7299.9959008	7404.9861191	7404.5870117	0.0000000	0.0000000	0.0200533	0.1839601	0.1211254	0.0000000	0.0000000
7299.9959008	7399.9853611	7399.7446484	0.0000000	0.0000000	0.0201335	0.1838145	0.1205842	0.0000000	0.0000000
7299.9959008	7394.9846030	7394.9126367	0.0000000	0.0000000	0.0214142	0.1841520	0.1191116	0.0000000	0.0000000
7299.9959008	7389.9865249	7389.6921680	0.0000000	0.0000000	0.0204254	0.1854188	0.1197275	0.0000000	0.0000000
7299.9959008	7384.9857669	7384.9067383	0.0000000	0.0000000	0.0217467	0.1856711	0.1175298	0.0000000	0.0000000
7299.9959008	7379.9820701	7379.6862695	0.0000000	0.0000000	0.0230616	0.1848058	0.1172156	0.0000000	0.0000000
7299.9959008	7374.9860639	7374.9008398	0.0000000	0.0000000	0.0260966	0.1854886	0.1167632	0.0000000	0.0000000
7299.9959008	7369.9835694	7369.6803711	0.0000000	0.0000000	0.0287321	0.1844858	0.1162167	0.0000000	0.0000000
7299.9959008	7364.9810749	7364.8949414	0.0000000	0.0000000	0.0331790	0.1841956	0.1162303	0.0000000	0.0000000
7299.9959008	7359.9818246	7359.6744727	0.0000000	0.0000000	0.0336274	0.1849800	0.1155375	0.0000000	0.0000000
7299.9959008	7354.9858184	7354.8890430	0.0000000	0.0000000	0.0354280	0.1847188	0.1138521	0.0000000	0.0000000
7299.9959008	7349.9865681	7349.6991016	0.0000000	0.0000000	0.0374637	0.1845302	0.1125823	0.0000000	0.0000000
7299.9959008	7344.9840736	7344.9696387	0.0000000	0.0000000	0.0338291	0.1851300	0.1103448	0.0000000	0.0000000
7299.9959008	7339.9848232	7339.8102246	0.0000000	0.0000000	0.0295502	0.1846483	0.1072450	0.0000000	0.0000000
7299.9959008	7334.9823288	7334.6508105	0.0000000	0.0000000	0.0346763	0.1848622	0.1070171	0.0000000	0.0000000
7299.9959008	7329.9830784	7329.9213477	0.0000000	0.0000000	0.0428462	0.1854385	0.1071523	0.0000000	0.0000000
7299.9959008	7324.9878543	7324.7619336	0.0000000	0.0000000	0.0444080	0.1846455	0.1081210	0.0000000	0.0000000
7299.9959008	7319.9843593	7319.6025195	0.0000000	0.0000000	0.0476514	0.1836672	0.1100029	0.0000000	0.0000000
7299.9959008	7314.9864987	7314.8730566	0.0000000	0.0000000	0.0681042	0.1840813	0.1099681	0.0000000	0.0000000
7299.9959008	7309.9886382	7309.7136426	0.0000000	0.0000000	0.1092708	0.1841770	0.1101918	0.0000000	0.0000000
7299.9959008	7304.9851431	7304.6092822	0.0000000	0.0000000	0.1645060	0.1837609	0.1081656	0.0000000	0.0000000
7299.9959008	7299.9844653	7299.9348730	0.0000000	0.0000000	0.2063206	0.1845170	0.1071965	0.0000000	0.0000000
7299.9959008	7294.9837875	7294.8355176	0.0000000	0.0000000	0.1882948	0.1845834	0.1067461	0.0000000	0.0000000
7299.9959008	7289.9859270	7289.7361621	0.0000000	0.0000000	0.1251852	0.1839481	0.1063062	0.0000000	0.0000000
7299.9959008	7284.9852492	7284.6368066	0.0000000	0.0000000	0.0747806	0.1842029	0.1076670	0.0000000	0.0000000
7299.9959008	7279.9815887	7279.9623975	0.0000000	0.0000000	0.0630068	0.1835586	0.1093859	0.0000000	0.0000000
7299.9959008	7274.9809045	7274.8630420	0.0000000	0.0000000	0.0587959	0.1838920	0.1106459	0.0000000	0.0000000
7299.9959008	7269.9834279	7269.7636865	0.0000000	0.0000000	0.0572031	0.1826328	0.1109546	0.0000000	0.0000000
7299.9959008	7264.9827438	7264.6888672	0.0000000	0.0000000	0.0485927	0.1835010	0.1088325	0.0000000	0.0000000
7299.9959008	7259.9820596	7259.6483984	0.0000000	0.0000000	0.0415355	0.1841472	0.1070936	0.0000000	0.0000000
7299.9959008	7254.9813754	7254.6079297	0.0000000	0.0000000	0.0453809	0.1844218	0.1070469	0.0000000	0.0000000
7299.9959008	7249.9838989	7249.9875000	0.0000000	0.0000000	0.0472882	0.1835552	0.1065653	0.0000000	0.0000000
7299.9959008	7244.9832147	7244.9470313	0.0000000	0.0000000	0.0404293	0.1841904	0.1039359	0.0000000	0.0000000
7299.9959008	7239.9857381	7239.9065625	0.0000000	0.0000000	0.0345415	0.1836241	0.1022355	0.0000000	0.0000000
7299.9959008	7234.9850540	7234.8660938	0.0000000	0.0000000	0.0376267	0.1842178	0.1018278	0.0000000	0.0000000
7299.9959008	7229.9843698	7229.8256250	0.0000000	0.0000000	0.0364049	0.1842865	0.1029952	0.0000000	0.0000000
7299.9959008	7224.9838216	7224.7851563	0.0000000	0.0000000	0.0402109	0.1836765	0.1048193	0.0000000	0.0000000
7299.9959008	7219.9853736	7219.8026367	0.0000000	0.0000000	0.0501909	0.1837819	0.1049712	0.0000000	0.0000000
7299.9959008	7214.9869255	7214.8201172	0.0000000	0.0000000	0.0536522	0.1839666	0.1055737	0.0000000	0.0000000
7299.9959008	7209.9852169	7209.8375977	0.0000000	0.0000000	0.0578761	0.1856112	0.1071173	0.0000000	0.0000000
7299.9959008	7204.9835083	7204.8550781	0.0000000	0.0000000	0.0602924	0.1858383	0.1054885	0.0000000	0.0000000
7299.9959008	7199.9850602	7199.8725586	0.0000000	0.0000000	0.0545306	0.1845430	0.1058845	0.0000000	0.0000000
7299.9959008	7194.9866121	7194.8900391	0.0000000	0.0000000	0.0583102	0.1855868	0.1089550	0.0000000	0.0000000
7299.9959008	7189.9849035	7189.9075195	0.0000000	0.0000000	0.0645883	0.1853735	0.1101957	0.0000000	0.0000000
7299.9959008	7184.9864555	7184.9250000	0.0000000	0.0000000	0.0624511	0.1836056	0.1100085	0.0000000	0.0000000
7299.9959008	7179.9814863	7179.9804492	0.0000000	0.0000000	0.0491252	0.1846509	0.1084854	0.0000000	0.0000000
7299.9959008	7174.9862988	7174.6444189	0.0000000	0.0000000	0.0490814	0.1844158	0.1074160	0.0000000	0.0000000
7299.9959008	7169.9813296	7169.7188525	0.0000000	0.0000000	0.0459784	0.1855728	0.1040181	0.0000000	0.0000000
7299.9959008	7164.9879166	7164.7932861	0.0000000	0.0000000	0.0329564	0.1851337	0.1009055	0.0000000	0.0000000
7299.9959008	7159.9860013	7159.8677197	0.0000000	0.0000000	0.0286710	0.1846626	0.1026182	0.0000000	0.0000000
7299.9959008	7154.9840860	7154.9421533	0.0000000	0.0000000	0.0314722	0.1840076	0.1042994	0.0000000	0.0000000
7299.9959008	7149.9851785	7149.6061230	0.0000000	0.0000000	0.0339102	0.1841866	0.1044897	0.0000000	0.0000000
7299.9959008	7144.9862710	7144.6805566	0.0000000	0.0000000	0.0267102	0.1845844	0.1028914	0.0000000	0.0000000
7299.9959008	7139.9873635	7139.7829688	0.0000000	0.0000000	0.0182014	0.1857814	0.1022078	0.0000000	0.0000000
7299.9959008	7134.9824404	7134.9133594	0.0000000	0.0000000	0.0188312	0.1840034	0.1020741	0.0000000	0.0000000
7299.9959008	7129.9865407	7129.6379492	0.0000000	0.0000000	0.0251011	0.1842153	0.1042468	0.0000000	0.0000000
7299.9959008	7124.9906409	7124.7683398	0.0000000	0.0000000	0.0224342	0.1830073	0.1045502	0.0000000	0.0000000
7299.9959008	7119.9827101	7119.8987305	0.0000000	0.0000000	0.0157170	0.1840164	0.1024374	0.0000000	0.0000000
7299.9959008	7114.9843181	7114.6233203	0.0000000	0.0000000	0.0149060	0.1836453	0.1022378	0.0000000	0.0000000
7299.9959008	7109.9822896	7109.7537109	0.0000000	0.0000000	0.0174354	0.1849617	0.1023173	0.0000000	0.0000000
7299.9959008	7104.9837419	7104.8841016	0.0000000	0.0000000	0.0152074	0.1848701	0.1022622	0.0000000	0.0000000
7299.9959008	7099.9817134	7099.6316406	0.0000000	0.0000000	0.0133949	0.1842958	0.1021322	0.0000000	0.0000000
7299.9959008	7094.9831658	7094.8171094	0.0000000	0.0000000	0.0103588	0.1844551	0.1022932	0.0000000	0.0000000
7299.9959008	7089.9846182	7089.6013672	0.0000000	0.0000000	0.0094990	0.1839705	0.1028649	0.0000000	0.0000000
7299.9959008	7084.9860706	7084.7868359	0.0000000	0.0000000	0.0088312	0.1834242	0.1022467	0.0000000	0.0000000
7299.9959008	7079.9944848	7079.9723047	0.0000000	0.0000000	0.0056700	0.1838011	0.1001631	0.0000000	0.0000000
7299.9959008	7074.9889754	7074.7565625	0.0000000	0.0000000	0.0038949	0.1847998	0.0972839	0.0000000	0.0000000
7299.9959008	7069.9834660	7069.9420313	0.0000000	0.0000000	0.0027939	0.1839471	0.0988365	0.0000000	0.0000000
7299.9959008	7064.9849184	7064.7262891	0.0000000	0.0000000	0.0025649	0.1856506	0.0989570	0.0000000	0.0000000
7299.9959008	7059.9863559	7059.9297656	0.0000000	0.0000000	0.0027028	0.1850276	0.0994834	0.0000000	0.0000000
7299.9959008	7054.9880656	7054.7725488	0.0000000	0.0000000	0.0028112	0.1833170	0.0985289	0.0000000	0.0000000
7299.9959008	7049.9819654	7049.6153320	0.0000000	0.0000000	0.0024980	0.1836340	0.0970815	0.0000000	0.0000000
7299.9959008	7044.9875799	7044.8548242	0.0000000	0.0000000	0.0032754	0.1832878	0.0981743	0.0000000	0.0000000
7299.9959008	7039.9775748	7039.6976074	0.0000000	0.0000000	0.0032385	0.1838442	0.0966965	0.0000000	0.0000000
7299.9959008	7034.9831894	7034.9370996	0.0000000	0.0000000	0.0037809	0.1835297	0.0963423	0.0000000	0.0000000
7299.9959008	7029.9809941	7029.7798828	0.0000000	0.0000000	0.0040244	0.1832378	0.0977465	0.0000000	0.0000000
7299.9959008	7024.9827038	7024.6226660	0.0000000	0.0000000	0.0037163	0.1837474	0.0971764	0.0000000	0.0000000
7299.9959008	7019.9805085	7019.8843262	0.0000000	0.0000000	0.0042250	0.1843104	0.0967814	0.0000000	0.0000000
7299.9959008	7014.9861230	7014.7847461	0.0000000	0.0000000	0.0035822	0.1843351	0.0984517	0.0000000	0.0000000
7299.9959008	7009.9839278	7009.6851660	0.0000000	0.0000000	0.0035323	0.1830392	0.0984380	0.0000000	0.0000000
7299.9959008	7004.9817325	7004.9778613	0.0000000	0.0000000	0.0031860	0.1825857	0.0994968	0.0000000	0.0000000
