7429.9954979	7599.9977245	7599.5502051	0.0000000	0.0000000	0.0074001	0.1917473	0.1249974	0.0000000	7430.0000000
7429.9954979	7594.9867234	7594.9313574	0.0000000	0.0000000	0.0083558	0.1910492	0.1239755	0.0000000	0.0000000
7429.9954979	7589.9849267	7589.8506250	0.0000000	0.0000000	0.0089846	0.1915833	0.1232546	0.0000000	0.0000000
7429.9954979	7584.9897621	7584.7698926	0.0000000	0.0000000	0.0100149	0.1910981	0.1240139	0.0000000	0.0000000
7429.9954979	7579.9895004	7579.6891602	0.0000000	0.0000000	0.0131760	0.1917170	0.1245308	0.0000000	0.0000000
7429.9954979	7574.9866901	7574.6139941	0.0000000	0.0000000	0.0114979	0.1911552	0.1251407	0.0000000	0.0000000
7429.9954979	7569.9889770	7569.5944922	0.0000000	0.0000000	0.0097430	0.1912554	0.1246179	0.0000000	0.0000000
7429.9954979	7564.9887153	7564.5749902	0.0000000	0.0000000	0.0111969	0.1893577	0.1249862	0.0000000	0.0000000
7429.9954979	7559.9910021	7559.5554883	0.0000000	0.0000000	0.0097787	0.1904927	0.1251776	0.0000000	0.0000000
7429.9954979	7554.9856433	7554.9923047	0.0000000	0.0000000	0.0119500	0.1909634	0.1258688	0.0000000	0.0000000
7429.9954979	7549.9853816	7549.9728027	0.0000000	0.0000000	0.0109657	0.1909753	0.1249791	0.0000000	0.0000000
7429.9954979	7544.9851198	7544.9533008	0.0000000	0.0000000	0.0111810	0.1909709	0.1245930	0.0000000	0.0000000
7429.9954979	7539.9872981	7539.9337988	0.0000000	0.0000000	0.0124928	0.1901835	0.1255807	0.0000000	0.0000000
7429.9954979	7534.9837341	7534.9142969	0.0000000	0.0000000	0.0103280	0.1905028	0.1258513	0.0000000	0.0000000
7429.9954979	7529.9830707	7529.8947949	0.0000000	0.0000000	0.0106970	0.1917010	0.1240004	0.0000000	0.0000000
7429.9954979	7524.9853080	7524.9299316	0.0000000	0.0000000	0.0112981	0.1911251	0.1246403	0.0000000	0.0000000
7429.9954979	7519.9875452	7519.9705322	0.0000000	0.0000000	0.0127382	0.1914521	0.1241941	0.0000000	0.0000000
7429.9954979	7514.9839813	7514.5602783	0.0000000	0.0000000	0.0120269	0.1915823	0.1232942	0.0000000	0.0000000
7429.9954979	7509.9804173	7509.6008789	0.0000000	0.0000000	0.0112152	0.1908406	0.1236678	0.0000000	0.0000000
7429.9954979	7504.9855552	7504.6414795	0.0000000	0.0000000	0.0119950	0.1909830	0.1234082	0.0000000	0.0000000
7429.9954979	7499.9877924	7499.6820801	0.0000000	0.0000000	0.0120111	0.1919293	0.1230410	0.0000000	0.0000000
7429.9954979	7494.9842285	7494.7226807	0.0000000	0.0000000	0.0127938	0.1909152	0.1227804	0.0000000	0.0000000
7429.9954979	7489.9843030	7489.7632813	0.0000000	0.0000000	0.0120116	0.1915948	0.1232650	0.0000000	0.0000000
7429.9954979	7484.9872274	7484.8038818	0.0000000	0.0000000	0.0091305	0.1916031	0.1240750	0.0000000	0.0000000
7429.9954979	7479.9873061	7479.8981445	0.0000000	0.0000000	0.0105730	0.1910366	0.1235146	0.0000000	0.0000000
7429.9954979	7474.9845391	7474.9977734	0.0000000	0.0000000	0.0078414	0.1909965	0.1241796	0.0000000	0.0000000
7429.9954979	7469.9846178	7469.6519141	0.0000000	0.0000000	0.0071741	0.1907046	0.1239822	0.0000000	0.0000000
7429.9954979	7464.9846965	7464.7515430	0.0000000	0.0000000	0.0074446	0.1922147	0.1234723	0.0000000	0.0000000
7429.9954979	7459.9847751	7459.8511719	0.0000000	0.0000000	0.0063895	0.1912205	0.1228762	0.0000000	0.0000000
7429.9954979	7454.9820081	7454.9508008	0.0000000	0.0000000	0.0075740	0.1906102	0.1225897	0.0000000	0.0000000
7429.9954979	7449.9877783	7449.6049414	0.0000000	0.0000000	0.0092040	0.1914097	0.1225490	0.0000000	0.0000000
7429.9954979	7444.9850112	7444.7045703	0.0000000	0.0000000	0.0153280	0.1910775	0.1227615	0.0000000	0.0000000
7429.9954979	7439.9850899	7439.8041992	0.0000000	0.0000000	0.0431779	0.1910552	0.1232800	0.0000000	0.0000000
7429.9954979	7434.9851686	7434.9618359	0.0000000	0.0000000	0.0840389	0.1911663	0.1230452	0.0000000	0.0000000
7429.9954979	7429.9845495	7429.6792578	0.0000000	0.0000000	0.1040966	0.1910613	0.1219432	0.0000000	0.0000000
7429.9954979	7424.9864714	7424.8368945	0.0000000	0.0000000	0.0821431	0.1913105	0.1224700	0.0000000	0.0000000
7429.9954979	7419.9910732	7419.9945313	0.0000000	0.0000000	0.0424558	0.1915201	0.1206971	0.0000000	0.0000000
7429.9954979	7414.9849553	7414.7119531	0.0000000	0.0000000	0.0183922	0.1908352	0.1216304	0.0000000	0.0000000
7429.9954979	7409.9868772	7409.8695898	0.0000000	0.0000000	0.0091603	0.1919348	0.1208777	0.0000000	0.0000000
7429.9954979	7404.9887990	7404.5870117	0.0000000	0.0000000	0.0072611	0.1910574	0.1191665	0.0000000	0.0000000
7429.9954979	7399.9853611	7399.7446484	0.0000000	0.0000000	0.0081173	0.1915033	0.1192045	0.0000000	0.0000000
7429.9954979	7394.9846030	7394.9126367	0.0000000	0.0000000	0.0060679	0.1913007	0.1190573	0.0000000	0.0000000
7429.9954979	7389.9865249	7389.6921680	0.0000000	0.0000000	0.0062324	0.1902094	0.1191450	0.0000000	0.0000000
7429.9954979	7384.9857669	7384.9067383	0.0000000	0.0000000	0.0066079	0.1915077	0.1188641	0.0000000	0.0000000
7429.9954979	7379.9820701	7379.6862695	0.0000000	0.0000000	0.0065260	0.1914310	0.1177450	0.0000000	0.0000000
7429.9954979	7374.9860639	7374.9008398	0.0000000	0.0000000	0.0062975	0.1906698	0.1151237	0.0000000	0.0000000
7429.9954979	7369.9868136	7369.6803711	0.0000000	0.0000000	0.0065054	0.1913507	0.1141052	0.0000000	0.0000000
7429.9954979	7364.9810749	7364.8949414	0.0000000	0.0000000	0.0112316	0.1901191	0.1140814	0.0000000	0.0000000
7429.9954979	7359.9850687	7359.6744727	0.0000000	0.0000000	0.0123228	0.1896893	0.1124176	0.0000000	0.0000000
7429.9954979	7354.9858184	7354.8890430	0.0000000	0.0000000	0.0121195	0.1908197	0.1128839	0.0000000	0.0000000
7429.9954979	7349.9833239	7349.6991016	0.0000000	0.0000000	0.0073672	0.1915900	0.1110587	0.0000000	0.0000000
7429.9954979	7344.9840736	7344.9696387	0.0000000	0.0000000	0.0055144	0.1913114	0.1080544	0.0000000	0.0000000
7429.9954979	7339.9848232	7339.8102246	0.0000000	0.0000000	0.0049313	0.1911226	0.1082596	0.0000000	0.0000000
7429.9954979	7334.9855729	7334.6508105	0.0000000	0.0000000	0.0068940	0.1910466	0.1071183	0.0000000	0.0000000
7429.9954979	7329.9863226	7329.9213477	0.0000000	0.0000000	0.0085736	0.1889556	0.1084667	0.0000000	0.0000000
7429.9954979	7324.9850371	7324.7619336	0.0000000	0.0000000	0.0061646	0.1912457	0.1077518	0.0000000	0.0000000
7429.9954979	7319.9871765	7319.6025195	0.0000000	0.0000000	0.0079045	0.1903271	0.1075966	0.0000000	0.0000000
7429.9954979	7314.9864987	7314.8730566	0.0000000	0.0000000	0.0086171	0.1907572	0.1074440	0.0000000	0.0000000
7429.9954979	7309.9886382	7309.7136426	0.0000000	0.0000000	0.0087733	0.1907942	0.1088632	0.0000000	0.0000000
7429.9954979	7304.9851431	7304.6092822	0.0000000	0.0000000	0.0089440	0.1908103	0.1080306	0.0000000	0.0000000
7429.9954979	7299.9844653	7299.9348730	0.0000000	0.0000000	0.0101500	0.1906024	0.1078446	0.0000000	0.0000000
7429.9954979	7294.9866048	7294.8355176	0.0000000	0.0000000	0.0095830	0.1917123	0.1080677	0.0000000	0.0000000
7429.9954979	7289.9859270	7289.7361621	0.0000000	0.0000000	0.0079371	0.1903448	0.1101854	0.0000000	0.0000000
7429.9954979	7284.9852492	7284.6368066	0.0000000	0.0000000	0.0081301	0.1901823	0.1100443	0.0000000	0.0000000
7429.9954979	7279.9912115	7279.9623975	0.0000000	0.0000000	0.0098978	0.1907816	0.1110083	0.0000000	0.0000000
7429.9954979	7274.9809045	7274.8630420	0.0000000	0.0000000	0.0115154	0.1903911	0.1108994	0.0000000	0.0000000
7429.9954979	7269.9834279	7269.7636865	0.0000000	0.0000000	0.0085581	0.1916172	0.1097568	0.0000000	0.0000000
7429.9954979	7264.9827438	7264.6888672	0.0000000	0.0000000	0.0077722	0.1913646	0.1089237	0.0000000	0.0000000
7429.9954979	7259.9852672	7259.6483984	0.0000000	0.0000000	0.0073615	0.1910610	0.1087550	0.0000000	0.0000000
7429.9954979	7254.9845830	7254.6079297	0.0000000	0.0000000	0.0074041	0.1915809	0.1083635	0.0000000	0.0000000
7429.9954979	7249.9838989	7249.9875000	0.0000000	0.0000000	0.0059791	0.1913440	0.1064993	0.0000000	0.0000000
7429.9954979	7244.9832147	7244.9470313	0.0000000	0.0000000	0.0044490	0.1919502	0.1038755	0.0000000	0.0000000
7429.9954979	7239.9857381	7239.9065625	0.0000000	0.0000000	0.0037806	0.1912209	0.1038805	0.0000000	0.0000000
7429.9954979	7234.9818463	7234.8660938	0.0000000	0.0000000	0.0037709	0.1915359	0.1014916	0.0000000	0.0000000
7429.9954979	7229.9843698	7229.8256250	0.0000000	0.0000000	0.0030656	0.1915649	0.1013887	0.0000000	0.0000000
7429.9954979	7224.9838216	7224.7851563	0.0000000	0.0000000	0.0037220	0.1907816	0.1027397	0.0000000	0.0000000
7429.9954979	7219.9853736	7219.8026367	0.0000000	0.0000000	0.0039258	0.1913577	0.1044504	0.0000000	0.0000000
7429.9954979	7214.9869255	7214.8201172	0.0000000	0.0000000	0.0052357	0.1916039	0.1070941	0.0000000	0.0000000
7429.9954979	7209.9852169	7209.8375977	0.0000000	0.0000000	0.0057758	0.1914047	0.1084017	0.0000000	0.0000000
7429.9954979	7204.9835083	7204.8550781	0.0000000	0.0000000	0.0048514	0.1919661	0.1084149	0.0000000	0.0000000
7429.9954979	7199.9850602	7199.8725586	0.0000000	0.0000000	0.0043363	0.1911119	0.1088397	0.0000000	0.0000000
7429.9954979	7194.9833516	7194.8900391	0.0000000	0.0000000	0.0045242	0.1903152	0.1107201	0.0000000	0.0000000
7429.9954979	7189.9849035	7189.9075195	0.0000000	0.0000000	0.0042896	0.1904821	0.1112024	0.0000000	0.0000000
7429.9954979	7184.9831949	7184.9250000	0.0000000	0.0000000	0.0039723	0.1912729	0.1095784	0.0000000	0.0000000
7429.9954979	7179.9814863	7179.9804492	0.0000000	0.0000000	0.0030697	0.1902793	0.1091914	0.0000000	0.0000000
7429.9954979	7174.9862988	7174.6444189	0.0000000	0.0000000	0.0032759	0.1922754	0.1063621	0.0000000	0.0000000
7429.9954979	7169.9813296	7169.7188525	0.0000000	0.0000000	0.0029758	0.1927759	0.1049425	0.0000000	0.0000000
7429.9954979	7164.9849088	7164.7932861	0.0000000	0.0000000	0.0016549	0.1915868	0.1049174	0.0000000	0.0000000
7429.9954979	7159.9829935	7159.8677197	0.0000000	0.0000000	0.0012245	0.1927469	0.1050984	0.0000000	0.0000000
7429.9954979	7154.9840860	7154.9421533	0.0000000	0.0000000	0.0017189	0.1920417	0.1070283	0.0000000	0.0000000
7429.9954979	7149.9851785	7149.6061230	0.0000000	0.0000000	0.0019724	0.1918641	0.1061194	0.0000000	0.0000000
7429.9954979	7144.9862710	7144.6805566	0.0000000	0.0000000	0.0013202	0.1912754	0.1052883	0.0000000	0.0000000
7429.9954979	7139.9873635	7139.7829688	0.0000000	0.0000000	0.0008770	0.1908502	0.1057921	0.0000000	0.0000000
7429.9954979	7134.9854482	7134.9133594	0.0000000	0.0000000	0.0008251	0.1908708	0.1055280	0.0000000	0.0000000
7429.9954979	7129.9895484	7129.6379492	0.0000000	0.0000000	0.0010427	0.1910291	0.1069714	0.0000000	0.0000000
7429.9954979	7124.9846254	7124.7683398	0.0000000	0.0000000	0.0011757	0.1916592	0.1053383	0.0000000	0.0000000
7429.9954979	7119.9857178	7119.8987305	0.0000000	0.0000000	0.0005221	0.1917944	0.1043275	0.0000000	0.0000000
7429.9954979	7114.9843181	7114.6233203	0.0000000	0.0000000	0.0004827	0.1915441	0.1034690	0.0000000	0.0000000
7429.9954979	7109.9857704	7109.7537109	0.0000000	0.0000000	0.0006285	0.1916580	0.1049224	0.0000000	0.0000000
7429.9954979	7104.9837419	7104.8841016	0.0000000	0.0000000	0.0006508	0.1925662	0.1042429	0.0000000	0.0000000
7429.9954979	7099.9851943	7099.6316406	0.0000000	0.0000000	0.0007408	0.1914872	0.1050770	0.0000000	0.0000000
7429.9954979	7094.9866467	7094.8171094	0.0000000	0.0000000	0.0005927	0.1906395	0.1041034	0.0000000	0.0000000
7429.9954979	7089.9846182	7089.6013672	0.0000000	0.0000000	0.0004644	0.1904517	0.1045330	0.0000000	0.0000000
7429.9954979	7084.9895515	7084.7868359	0.0000000	0.0000000	0.0003258	0.1893425	0.1031959	0.0000000	0.0000000
7429.9954979	7079.9875230	7079.9723047	0.0000000	0.0000000	0.0002340	0.1917836	0.1028713	0.0000000	0.0000000
7429.9954979	7074.9889754	7074.7565625	0.0000000	0.0000000	0.0000897	0.1920304	0.1009155	0.0000000	0.0000000
7429.9954979	7069.9869469	7069.9420313	0.0000000	0.0000000	0.0001014	0.1926803	0.1002289	0.0000000	0.0000000
7429.9954979	7064.9883993	7064.7262891	0.0000000	0.0000000	0.0000830	0.1913734	0.1011361	0.0000000	0.0000000
7429.9954979	7059.9824510	7059.9297656	0.0000000	0.0000000	0.0001351	0.1924458	0.1018845	0.0000000	0.0000000
7429.9954979	7054.9841606	7054.7725488	0.0000000	0.0000000	0.0002045	0.1919646	0.1014077	0.0000000	0.0000000
7429.9954979	7049.9819654	7049.6153320	0.0000000	0.0000000	0.0001888	0.1913540	0.1012190	0.0000000	0.0000000
7429.9954979	7044.9875799	7044.8548242	0.0000000	0.0000000	0.0001860	0.1912501	0.1004652	0.0000000	0.0000000
7429.9954979	7039.9814797	7039.6976074	0.0000000	0.0000000	0.0001687	0.1908695	0.1013174	0.0000000	0.0000000
7429.9954979	7034.9831894	7034.9370996	0.0000000	0.0000000	0.0001702	0.1909546	0.1020857	0.0000000	0.0000000
7429.9954979	7029.9809941	7029.7798828	0.0000000	0.0000000	0.0001377	0.1917355	0.1014059	0.0000000	0.0000000
7429.9954979	7024.9787988	7024.6226660	0.0000000	0.0000000	0.0001355	0.1910957	0.1008616	0.0000000	0.0000000
7429.9954979	7019.9805085	7019.8843262	0.0000000	0.0000000	0.0001833	0.1913763	0.1001967	0.0000000	0.0000000
7429.9954979	7014.9861230	7014.7847461	0.0000000	0.0000000	0.0001984	0.1902234	0.1029100	0.0000000	0.0000000
7429.9954979	7009.9878327	7009.6851660	0.0000000	0.0000000	0.0000729	0.1907666	0.1022184	0.0000000	0.0000000
7429.9954979	7004.9817325	7004.9778613	0.0000000	0.0000000	0.0002473	0.1913917	0.1028976	0.0000000	0.0000000
