7600.0094929	7600.0051999	7599.5502051	0.0000000	0.0000000	0.0587188	0.1874888	0.1263242	0.0000000	7600.0000000
7600.0094929	7594.9917070	7594.9313574	0.0000000	0.0000000	0.0438223	0.1881860	0.1255742	0.0000000	0.0000000
7600.0094929	7589.9849267	7589.8506250	0.0000000	0.0000000	0.0271603	0.1886875	0.1255426	0.0000000	0.0000000
7600.0094929	7584.9923107	7584.7698926	0.0000000	0.0000000	0.0135330	0.1886943	0.1242705	0.0000000	0.0000000
7600.0094929	7579.9895004	7579.6891602	0.0000000	0.0000000	0.0096324	0.1886329	0.1259982	0.0000000	0.0000000
7600.0094929	7574.9892387	7574.6139941	0.0000000	0.0000000	0.0092216	0.1883693	0.1263906	0.0000000	0.0000000
7600.0094929	7569.9915255	7569.5944922	0.0000000	0.0000000	0.0084355	0.1885504	0.1257349	0.0000000	0.0000000
7600.0094929	7564.9938124	7564.5749902	0.0000000	0.0000000	0.0091552	0.1883784	0.1252382	0.0000000	0.0000000
7600.0094929	7559.9884535	7559.5554883	0.0000000	0.0000000	0.0069215	0.1882244	0.1254824	0.0000000	0.0000000
7600.0094929	7554.9881918	7554.9923047	0.0000000	0.0000000	0.0076938	0.1881996	0.1260956	0.0000000	0.0000000
7600.0094929	7549.9879301	7549.9728027	0.0000000	0.0000000	0.0092656	0.1884779	0.1262981	0.0000000	0.0000000
7600.0094929	7544.9876684	7544.9533008	0.0000000	0.0000000	0.0101334	0.1891635	0.1260712	0.0000000	0.0000000
7600.0094929	7539.9930993	7539.9337988	0.0000000	0.0000000	0.0124679	0.1883020	0.1268287	0.0000000	0.0000000
7600.0094929	7534.9895353	7534.9142969	0.0000000	0.0000000	0.0132412	0.1883091	0.1260739	0.0000000	0.0000000
7600.0094929	7529.9859713	7529.8947949	0.0000000	0.0000000	0.0152113	0.1874395	0.1260411	0.0000000	0.0000000
7600.0094929	7524.9853080	7524.9299316	0.0000000	0.0000000	0.0155122	0.1875266	0.1246062	0.0000000	0.0000000
7600.0094929	7519.9875452	7519.9705322	0.0000000	0.0000000	0.0171456	0.1878514	0.1264546	0.0000000	0.0000000
7600.0094929	7514.9868819	7514.5602783	0.0000000	0.0000000	0.0185623	0.1868856	0.1271300	0.0000000	0.0000000
7600.0094929	7509.9862185	7509.6008789	0.0000000	0.0000000	0.0198716	0.1878833	0.1268593	0.0000000	0.0000000
7600.0094929	7504.9884558	7504.6414795	0.0000000	0.0000000	0.0179126	0.1885331	0.1269988	0.0000000	0.0000000
7600.0094929	7499.9906931	7499.6820801	0.0000000	0.0000000	0.0236388	0.1879243	0.1262930	0.0000000	0.0000000
7600.0094929	7494.9871291	7494.7226807	0.0000000	0.0000000	0.0179203	0.1872333	0.1256508	0.0000000	0.0000000
7600.0094929	7489.9871487	7489.7632812	0.0000000	0.0000000	0.0160728	0.1883328	0.1260031	0.0000000	0.0000000
7600.0094929	7484.9872274	7484.8038818	0.0000000	0.0000000	0.0126052	0.1873776	0.1260603	0.0000000	0.0000000
7600.0094929	7479.9901518	7479.8981445	0.0000000	0.0000000	0.0117645	0.1872687	0.1264523	0.0000000	0.0000000
7600.0094929	7474.9873848	7474.9977734	0.0000000	0.0000000	0.0106403	0.1872217	0.1263286	0.0000000	0.0000000
7600.0094929	7469.9874635	7469.6519141	0.0000000	0.0000000	0.0078560	0.1886953	0.1264158	0.0000000	0.0000000
7600.0094929	7464.9903879	7464.7515430	0.0000000	0.0000000	0.0084170	0.1871599	0.1258934	0.0000000	0.0000000
7600.0094929	7459.9904666	7459.8511719	0.0000000	0.0000000	0.0076868	0.1871154	0.1260436	0.0000000	0.0000000
7600.0094929	7454.9876996	7454.9508008	0.0000000	0.0000000	0.0089143	0.1878319	0.1260815	0.0000000	0.0000000
7600.0094929	7449.9877783	7449.6049414	0.0000000	0.0000000	0.0082390	0.1878875	0.1260883	0.0000000	0.0000000
7600.0094929	7444.9878570	7444.7045703	0.0000000	0.0000000	0.0066882	0.1881050	0.1251973	0.0000000	0.0000000
7600.0094929	7439.9879357	7439.8041992	0.0000000	0.0000000	0.0080238	0.1884304	0.1250396	0.0000000	0.0000000
7600.0094929	7434.9880144	7434.9618359	0.0000000	0.0000000	0.0076516	0.1888431	0.1242648	0.0000000	0.0000000
7600.0094929	7429.9872294	7429.6792578	0.0000000	0.0000000	0.0097644	0.1878711	0.1257255	0.0000000	0.0000000
7600.0094929	7424.9891513	7424.8368945	0.0000000	0.0000000	0.0102050	0.1873760	0.1250237	0.0000000	0.0000000
7600.0094929	7419.9883932	7419.9945312	0.0000000	0.0000000	0.0073879	0.1880964	0.1253849	0.0000000	0.0000000
7600.0094929	7414.9876352	7414.7119531	0.0000000	0.0000000	0.0075566	0.1887305	0.1226030	0.0000000	0.0000000
7600.0094929	7409.9868772	7409.8695898	0.0000000	0.0000000	0.0078575	0.1887003	0.1216366	0.0000000	0.0000000
7600.0094929	7404.9887990	7404.5870117	0.0000000	0.0000000	0.0085988	0.1874321	0.1225114	0.0000000	0.0000000
7600.0094929	7399.9880410	7399.7446484	0.0000000	0.0000000	0.0097650	0.1875345	0.1218698	0.0000000	0.0000000
7600.0094929	7394.9872830	7394.9126367	0.0000000	0.0000000	0.0085552	0.1875375	0.1220084	0.0000000	0.0000000
7600.0094929	7389.9892049	7389.6921680	0.0000000	0.0000000	0.0078606	0.1885326	0.1212150	0.0000000	0.0000000
7600.0094929	7384.9857669	7384.9067383	0.0000000	0.0000000	0.0075016	0.1884961	0.1210513	0.0000000	0.0000000
7600.0094929	7379.9853142	7379.6862695	0.0000000	0.0000000	0.0052985	0.1879690	0.1203433	0.0000000	0.0000000
7600.0094929	7374.9893081	7374.9008398	0.0000000	0.0000000	0.0047814	0.1872729	0.1182229	0.0000000	0.0000000
7600.0094929	7369.9933019	7369.6803711	0.0000000	0.0000000	0.0045309	0.1875836	0.1163204	0.0000000	0.0000000
7600.0094929	7364.9875632	7364.8949414	0.0000000	0.0000000	0.0053572	0.1876394	0.1165974	0.0000000	0.0000000
7600.0094929	7359.9883129	7359.6744727	0.0000000	0.0000000	0.0059884	0.1874802	0.1162881	0.0000000	0.0000000
7600.0094929	7354.9890626	7354.8890430	0.0000000	0.0000000	0.0046267	0.1892277	0.1162899	0.0000000	0.0000000
7600.0094929	7349.9865681	7349.6991016	0.0000000	0.0000000	0.0051000	0.1885482	0.1134297	0.0000000	0.0000000
7600.0094929	7344.9840736	7344.9696387	0.0000000	0.0000000	0.0029543	0.1876176	0.1124565	0.0000000	0.0000000
7600.0094929	7339.9880674	7339.8102246	0.0000000	0.0000000	0.0025201	0.1887887	0.1102358	0.0000000	0.0000000
7600.0094929	7334.9888171	7334.6508105	0.0000000	0.0000000	0.0026401	0.1887144	0.1105974	0.0000000	0.0000000
7600.0094929	7329.9895667	7329.9213477	0.0000000	0.0000000	0.0038578	0.1885612	0.1108346	0.0000000	0.0000000
7600.0094929	7324.9878543	7324.7619336	0.0000000	0.0000000	0.0024010	0.1878424	0.1110048	0.0000000	0.0000000
7600.0094929	7319.9871765	7319.6025195	0.0000000	0.0000000	0.0017511	0.1883600	0.1111837	0.0000000	0.0000000
7600.0094929	7314.9893160	7314.8730566	0.0000000	0.0000000	0.0026465	0.1870190	0.1116323	0.0000000	0.0000000
7600.0094929	7309.9886382	7309.7136426	0.0000000	0.0000000	0.0019280	0.1886515	0.1120803	0.0000000	0.0000000
7600.0094929	7304.9879604	7304.6092822	0.0000000	0.0000000	0.0012440	0.1885809	0.1114359	0.0000000	0.0000000
7600.0094929	7299.9844653	7299.9348730	0.0000000	0.0000000	0.0021326	0.1885422	0.1121283	0.0000000	0.0000000
7600.0094929	7294.9894221	7294.8355176	0.0000000	0.0000000	0.0020967	0.1882963	0.1110215	0.0000000	0.0000000
7600.0094929	7289.9887443	7289.7361621	0.0000000	0.0000000	0.0017358	0.1884352	0.1127919	0.0000000	0.0000000
7600.0094929	7284.9880665	7284.6368066	0.0000000	0.0000000	0.0020181	0.1883037	0.1137904	0.0000000	0.0000000
7600.0094929	7279.9847963	7279.9623975	0.0000000	0.0000000	0.0019629	0.1878439	0.1140946	0.0000000	0.0000000
7600.0094929	7274.9841121	7274.8630420	0.0000000	0.0000000	0.0018938	0.1881729	0.1137512	0.0000000	0.0000000
7600.0094929	7269.9898432	7269.7636865	0.0000000	0.0000000	0.0018427	0.1883928	0.1141279	0.0000000	0.0000000
7600.0094929	7264.9859514	7264.6888672	0.0000000	0.0000000	0.0014259	0.1884866	0.1127760	0.0000000	0.0000000
7600.0094929	7259.9852672	7259.6483984	0.0000000	0.0000000	0.0012346	0.1878152	0.1129010	0.0000000	0.0000000
7600.0094929	7254.9845830	7254.6079297	0.0000000	0.0000000	0.0013688	0.1863949	0.1110282	0.0000000	0.0000000
7600.0094929	7249.9871065	7249.9875000	0.0000000	0.0000000	0.0013698	0.1864924	0.1105951	0.0000000	0.0000000
7600.0094929	7244.9864223	7244.9470312	0.0000000	0.0000000	0.0007787	0.1871350	0.1084058	0.0000000	0.0000000
7600.0094929	7239.9857381	7239.9065625	0.0000000	0.0000000	0.0007461	0.1875117	0.1072198	0.0000000	0.0000000
7600.0094929	7234.9850540	7234.8660937	0.0000000	0.0000000	0.0010110	0.1881848	0.1065394	0.0000000	0.0000000
7600.0094929	7229.9843698	7229.8256250	0.0000000	0.0000000	0.0006196	0.1878082	0.1046902	0.0000000	0.0000000
7600.0094929	7224.9870822	7224.7851562	0.0000000	0.0000000	0.0006261	0.1875092	0.1058558	0.0000000	0.0000000
7600.0094929	7219.9853736	7219.8026367	0.0000000	0.0000000	0.0006387	0.1880375	0.1065258	0.0000000	0.0000000
7600.0094929	7214.9869255	7214.8201172	0.0000000	0.0000000	0.0009795	0.1873964	0.1094026	0.0000000	0.0000000
7600.0094929	7209.9884774	7209.8375977	0.0000000	0.0000000	0.0014292	0.1885173	0.1101177	0.0000000	0.0000000
7600.0094929	7204.9867688	7204.8550781	0.0000000	0.0000000	0.0007937	0.1887021	0.1113040	0.0000000	0.0000000
7600.0094929	7199.9850602	7199.8725586	0.0000000	0.0000000	0.0003414	0.1881707	0.1112584	0.0000000	0.0000000
7600.0094929	7194.9866121	7194.8900391	0.0000000	0.0000000	0.0007787	0.1869207	0.1130438	0.0000000	0.0000000
7600.0094929	7189.9849035	7189.9075195	0.0000000	0.0000000	0.0006366	0.1882860	0.1128105	0.0000000	0.0000000
7600.0094929	7184.9864555	7184.9250000	0.0000000	0.0000000	0.0005094	0.1876770	0.1120570	0.0000000	0.0000000
7600.0094929	7179.9847469	7179.9804492	0.0000000	0.0000000	0.0001949	0.1871954	0.1116968	0.0000000	0.0000000
7600.0094929	7174.9862988	7174.6444189	0.0000000	0.0000000	0.0004341	0.1871958	0.1120294	0.0000000	0.0000000
7600.0094929	7169.9845902	7169.7188525	0.0000000	0.0000000	0.0002188	0.1880676	0.1090070	0.0000000	0.0000000
7600.0094929	7164.9879166	7164.7932861	0.0000000	0.0000000	0.0001428	0.1878563	0.1085510	0.0000000	0.0000000
7600.0094929	7159.9890091	7159.8677197	0.0000000	0.0000000	0.0001033	0.1872236	0.1083472	0.0000000	0.0000000
7600.0094929	7154.9901016	7154.9421533	0.0000000	0.0000000	0.0001322	0.1883434	0.1088624	0.0000000	0.0000000
7600.0094929	7149.9881863	7149.6061230	0.0000000	0.0000000	0.0001617	0.1871466	0.1096569	0.0000000	0.0000000
7600.0094929	7144.9892787	7144.6805566	0.0000000	0.0000000	0.0000769	0.1877235	0.1086467	0.0000000	0.0000000
7600.0094929	7139.9903712	7139.7829687	0.0000000	0.0000000	0.0000941	0.1890641	0.1060698	0.0000000	0.0000000
7600.0094929	7134.9884559	7134.9133594	0.0000000	0.0000000	0.0000656	0.1878180	0.1085531	0.0000000	0.0000000
7600.0094929	7129.9895484	7129.6379492	0.0000000	0.0000000	0.0001321	0.1888383	0.1088661	0.0000000	0.0000000
7600.0094929	7124.9906409	7124.7683398	0.0000000	0.0000000	0.0001422	0.1887946	0.1086621	0.0000000	0.0000000
7600.0094929	7119.9857178	7119.8987305	0.0000000	0.0000000	0.0000671	0.1882236	0.1076489	0.0000000	0.0000000
7600.0094929	7114.9843181	7114.6233203	0.0000000	0.0000000	0.0000615	0.1880137	0.1069600	0.0000000	0.0000000
7600.0094929	7109.9892513	7109.7537109	0.0000000	0.0000000	0.0000654	0.1879137	0.1078156	0.0000000	0.0000000
7600.0094929	7104.9837419	7104.8841016	0.0000000	0.0000000	0.0000740	0.1895608	0.1068495	0.0000000	0.0000000
7600.0094929	7099.9851943	7099.6316406	0.0000000	0.0000000	0.0001187	0.1880482	0.1066068	0.0000000	0.0000000
7600.0094929	7094.9831658	7094.8171094	0.0000000	0.0000000	0.0000391	0.1880358	0.1066404	0.0000000	0.0000000
7600.0094929	7089.9846182	7089.6013672	0.0000000	0.0000000	0.0000720	0.1883252	0.1070304	0.0000000	0.0000000
7600.0094929	7084.9930324	7084.7868359	0.0000000	0.0000000	0.0000182	0.1891077	0.1068665	0.0000000	0.0000000
7600.0094929	7079.9910039	7079.9723047	0.0000000	0.0000000	0.0000341	0.1880455	0.1054602	0.0000000	0.0000000
7600.0094929	7074.9924563	7074.7565625	0.0000000	0.0000000	0.0000031	0.1883777	0.1044175	0.0000000	0.0000000
7600.0094929	7069.9869469	7069.9420312	0.0000000	0.0000000	0.0000165	0.1881722	0.1031589	0.0000000	0.0000000
7600.0094929	7064.9883993	7064.7262891	0.0000000	0.0000000	0.0000164	0.1884716	0.1039097	0.0000000	0.0000000
7600.0094929	7059.9863559	7059.9297656	0.0000000	0.0000000	0.0000186	0.1886332	0.1036938	0.0000000	0.0000000
7600.0094929	7054.9841606	7054.7725488	0.0000000	0.0000000	0.0000238	0.1885635	0.1033335	0.0000000	0.0000000
7600.0094929	7049.9858703	7049.6153320	0.0000000	0.0000000	0.0000135	0.1878510	0.1031116	0.0000000	0.0000000
7600.0094929	7044.9914848	7044.8548242	0.0000000	0.0000000	0.0000116	0.1875063	0.1044272	0.0000000	0.0000000
7600.0094929	7039.9853847	7039.6976074	0.0000000	0.0000000	0.0000370	0.1878392	0.1035481	0.0000000	0.0000000
7600.0094929	7034.9831894	7034.9370996	0.0000000	0.0000000	0.0000284	0.1878893	0.1035911	0.0000000	0.0000000
7600.0094929	7029.9848990	7029.7798828	0.0000000	0.0000000	0.0000475	0.1884266	0.1040883	0.0000000	0.0000000
7600.0094929	7024.9866087	7024.6226660	0.0000000	0.0000000	0.0000088	0.1877412	0.1048552	0.0000000	0.0000000
7600.0094929	7019.9805085	7019.8843262	0.0000000	0.0000000	0.0000311	0.1879755	0.1038478	0.0000000	0.0000000
7600.0094929	7014.9861230	7014.7847461	0.0000000	0.0000000	0.0000062	0.1880231	0.1032733	0.0000000	0.0000000
7600.0094929	7009.9839278	7009.6851660	0.0000000	0.0000000	0.0000277	0.1880710	0.1035004	0.0000000	0.0000000
7600.0094929	7004.9817325	7004.9778613	0.0000000	0.0000000	0.0000068	0.1891355	0.1037670	0.0000000	0.0000000
