7354.9956862	7599.9977245	7599.5502051	0.0000000	0.0000000	0.0128981	0.1854408	0.1255969	0.0000000	7355.0000000
7354.9956862	7594.9867234	7594.9313574	0.0000000	0.0000000	0.0165793	0.1843595	0.1261252	0.0000000	0.0000000
7354.9956862	7589.9849267	7589.8506250	0.0000000	0.0000000	0.0177990	0.1852338	0.1237277	0.0000000	0.0000000
7354.9956862	7584.9897621	7584.7698926	0.0000000	0.0000000	0.0154044	0.1852629	0.1220774	0.0000000	0.0000000
7354.9956862	7579.9869519	7579.6891602	0.0000000	0.0000000	0.0199012	0.1844468	0.1257195	0.0000000	0.0000000
7354.9956862	7574.9866901	7574.6139941	0.0000000	0.0000000	0.0179697	0.1846716	0.1251185	0.0000000	0.0000000
7354.9956862	7569.9915255	7569.5944922	0.0000000	0.0000000	0.0177795	0.1840630	0.1240800	0.0000000	0.0000000
7354.9956862	7564.9861667	7564.5749902	0.0000000	0.0000000	0.0200087	0.1851814	0.1265316	0.0000000	0.0000000
7354.9956862	7559.9910021	7559.5554883	0.0000000	0.0000000	0.0201324	0.1860822	0.1280331	0.0000000	0.0000000
7354.9956862	7554.9856433	7554.9923047	0.0000000	0.0000000	0.0159528	0.1837139	0.1249791	0.0000000	0.0000000
7354.9956862	7549.9853816	7549.9728027	0.0000000	0.0000000	0.0161316	0.1859709	0.1253666	0.0000000	0.0000000
7354.9956862	7544.9851198	7544.9533008	0.0000000	0.0000000	0.0186591	0.1858353	0.1241786	0.0000000	0.0000000
7354.9956862	7539.9901987	7539.9337988	0.0000000	0.0000000	0.0234960	0.1848695	0.1261095	0.0000000	0.0000000
7354.9956862	7534.9866347	7534.9142969	0.0000000	0.0000000	0.0223827	0.1848907	0.1288461	0.0000000	0.0000000
7354.9956862	7529.9830707	7529.8947949	0.0000000	0.0000000	0.0214429	0.1850961	0.1261589	0.0000000	0.0000000
7354.9956862	7524.9853080	7524.9299316	0.0000000	0.0000000	0.0207733	0.1864482	0.1251899	0.0000000	0.0000000
7354.9956862	7520.0368557	7519.9705322	0.0000000	0.0000000	0.0216428	0.1860902	0.1261399	0.0000000	0.0000000
7354.9956862	7514.9868819	7514.5602783	0.0000000	0.0000000	0.0230427	0.1863018	0.1259597	0.0000000	0.0000000
7354.9956862	7509.9804173	7509.6008789	0.0000000	0.0000000	0.0275825	0.1854299	0.1261783	0.0000000	0.0000000
7354.9956862	7505.0261638	7504.6414795	0.0000000	0.0000000	0.0260845	0.1855031	0.1243676	0.0000000	0.0000000
7354.9956862	7500.0225998	7499.6820801	0.0000000	0.0000000	0.0281619	0.1847651	0.1242489	0.0000000	0.0000000
7354.9956862	7495.0277377	7494.7226807	0.0000000	0.0000000	0.0251198	0.1854854	0.1234821	0.0000000	0.0000000
7354.9956862	7489.9843030	7489.7632813	0.0000000	0.0000000	0.0251201	0.1848737	0.1239575	0.0000000	0.0000000
7354.9956862	7485.0356045	7484.8038818	0.0000000	0.0000000	0.0280966	0.1849569	0.1240691	0.0000000	0.0000000
7354.9956862	7479.9844604	7479.8981445	0.0000000	0.0000000	0.0249707	0.1857844	0.1243905	0.0000000	0.0000000
7354.9956862	7474.9845391	7474.9977734	0.0000000	0.0000000	0.0251195	0.1846680	0.1231639	0.0000000	0.0000000
7354.9956862	7469.9846178	7469.6519141	0.0000000	0.0000000	0.0240745	0.1850873	0.1242568	0.0000000	0.0000000
7354.9956862	7464.9846965	7464.7515430	0.0000000	0.0000000	0.0221721	0.1854943	0.1257460	0.0000000	0.0000000
7354.9956862	7459.9847751	7459.8511719	0.0000000	0.0000000	0.0222898	0.1848309	0.1263169	0.0000000	0.0000000
7354.9956862	7454.9820081	7454.9508008	0.0000000	0.0000000	0.0204498	0.1847850	0.1227439	0.0000000	0.0000000
7354.9956862	7449.9849325	7449.6049414	0.0000000	0.0000000	0.0193101	0.1860521	0.1220873	0.0000000	0.0000000
7354.9956862	7444.9850112	7444.7045703	0.0000000	0.0000000	0.0224231	0.1847787	0.1211586	0.0000000	0.0000000
7354.9956862	7439.9850899	7439.8041992	0.0000000	0.0000000	0.0219918	0.1847833	0.1197559	0.0000000	0.0000000
7354.9956862	7434.9851686	7434.9618359	0.0000000	0.0000000	0.0242749	0.1857233	0.1204084	0.0000000	0.0000000
7354.9956862	7429.9872294	7429.6792578	0.0000000	0.0000000	0.0227898	0.1858445	0.1189873	0.0000000	0.0000000
7354.9956862	7424.9918312	7424.8368945	0.0000000	0.0000000	0.0268632	0.1856040	0.1199230	0.0000000	0.0000000
7354.9956862	7419.9883932	7419.9945313	0.0000000	0.0000000	0.0233428	0.1856232	0.1182338	0.0000000	0.0000000
7354.9956862	7414.9849553	7414.7119531	0.0000000	0.0000000	0.0258107	0.1857136	0.1196597	0.0000000	0.0000000
7354.9956862	7409.9868772	7409.8695898	0.0000000	0.0000000	0.0215938	0.1855977	0.1179590	0.0000000	0.0000000
7354.9956862	7404.9861191	7404.5870117	0.0000000	0.0000000	0.0219780	0.1840225	0.1166904	0.0000000	0.0000000
7354.9956862	7399.9853611	7399.7446484	0.0000000	0.0000000	0.0209052	0.1844504	0.1164714	0.0000000	0.0000000
7354.9956862	7394.9846030	7394.9126367	0.0000000	0.0000000	0.0220634	0.1844023	0.1168756	0.0000000	0.0000000
7354.9956862	7389.9865249	7389.6921680	0.0000000	0.0000000	0.0231959	0.1859496	0.1162708	0.0000000	0.0000000
7354.9956862	7384.9857669	7384.9067383	0.0000000	0.0000000	0.0230099	0.1857024	0.1175791	0.0000000	0.0000000
7354.9956862	7379.9820701	7379.6862695	0.0000000	0.0000000	0.0241475	0.1850981	0.1145735	0.0000000	0.0000000
7354.9956862	7375.0087730	7374.9008398	0.0000000	0.0000000	0.0276091	0.1843818	0.1152521	0.0000000	0.0000000
7354.9956862	7370.0062785	7369.6803711	0.0000000	0.0000000	0.0385894	0.1845393	0.1192635	0.0000000	0.0000000
7354.9956862	7365.0070282	7364.8949414	0.0000000	0.0000000	0.0760244	0.1857981	0.1171501	0.0000000	0.0000000
7354.9956862	7360.0142662	7359.6744727	0.0000000	0.0000000	0.1354224	0.1858113	0.1153680	0.0000000	0.0000000
7354.9956862	7355.0052834	7354.8890430	0.0000000	0.0000000	0.1587369	0.1848541	0.1124554	0.0000000	0.0000000
7354.9956862	7350.0125214	7349.6991016	0.0000000	0.0000000	0.1291901	0.1858757	0.1096908	0.0000000	0.0000000
7354.9956862	7345.0067827	7344.9696387	0.0000000	0.0000000	0.0812288	0.1860149	0.1094005	0.0000000	0.0000000
7354.9956862	7340.0172648	7339.8102246	0.0000000	0.0000000	0.0393524	0.1855154	0.1088135	0.0000000	0.0000000
7354.9956862	7335.0115262	7334.6508105	0.0000000	0.0000000	0.0335471	0.1855236	0.1103329	0.0000000	0.0000000
7354.9956862	7330.0155200	7329.9213477	0.0000000	0.0000000	0.0390450	0.1839330	0.1092784	0.0000000	0.0000000
7354.9956862	7325.0216617	7324.7619336	0.0000000	0.0000000	0.0332188	0.1838473	0.1092356	0.0000000	0.0000000
7354.9956862	7319.9815420	7319.6025195	0.0000000	0.0000000	0.0326490	0.1844834	0.1110726	0.0000000	0.0000000
7354.9956862	7314.9864987	7314.8730566	0.0000000	0.0000000	0.0372078	0.1850684	0.1106332	0.0000000	0.0000000
7354.9956862	7309.9886382	7309.7136426	0.0000000	0.0000000	0.0390138	0.1850273	0.1106847	0.0000000	0.0000000
7354.9956862	7304.9851431	7304.6092822	0.0000000	0.0000000	0.0284465	0.1842953	0.1121085	0.0000000	0.0000000
7354.9956862	7299.9816481	7299.9348730	0.0000000	0.0000000	0.0349198	0.1860920	0.1132737	0.0000000	0.0000000
7354.9956862	7294.9837875	7294.8355176	0.0000000	0.0000000	0.0319315	0.1854595	0.1142770	0.0000000	0.0000000
7354.9956862	7289.9831097	7289.7361621	0.0000000	0.0000000	0.0341327	0.1858864	0.1146102	0.0000000	0.0000000
7354.9956862	7284.9852492	7284.6368066	0.0000000	0.0000000	0.0336095	0.1858519	0.1111141	0.0000000	0.0000000
7354.9956862	7279.9783810	7279.9623975	0.0000000	0.0000000	0.0349808	0.1852377	0.1090940	0.0000000	0.0000000
7354.9956862	7275.0129807	7274.8630420	0.0000000	0.0000000	0.0370208	0.1845945	0.1096548	0.0000000	0.0000000
7354.9956862	7270.0090889	7269.7636865	0.0000000	0.0000000	0.0335771	0.1846526	0.1101188	0.0000000	0.0000000
7354.9956862	7265.0084048	7264.6888672	0.0000000	0.0000000	0.0291864	0.1838033	0.1107424	0.0000000	0.0000000
7354.9956862	7260.0045130	7259.6483984	0.0000000	0.0000000	0.0284279	0.1849478	0.1097963	0.0000000	0.0000000
7354.9956862	7255.0006212	7254.6079297	0.0000000	0.0000000	0.0278838	0.1849932	0.1072642	0.0000000	0.0000000
7354.9956862	7249.9967294	7249.9875000	0.0000000	0.0000000	0.0249702	0.1856183	0.1046615	0.0000000	0.0000000
7354.9956862	7245.0056680	7244.9470313	0.0000000	0.0000000	0.0240077	0.1849086	0.1039524	0.0000000	0.0000000
7354.9956862	7240.0081915	7239.9065625	0.0000000	0.0000000	0.0189036	0.1847317	0.1016101	0.0000000	0.0000000
7354.9956862	7235.0139226	7234.8660938	0.0000000	0.0000000	0.0191185	0.1855798	0.0995743	0.0000000	0.0000000
7354.9956862	7230.0068231	7229.8256250	0.0000000	0.0000000	0.0177373	0.1861487	0.1014063	0.0000000	0.0000000
7354.9956862	7225.0066456	7224.7851563	0.0000000	0.0000000	0.0183574	0.1850140	0.1019211	0.0000000	0.0000000
7354.9956862	7220.0016764	7219.8026367	0.0000000	0.0000000	0.0210237	0.1829928	0.1035924	0.0000000	0.0000000
7354.9956862	7215.0097495	7214.8201172	0.0000000	0.0000000	0.0219337	0.1833944	0.1053929	0.0000000	0.0000000
7354.9956862	7210.0113014	7209.8375977	0.0000000	0.0000000	0.0247034	0.1832883	0.1058142	0.0000000	0.0000000
7354.9956862	7204.9998111	7204.8550781	0.0000000	0.0000000	0.0238344	0.1849659	0.1048560	0.0000000	0.0000000
7354.9956862	7200.0144053	7199.8725586	0.0000000	0.0000000	0.0220486	0.1851910	0.1061125	0.0000000	0.0000000
7354.9956862	7195.0094361	7194.8900391	0.0000000	0.0000000	0.0211193	0.1848663	0.1064927	0.0000000	0.0000000
7354.9956862	7190.0044669	7189.9075195	0.0000000	0.0000000	0.0236021	0.1854215	0.1057462	0.0000000	0.0000000
7354.9956862	7184.9994977	7184.9250000	0.0000000	0.0000000	0.0211458	0.1861047	0.1051259	0.0000000	0.0000000
7354.9956862	7180.0043103	7179.9804492	0.0000000	0.0000000	0.0145313	0.1861390	0.1036345	0.0000000	0.0000000
7354.9956862	7175.0091228	7174.6444189	0.0000000	0.0000000	0.0160314	0.1860646	0.1038169	0.0000000	0.0000000
7354.9956862	7170.0041536	7169.7188525	0.0000000	0.0000000	0.0135016	0.1875184	0.1020979	0.0000000	0.0000000
7354.9956862	7165.0270176	7164.7932861	0.0000000	0.0000000	0.0088860	0.1872279	0.1012788	0.0000000	0.0000000
7354.9956862	7160.0281100	7159.8677197	0.0000000	0.0000000	0.0073643	0.1860220	0.1030612	0.0000000	0.0000000
7354.9956862	7155.0261947	7154.9421533	0.0000000	0.0000000	0.0086692	0.1855989	0.1030387	0.0000000	0.0000000
7354.9956862	7150.0302950	7149.6061230	0.0000000	0.0000000	0.0089208	0.1853008	0.1021259	0.0000000	0.0000000
7354.9956862	7145.0283797	7144.6805566	0.0000000	0.0000000	0.0057942	0.1854402	0.1021255	0.0000000	0.0000000
7354.9956862	7140.0264644	7139.7829688	0.0000000	0.0000000	0.0046820	0.1855087	0.1047687	0.0000000	0.0000000
7354.9956862	7135.0155258	7134.9133594	0.0000000	0.0000000	0.0038632	0.1851072	0.1033104	0.0000000	0.0000000
7354.9956862	7130.0226338	7129.6379492	0.0000000	0.0000000	0.0053345	0.1849243	0.1030776	0.0000000	0.0000000
7354.9956862	7125.0237263	7124.7683398	0.0000000	0.0000000	0.0047941	0.1857113	0.1017198	0.0000000	0.0000000
7354.9956862	7120.0278266	7119.8987305	0.0000000	0.0000000	0.0027262	0.1858981	0.0991039	0.0000000	0.0000000
7354.9956862	7114.9808372	7114.6233203	0.0000000	0.0000000	0.0035813	0.1861456	0.1001292	0.0000000	0.0000000
7354.9956862	7109.9822896	7109.7537109	0.0000000	0.0000000	0.0032515	0.1845516	0.1014816	0.0000000	0.0000000
7354.9956862	7104.9802611	7104.8841016	0.0000000	0.0000000	0.0027072	0.1852711	0.1004966	0.0000000	0.0000000
7354.9956862	7099.9851943	7099.6316406	0.0000000	0.0000000	0.0022335	0.1853724	0.1021688	0.0000000	0.0000000
7354.9956862	7094.9831658	7094.8171094	0.0000000	0.0000000	0.0017700	0.1839299	0.1011934	0.0000000	0.0000000
7354.9956862	7089.9950609	7089.6013672	0.0000000	0.0000000	0.0015197	0.1847688	0.1008588	0.0000000	0.0000000
7354.9956862	7084.9895515	7084.7868359	0.0000000	0.0000000	0.0013787	0.1854486	0.1009987	0.0000000	0.0000000
7354.9956862	7079.9910039	7079.9723047	0.0000000	0.0000000	0.0009980	0.1852440	0.0988778	0.0000000	0.0000000
7354.9956862	7074.9889754	7074.7565625	0.0000000	0.0000000	0.0005519	0.1850203	0.0980950	0.0000000	0.0000000
7354.9956862	7069.9869469	7069.9420313	0.0000000	0.0000000	0.0003507	0.1850582	0.0976398	0.0000000	0.0000000
7354.9956862	7064.9988419	7064.7262891	0.0000000	0.0000000	0.0003961	0.1836957	0.0973174	0.0000000	0.0000000
7354.9956862	7059.9863559	7059.9297656	0.0000000	0.0000000	0.0003600	0.1837794	0.0988285	0.0000000	0.0000000
7354.9956862	7054.9841606	7054.7725488	0.0000000	0.0000000	0.0004189	0.1847157	0.0971232	0.0000000	0.0000000
7354.9956862	7049.9819654	7049.6153320	0.0000000	0.0000000	0.0004761	0.1833372	0.0987279	0.0000000	0.0000000
7354.9956862	7044.9875799	7044.8548242	0.0000000	0.0000000	0.0005470	0.1861301	0.0963208	0.0000000	0.0000000
7354.9956862	7039.9814797	7039.6976074	0.0000000	0.0000000	0.0006034	0.1870780	0.0978392	0.0000000	0.0000000
7354.9956862	7034.9870943	7034.9370996	0.0000000	0.0000000	0.0005748	0.1864908	0.0972172	0.0000000	0.0000000
7354.9956862	7029.9809941	7029.7798828	0.0000000	0.0000000	0.0006285	0.1841516	0.0970913	0.0000000	0.0000000
7354.9956862	7024.9827038	7024.6226660	0.0000000	0.0000000	0.0006040	0.1848053	0.0976462	0.0000000	0.0000000
7354.9956862	7019.9844134	7019.8843262	0.0000000	0.0000000	0.0005920	0.1843073	0.0998721	0.0000000	0.0000000
7354.9956862	7014.9861230	7014.7847461	0.0000000	0.0000000	0.0003541	0.1839033	0.0996343	0.0000000	0.0000000
7354.9956862	7009.9839278	7009.6851660	0.0000000	0.0000000	0.0004543	0.1831785	0.0996417	0.0000000	0.0000000
7354.9956862	7004.9817325	7004.9778613	0.0000000	0.0000000	0.0004111	0.1856613	0.0985287	0.0000000	0.0000000
