7324.9951559	7599.9977245	7599.5502051	0.0000000	0.0000000	0.0172567	0.1868809	0.1232773	0.0000000	7325.0000000
7324.9951559	7594.9867234	7594.9313574	0.0000000	0.0000000	0.0245166	0.1869890	0.1234714	0.0000000	0.0000000
7324.9951559	7589.9849267	7589.8506250	0.0000000	0.0000000	0.0227277	0.1857252	0.1231749	0.0000000	0.0000000
7324.9951559	7584.9897621	7584.7698926	0.0000000	0.0000000	0.0222471	0.1861703	0.1222233	0.0000000	0.0000000
7324.9951559	7579.9895004	7579.6891602	0.0000000	0.0000000	0.0223884	0.1867023	0.1217827	0.0000000	0.0000000
7324.9951559	7574.9866901	7574.6139941	0.0000000	0.0000000	0.0226281	0.1860376	0.1218015	0.0000000	0.0000000
7324.9951559	7569.9864284	7569.5944922	0.0000000	0.0000000	0.0242969	0.1862225	0.1233146	0.0000000	0.0000000
7324.9951559	7564.9861667	7564.5749902	0.0000000	0.0000000	0.0208931	0.1863215	0.1219017	0.0000000	0.0000000
7324.9951559	7559.9884535	7559.5554883	0.0000000	0.0000000	0.0214637	0.1859540	0.1231573	0.0000000	0.0000000
7324.9951559	7554.9881918	7554.9923047	0.0000000	0.0000000	0.0191410	0.1865535	0.1231963	0.0000000	0.0000000
7324.9951559	7549.9853816	7549.9728027	0.0000000	0.0000000	0.0209504	0.1860992	0.1240962	0.0000000	0.0000000
7324.9951559	7544.9851198	7544.9533008	0.0000000	0.0000000	0.0215800	0.1859241	0.1240162	0.0000000	0.0000000
7324.9951559	7539.9843974	7539.9337988	0.0000000	0.0000000	0.0224736	0.1858926	0.1248081	0.0000000	0.0000000
7324.9951559	7535.0272433	7534.9142969	0.0000000	0.0000000	0.0224860	0.1857938	0.1226045	0.0000000	0.0000000
7324.9951559	7529.9830707	7529.8947949	0.0000000	0.0000000	0.0242592	0.1852750	0.1226547	0.0000000	0.0000000
7324.9951559	7525.0317179	7524.9299316	0.0000000	0.0000000	0.0241754	0.1850393	0.1216188	0.0000000	0.0000000
7324.9951559	7519.9875452	7519.9705322	0.0000000	0.0000000	0.0254088	0.1858787	0.1226954	0.0000000	0.0000000
7324.9951559	7514.9839813	7514.5602783	0.0000000	0.0000000	0.0241993	0.1865345	0.1230229	0.0000000	0.0000000
7324.9951559	7509.9804173	7509.6008789	0.0000000	0.0000000	0.0255337	0.1859807	0.1233411	0.0000000	0.0000000
7324.9951559	7505.0290644	7504.6414795	0.0000000	0.0000000	0.0264888	0.1859681	0.1236329	0.0000000	0.0000000
7324.9951559	7499.9877924	7499.6820801	0.0000000	0.0000000	0.0262379	0.1850963	0.1236992	0.0000000	0.0000000
7324.9951559	7495.0393402	7494.7226807	0.0000000	0.0000000	0.0285608	0.1849847	0.1231298	0.0000000	0.0000000
7324.9951559	7490.0326801	7489.7632813	0.0000000	0.0000000	0.0334130	0.1858944	0.1234246	0.0000000	0.0000000
7324.9951559	7485.0356045	7484.8038818	0.0000000	0.0000000	0.0337263	0.1868777	0.1234182	0.0000000	0.0000000
7324.9951559	7479.9873061	7479.8981445	0.0000000	0.0000000	0.0353960	0.1848530	0.1240795	0.0000000	0.0000000
7324.9951559	7474.9845391	7474.9977734	0.0000000	0.0000000	0.0323470	0.1850057	0.1231541	0.0000000	0.0000000
7324.9951559	7469.9846178	7469.6519141	0.0000000	0.0000000	0.0271968	0.1861079	0.1222773	0.0000000	0.0000000
7324.9951559	7464.9875422	7464.7515430	0.0000000	0.0000000	0.0260173	0.1859636	0.1212545	0.0000000	0.0000000
7324.9951559	7460.0331523	7459.8511719	0.0000000	0.0000000	0.0271786	0.1857155	0.1225092	0.0000000	0.0000000
7324.9951559	7454.9820081	7454.9508008	0.0000000	0.0000000	0.0281439	0.1855106	0.1229188	0.0000000	0.0000000
7324.9951559	7449.9906240	7449.6049414	0.0000000	0.0000000	0.0275913	0.1853375	0.1236469	0.0000000	0.0000000
7324.9951559	7444.9878570	7444.7045703	0.0000000	0.0000000	0.0280520	0.1867452	0.1221449	0.0000000	0.0000000
7324.9951559	7439.9879357	7439.8041992	0.0000000	0.0000000	0.0270614	0.1853617	0.1216388	0.0000000	0.0000000
7324.9951559	7434.9851686	7434.9618359	0.0000000	0.0000000	0.0252733	0.1848264	0.1215032	0.0000000	0.0000000
7324.9951559	7429.9899093	7429.6792578	0.0000000	0.0000000	0.0246101	0.1856771	0.1188490	0.0000000	0.0000000
7324.9951559	7424.9918312	7424.8368945	0.0000000	0.0000000	0.0280015	0.1850055	0.1200157	0.0000000	0.0000000
7324.9951559	7419.9857133	7419.9945313	0.0000000	0.0000000	0.0248234	0.1858944	0.1183292	0.0000000	0.0000000
7324.9951559	7414.9849553	7414.7119531	0.0000000	0.0000000	0.0224935	0.1852441	0.1181456	0.0000000	0.0000000
7324.9951559	7409.9868772	7409.8695898	0.0000000	0.0000000	0.0215782	0.1856095	0.1171593	0.0000000	0.0000000
7324.9951559	7404.9861191	7404.5870117	0.0000000	0.0000000	0.0247634	0.1862054	0.1177754	0.0000000	0.0000000
7324.9951559	7399.9853611	7399.7446484	0.0000000	0.0000000	0.0274229	0.1858683	0.1194305	0.0000000	0.0000000
7324.9951559	7394.9846030	7394.9126367	0.0000000	0.0000000	0.0249701	0.1848528	0.1198218	0.0000000	0.0000000
7324.9951559	7389.9838450	7389.6921680	0.0000000	0.0000000	0.0261288	0.1848618	0.1189824	0.0000000	0.0000000
7324.9951559	7384.9857669	7384.9067383	0.0000000	0.0000000	0.0272350	0.1850397	0.1185145	0.0000000	0.0000000
7324.9951559	7379.9820701	7379.6862695	0.0000000	0.0000000	0.0259271	0.1851809	0.1163073	0.0000000	0.0000000
7324.9951559	7375.0087730	7374.9008398	0.0000000	0.0000000	0.0252744	0.1857483	0.1143600	0.0000000	0.0000000
7324.9951559	7370.0127668	7369.6803711	0.0000000	0.0000000	0.0278956	0.1852261	0.1139896	0.0000000	0.0000000
7324.9951559	7365.0005399	7364.8949414	0.0000000	0.0000000	0.0318245	0.1851161	0.1143091	0.0000000	0.0000000
7324.9951559	7360.0077779	7359.6744727	0.0000000	0.0000000	0.0326735	0.1854301	0.1132959	0.0000000	0.0000000
7324.9951559	7355.0085275	7354.8890430	0.0000000	0.0000000	0.0387230	0.1858119	0.1116135	0.0000000	0.0000000
7324.9951559	7350.0092772	7349.6991016	0.0000000	0.0000000	0.0380761	0.1863031	0.1114808	0.0000000	0.0000000
7324.9951559	7345.0100269	7344.9696387	0.0000000	0.0000000	0.0334419	0.1855370	0.1090027	0.0000000	0.0000000
7324.9951559	7340.0010440	7339.8102246	0.0000000	0.0000000	0.0416407	0.1843793	0.1087169	0.0000000	0.0000000
7324.9951559	7335.0050379	7334.6508105	0.0000000	0.0000000	0.0853427	0.1850023	0.1092729	0.0000000	0.0000000
7324.9951559	7330.0090317	7329.9213477	0.0000000	0.0000000	0.1458409	0.1856781	0.1089905	0.0000000	0.0000000
7324.9951559	7325.0272963	7324.7619336	0.0000000	0.0000000	0.1737158	0.1850299	0.1082264	0.0000000	0.0000000
7324.9951559	7319.9843593	7319.6025195	0.0000000	0.0000000	0.1576298	0.1857961	0.1064899	0.0000000	0.0000000
7324.9951559	7314.9864987	7314.8730566	0.0000000	0.0000000	0.1273289	0.1854720	0.1064359	0.0000000	0.0000000
7324.9951559	7309.9886382	7309.7136426	0.0000000	0.0000000	0.0821064	0.1839513	0.1073079	0.0000000	0.0000000
7324.9951559	7304.9907777	7304.6092822	0.0000000	0.0000000	0.0480231	0.1850857	0.1067870	0.0000000	0.0000000
7324.9951559	7299.9844653	7299.9348730	0.0000000	0.0000000	0.0458080	0.1849722	0.1072667	0.0000000	0.0000000
7324.9951559	7294.9837875	7294.8355176	0.0000000	0.0000000	0.0462821	0.1853541	0.1080924	0.0000000	0.0000000
7324.9951559	7289.9831097	7289.7361621	0.0000000	0.0000000	0.0511425	0.1848521	0.1103015	0.0000000	0.0000000
7324.9951559	7284.9852492	7284.6368066	0.0000000	0.0000000	0.0459954	0.1849377	0.1102672	0.0000000	0.0000000
7324.9951559	7279.9815887	7279.9623975	0.0000000	0.0000000	0.0487631	0.1842235	0.1105378	0.0000000	0.0000000
7324.9951559	7275.0033579	7274.8630420	0.0000000	0.0000000	0.0493390	0.1850350	0.1106031	0.0000000	0.0000000
7324.9951559	7270.0090889	7269.7636865	0.0000000	0.0000000	0.0410411	0.1849508	0.1084462	0.0000000	0.0000000
7324.9951559	7265.0212352	7264.6888672	0.0000000	0.0000000	0.0367046	0.1858325	0.1083876	0.0000000	0.0000000
7324.9951559	7260.0205511	7259.6483984	0.0000000	0.0000000	0.0363102	0.1847108	0.1074854	0.0000000	0.0000000
7324.9951559	7255.0038288	7254.6079297	0.0000000	0.0000000	0.0399429	0.1853528	0.1074611	0.0000000	0.0000000
7324.9951559	7250.0127675	7249.9875000	0.0000000	0.0000000	0.0416733	0.1847201	0.1070548	0.0000000	0.0000000
7324.9951559	7245.0056680	7244.9470313	0.0000000	0.0000000	0.0321018	0.1852097	0.1029381	0.0000000	0.0000000
7324.9951559	7240.0049839	7239.9065625	0.0000000	0.0000000	0.0297858	0.1857869	0.1027030	0.0000000	0.0000000
7324.9951559	7235.0171302	7234.8660938	0.0000000	0.0000000	0.0307749	0.1850856	0.1018307	0.0000000	0.0000000
7324.9951559	7230.0132384	7229.8256250	0.0000000	0.0000000	0.0286295	0.1842227	0.1030474	0.0000000	0.0000000
7324.9951559	7224.9936033	7224.7851563	0.0000000	0.0000000	0.0301182	0.1848828	0.1062000	0.0000000	0.0000000
7324.9951559	7219.9984158	7219.8026367	0.0000000	0.0000000	0.0363955	0.1850697	0.1062261	0.0000000	0.0000000
7324.9951559	7215.0064889	7214.8201172	0.0000000	0.0000000	0.0384583	0.1845488	0.1063713	0.0000000	0.0000000
7324.9951559	7210.0047803	7209.8375977	0.0000000	0.0000000	0.0435226	0.1840597	0.1063676	0.0000000	0.0000000
7324.9951559	7204.9998111	7204.8550781	0.0000000	0.0000000	0.0422046	0.1856398	0.1064857	0.0000000	0.0000000
7324.9951559	7200.0078842	7199.8725586	0.0000000	0.0000000	0.0395317	0.1850331	0.1076626	0.0000000	0.0000000
7324.9951559	7195.0094361	7194.8900391	0.0000000	0.0000000	0.0421139	0.1847004	0.1089331	0.0000000	0.0000000
7324.9951559	7190.0044669	7189.9075195	0.0000000	0.0000000	0.0472958	0.1842828	0.1094409	0.0000000	0.0000000
7324.9951559	7185.0027583	7184.9250000	0.0000000	0.0000000	0.0411016	0.1855502	0.1077177	0.0000000	0.0000000
7324.9951559	7180.0043103	7179.9804492	0.0000000	0.0000000	0.0320542	0.1851752	0.1068485	0.0000000	0.0000000
7324.9951559	7175.0026016	7174.6444189	0.0000000	0.0000000	0.0318163	0.1847487	0.1069873	0.0000000	0.0000000
7324.9951559	7170.0008930	7169.7188525	0.0000000	0.0000000	0.0292061	0.1847411	0.1059714	0.0000000	0.0000000
7324.9951559	7165.0240098	7164.7932861	0.0000000	0.0000000	0.0192681	0.1849783	0.1041398	0.0000000	0.0000000
7324.9951559	7160.0190867	7159.8677197	0.0000000	0.0000000	0.0181851	0.1838960	0.1051405	0.0000000	0.0000000
7324.9951559	7155.0141637	7154.9421533	0.0000000	0.0000000	0.0175614	0.1847197	0.1042554	0.0000000	0.0000000
7324.9951559	7150.0272872	7149.6061230	0.0000000	0.0000000	0.0193923	0.1845219	0.1034459	0.0000000	0.0000000
7324.9951559	7145.0283797	7144.6805566	0.0000000	0.0000000	0.0151652	0.1852534	0.1029690	0.0000000	0.0000000
7324.9951559	7140.0264644	7139.7829688	0.0000000	0.0000000	0.0116077	0.1850621	0.1017469	0.0000000	0.0000000
7324.9951559	7135.0155258	7134.9133594	0.0000000	0.0000000	0.0107589	0.1854211	0.1033524	0.0000000	0.0000000
7324.9951559	7130.0196261	7129.6379492	0.0000000	0.0000000	0.0142516	0.1853381	0.1040112	0.0000000	0.0000000
7324.9951559	7125.0237263	7124.7683398	0.0000000	0.0000000	0.0108762	0.1840930	0.1035892	0.0000000	0.0000000
7324.9951559	7120.0278266	7119.8987305	0.0000000	0.0000000	0.0068455	0.1840483	0.1025035	0.0000000	0.0000000
7324.9951559	7114.9843181	7114.6233203	0.0000000	0.0000000	0.0081428	0.1847921	0.1028802	0.0000000	0.0000000
7324.9951559	7109.9857704	7109.7537109	0.0000000	0.0000000	0.0078314	0.1836504	0.1030671	0.0000000	0.0000000
7324.9951559	7104.9802611	7104.8841016	0.0000000	0.0000000	0.0070577	0.1832224	0.1030198	0.0000000	0.0000000
7324.9951559	7099.9851943	7099.6316406	0.0000000	0.0000000	0.0062174	0.1849008	0.1016040	0.0000000	0.0000000
7324.9951559	7094.9831658	7094.8171094	0.0000000	0.0000000	0.0051113	0.1847180	0.1022295	0.0000000	0.0000000
7324.9951559	7089.9846182	7089.6013672	0.0000000	0.0000000	0.0045131	0.1847969	0.1014125	0.0000000	0.0000000
7324.9951559	7084.9930324	7084.7868359	0.0000000	0.0000000	0.0040999	0.1846204	0.1029045	0.0000000	0.0000000
7324.9951559	7079.9875230	7079.9723047	0.0000000	0.0000000	0.0030621	0.1844778	0.1021871	0.0000000	0.0000000
7324.9951559	7074.9889754	7074.7565625	0.0000000	0.0000000	0.0020045	0.1839476	0.1012020	0.0000000	0.0000000
7324.9951559	7069.9869469	7069.9420313	0.0000000	0.0000000	0.0015562	0.1836378	0.1001613	0.0000000	0.0000000
7324.9951559	7064.9849184	7064.7262891	0.0000000	0.0000000	0.0016228	0.1846462	0.1002889	0.0000000	0.0000000
7324.9951559	7059.9824510	7059.9297656	0.0000000	0.0000000	0.0014395	0.1850051	0.0990125	0.0000000	0.0000000
7324.9951559	7054.9841606	7054.7725488	0.0000000	0.0000000	0.0013137	0.1847426	0.0982135	0.0000000	0.0000000
7324.9951559	7049.9819654	7049.6153320	0.0000000	0.0000000	0.0017295	0.1835990	0.0982368	0.0000000	0.0000000
7324.9951559	7044.9836750	7044.8548242	0.0000000	0.0000000	0.0014240	0.1840719	0.0976884	0.0000000	0.0000000
7324.9951559	7039.9814797	7039.6976074	0.0000000	0.0000000	0.0017775	0.1843495	0.0979392	0.0000000	0.0000000
7324.9951559	7034.9831894	7034.9370996	0.0000000	0.0000000	0.0023911	0.1844431	0.0977186	0.0000000	0.0000000
7324.9951559	7029.9809941	7029.7798828	0.0000000	0.0000000	0.0022377	0.1844171	0.0993446	0.0000000	0.0000000
7324.9951559	7024.9827038	7024.6226660	0.0000000	0.0000000	0.0022222	0.1848683	0.0994415	0.0000000	0.0000000
7324.9951559	7019.9805085	7019.8843262	0.0000000	0.0000000	0.0018820	0.1848571	0.0986323	0.0000000	0.0000000
7324.9951559	7014.9822181	7014.7847461	0.0000000	0.0000000	0.0019614	0.1840413	0.0995011	0.0000000	0.0000000
7324.9951559	7009.9878327	7009.6851660	0.0000000	0.0000000	0.0015763	0.1832981	0.1003533	0.0000000	0.0000000
7324.9951559	7004.9817325	7004.9778613	0.0000000	0.0000000	0.0014290	0.1837321	0.0984065	0.0000000	0.0000000
