7439.9932600	7600.0002163	7599.5502051	0.0000000	0.0000000	0.0069119	0.1931981	0.1242396	0.0000000	7440.0000000
7439.9932600	7594.9867234	7594.9313574	0.0000000	0.0000000	0.0082537	0.1926901	0.1235476	0.0000000	0.0000000
7439.9932600	7589.9874753	7589.8506250	0.0000000	0.0000000	0.0101577	0.1923109	0.1238108	0.0000000	0.0000000
7439.9932600	7584.9923107	7584.7698926	0.0000000	0.0000000	0.0088525	0.1925674	0.1243193	0.0000000	0.0000000
7439.9932600	7579.9920490	7579.6891602	0.0000000	0.0000000	0.0108177	0.1925276	0.1224442	0.0000000	0.0000000
7439.9932600	7574.9866901	7574.6139941	0.0000000	0.0000000	0.0103425	0.1930078	0.1242583	0.0000000	0.0000000
7439.9932600	7569.9889770	7569.5944922	0.0000000	0.0000000	0.0088212	0.1928489	0.1234371	0.0000000	0.0000000
7439.9932600	7564.9912638	7564.5749902	0.0000000	0.0000000	0.0086346	0.1911432	0.1240487	0.0000000	0.0000000
7439.9932600	7559.9910021	7559.5554883	0.0000000	0.0000000	0.0097686	0.1925808	0.1242126	0.0000000	0.0000000
7439.9932600	7554.9881918	7554.9923047	0.0000000	0.0000000	0.0100249	0.1916096	0.1236863	0.0000000	0.0000000
7439.9932600	7549.9853816	7549.9728027	0.0000000	0.0000000	0.0100822	0.1912509	0.1240822	0.0000000	0.0000000
7439.9932600	7544.9851198	7544.9533008	0.0000000	0.0000000	0.0099102	0.1918928	0.1246602	0.0000000	0.0000000
7439.9932600	7539.9872981	7539.9337988	0.0000000	0.0000000	0.0108317	0.1925499	0.1246519	0.0000000	0.0000000
7439.9932600	7534.9837341	7534.9142969	0.0000000	0.0000000	0.0111150	0.1917944	0.1244260	0.0000000	0.0000000
7439.9932600	7529.9830707	7529.8947949	0.0000000	0.0000000	0.0113318	0.1923739	0.1236708	0.0000000	0.0000000
7439.9932600	7524.9853080	7524.9299316	0.0000000	0.0000000	0.0116713	0.1930447	0.1246649	0.0000000	0.0000000
7439.9932600	7519.9875452	7519.9705322	0.0000000	0.0000000	0.0117545	0.1930397	0.1238374	0.0000000	0.0000000
7439.9932600	7514.9897825	7514.5602783	0.0000000	0.0000000	0.0108524	0.1938156	0.1228293	0.0000000	0.0000000
7439.9932600	7509.9833179	7509.6008789	0.0000000	0.0000000	0.0123857	0.1931863	0.1235825	0.0000000	0.0000000
7439.9932600	7504.9826546	7504.6414795	0.0000000	0.0000000	0.0104484	0.1938892	0.1223556	0.0000000	0.0000000
7439.9932600	7499.9877924	7499.6820801	0.0000000	0.0000000	0.0117550	0.1928481	0.1234894	0.0000000	0.0000000
7439.9932600	7494.9900297	7494.7226807	0.0000000	0.0000000	0.0105524	0.1918223	0.1234905	0.0000000	0.0000000
7439.9932600	7489.9843030	7489.7632813	0.0000000	0.0000000	0.0099288	0.1924912	0.1234370	0.0000000	0.0000000
7439.9932600	7484.9900731	7484.8038818	0.0000000	0.0000000	0.0105358	0.1942019	0.1234750	0.0000000	0.0000000
7439.9932600	7479.9901518	7479.8981445	0.0000000	0.0000000	0.0100774	0.1922914	0.1240587	0.0000000	0.0000000
7439.9932600	7474.9845391	7474.9977734	0.0000000	0.0000000	0.0080765	0.1923373	0.1235748	0.0000000	0.0000000
7439.9932600	7469.9846178	7469.6519141	0.0000000	0.0000000	0.0060658	0.1914098	0.1244611	0.0000000	0.0000000
7439.9932600	7464.9875422	7464.7515430	0.0000000	0.0000000	0.0052133	0.1919136	0.1237977	0.0000000	0.0000000
7439.9932600	7459.9876209	7459.8511719	0.0000000	0.0000000	0.0083179	0.1928684	0.1249115	0.0000000	0.0000000
7439.9932600	7454.9820081	7454.9508008	0.0000000	0.0000000	0.0148538	0.1925958	0.1239458	0.0000000	0.0000000
7439.9932600	7449.9877783	7449.6049414	0.0000000	0.0000000	0.0431497	0.1923430	0.1235992	0.0000000	0.0000000
7439.9932600	7444.9878570	7444.7045703	0.0000000	0.0000000	0.0803923	0.1935411	0.1236135	0.0000000	0.0000000
7439.9932600	7439.9850899	7439.8041992	0.0000000	0.0000000	0.1008801	0.1936807	0.1233818	0.0000000	0.0000000
7439.9932600	7434.9851686	7434.9618359	0.0000000	0.0000000	0.0753040	0.1920541	0.1227632	0.0000000	0.0000000
7439.9932600	7429.9872294	7429.6792578	0.0000000	0.0000000	0.0349465	0.1935217	0.1226024	0.0000000	0.0000000
7439.9932600	7424.9864714	7424.8368945	0.0000000	0.0000000	0.0136248	0.1937695	0.1223063	0.0000000	0.0000000
7439.9932600	7419.9857133	7419.9945313	0.0000000	0.0000000	0.0091144	0.1932590	0.1213381	0.0000000	0.0000000
7439.9932600	7414.9849553	7414.7119531	0.0000000	0.0000000	0.0071124	0.1934762	0.1203315	0.0000000	0.0000000
7439.9932600	7409.9868772	7409.8695898	0.0000000	0.0000000	0.0077722	0.1933726	0.1200504	0.0000000	0.0000000
7439.9932600	7404.9861191	7404.5870117	0.0000000	0.0000000	0.0050358	0.1929393	0.1203464	0.0000000	0.0000000
7439.9932600	7399.9880410	7399.7446484	0.0000000	0.0000000	0.0064647	0.1932346	0.1181859	0.0000000	0.0000000
7439.9932600	7394.9872830	7394.9126367	0.0000000	0.0000000	0.0054159	0.1932455	0.1189246	0.0000000	0.0000000
7439.9932600	7389.9865249	7389.6921680	0.0000000	0.0000000	0.0066487	0.1933251	0.1191672	0.0000000	0.0000000
7439.9932600	7384.9884468	7384.9067383	0.0000000	0.0000000	0.0057209	0.1932157	0.1170487	0.0000000	0.0000000
7439.9932600	7379.9820701	7379.6862695	0.0000000	0.0000000	0.0064045	0.1931017	0.1172565	0.0000000	0.0000000
7439.9932600	7374.9860639	7374.9008398	0.0000000	0.0000000	0.0052965	0.1930126	0.1146952	0.0000000	0.0000000
7439.9932600	7369.9835694	7369.6803711	0.0000000	0.0000000	0.0056702	0.1925255	0.1157570	0.0000000	0.0000000
7439.9932600	7364.9810749	7364.8949414	0.0000000	0.0000000	0.0067572	0.1926954	0.1146647	0.0000000	0.0000000
7439.9932600	7359.9883129	7359.6744727	0.0000000	0.0000000	0.0063802	0.1923422	0.1143173	0.0000000	0.0000000
7439.9932600	7354.9890626	7354.8890430	0.0000000	0.0000000	0.0078593	0.1923373	0.1141235	0.0000000	0.0000000
7439.9932600	7349.9865681	7349.6991016	0.0000000	0.0000000	0.0067743	0.1935635	0.1108944	0.0000000	0.0000000
7439.9932600	7344.9840736	7344.9696387	0.0000000	0.0000000	0.0057894	0.1931727	0.1096720	0.0000000	0.0000000
7439.9932600	7339.9848232	7339.8102246	0.0000000	0.0000000	0.0042745	0.1931664	0.1081418	0.0000000	0.0000000
7439.9932600	7334.9855729	7334.6508105	0.0000000	0.0000000	0.0051309	0.1928280	0.1076754	0.0000000	0.0000000
7439.9932600	7329.9863226	7329.9213477	0.0000000	0.0000000	0.0081056	0.1924093	0.1078678	0.0000000	0.0000000
7439.9932600	7324.9878543	7324.7619336	0.0000000	0.0000000	0.0066715	0.1925366	0.1072518	0.0000000	0.0000000
7439.9932600	7319.9871765	7319.6025195	0.0000000	0.0000000	0.0072046	0.1931270	0.1081112	0.0000000	0.0000000
7439.9932600	7314.9864987	7314.8730566	0.0000000	0.0000000	0.0093152	0.1936420	0.1090686	0.0000000	0.0000000
7439.9932600	7309.9886382	7309.7136426	0.0000000	0.0000000	0.0077985	0.1932148	0.1077832	0.0000000	0.0000000
7439.9932600	7304.9879604	7304.6092822	0.0000000	0.0000000	0.0061637	0.1931017	0.1078505	0.0000000	0.0000000
7439.9932600	7299.9872826	7299.9348730	0.0000000	0.0000000	0.0078422	0.1947158	0.1081584	0.0000000	0.0000000
7439.9932600	7294.9837875	7294.8355176	0.0000000	0.0000000	0.0075977	0.1931991	0.1077017	0.0000000	0.0000000
7439.9932600	7289.9859270	7289.7361621	0.0000000	0.0000000	0.0063422	0.1933572	0.1090366	0.0000000	0.0000000
7439.9932600	7284.9824319	7284.6368066	0.0000000	0.0000000	0.0068131	0.1922998	0.1088252	0.0000000	0.0000000
7439.9932600	7279.9783810	7279.9623975	0.0000000	0.0000000	0.0074557	0.1940090	0.1103202	0.0000000	0.0000000
7439.9932600	7274.9809045	7274.8630420	0.0000000	0.0000000	0.0076895	0.1928833	0.1097601	0.0000000	0.0000000
7439.9932600	7269.9834279	7269.7636865	0.0000000	0.0000000	0.0074436	0.1927633	0.1102688	0.0000000	0.0000000
7439.9932600	7264.9827438	7264.6888672	0.0000000	0.0000000	0.0064298	0.1936582	0.1100095	0.0000000	0.0000000
7439.9932600	7259.9820596	7259.6483984	0.0000000	0.0000000	0.0058188	0.1930995	0.1100194	0.0000000	0.0000000
7439.9932600	7254.9845830	7254.6079297	0.0000000	0.0000000	0.0053510	0.1932317	0.1090757	0.0000000	0.0000000
7439.9932600	7249.9838989	7249.9875000	0.0000000	0.0000000	0.0047167	0.1932521	0.1072340	0.0000000	0.0000000
7439.9932600	7244.9832147	7244.9470313	0.0000000	0.0000000	0.0039987	0.1931404	0.1065206	0.0000000	0.0000000
7439.9932600	7239.9857381	7239.9065625	0.0000000	0.0000000	0.0029565	0.1931156	0.1040297	0.0000000	0.0000000
7439.9932600	7234.9818463	7234.8660938	0.0000000	0.0000000	0.0029935	0.1932201	0.1029158	0.0000000	0.0000000
7439.9932600	7229.9811622	7229.8256250	0.0000000	0.0000000	0.0024689	0.1933458	0.1028215	0.0000000	0.0000000
7439.9932600	7224.9838216	7224.7851563	0.0000000	0.0000000	0.0022513	0.1928949	0.1020151	0.0000000	0.0000000
7439.9932600	7219.9853736	7219.8026367	0.0000000	0.0000000	0.0026926	0.1929622	0.1044016	0.0000000	0.0000000
7439.9932600	7214.9869255	7214.8201172	0.0000000	0.0000000	0.0031200	0.1930604	0.1070120	0.0000000	0.0000000
7439.9932600	7209.9852169	7209.8375977	0.0000000	0.0000000	0.0031610	0.1933544	0.1085320	0.0000000	0.0000000
7439.9932600	7204.9867688	7204.8550781	0.0000000	0.0000000	0.0037897	0.1927988	0.1080341	0.0000000	0.0000000
7439.9932600	7199.9850602	7199.8725586	0.0000000	0.0000000	0.0025542	0.1931754	0.1074662	0.0000000	0.0000000
7439.9932600	7194.9866121	7194.8900391	0.0000000	0.0000000	0.0029548	0.1927833	0.1080779	0.0000000	0.0000000
7439.9932600	7189.9849035	7189.9075195	0.0000000	0.0000000	0.0039437	0.1931481	0.1090862	0.0000000	0.0000000
7439.9932600	7184.9864555	7184.9250000	0.0000000	0.0000000	0.0027252	0.1930695	0.1085836	0.0000000	0.0000000
7439.9932600	7179.9814863	7179.9804492	0.0000000	0.0000000	0.0018813	0.1930320	0.1080222	0.0000000	0.0000000
7439.9932600	7174.9862988	7174.6444189	0.0000000	0.0000000	0.0021620	0.1924022	0.1072294	0.0000000	0.0000000
7439.9932600	7169.9845902	7169.7188525	0.0000000	0.0000000	0.0018633	0.1912668	0.1079774	0.0000000	0.0000000
7439.9932600	7164.9879166	7164.7932861	0.0000000	0.0000000	0.0010046	0.1928939	0.1058794	0.0000000	0.0000000
7439.9932600	7159.9890091	7159.8677197	0.0000000	0.0000000	0.0009117	0.1920455	0.1047957	0.0000000	0.0000000
7439.9932600	7154.9840860	7154.9421533	0.0000000	0.0000000	0.0010967	0.1926028	0.1065199	0.0000000	0.0000000
7439.9932600	7149.9851785	7149.6061230	0.0000000	0.0000000	0.0011990	0.1930770	0.1061206	0.0000000	0.0000000
7439.9932600	7144.9892787	7144.6805566	0.0000000	0.0000000	0.0007555	0.1928666	0.1039796	0.0000000	0.0000000
7439.9932600	7139.9873635	7139.7829688	0.0000000	0.0000000	0.0004966	0.1925400	0.1034814	0.0000000	0.0000000
7439.9932600	7134.9854482	7134.9133594	0.0000000	0.0000000	0.0005980	0.1933436	0.1046119	0.0000000	0.0000000
7439.9932600	7129.9865407	7129.6379492	0.0000000	0.0000000	0.0008824	0.1940557	0.1060142	0.0000000	0.0000000
7439.9932600	7124.9906409	7124.7683398	0.0000000	0.0000000	0.0006160	0.1921694	0.1049926	0.0000000	0.0000000
7439.9932600	7119.9827101	7119.8987305	0.0000000	0.0000000	0.0004373	0.1914918	0.1052314	0.0000000	0.0000000
7439.9932600	7114.9843181	7114.6233203	0.0000000	0.0000000	0.0003905	0.1922305	0.1037028	0.0000000	0.0000000
7439.9932600	7109.9857704	7109.7537109	0.0000000	0.0000000	0.0004946	0.1924963	0.1037153	0.0000000	0.0000000
7439.9932600	7104.9837419	7104.8841016	0.0000000	0.0000000	0.0004052	0.1929556	0.1028414	0.0000000	0.0000000
7439.9932600	7099.9817134	7099.6316406	0.0000000	0.0000000	0.0004518	0.1922489	0.1043472	0.0000000	0.0000000
7439.9932600	7094.9831658	7094.8171094	0.0000000	0.0000000	0.0002522	0.1924487	0.1020918	0.0000000	0.0000000
7439.9932600	7089.9846182	7089.6013672	0.0000000	0.0000000	0.0002804	0.1916062	0.1035291	0.0000000	0.0000000
7439.9932600	7084.9860706	7084.7868359	0.0000000	0.0000000	0.0002418	0.1912142	0.1030364	0.0000000	0.0000000
7439.9932600	7079.9875230	7079.9723047	0.0000000	0.0000000	0.0001821	0.1927666	0.1007791	0.0000000	0.0000000
7439.9932600	7074.9889754	7074.7565625	0.0000000	0.0000000	0.0001205	0.1929628	0.1005754	0.0000000	0.0000000
7439.9932600	7069.9869469	7069.9420313	0.0000000	0.0000000	0.0000847	0.1930850	0.0990173	0.0000000	0.0000000
7439.9932600	7064.9883993	7064.7262891	0.0000000	0.0000000	0.0001089	0.1928038	0.1008057	0.0000000	0.0000000
7439.9932600	7059.9863559	7059.9297656	0.0000000	0.0000000	0.0000957	0.1934327	0.0990239	0.0000000	0.0000000
7439.9932600	7054.9841606	7054.7725488	0.0000000	0.0000000	0.0001230	0.1936938	0.0986249	0.0000000	0.0000000
7439.9932600	7049.9819654	7049.6153320	0.0000000	0.0000000	0.0000938	0.1920122	0.0996392	0.0000000	0.0000000
7439.9932600	7044.9875799	7044.8548242	0.0000000	0.0000000	0.0001445	0.1922109	0.0993840	0.0000000	0.0000000
7439.9932600	7039.9814797	7039.6976074	0.0000000	0.0000000	0.0001533	0.1927325	0.0995381	0.0000000	0.0000000
7439.9932600	7034.9831894	7034.9370996	0.0000000	0.0000000	0.0001062	0.1932627	0.1000955	0.0000000	0.0000000
7439.9932600	7029.9809941	7029.7798828	0.0000000	0.0000000	0.0001674	0.1928682	0.1007173	0.0000000	0.0000000
7439.9932600	7024.9827038	7024.6226660	0.0000000	0.0000000	0.0001104	0.1925142	0.1008884	0.0000000	0.0000000
7439.9932600	7019.9805085	7019.8843262	0.0000000	0.0000000	0.0000981	0.1939490	0.0995837	0.0000000	0.0000000
7439.9932600	7014.9861230	7014.7847461	0.0000000	0.0000000	0.0001479	0.1943276	0.1001263	0.0000000	0.0000000
7439.9932600	7009.9839278	7009.6851660	0.0000000	0.0000000	0.0000826	0.1928792	0.1004545	0.0000000	0.0000000
7439.9932600	7004.9817325	7004.9778613	0.0000000	0.0000000	0.0001058	0.1933469	0.1017471	0.0000000	0.0000000
