7574.9995173	7599.9977245	7599.5502051	0.0000000	0.0000000	0.0098671	0.1813485	0.1265646	0.0000000	7575.0000000
7574.9995173	7594.9867234	7594.9313574	0.0000000	0.0000000	0.0123370	0.1805399	0.1261765	0.0000000	0.0000000
7574.9995173	7589.9849267	7589.8506250	0.0000000	0.0000000	0.0173997	0.1812539	0.1248414	0.0000000	0.0000000
7574.9995173	7584.9923107	7584.7698926	0.0000000	0.0000000	0.0491946	0.1813711	0.1258715	0.0000000	0.0000000
7574.9995173	7579.9895004	7579.6891602	0.0000000	0.0000000	0.0772848	0.1812687	0.1257014	0.0000000	0.0000000
7574.9995173	7574.9866901	7574.6139941	0.0000000	0.0000000	0.0899418	0.1801271	0.1262726	0.0000000	0.0000000
7574.9995173	7569.9864284	7569.5944922	0.0000000	0.0000000	0.0751680	0.1811705	0.1251439	0.0000000	0.0000000
7574.9995173	7564.9887153	7564.5749902	0.0000000	0.0000000	0.0416226	0.1803939	0.1261722	0.0000000	0.0000000
7574.9995173	7559.9910021	7559.5554883	0.0000000	0.0000000	0.0216411	0.1804971	0.1261213	0.0000000	0.0000000
7574.9995173	7554.9881918	7554.9923047	0.0000000	0.0000000	0.0144023	0.1803457	0.1255377	0.0000000	0.0000000
7574.9995173	7549.9853816	7549.9728027	0.0000000	0.0000000	0.0136740	0.1805719	0.1270892	0.0000000	0.0000000
7574.9995173	7544.9851198	7544.9533008	0.0000000	0.0000000	0.0155095	0.1808461	0.1263005	0.0000000	0.0000000
7574.9995173	7539.9872981	7539.9337988	0.0000000	0.0000000	0.0152743	0.1810085	0.1246868	0.0000000	0.0000000
7574.9995173	7534.9866347	7534.9142969	0.0000000	0.0000000	0.0182625	0.1811833	0.1264237	0.0000000	0.0000000
7574.9995173	7529.9830707	7529.8947949	0.0000000	0.0000000	0.0191675	0.1805500	0.1258793	0.0000000	0.0000000
7574.9995173	7524.9853080	7524.9299316	0.0000000	0.0000000	0.0204182	0.1811643	0.1258051	0.0000000	0.0000000
7574.9995173	7519.9875452	7519.9705322	0.0000000	0.0000000	0.0229020	0.1807903	0.1263801	0.0000000	0.0000000
7574.9995173	7514.9868819	7514.5602783	0.0000000	0.0000000	0.0214966	0.1817383	0.1240623	0.0000000	0.0000000
7574.9995173	7509.9862185	7509.6008789	0.0000000	0.0000000	0.0212694	0.1808300	0.1240375	0.0000000	0.0000000
7574.9995173	7504.9855552	7504.6414795	0.0000000	0.0000000	0.0220336	0.1812421	0.1244293	0.0000000	0.0000000
7574.9995173	7499.9877924	7499.6820801	0.0000000	0.0000000	0.0227335	0.1813999	0.1245106	0.0000000	0.0000000
7574.9995173	7494.9842285	7494.7226807	0.0000000	0.0000000	0.0237866	0.1807136	0.1252640	0.0000000	0.0000000
7574.9995173	7489.9843030	7489.7632813	0.0000000	0.0000000	0.0231832	0.1807792	0.1252310	0.0000000	0.0000000
7574.9995173	7484.9872274	7484.8038818	0.0000000	0.0000000	0.0301327	0.1805691	0.1264559	0.0000000	0.0000000
7574.9995173	7479.9873061	7479.8981445	0.0000000	0.0000000	0.0213237	0.1807216	0.1261775	0.0000000	0.0000000
7574.9995173	7474.9845391	7474.9977734	0.0000000	0.0000000	0.0200385	0.1801086	0.1264363	0.0000000	0.0000000
7574.9995173	7469.9874635	7469.6519141	0.0000000	0.0000000	0.0163992	0.1798055	0.1261680	0.0000000	0.0000000
7574.9995173	7464.9875422	7464.7515430	0.0000000	0.0000000	0.0142521	0.1808573	0.1236135	0.0000000	0.0000000
7574.9995173	7459.9876209	7459.8511719	0.0000000	0.0000000	0.0161868	0.1802345	0.1247238	0.0000000	0.0000000
7574.9995173	7454.9848538	7454.9508008	0.0000000	0.0000000	0.0148402	0.1807604	0.1260736	0.0000000	0.0000000
7574.9995173	7449.9849325	7449.6049414	0.0000000	0.0000000	0.0129478	0.1809658	0.1247773	0.0000000	0.0000000
7574.9995173	7444.9878570	7444.7045703	0.0000000	0.0000000	0.0168860	0.1813392	0.1242579	0.0000000	0.0000000
7574.9995173	7439.9850899	7439.8041992	0.0000000	0.0000000	0.0194447	0.1801777	0.1238584	0.0000000	0.0000000
7574.9995173	7434.9851686	7434.9618359	0.0000000	0.0000000	0.0152203	0.1804774	0.1238951	0.0000000	0.0000000
7574.9995173	7429.9872294	7429.6792578	0.0000000	0.0000000	0.0164005	0.1816360	0.1231621	0.0000000	0.0000000
7574.9995173	7424.9891513	7424.8368945	0.0000000	0.0000000	0.0153315	0.1807660	0.1232726	0.0000000	0.0000000
7574.9995173	7419.9883932	7419.9945313	0.0000000	0.0000000	0.0145026	0.1810273	0.1228773	0.0000000	0.0000000
7574.9995173	7414.9849553	7414.7119531	0.0000000	0.0000000	0.0119000	0.1803955	0.1220612	0.0000000	0.0000000
7574.9995173	7409.9868772	7409.8695898	0.0000000	0.0000000	0.0156780	0.1811320	0.1220111	0.0000000	0.0000000
7574.9995173	7404.9861191	7404.5870117	0.0000000	0.0000000	0.0143235	0.1793459	0.1220283	0.0000000	0.0000000
7574.9995173	7399.9853611	7399.7446484	0.0000000	0.0000000	0.0124301	0.1804164	0.1210190	0.0000000	0.0000000
7574.9995173	7394.9872830	7394.9126367	0.0000000	0.0000000	0.0114973	0.1806831	0.1203452	0.0000000	0.0000000
7574.9995173	7389.9865249	7389.6921680	0.0000000	0.0000000	0.0119746	0.1804612	0.1199691	0.0000000	0.0000000
7574.9995173	7384.9857669	7384.9067383	0.0000000	0.0000000	0.0109515	0.1811829	0.1184368	0.0000000	0.0000000
7574.9995173	7379.9853142	7379.6862695	0.0000000	0.0000000	0.0102452	0.1808916	0.1166979	0.0000000	0.0000000
7574.9995173	7374.9860639	7374.9008398	0.0000000	0.0000000	0.0099100	0.1825167	0.1168693	0.0000000	0.0000000
7574.9995173	7369.9933019	7369.6803711	0.0000000	0.0000000	0.0099576	0.1815123	0.1153011	0.0000000	0.0000000
7574.9995173	7364.9843191	7364.8949414	0.0000000	0.0000000	0.0096860	0.1808395	0.1139493	0.0000000	0.0000000
7574.9995173	7359.9850687	7359.6744727	0.0000000	0.0000000	0.0110542	0.1806029	0.1146481	0.0000000	0.0000000
7574.9995173	7354.9890626	7354.8890430	0.0000000	0.0000000	0.0120942	0.1802516	0.1133605	0.0000000	0.0000000
7574.9995173	7349.9865681	7349.6991016	0.0000000	0.0000000	0.0431945	0.1809471	0.1113711	0.0000000	0.0000000
7574.9995173	7344.9840736	7344.9696387	0.0000000	0.0000000	0.0085381	0.1808877	0.1093000	0.0000000	0.0000000
7574.9995173	7339.9848232	7339.8102246	0.0000000	0.0000000	0.0064502	0.1800161	0.1091954	0.0000000	0.0000000
7574.9995173	7334.9855729	7334.6508105	0.0000000	0.0000000	0.0087341	0.1807002	0.1094187	0.0000000	0.0000000
7574.9995173	7329.9863226	7329.9213477	0.0000000	0.0000000	0.0100249	0.1808976	0.1091710	0.0000000	0.0000000
7574.9995173	7324.9878543	7324.7619336	0.0000000	0.0000000	0.0087340	0.1794957	0.1100275	0.0000000	0.0000000
7574.9995173	7319.9871765	7319.6025195	0.0000000	0.0000000	0.0062070	0.1808425	0.1097565	0.0000000	0.0000000
7574.9995173	7314.9864987	7314.8730566	0.0000000	0.0000000	0.0088315	0.1812747	0.1102175	0.0000000	0.0000000
7574.9995173	7309.9886382	7309.7136426	0.0000000	0.0000000	0.0058663	0.1813275	0.1093795	0.0000000	0.0000000
7574.9995173	7304.9879604	7304.6092822	0.0000000	0.0000000	0.0049338	0.1812958	0.1095981	0.0000000	0.0000000
7574.9995173	7299.9844653	7299.9348730	0.0000000	0.0000000	0.0063802	0.1802047	0.1094214	0.0000000	0.0000000
7574.9995173	7294.9837875	7294.8355176	0.0000000	0.0000000	0.0078879	0.1802542	0.1106570	0.0000000	0.0000000
7574.9995173	7289.9859270	7289.7361621	0.0000000	0.0000000	0.0083336	0.1814602	0.1105820	0.0000000	0.0000000
7574.9995173	7284.9852492	7284.6368066	0.0000000	0.0000000	0.0045544	0.1800902	0.1101945	0.0000000	0.0000000
7574.9995173	7279.9880039	7279.9623975	0.0000000	0.0000000	0.0057083	0.1797135	0.1103726	0.0000000	0.0000000
7574.9995173	7274.9809045	7274.8630420	0.0000000	0.0000000	0.0073459	0.1800800	0.1127334	0.0000000	0.0000000
7574.9995173	7269.9834279	7269.7636865	0.0000000	0.0000000	0.0050070	0.1798181	0.1122780	0.0000000	0.0000000
7574.9995173	7264.9859514	7264.6888672	0.0000000	0.0000000	0.0051696	0.1812571	0.1108125	0.0000000	0.0000000
7574.9995173	7259.9820596	7259.6483984	0.0000000	0.0000000	0.0032412	0.1815435	0.1099240	0.0000000	0.0000000
7574.9995173	7254.9845830	7254.6079297	0.0000000	0.0000000	0.0037490	0.1815106	0.1099718	0.0000000	0.0000000
7574.9995173	7249.9871065	7249.9875000	0.0000000	0.0000000	0.0025785	0.1807357	0.1075054	0.0000000	0.0000000
7574.9995173	7244.9864223	7244.9470313	0.0000000	0.0000000	0.0022051	0.1810696	0.1051372	0.0000000	0.0000000
7574.9995173	7239.9857381	7239.9065625	0.0000000	0.0000000	0.0017029	0.1810566	0.1043374	0.0000000	0.0000000
7574.9995173	7234.9818463	7234.8660938	0.0000000	0.0000000	0.0012887	0.1810922	0.1028815	0.0000000	0.0000000
7574.9995173	7229.9811622	7229.8256250	0.0000000	0.0000000	0.0011932	0.1821505	0.1026073	0.0000000	0.0000000
7574.9995173	7224.9838216	7224.7851563	0.0000000	0.0000000	0.0010775	0.1815621	0.1035002	0.0000000	0.0000000
7574.9995173	7219.9853736	7219.8026367	0.0000000	0.0000000	0.0015355	0.1814313	0.1067031	0.0000000	0.0000000
7574.9995173	7214.9836649	7214.8201172	0.0000000	0.0000000	0.0019298	0.1804972	0.1079465	0.0000000	0.0000000
7574.9995173	7209.9852169	7209.8375977	0.0000000	0.0000000	0.0025399	0.1813347	0.1100437	0.0000000	0.0000000
7574.9995173	7204.9867688	7204.8550781	0.0000000	0.0000000	0.0044742	0.1820253	0.1087787	0.0000000	0.0000000
7574.9995173	7199.9850602	7199.8725586	0.0000000	0.0000000	0.0011246	0.1814989	0.1083677	0.0000000	0.0000000
7574.9995173	7194.9866121	7194.8900391	0.0000000	0.0000000	0.0011890	0.1817456	0.1100941	0.0000000	0.0000000
7574.9995173	7189.9849035	7189.9075195	0.0000000	0.0000000	0.0016549	0.1816855	0.1099799	0.0000000	0.0000000
7574.9995173	7184.9831949	7184.9250000	0.0000000	0.0000000	0.0014609	0.1814055	0.1130078	0.0000000	0.0000000
7574.9995173	7179.9814863	7179.9804492	0.0000000	0.0000000	0.0010216	0.1812020	0.1110574	0.0000000	0.0000000
7574.9995173	7174.9862988	7174.6444189	0.0000000	0.0000000	0.0012291	0.1811720	0.1092572	0.0000000	0.0000000
7574.9995173	7169.9845902	7169.7188525	0.0000000	0.0000000	0.0007260	0.1815414	0.1079988	0.0000000	0.0000000
7574.9995173	7164.9879166	7164.7932861	0.0000000	0.0000000	0.0004039	0.1812640	0.1067698	0.0000000	0.0000000
7574.9995173	7159.9890091	7159.8677197	0.0000000	0.0000000	0.0004344	0.1812847	0.1076892	0.0000000	0.0000000
7574.9995173	7154.9870938	7154.9421533	0.0000000	0.0000000	0.0003748	0.1811292	0.1101896	0.0000000	0.0000000
7574.9995173	7149.9851785	7149.6061230	0.0000000	0.0000000	0.0003792	0.1806929	0.1094934	0.0000000	0.0000000
7574.9995173	7144.9862710	7144.6805566	0.0000000	0.0000000	0.0002543	0.1811907	0.1085247	0.0000000	0.0000000
7574.9995173	7139.9873635	7139.7829688	0.0000000	0.0000000	0.0002308	0.1809962	0.1077584	0.0000000	0.0000000
7574.9995173	7134.9854482	7134.9133594	0.0000000	0.0000000	0.0001207	0.1812339	0.1090508	0.0000000	0.0000000
7574.9995173	7129.9895484	7129.6379492	0.0000000	0.0000000	0.0003215	0.1816769	0.1086464	0.0000000	0.0000000
7574.9995173	7124.9876331	7124.7683398	0.0000000	0.0000000	0.0002069	0.1815562	0.1067067	0.0000000	0.0000000
7574.9995173	7119.9857178	7119.8987305	0.0000000	0.0000000	0.0002345	0.1805988	0.1080343	0.0000000	0.0000000
7574.9995173	7114.9843181	7114.6233203	0.0000000	0.0000000	0.0001849	0.1809165	0.1052019	0.0000000	0.0000000
7574.9995173	7109.9857704	7109.7537109	0.0000000	0.0000000	0.0002654	0.1796233	0.1068641	0.0000000	0.0000000
7574.9995173	7104.9837419	7104.8841016	0.0000000	0.0000000	0.0001842	0.1813851	0.1071962	0.0000000	0.0000000
7574.9995173	7099.9817134	7099.6316406	0.0000000	0.0000000	0.0002141	0.1821061	0.1063168	0.0000000	0.0000000
7574.9995173	7094.9831658	7094.8171094	0.0000000	0.0000000	0.0002068	0.1817698	0.1060433	0.0000000	0.0000000
7574.9995173	7089.9880991	7089.6013672	0.0000000	0.0000000	0.0000670	0.1818802	0.1051802	0.0000000	0.0000000
7574.9995173	7084.9895515	7084.7868359	0.0000000	0.0000000	0.0000837	0.1817754	0.1041656	0.0000000	0.0000000
7574.9995173	7079.9875230	7079.9723047	0.0000000	0.0000000	0.0000726	0.1806807	0.1045957	0.0000000	0.0000000
7574.9995173	7074.9889754	7074.7565625	0.0000000	0.0000000	0.0000698	0.1805725	0.1052665	0.0000000	0.0000000
7574.9995173	7069.9869469	7069.9420313	0.0000000	0.0000000	0.0000448	0.1805719	0.1042791	0.0000000	0.0000000
7574.9995173	7064.9883993	7064.7262891	0.0000000	0.0000000	0.0000286	0.1803682	0.1044645	0.0000000	0.0000000
7574.9995173	7059.9863559	7059.9297656	0.0000000	0.0000000	0.0000305	0.1816289	0.1028864	0.0000000	0.0000000
7574.9995173	7054.9880656	7054.7725488	0.0000000	0.0000000	0.0000536	0.1809133	0.1024321	0.0000000	0.0000000
7574.9995173	7049.9858703	7049.6153320	0.0000000	0.0000000	0.0000145	0.1809254	0.1011007	0.0000000	0.0000000
7574.9995173	7044.9914848	7044.8548242	0.0000000	0.0000000	0.0000232	0.1815474	0.1021509	0.0000000	0.0000000
7574.9995173	7039.9814797	7039.6976074	0.0000000	0.0000000	0.0000038	0.1821647	0.1022561	0.0000000	0.0000000
7574.9995173	7034.9831894	7034.9370996	0.0000000	0.0000000	0.0000552	0.1814349	0.1039551	0.0000000	0.0000000
7574.9995173	7029.9809941	7029.7798828	0.0000000	0.0000000	0.0000553	0.1814377	0.1031841	0.0000000	0.0000000
7574.9995173	7024.9827038	7024.6226660	0.0000000	0.0000000	0.0000776	0.1820651	0.1038970	0.0000000	0.0000000
7574.9995173	7019.9805085	7019.8843262	0.0000000	0.0000000	0.0000458	0.1816785	0.1017395	0.0000000	0.0000000
7574.9995173	7014.9861230	7014.7847461	0.0000000	0.0000000	0.0000337	0.1816079	0.1024945	0.0000000	0.0000000
7574.9995173	7009.9878327	7009.6851660	0.0000000	0.0000000	0.0000812	0.1814094	0.1034061	0.0000000	0.0000000
7574.9995173	7004.9817325	7004.9778613	0.0000000	0.0000000	0.0000142	0.1808934	0.1030419	0.0000000	0.0000000
