7364.9962882	7600.0027081	7599.5502051	0.0000000	0.0000000	0.0121047	0.1900493	0.1227440	0.0000000	7365.0000000
7364.9962882	7594.9867234	7594.9313574	0.0000000	0.0000000	0.0110953	0.1905359	0.1228801	0.0000000	0.0000000
7364.9962882	7589.9849267	7589.8506250	0.0000000	0.0000000	0.0116200	0.1914509	0.1218790	0.0000000	0.0000000
7364.9962882	7584.9897621	7584.7698926	0.0000000	0.0000000	0.0115807	0.1917576	0.1218168	0.0000000	0.0000000
7364.9962882	7579.9895004	7579.6891602	0.0000000	0.0000000	0.0135740	0.1910028	0.1227076	0.0000000	0.0000000
7364.9962882	7574.9866901	7574.6139941	0.0000000	0.0000000	0.0124160	0.1908217	0.1219209	0.0000000	0.0000000
7364.9962882	7569.9889770	7569.5944922	0.0000000	0.0000000	0.0134047	0.1902646	0.1237230	0.0000000	0.0000000
7364.9962882	7564.9887153	7564.5749902	0.0000000	0.0000000	0.0130626	0.1900585	0.1259880	0.0000000	0.0000000
7364.9962882	7559.9884535	7559.5554883	0.0000000	0.0000000	0.0115728	0.1897556	0.1243787	0.0000000	0.0000000
7364.9962882	7554.9856433	7554.9923047	0.0000000	0.0000000	0.0118270	0.1902635	0.1230995	0.0000000	0.0000000
7364.9962882	7549.9853816	7549.9728027	0.0000000	0.0000000	0.0119904	0.1904108	0.1237371	0.0000000	0.0000000
7364.9962882	7544.9851198	7544.9533008	0.0000000	0.0000000	0.0143644	0.1895369	0.1237518	0.0000000	0.0000000
7364.9962882	7539.9872981	7539.9337988	0.0000000	0.0000000	0.0124760	0.1906742	0.1237917	0.0000000	0.0000000
7364.9962882	7534.9866347	7534.9142969	0.0000000	0.0000000	0.0133231	0.1907327	0.1241127	0.0000000	0.0000000
7364.9962882	7529.9859713	7529.8947949	0.0000000	0.0000000	0.0154313	0.1905381	0.1243578	0.0000000	0.0000000
7364.9962882	7525.0317179	7524.9299316	0.0000000	0.0000000	0.0154713	0.1902832	0.1234911	0.0000000	0.0000000
7364.9962882	7519.9875452	7519.9705322	0.0000000	0.0000000	0.0161581	0.1892467	0.1230293	0.0000000	0.0000000
7364.9962882	7515.0361924	7514.5602783	0.0000000	0.0000000	0.0154072	0.1886416	0.1228009	0.0000000	0.0000000
7364.9962882	7509.9833179	7509.6008789	0.0000000	0.0000000	0.0157024	0.1891527	0.1222405	0.0000000	0.0000000
7364.9962882	7505.0261638	7504.6414795	0.0000000	0.0000000	0.0148280	0.1897474	0.1219999	0.0000000	0.0000000
7364.9962882	7500.0313017	7499.6820801	0.0000000	0.0000000	0.0185553	0.1895195	0.1227181	0.0000000	0.0000000
7364.9962882	7495.0277377	7494.7226807	0.0000000	0.0000000	0.0158187	0.1905491	0.1221545	0.0000000	0.0000000
7364.9962882	7489.9843030	7489.7632813	0.0000000	0.0000000	0.0162159	0.1903522	0.1221948	0.0000000	0.0000000
7364.9962882	7484.9843817	7484.8038818	0.0000000	0.0000000	0.0171201	0.1907323	0.1242462	0.0000000	0.0000000
7364.9962882	7479.9873061	7479.8981445	0.0000000	0.0000000	0.0167778	0.1902166	0.1255221	0.0000000	0.0000000
7364.9962882	7474.9845391	7474.9977734	0.0000000	0.0000000	0.0144606	0.1905515	0.1256821	0.0000000	0.0000000
7364.9962882	7470.0358406	7469.6519141	0.0000000	0.0000000	0.0139851	0.1900518	0.1254780	0.0000000	0.0000000
7364.9962882	7464.9875422	7464.7515430	0.0000000	0.0000000	0.0123644	0.1902059	0.1237419	0.0000000	0.0000000
7364.9962882	7459.9876209	7459.8511719	0.0000000	0.0000000	0.0140930	0.1901813	0.1221293	0.0000000	0.0000000
7364.9962882	7454.9848538	7454.9508008	0.0000000	0.0000000	0.0150880	0.1907943	0.1223027	0.0000000	0.0000000
7364.9962882	7449.9906240	7449.6049414	0.0000000	0.0000000	0.0148635	0.1901914	0.1217100	0.0000000	0.0000000
7364.9962882	7445.0276970	7444.7045703	0.0000000	0.0000000	0.0141847	0.1904612	0.1216453	0.0000000	0.0000000
7364.9962882	7439.9850899	7439.8041992	0.0000000	0.0000000	0.0141315	0.1910682	0.1209540	0.0000000	0.0000000
7364.9962882	7434.9851686	7434.9618359	0.0000000	0.0000000	0.0161086	0.1910707	0.1197660	0.0000000	0.0000000
7364.9962882	7429.9899093	7429.6792578	0.0000000	0.0000000	0.0158059	0.1912015	0.1199952	0.0000000	0.0000000
7364.9962882	7424.9918312	7424.8368945	0.0000000	0.0000000	0.0142632	0.1915835	0.1197654	0.0000000	0.0000000
7364.9962882	7419.9857133	7419.9945313	0.0000000	0.0000000	0.0126494	0.1914133	0.1185482	0.0000000	0.0000000
7364.9962882	7414.9849553	7414.7119531	0.0000000	0.0000000	0.0118187	0.1900024	0.1180328	0.0000000	0.0000000
7364.9962882	7409.9868772	7409.8695898	0.0000000	0.0000000	0.0112621	0.1907834	0.1181011	0.0000000	0.0000000
7364.9962882	7404.9861191	7404.5870117	0.0000000	0.0000000	0.0110452	0.1926086	0.1179070	0.0000000	0.0000000
7364.9962882	7399.9880410	7399.7446484	0.0000000	0.0000000	0.0107789	0.1912269	0.1176716	0.0000000	0.0000000
7364.9962882	7394.9846030	7394.9126367	0.0000000	0.0000000	0.0121454	0.1902874	0.1172158	0.0000000	0.0000000
7364.9962882	7389.9865249	7389.6921680	0.0000000	0.0000000	0.0139650	0.1902488	0.1170457	0.0000000	0.0000000
7364.9962882	7384.9884468	7384.9067383	0.0000000	0.0000000	0.0163694	0.1909564	0.1162367	0.0000000	0.0000000
7364.9962882	7379.9820701	7379.6862695	0.0000000	0.0000000	0.0220096	0.1908999	0.1148563	0.0000000	0.0000000
7364.9962882	7375.0120172	7374.9008398	0.0000000	0.0000000	0.0549788	0.1918040	0.1144171	0.0000000	0.0000000
7364.9962882	7370.0030344	7369.6803711	0.0000000	0.0000000	0.1112478	0.1919752	0.1156283	0.0000000	0.0000000
7364.9962882	7365.0135165	7364.8949414	0.0000000	0.0000000	0.1460612	0.1909731	0.1182278	0.0000000	0.0000000
7364.9962882	7360.0012895	7359.6744727	0.0000000	0.0000000	0.1318359	0.1893569	0.1164181	0.0000000	0.0000000
7364.9962882	7355.0117717	7354.8890430	0.0000000	0.0000000	0.0787094	0.1903838	0.1114280	0.0000000	0.0000000
7364.9962882	7350.0027889	7349.6991016	0.0000000	0.0000000	0.0360012	0.1909822	0.1080254	0.0000000	0.0000000
7364.9962882	7345.0067827	7344.9696387	0.0000000	0.0000000	0.0182418	0.1920046	0.1059220	0.0000000	0.0000000
7364.9962882	7340.0010440	7339.8102246	0.0000000	0.0000000	0.0126730	0.1922273	0.1043254	0.0000000	0.0000000
7364.9962882	7335.0115262	7334.6508105	0.0000000	0.0000000	0.0154384	0.1915653	0.1047437	0.0000000	0.0000000
7364.9962882	7330.0057875	7329.9213477	0.0000000	0.0000000	0.0189053	0.1923097	0.1054967	0.0000000	0.0000000
7364.9962882	7325.0216617	7324.7619336	0.0000000	0.0000000	0.0173994	0.1930225	0.1056151	0.0000000	0.0000000
7364.9962882	7319.9843593	7319.6025195	0.0000000	0.0000000	0.0193408	0.1914015	0.1066969	0.0000000	0.0000000
7364.9962882	7314.9864987	7314.8730566	0.0000000	0.0000000	0.0244241	0.1911447	0.1080668	0.0000000	0.0000000
7364.9962882	7309.9886382	7309.7136426	0.0000000	0.0000000	0.0218162	0.1898163	0.1066696	0.0000000	0.0000000
7364.9962882	7304.9879604	7304.6092822	0.0000000	0.0000000	0.0190183	0.1886455	0.1073638	0.0000000	0.0000000
7364.9962882	7299.9844653	7299.9348730	0.0000000	0.0000000	0.0218217	0.1908127	0.1070903	0.0000000	0.0000000
7364.9962882	7294.9837875	7294.8355176	0.0000000	0.0000000	0.0239083	0.1905873	0.1074114	0.0000000	0.0000000
7364.9962882	7289.9831097	7289.7361621	0.0000000	0.0000000	0.0208030	0.1925984	0.1079727	0.0000000	0.0000000
7364.9962882	7284.9852492	7284.6368066	0.0000000	0.0000000	0.0238223	0.1924672	0.1103463	0.0000000	0.0000000
7364.9962882	7279.9815887	7279.9623975	0.0000000	0.0000000	0.0249325	0.1918005	0.1112356	0.0000000	0.0000000
7364.9962882	7275.0033579	7274.8630420	0.0000000	0.0000000	0.0247867	0.1917308	0.1104406	0.0000000	0.0000000
7364.9962882	7270.0058813	7269.7636865	0.0000000	0.0000000	0.0244263	0.1908951	0.1089464	0.0000000	0.0000000
7364.9962882	7265.0084048	7264.6888672	0.0000000	0.0000000	0.0186454	0.1912775	0.1065664	0.0000000	0.0000000
7364.9962882	7260.0045130	7259.6483984	0.0000000	0.0000000	0.0187168	0.1906940	0.1057827	0.0000000	0.0000000
7364.9962882	7255.0006212	7254.6079297	0.0000000	0.0000000	0.0193779	0.1906647	0.1056560	0.0000000	0.0000000
7364.9962882	7250.0063522	7249.9875000	0.0000000	0.0000000	0.0154330	0.1917566	0.1031581	0.0000000	0.0000000
7364.9962882	7245.0120833	7244.9470313	0.0000000	0.0000000	0.0119292	0.1918232	0.1009204	0.0000000	0.0000000
7364.9962882	7240.0081915	7239.9065625	0.0000000	0.0000000	0.0098773	0.1921545	0.0993116	0.0000000	0.0000000
7364.9962882	7235.0139226	7234.8660938	0.0000000	0.0000000	0.0098075	0.1919155	0.0993748	0.0000000	0.0000000
7364.9962882	7230.0100308	7229.8256250	0.0000000	0.0000000	0.0089156	0.1908378	0.1000844	0.0000000	0.0000000
7364.9962882	7225.0033850	7224.7851563	0.0000000	0.0000000	0.0109611	0.1915145	0.1025977	0.0000000	0.0000000
7364.9962882	7220.0049369	7219.8026367	0.0000000	0.0000000	0.0145105	0.1915114	0.1039418	0.0000000	0.0000000
7364.9962882	7215.0130100	7214.8201172	0.0000000	0.0000000	0.0146396	0.1909501	0.1056649	0.0000000	0.0000000
7364.9962882	7210.0047803	7209.8375977	0.0000000	0.0000000	0.0161661	0.1911699	0.1054506	0.0000000	0.0000000
7364.9962882	7204.9965505	7204.8550781	0.0000000	0.0000000	0.0169358	0.1907554	0.1069000	0.0000000	0.0000000
7364.9962882	7200.0046236	7199.8725586	0.0000000	0.0000000	0.0148373	0.1906338	0.1062592	0.0000000	0.0000000
7364.9962882	7195.0094361	7194.8900391	0.0000000	0.0000000	0.0149003	0.1898688	0.1064075	0.0000000	0.0000000
7364.9962882	7190.0044669	7189.9075195	0.0000000	0.0000000	0.0173074	0.1899272	0.1080416	0.0000000	0.0000000
7364.9962882	7185.0092794	7184.9250000	0.0000000	0.0000000	0.0150039	0.1905754	0.1058855	0.0000000	0.0000000
7364.9962882	7179.9977891	7179.9804492	0.0000000	0.0000000	0.0096625	0.1912982	0.1034467	0.0000000	0.0000000
7364.9962882	7175.0026016	7174.6444189	0.0000000	0.0000000	0.0114421	0.1916688	0.1038569	0.0000000	0.0000000
7364.9962882	7170.0041536	7169.7188525	0.0000000	0.0000000	0.0087938	0.1915300	0.1030422	0.0000000	0.0000000
7364.9962882	7165.0240098	7164.7932861	0.0000000	0.0000000	0.0045638	0.1913627	0.1022843	0.0000000	0.0000000
7364.9962882	7160.0251023	7159.8677197	0.0000000	0.0000000	0.0036289	0.1906754	0.1027290	0.0000000	0.0000000
7364.9962882	7155.0201792	7154.9421533	0.0000000	0.0000000	0.0051533	0.1910325	0.1042134	0.0000000	0.0000000
7364.9962882	7150.0182639	7149.6061230	0.0000000	0.0000000	0.0047227	0.1911593	0.1029001	0.0000000	0.0000000
7364.9962882	7145.0253719	7144.6805566	0.0000000	0.0000000	0.0031842	0.1920533	0.1015979	0.0000000	0.0000000
7364.9962882	7140.0324800	7139.7829688	0.0000000	0.0000000	0.0015957	0.1913470	0.1004631	0.0000000	0.0000000
7364.9962882	7135.0245491	7134.9133594	0.0000000	0.0000000	0.0019962	0.1908179	0.1018785	0.0000000	0.0000000
7364.9962882	7130.0226338	7129.6379492	0.0000000	0.0000000	0.0027032	0.1907292	0.1017469	0.0000000	0.0000000
7364.9962882	7125.0267341	7124.7683398	0.0000000	0.0000000	0.0028716	0.1906415	0.1042965	0.0000000	0.0000000
7364.9962882	7120.0278266	7119.8987305	0.0000000	0.0000000	0.0011554	0.1903459	0.1017231	0.0000000	0.0000000
7364.9962882	7114.9877989	7114.6233203	0.0000000	0.0000000	0.0012312	0.1915181	0.1020082	0.0000000	0.0000000
7364.9962882	7109.9822896	7109.7537109	0.0000000	0.0000000	0.0012593	0.1915504	0.1023112	0.0000000	0.0000000
7364.9962882	7104.9837419	7104.8841016	0.0000000	0.0000000	0.0012903	0.1908983	0.1024647	0.0000000	0.0000000
7364.9962882	7099.9851943	7099.6316406	0.0000000	0.0000000	0.0012915	0.1907072	0.1018705	0.0000000	0.0000000
7364.9962882	7094.9831658	7094.8171094	0.0000000	0.0000000	0.0006053	0.1916134	0.1012106	0.0000000	0.0000000
7364.9962882	7089.9846182	7089.6013672	0.0000000	0.0000000	0.0005795	0.1911477	0.1015806	0.0000000	0.0000000
7364.9962882	7084.9895515	7084.7868359	0.0000000	0.0000000	0.0004220	0.1913143	0.1011265	0.0000000	0.0000000
7364.9962882	7079.9875230	7079.9723047	0.0000000	0.0000000	0.0002396	0.1916371	0.0999598	0.0000000	0.0000000
7364.9962882	7074.9889754	7074.7565625	0.0000000	0.0000000	0.0001102	0.1917041	0.0982461	0.0000000	0.0000000
7364.9962882	7069.9869469	7069.9420313	0.0000000	0.0000000	0.0000930	0.1908394	0.0980637	0.0000000	0.0000000
7364.9962882	7064.9883993	7064.7262891	0.0000000	0.0000000	0.0000697	0.1908269	0.0981154	0.0000000	0.0000000
7364.9962882	7059.9863559	7059.9297656	0.0000000	0.0000000	0.0000847	0.1911235	0.0967698	0.0000000	0.0000000
7364.9962882	7054.9880656	7054.7725488	0.0000000	0.0000000	0.0001437	0.1909753	0.0969528	0.0000000	0.0000000
7364.9962882	7049.9819654	7049.6153320	0.0000000	0.0000000	0.0001171	0.1912023	0.0971279	0.0000000	0.0000000
7364.9962882	7044.9875799	7044.8548242	0.0000000	0.0000000	0.0001160	0.1916876	0.0972516	0.0000000	0.0000000
7364.9962882	7039.9853847	7039.6976074	0.0000000	0.0000000	0.0001393	0.1913414	0.0978954	0.0000000	0.0000000
7364.9962882	7034.9831894	7034.9370996	0.0000000	0.0000000	0.0001388	0.1918296	0.0992538	0.0000000	0.0000000
7364.9962882	7029.9809941	7029.7798828	0.0000000	0.0000000	0.0001696	0.1912090	0.0987949	0.0000000	0.0000000
7364.9962882	7024.9827038	7024.6226660	0.0000000	0.0000000	0.0001787	0.1905110	0.1004689	0.0000000	0.0000000
7364.9962882	7019.9805085	7019.8843262	0.0000000	0.0000000	0.0002357	0.1898014	0.0994753	0.0000000	0.0000000
7364.9962882	7014.9861230	7014.7847461	0.0000000	0.0000000	0.0002411	0.1909506	0.0991761	0.0000000	0.0000000
7364.9962882	7009.9878327	7009.6851660	0.0000000	0.0000000	0.0001544	0.1903696	0.0983867	0.0000000	0.0000000
7364.9962882	7004.9817325	7004.9778613	0.0000000	0.0000000	0.0001481	0.1904895	0.0993213	0.0000000	0.0000000
