7519.9983440	7600.0002163	7599.5502051	0.0000000	0.0000000	0.0058297	0.1878202	0.1241630	0.0000000	7520.0000000
7519.9983440	7594.9867234	7594.9313574	0.0000000	0.0000000	0.0071687	0.1887701	0.1231420	0.0000000	0.0000000
7519.9983440	7589.9874753	7589.8506250	0.0000000	0.0000000	0.0081067	0.1890480	0.1228325	0.0000000	0.0000000
7519.9983440	7584.9923107	7584.7698926	0.0000000	0.0000000	0.0087354	0.1892646	0.1237811	0.0000000	0.0000000
7519.9983440	7579.9869519	7579.6891602	0.0000000	0.0000000	0.0084410	0.1887241	0.1235227	0.0000000	0.0000000
7519.9983440	7574.9866901	7574.6139941	0.0000000	0.0000000	0.0096705	0.1889299	0.1244084	0.0000000	0.0000000
7519.9983440	7569.9889770	7569.5944922	0.0000000	0.0000000	0.0114946	0.1892329	0.1244318	0.0000000	0.0000000
7519.9983440	7564.9887153	7564.5749902	0.0000000	0.0000000	0.0099790	0.1898279	0.1245946	0.0000000	0.0000000
7519.9983440	7559.9910021	7559.5554883	0.0000000	0.0000000	0.0084360	0.1893323	0.1234491	0.0000000	0.0000000
7519.9983440	7554.9881918	7554.9923047	0.0000000	0.0000000	0.0099136	0.1889037	0.1243553	0.0000000	0.0000000
7519.9983440	7549.9853816	7549.9728027	0.0000000	0.0000000	0.0122628	0.1907412	0.1245891	0.0000000	0.0000000
7519.9983440	7544.9851198	7544.9533008	0.0000000	0.0000000	0.0268149	0.1896097	0.1254180	0.0000000	0.0000000
7519.9983440	7539.9872981	7539.9337988	0.0000000	0.0000000	0.0169375	0.1895865	0.1260519	0.0000000	0.0000000
7519.9983440	7534.9866347	7534.9142969	0.0000000	0.0000000	0.0360725	0.1889583	0.1257706	0.0000000	0.0000000
7519.9983440	7529.9830707	7529.8947949	0.0000000	0.0000000	0.0792346	0.1888032	0.1266650	0.0000000	0.0000000
7519.9983440	7524.9853080	7524.9299316	0.0000000	0.0000000	0.1124396	0.1901132	0.1258296	0.0000000	0.0000000
7519.9983440	7519.9875452	7519.9705322	0.0000000	0.0000000	0.1127859	0.1896575	0.1252241	0.0000000	0.0000000
7519.9983440	7514.9839813	7514.5602783	0.0000000	0.0000000	0.0695029	0.1892388	0.1254448	0.0000000	0.0000000
7519.9983440	7509.9833179	7509.6008789	0.0000000	0.0000000	0.0350055	0.1889050	0.1236804	0.0000000	0.0000000
7519.9983440	7504.9855552	7504.6414795	0.0000000	0.0000000	0.0188812	0.1893378	0.1236831	0.0000000	0.0000000
7519.9983440	7499.9877924	7499.6820801	0.0000000	0.0000000	0.0146107	0.1889667	0.1235398	0.0000000	0.0000000
7519.9983440	7494.9842285	7494.7226807	0.0000000	0.0000000	0.0122355	0.1899873	0.1239392	0.0000000	0.0000000
7519.9983440	7489.9843030	7489.7632813	0.0000000	0.0000000	0.0117937	0.1892296	0.1237461	0.0000000	0.0000000
7519.9983440	7484.9872274	7484.8038818	0.0000000	0.0000000	0.0098048	0.1899388	0.1225925	0.0000000	0.0000000
7519.9983440	7479.9873061	7479.8981445	0.0000000	0.0000000	0.0075618	0.1905553	0.1235951	0.0000000	0.0000000
7519.9983440	7474.9845391	7474.9977734	0.0000000	0.0000000	0.0089283	0.1891959	0.1222936	0.0000000	0.0000000
7519.9983440	7469.9874635	7469.6519141	0.0000000	0.0000000	0.0061577	0.1888489	0.1229077	0.0000000	0.0000000
7519.9983440	7464.9875422	7464.7515430	0.0000000	0.0000000	0.0059886	0.1894291	0.1241033	0.0000000	0.0000000
7519.9983440	7459.9876209	7459.8511719	0.0000000	0.0000000	0.0077524	0.1899027	0.1247771	0.0000000	0.0000000
7519.9983440	7454.9848538	7454.9508008	0.0000000	0.0000000	0.0066638	0.1908573	0.1233461	0.0000000	0.0000000
7519.9983440	7449.9849325	7449.6049414	0.0000000	0.0000000	0.0064939	0.1896105	0.1230695	0.0000000	0.0000000
7519.9983440	7444.9850112	7444.7045703	0.0000000	0.0000000	0.0074048	0.1888594	0.1232529	0.0000000	0.0000000
7519.9983440	7439.9879357	7439.8041992	0.0000000	0.0000000	0.0092118	0.1885796	0.1227870	0.0000000	0.0000000
7519.9983440	7434.9880144	7434.9618359	0.0000000	0.0000000	0.0109717	0.1888401	0.1210972	0.0000000	0.0000000
7519.9983440	7429.9899093	7429.6792578	0.0000000	0.0000000	0.0086139	0.1900179	0.1215449	0.0000000	0.0000000
7519.9983440	7424.9891513	7424.8368945	0.0000000	0.0000000	0.0068176	0.1884915	0.1214270	0.0000000	0.0000000
7519.9983440	7419.9883932	7419.9945313	0.0000000	0.0000000	0.0065205	0.1890245	0.1205439	0.0000000	0.0000000
7519.9983440	7414.9849553	7414.7119531	0.0000000	0.0000000	0.0056044	0.1883965	0.1195175	0.0000000	0.0000000
7519.9983440	7409.9868772	7409.8695898	0.0000000	0.0000000	0.0063429	0.1888507	0.1190070	0.0000000	0.0000000
7519.9983440	7404.9861191	7404.5870117	0.0000000	0.0000000	0.0078062	0.1891914	0.1199884	0.0000000	0.0000000
7519.9983440	7399.9853611	7399.7446484	0.0000000	0.0000000	0.0074282	0.1886226	0.1191083	0.0000000	0.0000000
7519.9983440	7394.9872830	7394.9126367	0.0000000	0.0000000	0.0079515	0.1895315	0.1182208	0.0000000	0.0000000
7519.9983440	7389.9892049	7389.6921680	0.0000000	0.0000000	0.0063301	0.1905475	0.1178429	0.0000000	0.0000000
7519.9983440	7384.9857669	7384.9067383	0.0000000	0.0000000	0.0064412	0.1900897	0.1176648	0.0000000	0.0000000
7519.9983440	7379.9820701	7379.6862695	0.0000000	0.0000000	0.0063441	0.1915293	0.1143569	0.0000000	0.0000000
7519.9983440	7374.9860639	7374.9008398	0.0000000	0.0000000	0.0059858	0.1896117	0.1146110	0.0000000	0.0000000
7519.9983440	7369.9900577	7369.6803711	0.0000000	0.0000000	0.0060513	0.1910701	0.1137753	0.0000000	0.0000000
7519.9983440	7364.9810749	7364.8949414	0.0000000	0.0000000	0.0054833	0.1913350	0.1128656	0.0000000	0.0000000
7519.9983440	7359.9850687	7359.6744727	0.0000000	0.0000000	0.0069657	0.1901309	0.1128505	0.0000000	0.0000000
7519.9983440	7354.9858184	7354.8890430	0.0000000	0.0000000	0.0082526	0.1895693	0.1117485	0.0000000	0.0000000
7519.9983440	7349.9865681	7349.6991016	0.0000000	0.0000000	0.0073782	0.1889930	0.1094325	0.0000000	0.0000000
7519.9983440	7344.9840736	7344.9696387	0.0000000	0.0000000	0.0058669	0.1894425	0.1081276	0.0000000	0.0000000
7519.9983440	7339.9880674	7339.8102246	0.0000000	0.0000000	0.0040302	0.1909296	0.1068250	0.0000000	0.0000000
7519.9983440	7334.9855729	7334.6508105	0.0000000	0.0000000	0.0095366	0.1899049	0.1081033	0.0000000	0.0000000
7519.9983440	7329.9863226	7329.9213477	0.0000000	0.0000000	0.0102395	0.1893713	0.1081842	0.0000000	0.0000000
7519.9983440	7324.9850371	7324.7619336	0.0000000	0.0000000	0.0050544	0.1899844	0.1078755	0.0000000	0.0000000
7519.9983440	7319.9871765	7319.6025195	0.0000000	0.0000000	0.0055511	0.1889796	0.1099388	0.0000000	0.0000000
7519.9983440	7314.9864987	7314.8730566	0.0000000	0.0000000	0.0072958	0.1894457	0.1091957	0.0000000	0.0000000
7519.9983440	7309.9886382	7309.7136426	0.0000000	0.0000000	0.0050741	0.1887751	0.1101223	0.0000000	0.0000000
7519.9983440	7304.9879604	7304.6092822	0.0000000	0.0000000	0.0045049	0.1889050	0.1088903	0.0000000	0.0000000
7519.9983440	7299.9872826	7299.9348730	0.0000000	0.0000000	0.0049369	0.1895885	0.1084890	0.0000000	0.0000000
7519.9983440	7294.9866048	7294.8355176	0.0000000	0.0000000	0.0054767	0.1895286	0.1095601	0.0000000	0.0000000
7519.9983440	7289.9859270	7289.7361621	0.0000000	0.0000000	0.0049192	0.1882776	0.1092836	0.0000000	0.0000000
7519.9983440	7284.9852492	7284.6368066	0.0000000	0.0000000	0.0050948	0.1894528	0.1099342	0.0000000	0.0000000
7519.9983440	7279.9815887	7279.9623975	0.0000000	0.0000000	0.0047810	0.1890509	0.1106455	0.0000000	0.0000000
7519.9983440	7274.9809045	7274.8630420	0.0000000	0.0000000	0.0070441	0.1893890	0.1121095	0.0000000	0.0000000
7519.9983440	7269.9834279	7269.7636865	0.0000000	0.0000000	0.0057303	0.1909449	0.1104575	0.0000000	0.0000000
7519.9983440	7264.9859514	7264.6888672	0.0000000	0.0000000	0.0060505	0.1887169	0.1114321	0.0000000	0.0000000
7519.9983440	7259.9820596	7259.6483984	0.0000000	0.0000000	0.0034216	0.1893723	0.1104233	0.0000000	0.0000000
7519.9983440	7254.9845830	7254.6079297	0.0000000	0.0000000	0.0032473	0.1880287	0.1084948	0.0000000	0.0000000
7519.9983440	7249.9838989	7249.9875000	0.0000000	0.0000000	0.0032610	0.1891019	0.1067471	0.0000000	0.0000000
7519.9983440	7244.9832147	7244.9470313	0.0000000	0.0000000	0.0025631	0.1897194	0.1038959	0.0000000	0.0000000
7519.9983440	7239.9857381	7239.9065625	0.0000000	0.0000000	0.0020071	0.1884547	0.1031731	0.0000000	0.0000000
7519.9983440	7234.9850540	7234.8660938	0.0000000	0.0000000	0.0012511	0.1898915	0.1016119	0.0000000	0.0000000
7519.9983440	7229.9811622	7229.8256250	0.0000000	0.0000000	0.0012115	0.1891165	0.1022014	0.0000000	0.0000000
7519.9983440	7224.9838216	7224.7851563	0.0000000	0.0000000	0.0152623	0.1893999	0.1037357	0.0000000	0.0000000
7519.9983440	7219.9886341	7219.8026367	0.0000000	0.0000000	0.0013530	0.1882871	0.1057932	0.0000000	0.0000000
7519.9983440	7214.9869255	7214.8201172	0.0000000	0.0000000	0.0009611	0.1897450	0.1061432	0.0000000	0.0000000
7519.9983440	7209.9852169	7209.8375977	0.0000000	0.0000000	0.0014423	0.1895139	0.1079386	0.0000000	0.0000000
7519.9983440	7204.9867688	7204.8550781	0.0000000	0.0000000	0.0012115	0.1900142	0.1079595	0.0000000	0.0000000
7519.9983440	7199.9883208	7199.8725586	0.0000000	0.0000000	0.0011709	0.1893909	0.1089180	0.0000000	0.0000000
7519.9983440	7194.9833516	7194.8900391	0.0000000	0.0000000	0.0010831	0.1885680	0.1098693	0.0000000	0.0000000
7519.9983440	7189.9849035	7189.9075195	0.0000000	0.0000000	0.0010118	0.1907529	0.1097150	0.0000000	0.0000000
7519.9983440	7184.9831949	7184.9250000	0.0000000	0.0000000	0.0011899	0.1900439	0.1100502	0.0000000	0.0000000
7519.9983440	7179.9814863	7179.9804492	0.0000000	0.0000000	0.0006913	0.1897156	0.1084260	0.0000000	0.0000000
7519.9983440	7174.9862988	7174.6444189	0.0000000	0.0000000	0.0007257	0.1894911	0.1072169	0.0000000	0.0000000
7519.9983440	7169.9813296	7169.7188525	0.0000000	0.0000000	0.0005920	0.1880348	0.1063502	0.0000000	0.0000000
7519.9983440	7164.9879166	7164.7932861	0.0000000	0.0000000	0.0002596	0.1897046	0.1020520	0.0000000	0.0000000
7519.9983440	7159.9890091	7159.8677197	0.0000000	0.0000000	0.0003661	0.1905457	0.1027716	0.0000000	0.0000000
7519.9983440	7154.9840860	7154.9421533	0.0000000	0.0000000	0.0003361	0.1910575	0.1043058	0.0000000	0.0000000
7519.9983440	7149.9851785	7149.6061230	0.0000000	0.0000000	0.0004703	0.1904033	0.1046449	0.0000000	0.0000000
7519.9983440	7144.9892787	7144.6805566	0.0000000	0.0000000	0.0003842	0.1899902	0.1031832	0.0000000	0.0000000
7519.9983440	7139.9873635	7139.7829688	0.0000000	0.0000000	0.0002094	0.1907986	0.1027736	0.0000000	0.0000000
7519.9983440	7134.9854482	7134.9133594	0.0000000	0.0000000	0.0002023	0.1898694	0.1041953	0.0000000	0.0000000
7519.9983440	7129.9895484	7129.6379492	0.0000000	0.0000000	0.0003184	0.1898730	0.1050886	0.0000000	0.0000000
7519.9983440	7124.9906409	7124.7683398	0.0000000	0.0000000	0.0001776	0.1898549	0.1031356	0.0000000	0.0000000
7519.9983440	7119.9857178	7119.8987305	0.0000000	0.0000000	0.0001414	0.1897498	0.1026010	0.0000000	0.0000000
7519.9983440	7114.9843181	7114.6233203	0.0000000	0.0000000	0.0020447	0.1898875	0.1034622	0.0000000	0.0000000
7519.9983440	7109.9857704	7109.7537109	0.0000000	0.0000000	0.0003159	0.1898817	0.1038929	0.0000000	0.0000000
7519.9983440	7104.9837419	7104.8841016	0.0000000	0.0000000	0.0001758	0.1880289	0.1043925	0.0000000	0.0000000
7519.9983440	7099.9851943	7099.6316406	0.0000000	0.0000000	0.0001541	0.1882568	0.1047650	0.0000000	0.0000000
7519.9983440	7094.9831658	7094.8171094	0.0000000	0.0000000	0.0001892	0.1883182	0.1033954	0.0000000	0.0000000
7519.9983440	7089.9846182	7089.6013672	0.0000000	0.0000000	0.0001454	0.1887308	0.1027087	0.0000000	0.0000000
7519.9983440	7084.9860706	7084.7868359	0.0000000	0.0000000	0.0001890	0.1888508	0.1021241	0.0000000	0.0000000
7519.9983440	7079.9875230	7079.9723047	0.0000000	0.0000000	0.0000974	0.1888451	0.1017603	0.0000000	0.0000000
7519.9983440	7074.9889754	7074.7565625	0.0000000	0.0000000	0.0000593	0.1895925	0.1004687	0.0000000	0.0000000
7519.9983440	7069.9869469	7069.9420313	0.0000000	0.0000000	0.0000579	0.1894634	0.1013066	0.0000000	0.0000000
7519.9983440	7064.9883993	7064.7262891	0.0000000	0.0000000	0.0000767	0.1898668	0.1000491	0.0000000	0.0000000
7519.9983440	7059.9863559	7059.9297656	0.0000000	0.0000000	0.0000708	0.1896892	0.0995040	0.0000000	0.0000000
7519.9983440	7054.9880656	7054.7725488	0.0000000	0.0000000	0.0000665	0.1899399	0.0996937	0.0000000	0.0000000
7519.9983440	7049.9819654	7049.6153320	0.0000000	0.0000000	0.0000997	0.1894781	0.1007106	0.0000000	0.0000000
7519.9983440	7044.9875799	7044.8548242	0.0000000	0.0000000	0.0000680	0.1894935	0.0992905	0.0000000	0.0000000
7519.9983440	7039.9814797	7039.6976074	0.0000000	0.0000000	0.0000848	0.1898534	0.1007930	0.0000000	0.0000000
7519.9983440	7034.9831894	7034.9370996	0.0000000	0.0000000	0.0000763	0.1897380	0.0997705	0.0000000	0.0000000
7519.9983440	7029.9848990	7029.7798828	0.0000000	0.0000000	0.0000769	0.1892578	0.0998309	0.0000000	0.0000000
7519.9983440	7024.9827038	7024.6226660	0.0000000	0.0000000	0.0000853	0.1907465	0.1007545	0.0000000	0.0000000
7519.9983440	7019.9805085	7019.8843262	0.0000000	0.0000000	0.0000601	0.1897664	0.1014446	0.0000000	0.0000000
7519.9983440	7014.9822181	7014.7847461	0.0000000	0.0000000	0.0000676	0.1888181	0.1019011	0.0000000	0.0000000
7519.9983440	7009.9878327	7009.6851660	0.0000000	0.0000000	0.0001846	0.1892906	0.1032012	0.0000000	0.0000000
7519.9983440	7004.9817325	7004.9778613	0.0000000	0.0000000	0.0001826	0.1892000	0.1008080	0.0000000	0.0000000
