7064.9999000	7599.9977245	7599.5502051	0.0000000	0.0000000	0.0195568	0.1641536	0.1212988	0.0000000	7065.0000000
7064.9999000	7594.9867234	7594.9313574	0.0000000	0.0000000	0.0204307	0.1645771	0.1209396	0.0000000	0.0000000
7064.9999000	7589.9849267	7589.8506250	0.0000000	0.0000000	0.0196786	0.1640817	0.1209014	0.0000000	0.0000000
7064.9999000	7584.9897621	7584.7698926	0.0000000	0.0000000	0.0191238	0.1644099	0.1202783	0.0000000	0.0000000
7064.9999000	7579.9895004	7579.6891602	0.0000000	0.0000000	0.0228123	0.1648552	0.1204362	0.0000000	0.0000000
7064.9999000	7574.9866901	7574.6139941	0.0000000	0.0000000	0.0204756	0.1643188	0.1210032	0.0000000	0.0000000
7064.9999000	7569.9864284	7569.5944922	0.0000000	0.0000000	0.0175118	0.1637311	0.1187489	0.0000000	0.0000000
7064.9999000	7564.9887153	7564.5749902	0.0000000	0.0000000	0.0179575	0.1649877	0.1192517	0.0000000	0.0000000
7064.9999000	7559.9859050	7559.5554883	0.0000000	0.0000000	0.0178505	0.1645696	0.1200895	0.0000000	0.0000000
7064.9999000	7554.9881918	7554.9923047	0.0000000	0.0000000	0.0160239	0.1646189	0.1195267	0.0000000	0.0000000
7064.9999000	7549.9853816	7549.9728027	0.0000000	0.0000000	0.0176896	0.1647219	0.1210616	0.0000000	0.0000000
7064.9999000	7544.9851198	7544.9533008	0.0000000	0.0000000	0.0207201	0.1647039	0.1222946	0.0000000	0.0000000
7064.9999000	7539.9843974	7539.9337988	0.0000000	0.0000000	0.0189861	0.1653346	0.1210516	0.0000000	0.0000000
7064.9999000	7535.0330446	7534.9142969	0.0000000	0.0000000	0.0198602	0.1646646	0.1208645	0.0000000	0.0000000
7064.9999000	7530.0381824	7529.8947949	0.0000000	0.0000000	0.0196307	0.1651455	0.1211566	0.0000000	0.0000000
7064.9999000	7524.9853080	7524.9299316	0.0000000	0.0000000	0.0211754	0.1644141	0.1218511	0.0000000	0.0000000
7064.9999000	7520.0310545	7519.9705322	0.0000000	0.0000000	0.0195508	0.1641221	0.1204194	0.0000000	0.0000000
7064.9999000	7515.0274905	7514.5602783	0.0000000	0.0000000	0.0191816	0.1643550	0.1191177	0.0000000	0.0000000
7064.9999000	7509.9833179	7509.6008789	0.0000000	0.0000000	0.0181532	0.1646481	0.1186593	0.0000000	0.0000000
7064.9999000	7505.0319651	7504.6414795	0.0000000	0.0000000	0.0180469	0.1648468	0.1184084	0.0000000	0.0000000
7064.9999000	7499.9877924	7499.6820801	0.0000000	0.0000000	0.0196169	0.1645829	0.1191523	0.0000000	0.0000000
7064.9999000	7495.0335390	7494.7226807	0.0000000	0.0000000	0.0175287	0.1643223	0.1179241	0.0000000	0.0000000
7064.9999000	7489.9843030	7489.7632813	0.0000000	0.0000000	0.0195935	0.1651176	0.1196404	0.0000000	0.0000000
7064.9999000	7484.9872274	7484.8038818	0.0000000	0.0000000	0.0205160	0.1647321	0.1203175	0.0000000	0.0000000
7064.9999000	7479.9873061	7479.8981445	0.0000000	0.0000000	0.0217467	0.1651090	0.1218151	0.0000000	0.0000000
7064.9999000	7474.9845391	7474.9977734	0.0000000	0.0000000	0.0202573	0.1649077	0.1219043	0.0000000	0.0000000
7064.9999000	7469.9846178	7469.6519141	0.0000000	0.0000000	0.0150907	0.1648910	0.1202386	0.0000000	0.0000000
7064.9999000	7464.9846965	7464.7515430	0.0000000	0.0000000	0.0148257	0.1644005	0.1198785	0.0000000	0.0000000
7064.9999000	7459.9847751	7459.8511719	0.0000000	0.0000000	0.0136340	0.1646926	0.1194397	0.0000000	0.0000000
7064.9999000	7454.9848538	7454.9508008	0.0000000	0.0000000	0.0139369	0.1643414	0.1185215	0.0000000	0.0000000
7064.9999000	7449.9849325	7449.6049414	0.0000000	0.0000000	0.0150398	0.1652322	0.1199683	0.0000000	0.0000000
7064.9999000	7444.9850112	7444.7045703	0.0000000	0.0000000	0.0129218	0.1652535	0.1178423	0.0000000	0.0000000
7064.9999000	7439.9850899	7439.8041992	0.0000000	0.0000000	0.0162880	0.1659421	0.1193706	0.0000000	0.0000000
7064.9999000	7434.9851686	7434.9618359	0.0000000	0.0000000	0.0141886	0.1660746	0.1190013	0.0000000	0.0000000
7064.9999000	7429.9872294	7429.6792578	0.0000000	0.0000000	0.0152717	0.1650581	0.1181003	0.0000000	0.0000000
7064.9999000	7424.9864714	7424.8368945	0.0000000	0.0000000	0.0120647	0.1642874	0.1182554	0.0000000	0.0000000
7064.9999000	7419.9883932	7419.9945313	0.0000000	0.0000000	0.0111077	0.1645924	0.1176420	0.0000000	0.0000000
7064.9999000	7414.9849553	7414.7119531	0.0000000	0.0000000	0.0102172	0.1643507	0.1159570	0.0000000	0.0000000
7064.9999000	7409.9841972	7409.8695898	0.0000000	0.0000000	0.0091111	0.1654479	0.1155988	0.0000000	0.0000000
7064.9999000	7404.9861191	7404.5870117	0.0000000	0.0000000	0.0092731	0.1646952	0.1160543	0.0000000	0.0000000
7064.9999000	7399.9880410	7399.7446484	0.0000000	0.0000000	0.0095703	0.1643022	0.1148066	0.0000000	0.0000000
7064.9999000	7394.9872830	7394.9126367	0.0000000	0.0000000	0.0091571	0.1642798	0.1143381	0.0000000	0.0000000
7064.9999000	7389.9838450	7389.6921680	0.0000000	0.0000000	0.0092981	0.1643551	0.1144193	0.0000000	0.0000000
7064.9999000	7384.9857669	7384.9067383	0.0000000	0.0000000	0.0098727	0.1633354	0.1138323	0.0000000	0.0000000
7064.9999000	7379.9820701	7379.6862695	0.0000000	0.0000000	0.0105852	0.1635906	0.1137134	0.0000000	0.0000000
7064.9999000	7375.0055289	7374.9008398	0.0000000	0.0000000	0.0097371	0.1637231	0.1115693	0.0000000	0.0000000
7064.9999000	7370.0095227	7369.6803711	0.0000000	0.0000000	0.0105289	0.1633717	0.1115577	0.0000000	0.0000000
7064.9999000	7365.0005399	7364.8949414	0.0000000	0.0000000	0.0110186	0.1643271	0.1108871	0.0000000	0.0000000
7064.9999000	7360.0045337	7359.6744727	0.0000000	0.0000000	0.0123652	0.1637836	0.1100909	0.0000000	0.0000000
7064.9999000	7355.0052834	7354.8890430	0.0000000	0.0000000	0.0118696	0.1638903	0.1084104	0.0000000	0.0000000
7064.9999000	7350.0092772	7349.6991016	0.0000000	0.0000000	0.0129402	0.1630150	0.1068733	0.0000000	0.0000000
7064.9999000	7345.0132710	7344.9696387	0.0000000	0.0000000	0.0125728	0.1642656	0.1047063	0.0000000	0.0000000
7064.9999000	7340.0042882	7339.8102246	0.0000000	0.0000000	0.0096746	0.1647100	0.1032764	0.0000000	0.0000000
7064.9999000	7335.0180145	7334.6508105	0.0000000	0.0000000	0.0119991	0.1640720	0.1037690	0.0000000	0.0000000
7064.9999000	7330.0155200	7329.9213477	0.0000000	0.0000000	0.0156677	0.1647362	0.1051658	0.0000000	0.0000000
7064.9999000	7325.0160272	7324.7619336	0.0000000	0.0000000	0.0146158	0.1645619	0.1050581	0.0000000	0.0000000
7064.9999000	7319.9843593	7319.6025195	0.0000000	0.0000000	0.0156600	0.1644681	0.1057841	0.0000000	0.0000000
7064.9999000	7314.9864987	7314.8730566	0.0000000	0.0000000	0.0173607	0.1644590	0.1056530	0.0000000	0.0000000
7064.9999000	7309.9886382	7309.7136426	0.0000000	0.0000000	0.0194938	0.1635059	0.1064888	0.0000000	0.0000000
7064.9999000	7304.9879604	7304.6092822	0.0000000	0.0000000	0.0195197	0.1640651	0.1074401	0.0000000	0.0000000
7064.9999000	7299.9844653	7299.9348730	0.0000000	0.0000000	0.0208562	0.1639071	0.1059921	0.0000000	0.0000000
7064.9999000	7294.9837875	7294.8355176	0.0000000	0.0000000	0.0216943	0.1646107	0.1058486	0.0000000	0.0000000
7064.9999000	7289.9831097	7289.7361621	0.0000000	0.0000000	0.0221444	0.1656724	0.1062876	0.0000000	0.0000000
7064.9999000	7284.9852492	7284.6368066	0.0000000	0.0000000	0.0217021	0.1637996	0.1056843	0.0000000	0.0000000
7064.9999000	7279.9912115	7279.9623975	0.0000000	0.0000000	0.0268589	0.1637643	0.1065745	0.0000000	0.0000000
7064.9999000	7275.0129807	7274.8630420	0.0000000	0.0000000	0.0313074	0.1645469	0.1080106	0.0000000	0.0000000
7064.9999000	7270.0058813	7269.7636865	0.0000000	0.0000000	0.0288098	0.1639196	0.1061104	0.0000000	0.0000000
7064.9999000	7265.0019895	7264.6888672	0.0000000	0.0000000	0.0280349	0.1641061	0.1055756	0.0000000	0.0000000
7064.9999000	7260.0077206	7259.6483984	0.0000000	0.0000000	0.0262543	0.1641208	0.1048954	0.0000000	0.0000000
7064.9999000	7255.0166593	7254.6079297	0.0000000	0.0000000	0.0285454	0.1636447	0.1026299	0.0000000	0.0000000
7064.9999000	7250.0159751	7249.9875000	0.0000000	0.0000000	0.0282845	0.1645369	0.1012946	0.0000000	0.0000000
7064.9999000	7245.0120833	7244.9470313	0.0000000	0.0000000	0.0270338	0.1647662	0.0981858	0.0000000	0.0000000
7064.9999000	7240.0178144	7239.9065625	0.0000000	0.0000000	0.0315486	0.1633806	0.0989557	0.0000000	0.0000000
7064.9999000	7235.0107149	7234.8660938	0.0000000	0.0000000	0.0334386	0.1640582	0.0981737	0.0000000	0.0000000
7064.9999000	7230.0132384	7229.8256250	0.0000000	0.0000000	0.0341625	0.1644376	0.0975988	0.0000000	0.0000000
7064.9999000	7225.0099061	7224.7851563	0.0000000	0.0000000	0.0354352	0.1645122	0.0989762	0.0000000	0.0000000
7064.9999000	7219.9984158	7219.8026367	0.0000000	0.0000000	0.0503162	0.1639648	0.1011794	0.0000000	0.0000000
7064.9999000	7215.0130100	7214.8201172	0.0000000	0.0000000	0.0690515	0.1628580	0.1057018	0.0000000	0.0000000
7064.9999000	7210.0113014	7209.8375977	0.0000000	0.0000000	0.0805233	0.1630853	0.1051636	0.0000000	0.0000000
7064.9999000	7205.0063322	7204.8550781	0.0000000	0.0000000	0.0923275	0.1629314	0.1050996	0.0000000	0.0000000
7064.9999000	7200.0046236	7199.8725586	0.0000000	0.0000000	0.0866946	0.1632089	0.1059635	0.0000000	0.0000000
7064.9999000	7195.0094361	7194.8900391	0.0000000	0.0000000	0.0905004	0.1634302	0.1052584	0.0000000	0.0000000
7064.9999000	7190.0109881	7189.9075195	0.0000000	0.0000000	0.1026477	0.1633231	0.1062939	0.0000000	0.0000000
7064.9999000	7185.0060189	7184.9250000	0.0000000	0.0000000	0.1123483	0.1627925	0.1048225	0.0000000	0.0000000
7064.9999000	7179.9977891	7179.9804492	0.0000000	0.0000000	0.1071013	0.1639363	0.1048278	0.0000000	0.0000000
7064.9999000	7175.0058622	7174.6444189	0.0000000	0.0000000	0.1102656	0.1634506	0.1043491	0.0000000	0.0000000
7064.9999000	7170.0041536	7169.7188525	0.0000000	0.0000000	0.1182918	0.1633538	0.1031119	0.0000000	0.0000000
7064.9999000	7165.0300253	7164.7932861	0.0000000	0.0000000	0.1113517	0.1626552	0.1034547	0.0000000	0.0000000
7064.9999000	7160.0281100	7159.8677197	0.0000000	0.0000000	0.1004677	0.1634685	0.1019076	0.0000000	0.0000000
7064.9999000	7155.0292025	7154.9421533	0.0000000	0.0000000	0.1049758	0.1644906	0.1016039	0.0000000	0.0000000
7064.9999000	7150.0242795	7149.6061230	0.0000000	0.0000000	0.1253331	0.1651506	0.1023246	0.0000000	0.0000000
7064.9999000	7145.0253719	7144.6805566	0.0000000	0.0000000	0.1263774	0.1651718	0.1011959	0.0000000	0.0000000
7064.9999000	7140.0234567	7139.7829688	0.0000000	0.0000000	0.1097566	0.1636501	0.1003378	0.0000000	0.0000000
7064.9999000	7135.0245491	7134.9133594	0.0000000	0.0000000	0.1064613	0.1634015	0.1003000	0.0000000	0.0000000
7064.9999000	7130.0316571	7129.6379492	0.0000000	0.0000000	0.1336960	0.1633096	0.1017292	0.0000000	0.0000000
7064.9999000	7125.0357574	7124.7683398	0.0000000	0.0000000	0.1363534	0.1641532	0.1006649	0.0000000	0.0000000
7064.9999000	7120.0278266	7119.8987305	0.0000000	0.0000000	0.1314850	0.1641986	0.1001235	0.0000000	0.0000000
7064.9999000	7114.9843181	7114.6233203	0.0000000	0.0000000	0.1399924	0.1637698	0.1016436	0.0000000	0.0000000
7064.9999000	7109.9857704	7109.7537109	0.0000000	0.0000000	0.1550219	0.1631331	0.1014116	0.0000000	0.0000000
7064.9999000	7104.9837419	7104.8841016	0.0000000	0.0000000	0.1609265	0.1629011	0.1005773	0.0000000	0.0000000
7064.9999000	7099.9851943	7099.6316406	0.0000000	0.0000000	0.1671447	0.1627126	0.0999310	0.0000000	0.0000000
7064.9999000	7094.9831658	7094.8171094	0.0000000	0.0000000	0.1542808	0.1635002	0.0999796	0.0000000	0.0000000
7064.9999000	7089.9811373	7089.6013672	0.0000000	0.0000000	0.1434948	0.1632766	0.0983531	0.0000000	0.0000000
7064.9999000	7084.9860706	7084.7868359	0.0000000	0.0000000	0.1550591	0.1631671	0.0973951	0.0000000	0.0000000
7064.9999000	7079.9910039	7079.9723047	0.0000000	0.0000000	0.1853551	0.1625525	0.0956515	0.0000000	0.0000000
7064.9999000	7074.9889754	7074.7565625	0.0000000	0.0000000	0.2437301	0.1637227	0.0951567	0.0000000	0.0000000
7064.9999000	7069.9834660	7069.9420313	0.0000000	0.0000000	0.2620919	0.1633053	0.0951010	0.0000000	0.0000000
7064.9999000	7064.9988419	7064.7262891	0.0000000	0.0000000	0.2495176	0.1636729	0.0955238	0.0000000	0.0000000
7064.9999000	7059.9863559	7059.9297656	0.0000000	0.0000000	0.2000029	0.1642455	0.0963049	0.0000000	0.0000000
7064.9999000	7054.9880656	7054.7725488	0.0000000	0.0000000	0.1612813	0.1627682	0.0950183	0.0000000	0.0000000
7064.9999000	7049.9819654	7049.6153320	0.0000000	0.0000000	0.1340729	0.1626927	0.0953475	0.0000000	0.0000000
7064.9999000	7044.9875799	7044.8548242	0.0000000	0.0000000	0.1222123	0.1626635	0.0950551	0.0000000	0.0000000
7064.9999000	7039.9814797	7039.6976074	0.0000000	0.0000000	0.1436137	0.1626681	0.0974004	0.0000000	0.0000000
7064.9999000	7034.9831894	7034.9370996	0.0000000	0.0000000	0.1577847	0.1629143	0.0974594	0.0000000	0.0000000
7064.9999000	7029.9809941	7029.7798828	0.0000000	0.0000000	0.1798136	0.1633552	0.0974177	0.0000000	0.0000000
7064.9999000	7024.9787988	7024.6226660	0.0000000	0.0000000	0.1893047	0.1624401	0.0961404	0.0000000	0.0000000
7064.9999000	7019.9805085	7019.8843262	0.0000000	0.0000000	0.1896178	0.1631418	0.0961869	0.0000000	0.0000000
7064.9999000	7014.9861230	7014.7847461	0.0000000	0.0000000	0.2003756	0.1628481	0.0960203	0.0000000	0.0000000
7064.9999000	7009.9839278	7009.6851660	0.0000000	0.0000000	0.2129187	0.1626576	0.0974832	0.0000000	0.0000000
7064.9999000	7004.9817325	7004.9778613	0.0000000	0.0000000	0.2144282	0.1617239	0.0971893	0.0000000	0.0000000
