7394.9923435	7599.9977245	7599.5502051	0.0000000	0.0000000	0.0099987	0.1863156	0.1259148	0.0000000	7395.0000000
7394.9923435	7594.9867234	7594.9313574	0.0000000	0.0000000	0.0097958	0.1851427	0.1232493	0.0000000	0.0000000
7394.9923435	7589.9849267	7589.8506250	0.0000000	0.0000000	0.0126216	0.1859327	0.1229550	0.0000000	0.0000000
7394.9923435	7584.9897621	7584.7698926	0.0000000	0.0000000	0.0115798	0.1852430	0.1227753	0.0000000	0.0000000
7394.9923435	7579.9895004	7579.6891602	0.0000000	0.0000000	0.0151306	0.1843917	0.1235867	0.0000000	0.0000000
7394.9923435	7574.9866901	7574.6139941	0.0000000	0.0000000	0.0116840	0.1849203	0.1233888	0.0000000	0.0000000
7394.9923435	7569.9864284	7569.5944922	0.0000000	0.0000000	0.0144727	0.1854114	0.1245848	0.0000000	0.0000000
7394.9923435	7564.9861667	7564.5749902	0.0000000	0.0000000	0.0167692	0.1859532	0.1266737	0.0000000	0.0000000
7394.9923435	7559.9859050	7559.5554883	0.0000000	0.0000000	0.0132047	0.1865653	0.1247356	0.0000000	0.0000000
7394.9923435	7554.9856433	7554.9923047	0.0000000	0.0000000	0.0134724	0.1878020	0.1246698	0.0000000	0.0000000
7394.9923435	7549.9853816	7549.9728027	0.0000000	0.0000000	0.0124530	0.1865426	0.1250831	0.0000000	0.0000000
7394.9923435	7544.9851198	7544.9533008	0.0000000	0.0000000	0.0126670	0.1863210	0.1233296	0.0000000	0.0000000
7394.9923435	7539.9872981	7539.9337988	0.0000000	0.0000000	0.0113113	0.1852622	0.1234132	0.0000000	0.0000000
7394.9923435	7534.9866347	7534.9142969	0.0000000	0.0000000	0.0111337	0.1858147	0.1226307	0.0000000	0.0000000
7394.9923435	7530.0265800	7529.8947949	0.0000000	0.0000000	0.0109441	0.1854109	0.1245099	0.0000000	0.0000000
7394.9923435	7524.9882086	7524.9299316	0.0000000	0.0000000	0.0123882	0.1840847	0.1241433	0.0000000	0.0000000
7394.9923435	7520.0368557	7519.9705322	0.0000000	0.0000000	0.0115509	0.1836997	0.1225977	0.0000000	0.0000000
7394.9923435	7514.9839813	7514.5602783	0.0000000	0.0000000	0.0148418	0.1854609	0.1226488	0.0000000	0.0000000
7394.9923435	7510.0355290	7509.6008789	0.0000000	0.0000000	0.0163284	0.1859177	0.1219745	0.0000000	0.0000000
7394.9923435	7504.9855552	7504.6414795	0.0000000	0.0000000	0.0160391	0.1854043	0.1226831	0.0000000	0.0000000
7394.9923435	7500.0284011	7499.6820801	0.0000000	0.0000000	0.0159618	0.1849657	0.1225535	0.0000000	0.0000000
7394.9923435	7494.9871291	7494.7226807	0.0000000	0.0000000	0.0159033	0.1849144	0.1224021	0.0000000	0.0000000
7394.9923435	7490.0298344	7489.7632813	0.0000000	0.0000000	0.0147999	0.1849913	0.1239611	0.0000000	0.0000000
7394.9923435	7484.9843817	7484.8038818	0.0000000	0.0000000	0.0118420	0.1853763	0.1246033	0.0000000	0.0000000
7394.9923435	7479.9873061	7479.8981445	0.0000000	0.0000000	0.0116355	0.1852325	0.1237678	0.0000000	0.0000000
7394.9923435	7474.9845391	7474.9977734	0.0000000	0.0000000	0.0109917	0.1857439	0.1236487	0.0000000	0.0000000
7394.9923435	7469.9846178	7469.6519141	0.0000000	0.0000000	0.0093345	0.1847550	0.1240889	0.0000000	0.0000000
7394.9923435	7465.0359193	7464.7515430	0.0000000	0.0000000	0.0072391	0.1853169	0.1230641	0.0000000	0.0000000
7394.9923435	7459.9847751	7459.8511719	0.0000000	0.0000000	0.0092158	0.1858982	0.1229490	0.0000000	0.0000000
7394.9923435	7454.9820081	7454.9508008	0.0000000	0.0000000	0.0097601	0.1859366	0.1224248	0.0000000	0.0000000
7394.9923435	7449.9849325	7449.6049414	0.0000000	0.0000000	0.0096134	0.1860651	0.1212324	0.0000000	0.0000000
7394.9923435	7444.9878570	7444.7045703	0.0000000	0.0000000	0.0120145	0.1867311	0.1208252	0.0000000	0.0000000
7394.9923435	7439.9822442	7439.8041992	0.0000000	0.0000000	0.0145452	0.1860706	0.1227256	0.0000000	0.0000000
7394.9923435	7434.9880144	7434.9618359	0.0000000	0.0000000	0.0147928	0.1853065	0.1223989	0.0000000	0.0000000
7394.9923435	7429.9899093	7429.6792578	0.0000000	0.0000000	0.0130039	0.1855133	0.1214170	0.0000000	0.0000000
7394.9923435	7424.9864714	7424.8368945	0.0000000	0.0000000	0.0116177	0.1862339	0.1198663	0.0000000	0.0000000
7394.9923435	7419.9857133	7419.9945313	0.0000000	0.0000000	0.0107460	0.1857650	0.1188604	0.0000000	0.0000000
7394.9923435	7414.9876352	7414.7119531	0.0000000	0.0000000	0.0120342	0.1855488	0.1194534	0.0000000	0.0000000
7394.9923435	7409.9868772	7409.8695898	0.0000000	0.0000000	0.0209280	0.1847837	0.1204347	0.0000000	0.0000000
7394.9923435	7404.9861191	7404.5870117	0.0000000	0.0000000	0.0492946	0.1855531	0.1234976	0.0000000	0.0000000
7394.9923435	7399.9880410	7399.7446484	0.0000000	0.0000000	0.1028329	0.1864208	0.1216428	0.0000000	0.0000000
7394.9923435	7394.9846030	7394.9126367	0.0000000	0.0000000	0.1363694	0.1876063	0.1194041	0.0000000	0.0000000
7394.9923435	7389.9865249	7389.6921680	0.0000000	0.0000000	0.1119598	0.1868335	0.1180304	0.0000000	0.0000000
7394.9923435	7384.9857669	7384.9067383	0.0000000	0.0000000	0.0625936	0.1862566	0.1170963	0.0000000	0.0000000
7394.9923435	7379.9853142	7379.6862695	0.0000000	0.0000000	0.0211538	0.1859070	0.1163429	0.0000000	0.0000000
7394.9923435	7375.0055289	7374.9008398	0.0000000	0.0000000	0.0114625	0.1856429	0.1170205	0.0000000	0.0000000
7394.9923435	7370.0095227	7369.6803711	0.0000000	0.0000000	0.0118428	0.1849067	0.1172604	0.0000000	0.0000000
7394.9923435	7365.0102724	7364.8949414	0.0000000	0.0000000	0.0131741	0.1843580	0.1137876	0.0000000	0.0000000
7394.9923435	7360.0045337	7359.6744727	0.0000000	0.0000000	0.0151619	0.1850439	0.1133434	0.0000000	0.0000000
7394.9923435	7355.0085275	7354.8890430	0.0000000	0.0000000	0.0165149	0.1851998	0.1119974	0.0000000	0.0000000
7394.9923435	7350.0092772	7349.6991016	0.0000000	0.0000000	0.0134705	0.1858141	0.1143555	0.0000000	0.0000000
7394.9923435	7345.0067827	7344.9696387	0.0000000	0.0000000	0.0131179	0.1860460	0.1104353	0.0000000	0.0000000
7394.9923435	7340.0107765	7339.8102246	0.0000000	0.0000000	0.0083552	0.1853817	0.1071023	0.0000000	0.0000000
7394.9923435	7335.0082820	7334.6508105	0.0000000	0.0000000	0.0133818	0.1849878	0.1059783	0.0000000	0.0000000
7394.9923435	7330.0025434	7329.9213477	0.0000000	0.0000000	0.0167189	0.1854890	0.1072795	0.0000000	0.0000000
7394.9923435	7325.0216617	7324.7619336	0.0000000	0.0000000	0.0126122	0.1865337	0.1067305	0.0000000	0.0000000
7394.9923435	7319.9843593	7319.6025195	0.0000000	0.0000000	0.0131815	0.1844000	0.1080140	0.0000000	0.0000000
7394.9923435	7314.9864987	7314.8730566	0.0000000	0.0000000	0.0178347	0.1844723	0.1088163	0.0000000	0.0000000
7394.9923435	7309.9886382	7309.7136426	0.0000000	0.0000000	0.0146276	0.1858510	0.1099011	0.0000000	0.0000000
7394.9923435	7304.9851431	7304.6092822	0.0000000	0.0000000	0.0142712	0.1844277	0.1088975	0.0000000	0.0000000
7394.9923435	7299.9844653	7299.9348730	0.0000000	0.0000000	0.0179369	0.1857261	0.1073340	0.0000000	0.0000000
7394.9923435	7294.9837875	7294.8355176	0.0000000	0.0000000	0.0175111	0.1864374	0.1071798	0.0000000	0.0000000
7394.9923435	7289.9859270	7289.7361621	0.0000000	0.0000000	0.0179600	0.1862997	0.1090714	0.0000000	0.0000000
7394.9923435	7284.9852492	7284.6368066	0.0000000	0.0000000	0.0203596	0.1867407	0.1091665	0.0000000	0.0000000
7394.9923435	7279.9815887	7279.9623975	0.0000000	0.0000000	0.0206681	0.1872909	0.1109459	0.0000000	0.0000000
7394.9923435	7275.0065655	7274.8630420	0.0000000	0.0000000	0.0201290	0.1874886	0.1129480	0.0000000	0.0000000
7394.9923435	7270.0026737	7269.7636865	0.0000000	0.0000000	0.0206514	0.1855121	0.1126700	0.0000000	0.0000000
7394.9923435	7265.0084048	7264.6888672	0.0000000	0.0000000	0.0151132	0.1856016	0.1100026	0.0000000	0.0000000
7394.9923435	7260.0077206	7259.6483984	0.0000000	0.0000000	0.0136213	0.1853485	0.1073441	0.0000000	0.0000000
7394.9923435	7255.0102440	7254.6079297	0.0000000	0.0000000	0.0144408	0.1853813	0.1100807	0.0000000	0.0000000
7394.9923435	7250.0031446	7249.9875000	0.0000000	0.0000000	0.0145500	0.1852285	0.1076709	0.0000000	0.0000000
7394.9923435	7245.0120833	7244.9470313	0.0000000	0.0000000	0.0116399	0.1862462	0.1050331	0.0000000	0.0000000
7394.9923435	7240.0081915	7239.9065625	0.0000000	0.0000000	0.0077386	0.1866522	0.1033674	0.0000000	0.0000000
7394.9923435	7235.0107149	7234.8660938	0.0000000	0.0000000	0.0065709	0.1855837	0.1012091	0.0000000	0.0000000
7394.9923435	7230.0164460	7229.8256250	0.0000000	0.0000000	0.0064059	0.1859062	0.1009137	0.0000000	0.0000000
7394.9923435	7225.0066456	7224.7851563	0.0000000	0.0000000	0.0062277	0.1865327	0.1009390	0.0000000	0.0000000
7394.9923435	7219.9984158	7219.8026367	0.0000000	0.0000000	0.0072939	0.1855356	0.1061423	0.0000000	0.0000000
7394.9923435	7215.0097495	7214.8201172	0.0000000	0.0000000	0.0078333	0.1864159	0.1102101	0.0000000	0.0000000
7394.9923435	7210.0080408	7209.8375977	0.0000000	0.0000000	0.0096238	0.1866472	0.1096848	0.0000000	0.0000000
7394.9923435	7205.0030717	7204.8550781	0.0000000	0.0000000	0.0087660	0.1864529	0.1069810	0.0000000	0.0000000
7394.9923435	7199.9981025	7199.8725586	0.0000000	0.0000000	0.0070448	0.1844570	0.1084211	0.0000000	0.0000000
7394.9923435	7195.0061755	7194.8900391	0.0000000	0.0000000	0.0089247	0.1864685	0.1094900	0.0000000	0.0000000
7394.9923435	7190.0044669	7189.9075195	0.0000000	0.0000000	0.0090940	0.1858816	0.1127513	0.0000000	0.0000000
7394.9923435	7185.0027583	7184.9250000	0.0000000	0.0000000	0.0070378	0.1861306	0.1111293	0.0000000	0.0000000
7394.9923435	7180.0075708	7179.9804492	0.0000000	0.0000000	0.0062349	0.1856174	0.1077622	0.0000000	0.0000000
7394.9923435	7175.0123833	7174.6444189	0.0000000	0.0000000	0.0052898	0.1849680	0.1060374	0.0000000	0.0000000
7394.9923435	7170.0041536	7169.7188525	0.0000000	0.0000000	0.0044679	0.1849290	0.1072965	0.0000000	0.0000000
7394.9923435	7165.0300253	7164.7932861	0.0000000	0.0000000	0.0022368	0.1846188	0.1066396	0.0000000	0.0000000
7394.9923435	7160.0341256	7159.8677197	0.0000000	0.0000000	0.0020793	0.1859950	0.1077639	0.0000000	0.0000000
7394.9923435	7155.0292025	7154.9421533	0.0000000	0.0000000	0.0022319	0.1851649	0.1103512	0.0000000	0.0000000
7394.9923435	7150.0272872	7149.6061230	0.0000000	0.0000000	0.0028441	0.1841603	0.1095535	0.0000000	0.0000000
7394.9923435	7145.0253719	7144.6805566	0.0000000	0.0000000	0.0022484	0.1841002	0.1089301	0.0000000	0.0000000
7394.9923435	7140.0204489	7139.7829688	0.0000000	0.0000000	0.0012137	0.1842125	0.1090890	0.0000000	0.0000000
7394.9923435	7135.0275569	7134.9133594	0.0000000	0.0000000	0.0009153	0.1854420	0.1064199	0.0000000	0.0000000
7394.9923435	7130.0256416	7129.6379492	0.0000000	0.0000000	0.0015272	0.1850502	0.1071643	0.0000000	0.0000000
7394.9923435	7125.0207186	7124.7683398	0.0000000	0.0000000	0.0012180	0.1852113	0.1061545	0.0000000	0.0000000
7394.9923435	7120.0248188	7119.8987305	0.0000000	0.0000000	0.0007656	0.1844111	0.1056503	0.0000000	0.0000000
7394.9923435	7114.9808372	7114.6233203	0.0000000	0.0000000	0.0007394	0.1859377	0.1051611	0.0000000	0.0000000
7394.9923435	7109.9857704	7109.7537109	0.0000000	0.0000000	0.0008760	0.1862307	0.1055708	0.0000000	0.0000000
7394.9923435	7104.9802611	7104.8841016	0.0000000	0.0000000	0.0009379	0.1857281	0.1042673	0.0000000	0.0000000
7394.9923435	7099.9956370	7099.6316406	0.0000000	0.0000000	0.0006865	0.1867950	0.1023105	0.0000000	0.0000000
7394.9923435	7094.9831658	7094.8171094	0.0000000	0.0000000	0.0006112	0.1869567	0.1008882	0.0000000	0.0000000
7394.9923435	7089.9846182	7089.6013672	0.0000000	0.0000000	0.0004290	0.1863121	0.1013346	0.0000000	0.0000000
7394.9923435	7084.9895515	7084.7868359	0.0000000	0.0000000	0.0003755	0.1867550	0.1022091	0.0000000	0.0000000
7394.9923435	7079.9910039	7079.9723047	0.0000000	0.0000000	0.0002162	0.1846567	0.1010057	0.0000000	0.0000000
7394.9923435	7074.9889754	7074.7565625	0.0000000	0.0000000	0.0001576	0.1843176	0.1009407	0.0000000	0.0000000
7394.9923435	7069.9834660	7069.9420313	0.0000000	0.0000000	0.0000784	0.1853427	0.0996884	0.0000000	0.0000000
7394.9923435	7064.9849184	7064.7262891	0.0000000	0.0000000	0.0001100	0.1859662	0.0998085	0.0000000	0.0000000
7394.9923435	7059.9824510	7059.9297656	0.0000000	0.0000000	0.0000945	0.1855492	0.1020508	0.0000000	0.0000000
7394.9923435	7054.9841606	7054.7725488	0.0000000	0.0000000	0.0001553	0.1855691	0.1022627	0.0000000	0.0000000
7394.9923435	7049.9819654	7049.6153320	0.0000000	0.0000000	0.0000809	0.1851010	0.1035032	0.0000000	0.0000000
7394.9923435	7044.9875799	7044.8548242	0.0000000	0.0000000	0.0000844	0.1852448	0.1003529	0.0000000	0.0000000
7394.9923435	7039.9814797	7039.6976074	0.0000000	0.0000000	0.0001176	0.1849146	0.1012607	0.0000000	0.0000000
7394.9923435	7034.9831894	7034.9370996	0.0000000	0.0000000	0.0001653	0.1853040	0.1017717	0.0000000	0.0000000
7394.9923435	7029.9848990	7029.7798828	0.0000000	0.0000000	0.0000781	0.1859569	0.1014485	0.0000000	0.0000000
7394.9923435	7024.9827038	7024.6226660	0.0000000	0.0000000	0.0001617	0.1850791	0.1036367	0.0000000	0.0000000
7394.9923435	7019.9805085	7019.8843262	0.0000000	0.0000000	0.0001628	0.1848652	0.1031840	0.0000000	0.0000000
7394.9923435	7014.9822181	7014.7847461	0.0000000	0.0000000	0.0001262	0.1844242	0.0994259	0.0000000	0.0000000
7394.9923435	7009.9839278	7009.6851660	0.0000000	0.0000000	0.0000870	0.1865369	0.0992896	0.0000000	0.0000000
7394.9923435	7004.9856374	7004.9778613	0.0000000	0.0000000	0.0001102	0.1873159	0.0987258	0.0000000	0.0000000
