7244.9919381	7600.0002163	7599.5502051	0.0000000	0.0000000	0.0191122	0.1790581	0.1228495	0.0000000	7245.0000000
7244.9919381	7594.9867234	7594.9313574	0.0000000	0.0000000	0.0207295	0.1793616	0.1219480	0.0000000	0.0000000
7244.9919381	7589.9849267	7589.8506250	0.0000000	0.0000000	0.0206925	0.1792941	0.1237261	0.0000000	0.0000000
7244.9919381	7584.9897621	7584.7698926	0.0000000	0.0000000	0.0197612	0.1793165	0.1235575	0.0000000	0.0000000
7244.9919381	7579.9869519	7579.6891602	0.0000000	0.0000000	0.0215259	0.1788196	0.1249280	0.0000000	0.0000000
7244.9919381	7574.9866901	7574.6139941	0.0000000	0.0000000	0.0167236	0.1786354	0.1247611	0.0000000	0.0000000
7244.9919381	7569.9889770	7569.5944922	0.0000000	0.0000000	0.0196093	0.1785062	0.1247433	0.0000000	0.0000000
7244.9919381	7564.9887153	7564.5749902	0.0000000	0.0000000	0.0209889	0.1787495	0.1272708	0.0000000	0.0000000
7244.9919381	7559.9884535	7559.5554883	0.0000000	0.0000000	0.0175621	0.1783253	0.1243597	0.0000000	0.0000000
7244.9919381	7554.9856433	7554.9923047	0.0000000	0.0000000	0.0175813	0.1782610	0.1224149	0.0000000	0.0000000
7244.9919381	7549.9853816	7549.9728027	0.0000000	0.0000000	0.0178346	0.1790453	0.1237919	0.0000000	0.0000000
7244.9919381	7544.9851198	7544.9533008	0.0000000	0.0000000	0.0182701	0.1796493	0.1243508	0.0000000	0.0000000
7244.9919381	7539.9872981	7539.9337988	0.0000000	0.0000000	0.0178884	0.1793484	0.1253176	0.0000000	0.0000000
7244.9919381	7534.9837341	7534.9142969	0.0000000	0.0000000	0.0185459	0.1776383	0.1255441	0.0000000	0.0000000
7244.9919381	7530.0294806	7529.8947949	0.0000000	0.0000000	0.0167770	0.1786908	0.1258601	0.0000000	0.0000000
7244.9919381	7524.9853080	7524.9299316	0.0000000	0.0000000	0.0163191	0.1789269	0.1259929	0.0000000	0.0000000
7244.9919381	7519.9875452	7519.9705322	0.0000000	0.0000000	0.0176174	0.1782095	0.1243549	0.0000000	0.0000000
7244.9919381	7515.0361924	7514.5602783	0.0000000	0.0000000	0.0179208	0.1780576	0.1240277	0.0000000	0.0000000
7244.9919381	7509.9833179	7509.6008789	0.0000000	0.0000000	0.0180792	0.1786316	0.1253751	0.0000000	0.0000000
7244.9919381	7504.9826546	7504.6414795	0.0000000	0.0000000	0.0199291	0.1781138	0.1253269	0.0000000	0.0000000
7244.9919381	7499.9877924	7499.6820801	0.0000000	0.0000000	0.0234967	0.1778774	0.1246685	0.0000000	0.0000000
7244.9919381	7494.9842285	7494.7226807	0.0000000	0.0000000	0.0178511	0.1773359	0.1246376	0.0000000	0.0000000
7244.9919381	7489.9843030	7489.7632813	0.0000000	0.0000000	0.0206394	0.1780369	0.1267772	0.0000000	0.0000000
7244.9919381	7484.9843817	7484.8038818	0.0000000	0.0000000	0.0168431	0.1783383	0.1241646	0.0000000	0.0000000
7244.9919381	7479.9844604	7479.8981445	0.0000000	0.0000000	0.0163412	0.1779717	0.1226117	0.0000000	0.0000000
7244.9919381	7474.9845391	7474.9977734	0.0000000	0.0000000	0.0169391	0.1789824	0.1217317	0.0000000	0.0000000
7244.9919381	7469.9846178	7469.6519141	0.0000000	0.0000000	0.0153441	0.1786073	0.1222625	0.0000000	0.0000000
7244.9919381	7464.9875422	7464.7515430	0.0000000	0.0000000	0.0138051	0.1784924	0.1216862	0.0000000	0.0000000
7244.9919381	7459.9847751	7459.8511719	0.0000000	0.0000000	0.0141453	0.1780209	0.1230282	0.0000000	0.0000000
7244.9919381	7454.9820081	7454.9508008	0.0000000	0.0000000	0.0147621	0.1783184	0.1245083	0.0000000	0.0000000
7244.9919381	7449.9877783	7449.6049414	0.0000000	0.0000000	0.0146725	0.1781749	0.1219224	0.0000000	0.0000000
7244.9919381	7444.9850112	7444.7045703	0.0000000	0.0000000	0.0141754	0.1776727	0.1212258	0.0000000	0.0000000
7244.9919381	7439.9850899	7439.8041992	0.0000000	0.0000000	0.0153479	0.1768950	0.1218956	0.0000000	0.0000000
7244.9919381	7434.9851686	7434.9618359	0.0000000	0.0000000	0.0144944	0.1781061	0.1206364	0.0000000	0.0000000
7244.9919381	7429.9872294	7429.6792578	0.0000000	0.0000000	0.0138787	0.1783092	0.1196285	0.0000000	0.0000000
7244.9919381	7424.9918312	7424.8368945	0.0000000	0.0000000	0.0136277	0.1786649	0.1209269	0.0000000	0.0000000
7244.9919381	7419.9857133	7419.9945313	0.0000000	0.0000000	0.0137778	0.1779014	0.1215277	0.0000000	0.0000000
7244.9919381	7414.9849553	7414.7119531	0.0000000	0.0000000	0.0113346	0.1785094	0.1196241	0.0000000	0.0000000
7244.9919381	7409.9868772	7409.8695898	0.0000000	0.0000000	0.0111943	0.1780228	0.1178346	0.0000000	0.0000000
7244.9919381	7404.9861191	7404.5870117	0.0000000	0.0000000	0.0102618	0.1794603	0.1159829	0.0000000	0.0000000
7244.9919381	7399.9853611	7399.7446484	0.0000000	0.0000000	0.0127889	0.1792505	0.1173573	0.0000000	0.0000000
7244.9919381	7394.9846030	7394.9126367	0.0000000	0.0000000	0.0114523	0.1782126	0.1173761	0.0000000	0.0000000
7244.9919381	7389.9865249	7389.6921680	0.0000000	0.0000000	0.0132222	0.1784800	0.1184816	0.0000000	0.0000000
7244.9919381	7384.9857669	7384.9067383	0.0000000	0.0000000	0.0169352	0.1769397	0.1197010	0.0000000	0.0000000
7244.9919381	7379.9820701	7379.6862695	0.0000000	0.0000000	0.0180651	0.1775006	0.1185072	0.0000000	0.0000000
7244.9919381	7375.0087730	7374.9008398	0.0000000	0.0000000	0.0179379	0.1766819	0.1176698	0.0000000	0.0000000
7244.9919381	7370.0095227	7369.6803711	0.0000000	0.0000000	0.0203483	0.1774830	0.1157733	0.0000000	0.0000000
7244.9919381	7365.0102724	7364.8949414	0.0000000	0.0000000	0.0195022	0.1779557	0.1148799	0.0000000	0.0000000
7244.9919381	7360.0012895	7359.6744727	0.0000000	0.0000000	0.0179689	0.1791019	0.1113843	0.0000000	0.0000000
7244.9919381	7355.0085275	7354.8890430	0.0000000	0.0000000	0.0209519	0.1788566	0.1109797	0.0000000	0.0000000
7244.9919381	7350.0092772	7349.6991016	0.0000000	0.0000000	0.0207904	0.1785419	0.1108842	0.0000000	0.0000000
7244.9919381	7345.0035385	7344.9696387	0.0000000	0.0000000	0.0242324	0.1788546	0.1112930	0.0000000	0.0000000
7244.9919381	7340.0107765	7339.8102246	0.0000000	0.0000000	0.0247977	0.1777629	0.1100051	0.0000000	0.0000000
7244.9919381	7335.0147704	7334.6508105	0.0000000	0.0000000	0.0277861	0.1769128	0.1087244	0.0000000	0.0000000
7244.9919381	7330.0025434	7329.9213477	0.0000000	0.0000000	0.0362535	0.1774225	0.1077311	0.0000000	0.0000000
7244.9919381	7325.0244790	7324.7619336	0.0000000	0.0000000	0.0368781	0.1777395	0.1073583	0.0000000	0.0000000
7244.9919381	7319.9843593	7319.6025195	0.0000000	0.0000000	0.0380321	0.1787345	0.1081799	0.0000000	0.0000000
7244.9919381	7314.9864987	7314.8730566	0.0000000	0.0000000	0.0444534	0.1793375	0.1073588	0.0000000	0.0000000
7244.9919381	7309.9886382	7309.7136426	0.0000000	0.0000000	0.0468969	0.1780721	0.1062247	0.0000000	0.0000000
7244.9919381	7304.9851431	7304.6092822	0.0000000	0.0000000	0.0464908	0.1770355	0.1072714	0.0000000	0.0000000
7244.9919381	7299.9844653	7299.9348730	0.0000000	0.0000000	0.0523008	0.1775001	0.1081954	0.0000000	0.0000000
7244.9919381	7294.9837875	7294.8355176	0.0000000	0.0000000	0.0547537	0.1772560	0.1059114	0.0000000	0.0000000
7244.9919381	7289.9831097	7289.7361621	0.0000000	0.0000000	0.0508428	0.1782892	0.1061920	0.0000000	0.0000000
7244.9919381	7284.9852492	7284.6368066	0.0000000	0.0000000	0.0564253	0.1777235	0.1077279	0.0000000	0.0000000
7244.9919381	7279.9815887	7279.9623975	0.0000000	0.0000000	0.0613065	0.1771490	0.1090870	0.0000000	0.0000000
7244.9919381	7275.0097731	7274.8630420	0.0000000	0.0000000	0.0626006	0.1778292	0.1073571	0.0000000	0.0000000
7244.9919381	7270.0090889	7269.7636865	0.0000000	0.0000000	0.0615311	0.1777720	0.1074532	0.0000000	0.0000000
7244.9919381	7265.0084048	7264.6888672	0.0000000	0.0000000	0.0671599	0.1771027	0.1075676	0.0000000	0.0000000
7244.9919381	7260.0109282	7259.6483984	0.0000000	0.0000000	0.0891078	0.1768939	0.1071998	0.0000000	0.0000000
7244.9919381	7255.0166593	7254.6079297	0.0000000	0.0000000	0.1430403	0.1770477	0.1055931	0.0000000	0.0000000
7244.9919381	7250.0127675	7249.9875000	0.0000000	0.0000000	0.1829077	0.1779445	0.1030803	0.0000000	0.0000000
7244.9919381	7245.0056680	7244.9470313	0.0000000	0.0000000	0.2002966	0.1782234	0.1023020	0.0000000	0.0000000
7244.9919381	7240.0210220	7239.9065625	0.0000000	0.0000000	0.1652022	0.1773787	0.1022966	0.0000000	0.0000000
7244.9919381	7235.0107149	7234.8660938	0.0000000	0.0000000	0.1147927	0.1778623	0.1021990	0.0000000	0.0000000
7244.9919381	7230.0164460	7229.8256250	0.0000000	0.0000000	0.0735920	0.1776232	0.1018411	0.0000000	0.0000000
7244.9919381	7225.0066456	7224.7851563	0.0000000	0.0000000	0.0598336	0.1777606	0.1021262	0.0000000	0.0000000
7244.9919381	7220.0049369	7219.8026367	0.0000000	0.0000000	0.0733345	0.1783704	0.1047158	0.0000000	0.0000000
7244.9919381	7214.9999678	7214.8201172	0.0000000	0.0000000	0.0785400	0.1777250	0.1064591	0.0000000	0.0000000
7244.9919381	7209.9982591	7209.8375977	0.0000000	0.0000000	0.0854113	0.1772446	0.1085938	0.0000000	0.0000000
7244.9919381	7204.9998111	7204.8550781	0.0000000	0.0000000	0.0949628	0.1774487	0.1074926	0.0000000	0.0000000
7244.9919381	7199.9981025	7199.8725586	0.0000000	0.0000000	0.0861447	0.1778079	0.1070980	0.0000000	0.0000000
7244.9919381	7195.0159572	7194.8900391	0.0000000	0.0000000	0.0910120	0.1781344	0.1085677	0.0000000	0.0000000
7244.9919381	7190.0077275	7189.9075195	0.0000000	0.0000000	0.0978969	0.1773536	0.1074858	0.0000000	0.0000000
7244.9919381	7185.0060189	7184.9250000	0.0000000	0.0000000	0.0941542	0.1768485	0.1078400	0.0000000	0.0000000
7244.9919381	7180.0043103	7179.9804492	0.0000000	0.0000000	0.0804801	0.1772860	0.1055276	0.0000000	0.0000000
7244.9919381	7175.0091228	7174.6444189	0.0000000	0.0000000	0.0862054	0.1779500	0.1060746	0.0000000	0.0000000
7244.9919381	7170.0074141	7169.7188525	0.0000000	0.0000000	0.0788867	0.1778152	0.1048795	0.0000000	0.0000000
7244.9919381	7165.0300253	7164.7932861	0.0000000	0.0000000	0.0605648	0.1769683	0.1020602	0.0000000	0.0000000
7244.9919381	7160.0220945	7159.8677197	0.0000000	0.0000000	0.0529183	0.1772111	0.1024491	0.0000000	0.0000000
7244.9919381	7155.0171714	7154.9421533	0.0000000	0.0000000	0.0586200	0.1778130	0.1045669	0.0000000	0.0000000
7244.9919381	7150.0333028	7149.6061230	0.0000000	0.0000000	0.0681075	0.1776343	0.1044253	0.0000000	0.0000000
7244.9919381	7145.0253719	7144.6805566	0.0000000	0.0000000	0.0570048	0.1775183	0.1028466	0.0000000	0.0000000
7244.9919381	7139.9873635	7139.7829688	0.0000000	0.0000000	0.0410577	0.1767563	0.1026074	0.0000000	0.0000000
7244.9919381	7135.0275569	7134.9133594	0.0000000	0.0000000	0.0416471	0.1770471	0.1033289	0.0000000	0.0000000
7244.9919381	7130.0286494	7129.6379492	0.0000000	0.0000000	0.0538654	0.1778618	0.1029366	0.0000000	0.0000000
7244.9919381	7125.0207186	7124.7683398	0.0000000	0.0000000	0.0513734	0.1775474	0.1032301	0.0000000	0.0000000
7244.9919381	7120.0218110	7119.8987305	0.0000000	0.0000000	0.0377605	0.1786215	0.1017012	0.0000000	0.0000000
7244.9919381	7114.9843181	7114.6233203	0.0000000	0.0000000	0.0405695	0.1783364	0.1013645	0.0000000	0.0000000
7244.9919381	7109.9822896	7109.7537109	0.0000000	0.0000000	0.0406691	0.1779587	0.1013510	0.0000000	0.0000000
7244.9919381	7104.9837419	7104.8841016	0.0000000	0.0000000	0.0365029	0.1780568	0.1019297	0.0000000	0.0000000
7244.9919381	7099.9851943	7099.6316406	0.0000000	0.0000000	0.0373733	0.1775953	0.1021827	0.0000000	0.0000000
7244.9919381	7094.9831658	7094.8171094	0.0000000	0.0000000	0.0313652	0.1781831	0.1026887	0.0000000	0.0000000
7244.9919381	7089.9846182	7089.6013672	0.0000000	0.0000000	0.0273206	0.1768115	0.1030405	0.0000000	0.0000000
7244.9919381	7084.9860706	7084.7868359	0.0000000	0.0000000	0.0233104	0.1765936	0.1039268	0.0000000	0.0000000
7244.9919381	7079.9840421	7079.9723047	0.0000000	0.0000000	0.0176238	0.1769720	0.1020961	0.0000000	0.0000000
7244.9919381	7074.9889754	7074.7565625	0.0000000	0.0000000	0.0128258	0.1777509	0.1001508	0.0000000	0.0000000
7244.9919381	7069.9973895	7069.9420313	0.0000000	0.0000000	0.0096973	0.1785482	0.0984133	0.0000000	0.0000000
7244.9919381	7064.9883993	7064.7262891	0.0000000	0.0000000	0.0099796	0.1777472	0.0982189	0.0000000	0.0000000
7244.9919381	7059.9863559	7059.9297656	0.0000000	0.0000000	0.0103843	0.1777104	0.0974260	0.0000000	0.0000000
7244.9919381	7054.9880656	7054.7725488	0.0000000	0.0000000	0.0111116	0.1774788	0.0969633	0.0000000	0.0000000
7244.9919381	7049.9819654	7049.6153320	0.0000000	0.0000000	0.0109202	0.1766891	0.0971179	0.0000000	0.0000000
7244.9919381	7044.9875799	7044.8548242	0.0000000	0.0000000	0.0123597	0.1775765	0.0969789	0.0000000	0.0000000
7244.9919381	7039.9853847	7039.6976074	0.0000000	0.0000000	0.0132020	0.1780439	0.0962920	0.0000000	0.0000000
7244.9919381	7034.9831894	7034.9370996	0.0000000	0.0000000	0.0150531	0.1774744	0.0973964	0.0000000	0.0000000
7244.9919381	7029.9848990	7029.7798828	0.0000000	0.0000000	0.0155000	0.1765215	0.0993405	0.0000000	0.0000000
7244.9919381	7024.9827038	7024.6226660	0.0000000	0.0000000	0.0168274	0.1772767	0.0979092	0.0000000	0.0000000
7244.9919381	7019.9805085	7019.8843262	0.0000000	0.0000000	0.0145557	0.1775424	0.0982183	0.0000000	0.0000000
7244.9919381	7014.9861230	7014.7847461	0.0000000	0.0000000	0.0149497	0.1773452	0.0983479	0.0000000	0.0000000
7244.9919381	7009.9839278	7009.6851660	0.0000000	0.0000000	0.0141815	0.1766454	0.0980656	0.0000000	0.0000000
7244.9919381	7004.9817325	7004.9778613	0.0000000	0.0000000	0.0119243	0.1769514	0.0988826	0.0000000	0.0000000
