7109.9916483	7599.9977245	7599.5502051	0.0000000	0.0000000	0.0214614	0.1592068	0.1207659	0.0000000	7110.0000000
7109.9916483	7594.9867234	7594.9313574	0.0000000	0.0000000	0.0288330	0.1594728	0.1208088	0.0000000	0.0000000
7109.9916483	7589.9849267	7589.8506250	0.0000000	0.0000000	0.0217888	0.1590790	0.1210311	0.0000000	0.0000000
7109.9916483	7584.9897621	7584.7698926	0.0000000	0.0000000	0.0206766	0.1590803	0.1208326	0.0000000	0.0000000
7109.9916483	7579.9895004	7579.6891602	0.0000000	0.0000000	0.0238005	0.1582800	0.1213898	0.0000000	0.0000000
7109.9916483	7574.9866901	7574.6139941	0.0000000	0.0000000	0.0220551	0.1577740	0.1212988	0.0000000	0.0000000
7109.9916483	7569.9915255	7569.5944922	0.0000000	0.0000000	0.0212025	0.1589258	0.1207272	0.0000000	0.0000000
7109.9916483	7564.9887153	7564.5749902	0.0000000	0.0000000	0.0194269	0.1588079	0.1206923	0.0000000	0.0000000
7109.9916483	7559.9884535	7559.5554883	0.0000000	0.0000000	0.0202792	0.1604993	0.1219640	0.0000000	0.0000000
7109.9916483	7554.9881918	7554.9923047	0.0000000	0.0000000	0.0187312	0.1605260	0.1215593	0.0000000	0.0000000
7109.9916483	7549.9879301	7549.9728027	0.0000000	0.0000000	0.0228448	0.1606211	0.1221945	0.0000000	0.0000000
7109.9916483	7544.9851198	7544.9533008	0.0000000	0.0000000	0.0205214	0.1606805	0.1213466	0.0000000	0.0000000
7109.9916483	7539.9872981	7539.9337988	0.0000000	0.0000000	0.0229071	0.1609071	0.1238685	0.0000000	0.0000000
7109.9916483	7535.0359452	7534.9142969	0.0000000	0.0000000	0.0188760	0.1599192	0.1245695	0.0000000	0.0000000
7109.9916483	7529.9830707	7529.8947949	0.0000000	0.0000000	0.0222740	0.1588068	0.1234254	0.0000000	0.0000000
7109.9916483	7524.9853080	7524.9299316	0.0000000	0.0000000	0.0238199	0.1592451	0.1225544	0.0000000	0.0000000
7109.9916483	7520.0368557	7519.9705322	0.0000000	0.0000000	0.0224496	0.1599940	0.1213142	0.0000000	0.0000000
7109.9916483	7514.9839813	7514.5602783	0.0000000	0.0000000	0.0223715	0.1597156	0.1215708	0.0000000	0.0000000
7109.9916483	7509.9833179	7509.6008789	0.0000000	0.0000000	0.0241597	0.1590676	0.1215145	0.0000000	0.0000000
7109.9916483	7504.9826546	7504.6414795	0.0000000	0.0000000	0.0220502	0.1590709	0.1217382	0.0000000	0.0000000
7109.9916483	7499.9906931	7499.6820801	0.0000000	0.0000000	0.0218032	0.1605515	0.1243500	0.0000000	0.0000000
7109.9916483	7494.9871291	7494.7226807	0.0000000	0.0000000	0.0218378	0.1600497	0.1243887	0.0000000	0.0000000
7109.9916483	7489.9871487	7489.7632813	0.0000000	0.0000000	0.0237203	0.1593453	0.1243815	0.0000000	0.0000000
7109.9916483	7484.9843817	7484.8038818	0.0000000	0.0000000	0.0187439	0.1590135	0.1233490	0.0000000	0.0000000
7109.9916483	7480.0328375	7479.8981445	0.0000000	0.0000000	0.0206476	0.1582263	0.1244204	0.0000000	0.0000000
7109.9916483	7474.9845391	7474.9977734	0.0000000	0.0000000	0.0185494	0.1585187	0.1233190	0.0000000	0.0000000
7109.9916483	7469.9846178	7469.6519141	0.0000000	0.0000000	0.0212639	0.1577448	0.1253502	0.0000000	0.0000000
7109.9916483	7464.9875422	7464.7515430	0.0000000	0.0000000	0.0174495	0.1582094	0.1240649	0.0000000	0.0000000
7109.9916483	7459.9847751	7459.8511719	0.0000000	0.0000000	0.0124285	0.1586006	0.1223314	0.0000000	0.0000000
7109.9916483	7454.9848538	7454.9508008	0.0000000	0.0000000	0.0143907	0.1586106	0.1241198	0.0000000	0.0000000
7109.9916483	7449.9849325	7449.6049414	0.0000000	0.0000000	0.0142238	0.1574194	0.1229050	0.0000000	0.0000000
7109.9916483	7445.0390798	7444.7045703	0.0000000	0.0000000	0.0144093	0.1580685	0.1223779	0.0000000	0.0000000
7109.9916483	7439.9850899	7439.8041992	0.0000000	0.0000000	0.0129171	0.1579034	0.1209738	0.0000000	0.0000000
7109.9916483	7434.9851686	7434.9618359	0.0000000	0.0000000	0.0124417	0.1582209	0.1196454	0.0000000	0.0000000
7109.9916483	7429.9872294	7429.6792578	0.0000000	0.0000000	0.0125477	0.1589736	0.1194907	0.0000000	0.0000000
7109.9916483	7424.9918312	7424.8368945	0.0000000	0.0000000	0.0115426	0.1591031	0.1184169	0.0000000	0.0000000
7109.9916483	7419.9857133	7419.9945313	0.0000000	0.0000000	0.0112295	0.1581670	0.1176993	0.0000000	0.0000000
7109.9916483	7414.9849553	7414.7119531	0.0000000	0.0000000	0.0100359	0.1589670	0.1170499	0.0000000	0.0000000
7109.9916483	7409.9841972	7409.8695898	0.0000000	0.0000000	0.0103362	0.1578944	0.1177332	0.0000000	0.0000000
7109.9916483	7404.9861191	7404.5870117	0.0000000	0.0000000	0.0106578	0.1567031	0.1166270	0.0000000	0.0000000
7109.9916483	7399.9880410	7399.7446484	0.0000000	0.0000000	0.0099277	0.1576479	0.1161356	0.0000000	0.0000000
7109.9916483	7394.9846030	7394.9126367	0.0000000	0.0000000	0.0101451	0.1591880	0.1150348	0.0000000	0.0000000
7109.9916483	7389.9838450	7389.6921680	0.0000000	0.0000000	0.0107513	0.1600464	0.1154705	0.0000000	0.0000000
7109.9916483	7384.9857669	7384.9067383	0.0000000	0.0000000	0.0115381	0.1597736	0.1131451	0.0000000	0.0000000
7109.9916483	7379.9820701	7379.6862695	0.0000000	0.0000000	0.0107307	0.1579838	0.1138877	0.0000000	0.0000000
7109.9916483	7375.0022847	7374.9008398	0.0000000	0.0000000	0.0098422	0.1592505	0.1129949	0.0000000	0.0000000
7109.9916483	7370.0095227	7369.6803711	0.0000000	0.0000000	0.0101556	0.1598335	0.1101349	0.0000000	0.0000000
7109.9916483	7365.0135165	7364.8949414	0.0000000	0.0000000	0.0127697	0.1585652	0.1112114	0.0000000	0.0000000
7109.9916483	7360.0110220	7359.6744727	0.0000000	0.0000000	0.0150136	0.1578788	0.1102850	0.0000000	0.0000000
7109.9916483	7355.0085275	7354.8890430	0.0000000	0.0000000	0.0147039	0.1585759	0.1085386	0.0000000	0.0000000
7109.9916483	7350.0027889	7349.6991016	0.0000000	0.0000000	0.0140649	0.1597311	0.1053004	0.0000000	0.0000000
7109.9916483	7345.0132710	7344.9696387	0.0000000	0.0000000	0.0165731	0.1592567	0.1046185	0.0000000	0.0000000
7109.9916483	7340.0107765	7339.8102246	0.0000000	0.0000000	0.0153705	0.1591504	0.1046748	0.0000000	0.0000000
7109.9916483	7335.0180145	7334.6508105	0.0000000	0.0000000	0.0183064	0.1586566	0.1059192	0.0000000	0.0000000
7109.9916483	7330.0122759	7329.9213477	0.0000000	0.0000000	0.0205710	0.1582771	0.1050256	0.0000000	0.0000000
7109.9916483	7325.0216617	7324.7619336	0.0000000	0.0000000	0.0200829	0.1592242	0.1043540	0.0000000	0.0000000
7109.9916483	7319.9871765	7319.6025195	0.0000000	0.0000000	0.0219597	0.1582396	0.1050162	0.0000000	0.0000000
7109.9916483	7314.9864987	7314.8730566	0.0000000	0.0000000	0.0264325	0.1576484	0.1053409	0.0000000	0.0000000
7109.9916483	7309.9914555	7309.7136426	0.0000000	0.0000000	0.0288872	0.1572059	0.1065173	0.0000000	0.0000000
7109.9916483	7304.9879604	7304.6092822	0.0000000	0.0000000	0.0265800	0.1574529	0.1062631	0.0000000	0.0000000
7109.9916483	7299.9816481	7299.9348730	0.0000000	0.0000000	0.0294246	0.1576364	0.1065626	0.0000000	0.0000000
7109.9916483	7294.9837875	7294.8355176	0.0000000	0.0000000	0.0324598	0.1579475	0.1055186	0.0000000	0.0000000
7109.9916483	7289.9859270	7289.7361621	0.0000000	0.0000000	0.0361349	0.1580519	0.1067018	0.0000000	0.0000000
7109.9916483	7284.9852492	7284.6368066	0.0000000	0.0000000	0.0354335	0.1587675	0.1061545	0.0000000	0.0000000
7109.9916483	7279.9847963	7279.9623975	0.0000000	0.0000000	0.0357158	0.1592354	0.1063162	0.0000000	0.0000000
7109.9916483	7275.0065655	7274.8630420	0.0000000	0.0000000	0.0395006	0.1602383	0.1072272	0.0000000	0.0000000
7109.9916483	7270.0090889	7269.7636865	0.0000000	0.0000000	0.0372816	0.1612916	0.1061488	0.0000000	0.0000000
7109.9916483	7265.0019895	7264.6888672	0.0000000	0.0000000	0.0344908	0.1603550	0.1044156	0.0000000	0.0000000
7109.9916483	7260.0109282	7259.6483984	0.0000000	0.0000000	0.0401034	0.1587627	0.1053164	0.0000000	0.0000000
7109.9916483	7255.0198669	7254.6079297	0.0000000	0.0000000	0.0449308	0.1591794	0.1044230	0.0000000	0.0000000
7109.9916483	7250.0031446	7249.9875000	0.0000000	0.0000000	0.0459938	0.1588186	0.1038387	0.0000000	0.0000000
7109.9916483	7245.0056680	7244.9470313	0.0000000	0.0000000	0.0405001	0.1595763	0.1008525	0.0000000	0.0000000
7109.9916483	7240.0113991	7239.9065625	0.0000000	0.0000000	0.0438184	0.1603362	0.1007163	0.0000000	0.0000000
7109.9916483	7235.0075073	7234.8660938	0.0000000	0.0000000	0.0466755	0.1608341	0.0991488	0.0000000	0.0000000
7109.9916483	7230.0004079	7229.8256250	0.0000000	0.0000000	0.0464985	0.1607927	0.0982488	0.0000000	0.0000000
7109.9916483	7225.0164273	7224.7851563	0.0000000	0.0000000	0.0561965	0.1603955	0.0995723	0.0000000	0.0000000
7109.9916483	7220.0081975	7219.8026367	0.0000000	0.0000000	0.0723406	0.1598940	0.1011465	0.0000000	0.0000000
7109.9916483	7215.0130100	7214.8201172	0.0000000	0.0000000	0.0839188	0.1590072	0.1024518	0.0000000	0.0000000
7109.9916483	7210.0080408	7209.8375977	0.0000000	0.0000000	0.0912592	0.1585018	0.1024927	0.0000000	0.0000000
7109.9916483	7205.0095928	7204.8550781	0.0000000	0.0000000	0.1036481	0.1593763	0.1046335	0.0000000	0.0000000
7109.9916483	7200.0013630	7199.8725586	0.0000000	0.0000000	0.1053243	0.1591775	0.1052607	0.0000000	0.0000000
7109.9916483	7195.0094361	7194.8900391	0.0000000	0.0000000	0.1157065	0.1588357	0.1067688	0.0000000	0.0000000
7109.9916483	7190.0044669	7189.9075195	0.0000000	0.0000000	0.1270243	0.1586088	0.1061794	0.0000000	0.0000000
7109.9916483	7185.0092794	7184.9250000	0.0000000	0.0000000	0.1300006	0.1586984	0.1043873	0.0000000	0.0000000
7109.9916483	7180.0140920	7179.9804492	0.0000000	0.0000000	0.1213044	0.1588213	0.1040780	0.0000000	0.0000000
7109.9916483	7175.0091228	7174.6444189	0.0000000	0.0000000	0.1218322	0.1590710	0.1019434	0.0000000	0.0000000
7109.9916483	7170.0074141	7169.7188525	0.0000000	0.0000000	0.1290941	0.1582190	0.1013424	0.0000000	0.0000000
7109.9916483	7165.0270176	7164.7932861	0.0000000	0.0000000	0.1196763	0.1581038	0.1011554	0.0000000	0.0000000
7109.9916483	7160.0311178	7159.8677197	0.0000000	0.0000000	0.1102688	0.1594233	0.1006643	0.0000000	0.0000000
7109.9916483	7155.0231870	7154.9421533	0.0000000	0.0000000	0.1200474	0.1604185	0.1022643	0.0000000	0.0000000
7109.9916483	7150.0302950	7149.6061230	0.0000000	0.0000000	0.1412305	0.1614542	0.1016279	0.0000000	0.0000000
7109.9916483	7145.0193564	7144.6805566	0.0000000	0.0000000	0.1347870	0.1602593	0.1000619	0.0000000	0.0000000
7109.9916483	7140.0234567	7139.7829688	0.0000000	0.0000000	0.1107518	0.1611178	0.0990784	0.0000000	0.0000000
7109.9916483	7135.0185336	7134.9133594	0.0000000	0.0000000	0.1173901	0.1607511	0.1021719	0.0000000	0.0000000
7109.9916483	7130.0346649	7129.6379492	0.0000000	0.0000000	0.1652242	0.1598232	0.1024675	0.0000000	0.0000000
7109.9916483	7125.0297419	7124.7683398	0.0000000	0.0000000	0.2057943	0.1612717	0.0994727	0.0000000	0.0000000
7109.9916483	7120.0248188	7119.8987305	0.0000000	0.0000000	0.2513467	0.1613541	0.1007574	0.0000000	0.0000000
7109.9916483	7114.9843181	7114.6233203	0.0000000	0.0000000	0.3139625	0.1592826	0.1003577	0.0000000	0.0000000
7109.9916483	7109.9857704	7109.7537109	0.0000000	0.0000000	0.3237926	0.1582054	0.1033977	0.0000000	0.0000000
7109.9916483	7104.9837419	7104.8841016	0.0000000	0.0000000	0.2481711	0.1600796	0.1025557	0.0000000	0.0000000
7109.9916483	7099.9817134	7099.6316406	0.0000000	0.0000000	0.1767681	0.1591157	0.1012874	0.0000000	0.0000000
7109.9916483	7094.9831658	7094.8171094	0.0000000	0.0000000	0.1172803	0.1602574	0.0998638	0.0000000	0.0000000
7109.9916483	7089.9811373	7089.6013672	0.0000000	0.0000000	0.1003462	0.1600027	0.0991023	0.0000000	0.0000000
7109.9916483	7084.9860706	7084.7868359	0.0000000	0.0000000	0.0988381	0.1599662	0.0991565	0.0000000	0.0000000
7109.9916483	7079.9875230	7079.9723047	0.0000000	0.0000000	0.0762161	0.1607656	0.0964282	0.0000000	0.0000000
7109.9916483	7074.9889754	7074.7565625	0.0000000	0.0000000	0.0659905	0.1608115	0.0953539	0.0000000	0.0000000
7109.9916483	7069.9939087	7069.9420313	0.0000000	0.0000000	0.0543639	0.1598939	0.0947711	0.0000000	0.0000000
7109.9916483	7064.9883993	7064.7262891	0.0000000	0.0000000	0.0624900	0.1601047	0.0959932	0.0000000	0.0000000
7109.9916483	7059.9824510	7059.9297656	0.0000000	0.0000000	0.0667631	0.1612637	0.0955648	0.0000000	0.0000000
7109.9916483	7054.9841606	7054.7725488	0.0000000	0.0000000	0.0783658	0.1617125	0.0950836	0.0000000	0.0000000
7109.9916483	7049.9819654	7049.6153320	0.0000000	0.0000000	0.0868700	0.1604640	0.0951749	0.0000000	0.0000000
7109.9916483	7044.9875799	7044.8548242	0.0000000	0.0000000	0.0913001	0.1602738	0.0964194	0.0000000	0.0000000
7109.9916483	7039.9814797	7039.6976074	0.0000000	0.0000000	0.1013087	0.1593478	0.0981514	0.0000000	0.0000000
7109.9916483	7034.9870943	7034.9370996	0.0000000	0.0000000	0.1067485	0.1601888	0.0949946	0.0000000	0.0000000
7109.9916483	7029.9809941	7029.7798828	0.0000000	0.0000000	0.1190623	0.1616252	0.0948035	0.0000000	0.0000000
7109.9916483	7024.9827038	7024.6226660	0.0000000	0.0000000	0.1312655	0.1615830	0.0946255	0.0000000	0.0000000
7109.9916483	7019.9844134	7019.8843262	0.0000000	0.0000000	0.1284774	0.1613694	0.0943723	0.0000000	0.0000000
7109.9916483	7014.9861230	7014.7847461	0.0000000	0.0000000	0.1369181	0.1613571	0.0954874	0.0000000	0.0000000
7109.9916483	7009.9839278	7009.6851660	0.0000000	0.0000000	0.1407363	0.1614553	0.0964602	0.0000000	0.0000000
7109.9916483	7004.9856374	7004.9778613	0.0000000	0.0000000	0.1425898	0.1610361	0.0983621	0.0000000	0.0000000
