7004.9956281	7599.9977245	7599.5502051	0.0000000	0.0000000	0.0180607	0.1515342	0.1214928	0.0000000	7005.0000000
7004.9956281	7594.9867234	7594.9313574	0.0000000	0.0000000	0.0178330	0.1514744	0.1198992	0.0000000	0.0000000
7004.9956281	7589.9849267	7589.8506250	0.0000000	0.0000000	0.0203407	0.1518755	0.1203951	0.0000000	0.0000000
7004.9956281	7584.9897621	7584.7698926	0.0000000	0.0000000	0.0204313	0.1512986	0.1216539	0.0000000	0.0000000
7004.9956281	7579.9895004	7579.6891602	0.0000000	0.0000000	0.0202874	0.1513739	0.1205317	0.0000000	0.0000000
7004.9956281	7574.9866901	7574.6139941	0.0000000	0.0000000	0.0195016	0.1502688	0.1194888	0.0000000	0.0000000
7004.9956281	7569.9889770	7569.5944922	0.0000000	0.0000000	0.0202346	0.1517018	0.1205977	0.0000000	0.0000000
7004.9956281	7564.9887153	7564.5749902	0.0000000	0.0000000	0.0197773	0.1515057	0.1206487	0.0000000	0.0000000
7004.9956281	7559.9859050	7559.5554883	0.0000000	0.0000000	0.0191517	0.1511580	0.1209380	0.0000000	0.0000000
7004.9956281	7554.9856433	7554.9923047	0.0000000	0.0000000	0.0179624	0.1507698	0.1207831	0.0000000	0.0000000
7004.9956281	7549.9853816	7549.9728027	0.0000000	0.0000000	0.0199050	0.1523401	0.1226162	0.0000000	0.0000000
7004.9956281	7544.9851198	7544.9533008	0.0000000	0.0000000	0.0195774	0.1517402	0.1230754	0.0000000	0.0000000
7004.9956281	7539.9872981	7539.9337988	0.0000000	0.0000000	0.0184276	0.1511644	0.1224791	0.0000000	0.0000000
7004.9956281	7534.9866347	7534.9142969	0.0000000	0.0000000	0.0194989	0.1493549	0.1221412	0.0000000	0.0000000
7004.9956281	7530.0294806	7529.8947949	0.0000000	0.0000000	0.0206724	0.1504269	0.1216545	0.0000000	0.0000000
7004.9956281	7525.0346185	7524.9299316	0.0000000	0.0000000	0.0218413	0.1510363	0.1214539	0.0000000	0.0000000
7004.9956281	7519.9875452	7519.9705322	0.0000000	0.0000000	0.0201636	0.1509457	0.1200781	0.0000000	0.0000000
7004.9956281	7514.9839813	7514.5602783	0.0000000	0.0000000	0.0192218	0.1508689	0.1201088	0.0000000	0.0000000
7004.9956281	7510.0355290	7509.6008789	0.0000000	0.0000000	0.0205613	0.1506846	0.1204885	0.0000000	0.0000000
7004.9956281	7505.0319651	7504.6414795	0.0000000	0.0000000	0.0182433	0.1519930	0.1184253	0.0000000	0.0000000
7004.9956281	7499.9877924	7499.6820801	0.0000000	0.0000000	0.0224083	0.1513580	0.1188431	0.0000000	0.0000000
7004.9956281	7495.0277377	7494.7226807	0.0000000	0.0000000	0.0198794	0.1512327	0.1197639	0.0000000	0.0000000
7004.9956281	7489.9843030	7489.7632813	0.0000000	0.0000000	0.0191051	0.1522654	0.1208813	0.0000000	0.0000000
7004.9956281	7484.9843817	7484.8038818	0.0000000	0.0000000	0.0173030	0.1515022	0.1206949	0.0000000	0.0000000
7004.9956281	7479.9901518	7479.8981445	0.0000000	0.0000000	0.0167554	0.1511106	0.1215624	0.0000000	0.0000000
7004.9956281	7474.9845391	7474.9977734	0.0000000	0.0000000	0.0177422	0.1508896	0.1235952	0.0000000	0.0000000
7004.9956281	7469.9846178	7469.6519141	0.0000000	0.0000000	0.0162164	0.1514498	0.1237152	0.0000000	0.0000000
7004.9956281	7464.9875422	7464.7515430	0.0000000	0.0000000	0.0132412	0.1508314	0.1204108	0.0000000	0.0000000
7004.9956281	7459.9847751	7459.8511719	0.0000000	0.0000000	0.0149470	0.1502313	0.1215820	0.0000000	0.0000000
7004.9956281	7454.9848538	7454.9508008	0.0000000	0.0000000	0.0135780	0.1511914	0.1195518	0.0000000	0.0000000
7004.9956281	7449.9849325	7449.6049414	0.0000000	0.0000000	0.0124657	0.1510125	0.1200333	0.0000000	0.0000000
7004.9956281	7444.9850112	7444.7045703	0.0000000	0.0000000	0.0141920	0.1518932	0.1189738	0.0000000	0.0000000
7004.9956281	7439.9850899	7439.8041992	0.0000000	0.0000000	0.0121382	0.1525583	0.1187892	0.0000000	0.0000000
7004.9956281	7434.9851686	7434.9618359	0.0000000	0.0000000	0.0101942	0.1524332	0.1191353	0.0000000	0.0000000
7004.9956281	7429.9845495	7429.6792578	0.0000000	0.0000000	0.0093639	0.1510015	0.1187458	0.0000000	0.0000000
7004.9956281	7424.9918312	7424.8368945	0.0000000	0.0000000	0.0081394	0.1514059	0.1182928	0.0000000	0.0000000
7004.9956281	7419.9857133	7419.9945313	0.0000000	0.0000000	0.0072612	0.1527634	0.1173226	0.0000000	0.0000000
7004.9956281	7414.9849553	7414.7119531	0.0000000	0.0000000	0.0072354	0.1532156	0.1171798	0.0000000	0.0000000
7004.9956281	7409.9868772	7409.8695898	0.0000000	0.0000000	0.0068138	0.1519869	0.1167307	0.0000000	0.0000000
7004.9956281	7404.9887990	7404.5870117	0.0000000	0.0000000	0.0067155	0.1510385	0.1170599	0.0000000	0.0000000
7004.9956281	7399.9853611	7399.7446484	0.0000000	0.0000000	0.0070261	0.1505891	0.1156307	0.0000000	0.0000000
7004.9956281	7394.9872830	7394.9126367	0.0000000	0.0000000	0.0076313	0.1518212	0.1166654	0.0000000	0.0000000
7004.9956281	7389.9865249	7389.6921680	0.0000000	0.0000000	0.0069875	0.1515397	0.1148221	0.0000000	0.0000000
7004.9956281	7384.9857669	7384.9067383	0.0000000	0.0000000	0.0071481	0.1510586	0.1145590	0.0000000	0.0000000
7004.9956281	7379.9820701	7379.6862695	0.0000000	0.0000000	0.0076368	0.1503308	0.1140262	0.0000000	0.0000000
7004.9956281	7375.0055289	7374.9008398	0.0000000	0.0000000	0.0074022	0.1511458	0.1131655	0.0000000	0.0000000
7004.9956281	7370.0095227	7369.6803711	0.0000000	0.0000000	0.0065977	0.1509810	0.1099510	0.0000000	0.0000000
7004.9956281	7365.0005399	7364.8949414	0.0000000	0.0000000	0.0073203	0.1514501	0.1112144	0.0000000	0.0000000
7004.9956281	7360.0012895	7359.6744727	0.0000000	0.0000000	0.0087435	0.1507216	0.1104688	0.0000000	0.0000000
7004.9956281	7355.0150158	7354.8890430	0.0000000	0.0000000	0.0089243	0.1504583	0.1094792	0.0000000	0.0000000
7004.9956281	7350.0092772	7349.6991016	0.0000000	0.0000000	0.0086832	0.1509911	0.1078903	0.0000000	0.0000000
7004.9956281	7345.0002944	7344.9696387	0.0000000	0.0000000	0.0070149	0.1514552	0.1052645	0.0000000	0.0000000
7004.9956281	7340.0107765	7339.8102246	0.0000000	0.0000000	0.0068220	0.1518971	0.1060254	0.0000000	0.0000000
7004.9956281	7335.0050379	7334.6508105	0.0000000	0.0000000	0.0079053	0.1513821	0.1071438	0.0000000	0.0000000
7004.9956281	7330.0025434	7329.9213477	0.0000000	0.0000000	0.0104926	0.1510914	0.1077113	0.0000000	0.0000000
7004.9956281	7325.0244790	7324.7619336	0.0000000	0.0000000	0.0090864	0.1510597	0.1077698	0.0000000	0.0000000
7004.9956281	7319.9843593	7319.6025195	0.0000000	0.0000000	0.0073616	0.1508372	0.1060613	0.0000000	0.0000000
7004.9956281	7314.9864987	7314.8730566	0.0000000	0.0000000	0.0107747	0.1499041	0.1066294	0.0000000	0.0000000
7004.9956281	7309.9858209	7309.7136426	0.0000000	0.0000000	0.0094558	0.1510110	0.1061215	0.0000000	0.0000000
7004.9956281	7304.9851431	7304.6092822	0.0000000	0.0000000	0.0084833	0.1497952	0.1062281	0.0000000	0.0000000
7004.9956281	7299.9844653	7299.9348730	0.0000000	0.0000000	0.0107306	0.1512261	0.1060752	0.0000000	0.0000000
7004.9956281	7294.9837875	7294.8355176	0.0000000	0.0000000	0.0123195	0.1514470	0.1073976	0.0000000	0.0000000
7004.9956281	7289.9831097	7289.7361621	0.0000000	0.0000000	0.0108608	0.1526470	0.1083942	0.0000000	0.0000000
7004.9956281	7284.9852492	7284.6368066	0.0000000	0.0000000	0.0125967	0.1506500	0.1111384	0.0000000	0.0000000
7004.9956281	7279.9815887	7279.9623975	0.0000000	0.0000000	0.0161329	0.1499719	0.1111663	0.0000000	0.0000000
7004.9956281	7275.0033579	7274.8630420	0.0000000	0.0000000	0.0135668	0.1503739	0.1083556	0.0000000	0.0000000
7004.9956281	7270.0090889	7269.7636865	0.0000000	0.0000000	0.0125953	0.1509753	0.1063647	0.0000000	0.0000000
7004.9956281	7265.0116124	7264.6888672	0.0000000	0.0000000	0.0128412	0.1508845	0.1057626	0.0000000	0.0000000
7004.9956281	7260.0077206	7259.6483984	0.0000000	0.0000000	0.0126254	0.1512697	0.1059845	0.0000000	0.0000000
7004.9956281	7255.0134516	7254.6079297	0.0000000	0.0000000	0.0120283	0.1513022	0.1037992	0.0000000	0.0000000
7004.9956281	7250.0127675	7249.9875000	0.0000000	0.0000000	0.0111117	0.1516158	0.1013385	0.0000000	0.0000000
7004.9956281	7245.0088757	7244.9470313	0.0000000	0.0000000	0.0121367	0.1512819	0.1007993	0.0000000	0.0000000
7004.9956281	7240.0146067	7239.9065625	0.0000000	0.0000000	0.0120291	0.1513384	0.0996770	0.0000000	0.0000000
7004.9956281	7235.0107149	7234.8660938	0.0000000	0.0000000	0.0121991	0.1502223	0.0984397	0.0000000	0.0000000
7004.9956281	7230.0132384	7229.8256250	0.0000000	0.0000000	0.0138887	0.1506263	0.0993668	0.0000000	0.0000000
7004.9956281	7225.0066456	7224.7851563	0.0000000	0.0000000	0.0177813	0.1518445	0.1019352	0.0000000	0.0000000
7004.9956281	7220.0081975	7219.8026367	0.0000000	0.0000000	0.0247971	0.1507313	0.1040272	0.0000000	0.0000000
7004.9956281	7215.0032283	7214.8201172	0.0000000	0.0000000	0.0313886	0.1497208	0.1051409	0.0000000	0.0000000
7004.9956281	7210.0047803	7209.8375977	0.0000000	0.0000000	0.0381389	0.1505308	0.1057952	0.0000000	0.0000000
7004.9956281	7205.0095928	7204.8550781	0.0000000	0.0000000	0.0401465	0.1506416	0.1049452	0.0000000	0.0000000
7004.9956281	7200.0144053	7199.8725586	0.0000000	0.0000000	0.0406794	0.1509067	0.1047064	0.0000000	0.0000000
7004.9956281	7195.0126967	7194.8900391	0.0000000	0.0000000	0.0425989	0.1517480	0.1057660	0.0000000	0.0000000
7004.9956281	7190.0077275	7189.9075195	0.0000000	0.0000000	0.0538966	0.1504626	0.1074657	0.0000000	0.0000000
7004.9956281	7185.0027583	7184.9250000	0.0000000	0.0000000	0.0644658	0.1505461	0.1079337	0.0000000	0.0000000
7004.9956281	7180.0075708	7179.9804492	0.0000000	0.0000000	0.0600934	0.1513203	0.1064037	0.0000000	0.0000000
7004.9956281	7175.0091228	7174.6444189	0.0000000	0.0000000	0.0547576	0.1528489	0.1041219	0.0000000	0.0000000
7004.9956281	7169.9976324	7169.7188525	0.0000000	0.0000000	0.0645592	0.1523329	0.1037187	0.0000000	0.0000000
7004.9956281	7165.0300253	7164.7932861	0.0000000	0.0000000	0.0589421	0.1522495	0.1025498	0.0000000	0.0000000
7004.9956281	7160.0311178	7159.8677197	0.0000000	0.0000000	0.0562964	0.1518445	0.1040128	0.0000000	0.0000000
7004.9956281	7155.0261947	7154.9421533	0.0000000	0.0000000	0.0730529	0.1504891	0.1074073	0.0000000	0.0000000
7004.9956281	7150.0302950	7149.6061230	0.0000000	0.0000000	0.0906749	0.1508040	0.1059369	0.0000000	0.0000000
7004.9956281	7145.0223642	7144.6805566	0.0000000	0.0000000	0.0880962	0.1505792	0.1022050	0.0000000	0.0000000
7004.9956281	7140.0234567	7139.7829688	0.0000000	0.0000000	0.0708652	0.1508372	0.1015970	0.0000000	0.0000000
7004.9956281	7135.0185336	7134.9133594	0.0000000	0.0000000	0.0722743	0.1507235	0.1031818	0.0000000	0.0000000
7004.9956281	7130.0226338	7129.6379492	0.0000000	0.0000000	0.0966115	0.1516261	0.1045682	0.0000000	0.0000000
7004.9956281	7125.0297419	7124.7683398	0.0000000	0.0000000	0.1020801	0.1504927	0.1030544	0.0000000	0.0000000
7004.9956281	7120.0218110	7119.8987305	0.0000000	0.0000000	0.0910293	0.1507986	0.1013508	0.0000000	0.0000000
7004.9956281	7114.9843181	7114.6233203	0.0000000	0.0000000	0.0905117	0.1514906	0.1006029	0.0000000	0.0000000
7004.9956281	7109.9857704	7109.7537109	0.0000000	0.0000000	0.1045913	0.1518673	0.1013281	0.0000000	0.0000000
7004.9956281	7104.9837419	7104.8841016	0.0000000	0.0000000	0.1067518	0.1504031	0.0995593	0.0000000	0.0000000
7004.9956281	7099.9851943	7099.6316406	0.0000000	0.0000000	0.1115728	0.1513442	0.0982760	0.0000000	0.0000000
7004.9956281	7094.9831658	7094.8171094	0.0000000	0.0000000	0.1078707	0.1498389	0.0990793	0.0000000	0.0000000
7004.9956281	7089.9950609	7089.6013672	0.0000000	0.0000000	0.1164178	0.1515499	0.0991056	0.0000000	0.0000000
7004.9956281	7084.9895515	7084.7868359	0.0000000	0.0000000	0.1128295	0.1510024	0.0978806	0.0000000	0.0000000
7004.9956281	7079.9944848	7079.9723047	0.0000000	0.0000000	0.1055592	0.1508069	0.0968641	0.0000000	0.0000000
7004.9956281	7074.9959372	7074.7565625	0.0000000	0.0000000	0.1061962	0.1505948	0.0982000	0.0000000	0.0000000
7004.9956281	7069.9869469	7069.9420313	0.0000000	0.0000000	0.0872466	0.1509448	0.0966583	0.0000000	0.0000000
7004.9956281	7064.9883993	7064.7262891	0.0000000	0.0000000	0.1051383	0.1510426	0.0979542	0.0000000	0.0000000
7004.9956281	7059.9863559	7059.9297656	0.0000000	0.0000000	0.1177826	0.1499089	0.0983276	0.0000000	0.0000000
7004.9956281	7054.9880656	7054.7725488	0.0000000	0.0000000	0.1376912	0.1495958	0.0980260	0.0000000	0.0000000
7004.9956281	7049.9819654	7049.6153320	0.0000000	0.0000000	0.1401998	0.1510460	0.0958230	0.0000000	0.0000000
7004.9956281	7044.9875799	7044.8548242	0.0000000	0.0000000	0.1434174	0.1516899	0.0939612	0.0000000	0.0000000
7004.9956281	7039.9853847	7039.6976074	0.0000000	0.0000000	0.1666561	0.1511715	0.0951272	0.0000000	0.0000000
7004.9956281	7034.9831894	7034.9370996	0.0000000	0.0000000	0.1836517	0.1492404	0.0961429	0.0000000	0.0000000
7004.9956281	7029.9809941	7029.7798828	0.0000000	0.0000000	0.2080482	0.1493639	0.0972599	0.0000000	0.0000000
7004.9956281	7024.9866087	7024.6226660	0.0000000	0.0000000	0.2318925	0.1494102	0.0964417	0.0000000	0.0000000
7004.9956281	7019.9805085	7019.8843262	0.0000000	0.0000000	0.2866202	0.1521964	0.0962179	0.0000000	0.0000000
7004.9956281	7014.9861230	7014.7847461	0.0000000	0.0000000	0.4116514	0.1517155	0.0977480	0.0000000	0.0000000
7004.9956281	7009.9878327	7009.6851660	0.0000000	0.0000000	0.5622553	0.1516522	0.0993936	0.0000000	0.0000000
7004.9956281	7004.9856374	7004.9778613	0.0000000	0.0000000	0.5947390	0.1494282	0.0978425	0.0000000	0.0000000
