7059.9950816	7599.9977245	7599.5502051	0.0000000	0.0000000	0.0177300	0.1631234	0.1214224	0.0000000	7060.0000000
7059.9950816	7594.9867234	7594.9313574	0.0000000	0.0000000	0.0249374	0.1623907	0.1204771	0.0000000	0.0000000
7059.9950816	7589.9849267	7589.8506250	0.0000000	0.0000000	0.0195499	0.1624200	0.1193478	0.0000000	0.0000000
7059.9950816	7584.9897621	7584.7698926	0.0000000	0.0000000	0.0224225	0.1632834	0.1223568	0.0000000	0.0000000
7059.9950816	7579.9895004	7579.6891602	0.0000000	0.0000000	0.0212474	0.1630048	0.1222026	0.0000000	0.0000000
7059.9950816	7574.9866901	7574.6139941	0.0000000	0.0000000	0.0200767	0.1639274	0.1221996	0.0000000	0.0000000
7059.9950816	7569.9889770	7569.5944922	0.0000000	0.0000000	0.0195150	0.1626893	0.1223860	0.0000000	0.0000000
7059.9950816	7564.9887153	7564.5749902	0.0000000	0.0000000	0.0208319	0.1629292	0.1216444	0.0000000	0.0000000
7059.9950816	7559.9910021	7559.5554883	0.0000000	0.0000000	0.0177363	0.1625270	0.1205629	0.0000000	0.0000000
7059.9950816	7554.9856433	7554.9923047	0.0000000	0.0000000	0.0174691	0.1623136	0.1208439	0.0000000	0.0000000
7059.9950816	7549.9853816	7549.9728027	0.0000000	0.0000000	0.0179629	0.1631871	0.1200088	0.0000000	0.0000000
7059.9950816	7544.9851198	7544.9533008	0.0000000	0.0000000	0.0187245	0.1632491	0.1203602	0.0000000	0.0000000
7059.9950816	7539.9843974	7539.9337988	0.0000000	0.0000000	0.0228124	0.1633431	0.1218278	0.0000000	0.0000000
7059.9950816	7534.9866347	7534.9142969	0.0000000	0.0000000	0.0219814	0.1645355	0.1225413	0.0000000	0.0000000
7059.9950816	7529.9830707	7529.8947949	0.0000000	0.0000000	0.0221040	0.1638605	0.1209695	0.0000000	0.0000000
7059.9950816	7525.0317179	7524.9299316	0.0000000	0.0000000	0.0246510	0.1624927	0.1217130	0.0000000	0.0000000
7059.9950816	7520.0368557	7519.9705322	0.0000000	0.0000000	0.0204825	0.1629816	0.1222825	0.0000000	0.0000000
7059.9950816	7515.0303911	7514.5602783	0.0000000	0.0000000	0.0177253	0.1625988	0.1196580	0.0000000	0.0000000
7059.9950816	7509.9804173	7509.6008789	0.0000000	0.0000000	0.0207534	0.1635533	0.1219658	0.0000000	0.0000000
7059.9950816	7504.9855552	7504.6414795	0.0000000	0.0000000	0.0201283	0.1633579	0.1217998	0.0000000	0.0000000
7059.9950816	7499.9848918	7499.6820801	0.0000000	0.0000000	0.0201127	0.1635090	0.1221809	0.0000000	0.0000000
7059.9950816	7494.9842285	7494.7226807	0.0000000	0.0000000	0.0199060	0.1642207	0.1211434	0.0000000	0.0000000
7059.9950816	7490.0212973	7489.7632813	0.0000000	0.0000000	0.0200902	0.1629805	0.1200100	0.0000000	0.0000000
7059.9950816	7485.0356045	7484.8038818	0.0000000	0.0000000	0.0211553	0.1607148	0.1204225	0.0000000	0.0000000
7059.9950816	7479.9844604	7479.8981445	0.0000000	0.0000000	0.0222515	0.1622157	0.1205410	0.0000000	0.0000000
7059.9950816	7474.9845391	7474.9977734	0.0000000	0.0000000	0.0194233	0.1635424	0.1197256	0.0000000	0.0000000
7059.9950816	7469.9846178	7469.6519141	0.0000000	0.0000000	0.0173933	0.1623171	0.1198788	0.0000000	0.0000000
7059.9950816	7464.9875422	7464.7515430	0.0000000	0.0000000	0.0169419	0.1636440	0.1203129	0.0000000	0.0000000
7059.9950816	7459.9876209	7459.8511719	0.0000000	0.0000000	0.0160533	0.1621611	0.1214623	0.0000000	0.0000000
7059.9950816	7454.9848538	7454.9508008	0.0000000	0.0000000	0.0159850	0.1618662	0.1223447	0.0000000	0.0000000
7059.9950816	7450.0361554	7449.6049414	0.0000000	0.0000000	0.0130916	0.1619167	0.1232346	0.0000000	0.0000000
7059.9950816	7444.9850112	7444.7045703	0.0000000	0.0000000	0.0160801	0.1619402	0.1221509	0.0000000	0.0000000
7059.9950816	7439.9850899	7439.8041992	0.0000000	0.0000000	0.0158618	0.1628961	0.1208652	0.0000000	0.0000000
7059.9950816	7434.9880144	7434.9618359	0.0000000	0.0000000	0.0161899	0.1629237	0.1194694	0.0000000	0.0000000
7059.9950816	7429.9899093	7429.6792578	0.0000000	0.0000000	0.0128862	0.1638147	0.1179044	0.0000000	0.0000000
7059.9950816	7424.9864714	7424.8368945	0.0000000	0.0000000	0.0112513	0.1632878	0.1175614	0.0000000	0.0000000
7059.9950816	7419.9857133	7419.9945313	0.0000000	0.0000000	0.0114119	0.1621910	0.1179681	0.0000000	0.0000000
7059.9950816	7414.9849553	7414.7119531	0.0000000	0.0000000	0.0097493	0.1632140	0.1168301	0.0000000	0.0000000
7059.9950816	7409.9841972	7409.8695898	0.0000000	0.0000000	0.0091461	0.1635457	0.1169757	0.0000000	0.0000000
7059.9950816	7404.9861191	7404.5870117	0.0000000	0.0000000	0.0098999	0.1623422	0.1166500	0.0000000	0.0000000
7059.9950816	7399.9880410	7399.7446484	0.0000000	0.0000000	0.0103182	0.1610704	0.1159735	0.0000000	0.0000000
7059.9950816	7394.9846030	7394.9126367	0.0000000	0.0000000	0.0098361	0.1624462	0.1149882	0.0000000	0.0000000
7059.9950816	7389.9865249	7389.6921680	0.0000000	0.0000000	0.0100640	0.1620208	0.1164001	0.0000000	0.0000000
7059.9950816	7384.9857669	7384.9067383	0.0000000	0.0000000	0.0110912	0.1622834	0.1163955	0.0000000	0.0000000
7059.9950816	7379.9820701	7379.6862695	0.0000000	0.0000000	0.0097202	0.1616675	0.1139681	0.0000000	0.0000000
7059.9950816	7375.0120172	7374.9008398	0.0000000	0.0000000	0.0101666	0.1619329	0.1121758	0.0000000	0.0000000
7059.9950816	7370.0160110	7369.6803711	0.0000000	0.0000000	0.0093112	0.1619095	0.1102806	0.0000000	0.0000000
7059.9950816	7365.0037840	7364.8949414	0.0000000	0.0000000	0.0109918	0.1617395	0.1107140	0.0000000	0.0000000
7059.9950816	7360.0045337	7359.6744727	0.0000000	0.0000000	0.0118262	0.1631842	0.1100616	0.0000000	0.0000000
7059.9950816	7355.0020392	7354.8890430	0.0000000	0.0000000	0.0127504	0.1614005	0.1086091	0.0000000	0.0000000
7059.9950816	7350.0060330	7349.6991016	0.0000000	0.0000000	0.0126167	0.1628112	0.1073541	0.0000000	0.0000000
7059.9950816	7345.0067827	7344.9696387	0.0000000	0.0000000	0.0111720	0.1619452	0.1047461	0.0000000	0.0000000
7059.9950816	7340.0107765	7339.8102246	0.0000000	0.0000000	0.0095087	0.1635948	0.1037322	0.0000000	0.0000000
7059.9950816	7335.0017937	7334.6508105	0.0000000	0.0000000	0.0104009	0.1633367	0.1043246	0.0000000	0.0000000
7059.9950816	7330.0025434	7329.9213477	0.0000000	0.0000000	0.0148580	0.1623187	0.1050399	0.0000000	0.0000000
7059.9950816	7325.0216617	7324.7619336	0.0000000	0.0000000	0.0155088	0.1634639	0.1066064	0.0000000	0.0000000
7059.9950816	7319.9871765	7319.6025195	0.0000000	0.0000000	0.0155509	0.1628291	0.1044749	0.0000000	0.0000000
7059.9950816	7314.9864987	7314.8730566	0.0000000	0.0000000	0.0176967	0.1627739	0.1048915	0.0000000	0.0000000
7059.9950816	7309.9858209	7309.7136426	0.0000000	0.0000000	0.0172527	0.1624987	0.1045608	0.0000000	0.0000000
7059.9950816	7304.9851431	7304.6092822	0.0000000	0.0000000	0.0159213	0.1625459	0.1046637	0.0000000	0.0000000
7059.9950816	7299.9844653	7299.9348730	0.0000000	0.0000000	0.0166848	0.1624899	0.1034012	0.0000000	0.0000000
7059.9950816	7294.9837875	7294.8355176	0.0000000	0.0000000	0.0216287	0.1624561	0.1055460	0.0000000	0.0000000
7059.9950816	7289.9831097	7289.7361621	0.0000000	0.0000000	0.0223850	0.1615696	0.1063900	0.0000000	0.0000000
7059.9950816	7284.9852492	7284.6368066	0.0000000	0.0000000	0.0231752	0.1621643	0.1050646	0.0000000	0.0000000
7059.9950816	7279.9847963	7279.9623975	0.0000000	0.0000000	0.0220906	0.1622638	0.1055381	0.0000000	0.0000000
7059.9950816	7275.0065655	7274.8630420	0.0000000	0.0000000	0.0243798	0.1625370	0.1053856	0.0000000	0.0000000
7059.9950816	7270.0026737	7269.7636865	0.0000000	0.0000000	0.0254584	0.1618849	0.1058207	0.0000000	0.0000000
7059.9950816	7265.0051971	7264.6888672	0.0000000	0.0000000	0.0254214	0.1626639	0.1055580	0.0000000	0.0000000
7059.9950816	7260.0109282	7259.6483984	0.0000000	0.0000000	0.0261921	0.1614656	0.1036343	0.0000000	0.0000000
7059.9950816	7255.0038288	7254.6079297	0.0000000	0.0000000	0.0318573	0.1609894	0.1044991	0.0000000	0.0000000
7059.9950816	7250.0127675	7249.9875000	0.0000000	0.0000000	0.0301613	0.1610680	0.1033575	0.0000000	0.0000000
7059.9950816	7245.0088757	7244.9470313	0.0000000	0.0000000	0.0313232	0.1616168	0.1009148	0.0000000	0.0000000
7059.9950816	7240.0113991	7239.9065625	0.0000000	0.0000000	0.0276432	0.1607898	0.0985148	0.0000000	0.0000000
7059.9950816	7235.0042997	7234.8660938	0.0000000	0.0000000	0.0328988	0.1603257	0.0977300	0.0000000	0.0000000
7059.9950816	7230.0196536	7229.8256250	0.0000000	0.0000000	0.0373884	0.1611871	0.0991460	0.0000000	0.0000000
7059.9950816	7225.0066456	7224.7851563	0.0000000	0.0000000	0.0377583	0.1618899	0.0994272	0.0000000	0.0000000
7059.9950816	7220.0016764	7219.8026367	0.0000000	0.0000000	0.0500184	0.1618866	0.1011458	0.0000000	0.0000000
7059.9950816	7215.0097495	7214.8201172	0.0000000	0.0000000	0.0603596	0.1617793	0.1029202	0.0000000	0.0000000
7059.9950816	7210.0047803	7209.8375977	0.0000000	0.0000000	0.0745314	0.1611207	0.1043782	0.0000000	0.0000000
7059.9950816	7205.0063322	7204.8550781	0.0000000	0.0000000	0.0838545	0.1611359	0.1052001	0.0000000	0.0000000
7059.9950816	7200.0144053	7199.8725586	0.0000000	0.0000000	0.0773618	0.1633885	0.1052103	0.0000000	0.0000000
7059.9950816	7195.0029150	7194.8900391	0.0000000	0.0000000	0.0843361	0.1633763	0.1070562	0.0000000	0.0000000
7059.9950816	7190.0044669	7189.9075195	0.0000000	0.0000000	0.1021655	0.1632914	0.1068767	0.0000000	0.0000000
7059.9950816	7185.0092794	7184.9250000	0.0000000	0.0000000	0.1147114	0.1620642	0.1069750	0.0000000	0.0000000
7059.9950816	7180.0010497	7179.9804492	0.0000000	0.0000000	0.1098976	0.1605778	0.1050181	0.0000000	0.0000000
7059.9950816	7175.0189045	7174.6444189	0.0000000	0.0000000	0.1046904	0.1619752	0.1036229	0.0000000	0.0000000
7059.9950816	7170.0008930	7169.7188525	0.0000000	0.0000000	0.1124020	0.1616732	0.1020776	0.0000000	0.0000000
7059.9950816	7165.0300253	7164.7932861	0.0000000	0.0000000	0.1042621	0.1612655	0.1005110	0.0000000	0.0000000
7059.9950816	7160.0281100	7159.8677197	0.0000000	0.0000000	0.0936960	0.1618044	0.1004249	0.0000000	0.0000000
7059.9950816	7155.0261947	7154.9421533	0.0000000	0.0000000	0.1016370	0.1618274	0.1011060	0.0000000	0.0000000
7059.9950816	7150.0212717	7149.6061230	0.0000000	0.0000000	0.1180618	0.1623800	0.1002341	0.0000000	0.0000000
7059.9950816	7145.0223642	7144.6805566	0.0000000	0.0000000	0.1218440	0.1612850	0.1007711	0.0000000	0.0000000
7059.9950816	7140.0204489	7139.7829688	0.0000000	0.0000000	0.1044794	0.1619922	0.0995983	0.0000000	0.0000000
7059.9950816	7135.0305647	7134.9133594	0.0000000	0.0000000	0.1015981	0.1626682	0.0995139	0.0000000	0.0000000
7059.9950816	7130.0286494	7129.6379492	0.0000000	0.0000000	0.1340551	0.1614792	0.1011543	0.0000000	0.0000000
7059.9950816	7125.0237263	7124.7683398	0.0000000	0.0000000	0.1378881	0.1614066	0.0999913	0.0000000	0.0000000
7059.9950816	7120.0248188	7119.8987305	0.0000000	0.0000000	0.1300117	0.1626368	0.1002092	0.0000000	0.0000000
7059.9950816	7114.9843181	7114.6233203	0.0000000	0.0000000	0.1278157	0.1623677	0.0995175	0.0000000	0.0000000
7059.9950816	7109.9962131	7109.7537109	0.0000000	0.0000000	0.1419181	0.1611744	0.1004265	0.0000000	0.0000000
7059.9950816	7104.9837419	7104.8841016	0.0000000	0.0000000	0.1451527	0.1619810	0.1004063	0.0000000	0.0000000
7059.9950816	7099.9851943	7099.6316406	0.0000000	0.0000000	0.1592358	0.1614247	0.0995995	0.0000000	0.0000000
7059.9950816	7094.9831658	7094.8171094	0.0000000	0.0000000	0.1590553	0.1621825	0.1010580	0.0000000	0.0000000
7059.9950816	7089.9880991	7089.6013672	0.0000000	0.0000000	0.1573953	0.1623966	0.1013792	0.0000000	0.0000000
7059.9950816	7084.9895515	7084.7868359	0.0000000	0.0000000	0.1409010	0.1619531	0.0989835	0.0000000	0.0000000
7059.9950816	7079.9910039	7079.9723047	0.0000000	0.0000000	0.1433729	0.1620044	0.0983403	0.0000000	0.0000000
7059.9950816	7074.9889754	7074.7565625	0.0000000	0.0000000	0.1934833	0.1609990	0.0973585	0.0000000	0.0000000
7059.9950816	7069.9869469	7069.9420313	0.0000000	0.0000000	0.2384667	0.1619705	0.0963071	0.0000000	0.0000000
7059.9950816	7064.9883993	7064.7262891	0.0000000	0.0000000	0.2808850	0.1617378	0.0959733	0.0000000	0.0000000
7059.9950816	7059.9863559	7059.9297656	0.0000000	0.0000000	0.2788165	0.1627118	0.0955133	0.0000000	0.0000000
7059.9950816	7054.9841606	7054.7725488	0.0000000	0.0000000	0.2423127	0.1620244	0.0960383	0.0000000	0.0000000
7059.9950816	7049.9819654	7049.6153320	0.0000000	0.0000000	0.1926086	0.1632675	0.0958029	0.0000000	0.0000000
7059.9950816	7044.9836750	7044.8548242	0.0000000	0.0000000	0.1489402	0.1634961	0.0967327	0.0000000	0.0000000
7059.9950816	7039.9814797	7039.6976074	0.0000000	0.0000000	0.1497405	0.1623016	0.0969525	0.0000000	0.0000000
7059.9950816	7034.9831894	7034.9370996	0.0000000	0.0000000	0.1643047	0.1629216	0.0969971	0.0000000	0.0000000
7059.9950816	7029.9809941	7029.7798828	0.0000000	0.0000000	0.1868344	0.1611821	0.0983088	0.0000000	0.0000000
7059.9950816	7024.9827038	7024.6226660	0.0000000	0.0000000	0.2048890	0.1613796	0.0971315	0.0000000	0.0000000
7059.9950816	7019.9805085	7019.8843262	0.0000000	0.0000000	0.2039264	0.1613331	0.0975337	0.0000000	0.0000000
7059.9950816	7014.9861230	7014.7847461	0.0000000	0.0000000	0.2096375	0.1619333	0.0976880	0.0000000	0.0000000
7059.9950816	7009.9839278	7009.6851660	0.0000000	0.0000000	0.2223160	0.1624780	0.0975699	0.0000000	0.0000000
7059.9950816	7004.9817325	7004.9778613	0.0000000	0.0000000	0.2249019	0.1614856	0.0976141	0.0000000	0.0000000
