7184.9954757	7599.9977245	7599.5502051	0.0000000	0.0000000	0.0213459	0.1711152	0.1223297	0.0000000	7185.0000000
7184.9954757	7594.9867234	7594.9313574	0.0000000	0.0000000	0.0237754	0.1707750	0.1214673	0.0000000	0.0000000
7184.9954757	7589.9849267	7589.8506250	0.0000000	0.0000000	0.0238135	0.1714086	0.1234478	0.0000000	0.0000000
7184.9954757	7584.9897621	7584.7698926	0.0000000	0.0000000	0.0208478	0.1706488	0.1222649	0.0000000	0.0000000
7184.9954757	7579.9869519	7579.6891602	0.0000000	0.0000000	0.0222284	0.1697043	0.1230769	0.0000000	0.0000000
7184.9954757	7574.9866901	7574.6139941	0.0000000	0.0000000	0.0216935	0.1702275	0.1232623	0.0000000	0.0000000
7184.9954757	7569.9915255	7569.5944922	0.0000000	0.0000000	0.0265662	0.1704606	0.1258379	0.0000000	0.0000000
7184.9954757	7564.9887153	7564.5749902	0.0000000	0.0000000	0.0208206	0.1704670	0.1255686	0.0000000	0.0000000
7184.9954757	7559.9884535	7559.5554883	0.0000000	0.0000000	0.0183757	0.1688027	0.1247079	0.0000000	0.0000000
7184.9954757	7554.9856433	7554.9923047	0.0000000	0.0000000	0.0197748	0.1706589	0.1246074	0.0000000	0.0000000
7184.9954757	7549.9853816	7549.9728027	0.0000000	0.0000000	0.0207253	0.1699220	0.1236062	0.0000000	0.0000000
7184.9954757	7544.9851198	7544.9533008	0.0000000	0.0000000	0.0173169	0.1693037	0.1233385	0.0000000	0.0000000
7184.9954757	7539.9872981	7539.9337988	0.0000000	0.0000000	0.0206373	0.1704059	0.1247933	0.0000000	0.0000000
7184.9954757	7534.9837341	7534.9142969	0.0000000	0.0000000	0.0188167	0.1701396	0.1236854	0.0000000	0.0000000
7184.9954757	7530.0294806	7529.8947949	0.0000000	0.0000000	0.0210463	0.1711680	0.1243713	0.0000000	0.0000000
7184.9954757	7524.9853080	7524.9299316	0.0000000	0.0000000	0.0193933	0.1705780	0.1239132	0.0000000	0.0000000
7184.9954757	7519.9875452	7519.9705322	0.0000000	0.0000000	0.0208486	0.1695592	0.1232827	0.0000000	0.0000000
7184.9954757	7514.9839813	7514.5602783	0.0000000	0.0000000	0.0164607	0.1701140	0.1219873	0.0000000	0.0000000
7184.9954757	7510.0384296	7509.6008789	0.0000000	0.0000000	0.0170748	0.1689609	0.1223694	0.0000000	0.0000000
7184.9954757	7504.9826546	7504.6414795	0.0000000	0.0000000	0.0179904	0.1691989	0.1245616	0.0000000	0.0000000
7184.9954757	7500.0342023	7499.6820801	0.0000000	0.0000000	0.0164421	0.1698986	0.1241637	0.0000000	0.0000000
7184.9954757	7495.0364396	7494.7226807	0.0000000	0.0000000	0.0151879	0.1693834	0.1243081	0.0000000	0.0000000
7184.9954757	7490.0269887	7489.7632813	0.0000000	0.0000000	0.0151737	0.1693700	0.1243129	0.0000000	0.0000000
7184.9954757	7484.9843817	7484.8038818	0.0000000	0.0000000	0.0166879	0.1699635	0.1241467	0.0000000	0.0000000
7184.9954757	7479.9873061	7479.8981445	0.0000000	0.0000000	0.0140237	0.1710325	0.1241312	0.0000000	0.0000000
7184.9954757	7474.9873848	7474.9977734	0.0000000	0.0000000	0.0158257	0.1707064	0.1242064	0.0000000	0.0000000
7184.9954757	7469.9846178	7469.6519141	0.0000000	0.0000000	0.0130040	0.1702938	0.1252139	0.0000000	0.0000000
7184.9954757	7464.9875422	7464.7515430	0.0000000	0.0000000	0.0119175	0.1691425	0.1256522	0.0000000	0.0000000
7184.9954757	7459.9847751	7459.8511719	0.0000000	0.0000000	0.0118805	0.1691320	0.1263311	0.0000000	0.0000000
7184.9954757	7454.9848538	7454.9508008	0.0000000	0.0000000	0.0125089	0.1682681	0.1255376	0.0000000	0.0000000
7184.9954757	7449.9849325	7449.6049414	0.0000000	0.0000000	0.0110323	0.1686187	0.1246595	0.0000000	0.0000000
7184.9954757	7444.9878570	7444.7045703	0.0000000	0.0000000	0.0135114	0.1694884	0.1232338	0.0000000	0.0000000
7184.9954757	7439.9822442	7439.8041992	0.0000000	0.0000000	0.0105980	0.1693722	0.1203256	0.0000000	0.0000000
7184.9954757	7434.9880144	7434.9618359	0.0000000	0.0000000	0.0128521	0.1702205	0.1226620	0.0000000	0.0000000
7184.9954757	7429.9899093	7429.6792578	0.0000000	0.0000000	0.0111036	0.1703239	0.1211348	0.0000000	0.0000000
7184.9954757	7424.9864714	7424.8368945	0.0000000	0.0000000	0.0102255	0.1696979	0.1219519	0.0000000	0.0000000
7184.9954757	7419.9857133	7419.9945313	0.0000000	0.0000000	0.0093157	0.1703918	0.1210688	0.0000000	0.0000000
7184.9954757	7414.9849553	7414.7119531	0.0000000	0.0000000	0.0095537	0.1702958	0.1218414	0.0000000	0.0000000
7184.9954757	7409.9841972	7409.8695898	0.0000000	0.0000000	0.0092628	0.1698210	0.1221123	0.0000000	0.0000000
7184.9954757	7404.9861191	7404.5870117	0.0000000	0.0000000	0.0084003	0.1692335	0.1195121	0.0000000	0.0000000
7184.9954757	7399.9853611	7399.7446484	0.0000000	0.0000000	0.0091045	0.1694559	0.1180616	0.0000000	0.0000000
7184.9954757	7394.9846030	7394.9126367	0.0000000	0.0000000	0.0097783	0.1698702	0.1178813	0.0000000	0.0000000
7184.9954757	7389.9838450	7389.6921680	0.0000000	0.0000000	0.0109376	0.1702584	0.1173763	0.0000000	0.0000000
7184.9954757	7384.9857669	7384.9067383	0.0000000	0.0000000	0.0105142	0.1693225	0.1175059	0.0000000	0.0000000
7184.9954757	7379.9820701	7379.6862695	0.0000000	0.0000000	0.0106293	0.1691746	0.1156099	0.0000000	0.0000000
7184.9954757	7375.0185055	7374.9008398	0.0000000	0.0000000	0.0121670	0.1686549	0.1164507	0.0000000	0.0000000
7184.9954757	7370.0062785	7369.6803711	0.0000000	0.0000000	0.0138491	0.1686348	0.1173898	0.0000000	0.0000000
7184.9954757	7365.0135165	7364.8949414	0.0000000	0.0000000	0.0173160	0.1670931	0.1168359	0.0000000	0.0000000
7184.9954757	7360.0012895	7359.6744727	0.0000000	0.0000000	0.0206481	0.1673785	0.1167086	0.0000000	0.0000000
7184.9954757	7355.0182600	7354.8890430	0.0000000	0.0000000	0.0203635	0.1680923	0.1123604	0.0000000	0.0000000
7184.9954757	7350.0157655	7349.6991016	0.0000000	0.0000000	0.0205187	0.1696288	0.1100161	0.0000000	0.0000000
7184.9954757	7344.9970502	7344.9696387	0.0000000	0.0000000	0.0210261	0.1696133	0.1083594	0.0000000	0.0000000
7184.9954757	7340.0107765	7339.8102246	0.0000000	0.0000000	0.0199933	0.1694425	0.1082941	0.0000000	0.0000000
7184.9954757	7335.0050379	7334.6508105	0.0000000	0.0000000	0.0246145	0.1687120	0.1088910	0.0000000	0.0000000
7184.9954757	7330.0155200	7329.9213477	0.0000000	0.0000000	0.0300131	0.1695417	0.1084867	0.0000000	0.0000000
7184.9954757	7325.0216617	7324.7619336	0.0000000	0.0000000	0.0338491	0.1698239	0.1087816	0.0000000	0.0000000
7184.9954757	7319.9843593	7319.6025195	0.0000000	0.0000000	0.0347194	0.1706005	0.1097615	0.0000000	0.0000000
7184.9954757	7314.9864987	7314.8730566	0.0000000	0.0000000	0.0421307	0.1691772	0.1086567	0.0000000	0.0000000
7184.9954757	7309.9886382	7309.7136426	0.0000000	0.0000000	0.0433024	0.1691146	0.1071932	0.0000000	0.0000000
7184.9954757	7304.9851431	7304.6092822	0.0000000	0.0000000	0.0442296	0.1689084	0.1061921	0.0000000	0.0000000
7184.9954757	7299.9816481	7299.9348730	0.0000000	0.0000000	0.0463295	0.1686306	0.1056731	0.0000000	0.0000000
7184.9954757	7294.9837875	7294.8355176	0.0000000	0.0000000	0.0539462	0.1680138	0.1071439	0.0000000	0.0000000
7184.9954757	7289.9831097	7289.7361621	0.0000000	0.0000000	0.0585923	0.1672770	0.1100197	0.0000000	0.0000000
7184.9954757	7284.9852492	7284.6368066	0.0000000	0.0000000	0.0589899	0.1679855	0.1094041	0.0000000	0.0000000
7184.9954757	7279.9815887	7279.9623975	0.0000000	0.0000000	0.0615991	0.1685587	0.1085544	0.0000000	0.0000000
7184.9954757	7275.0129807	7274.8630420	0.0000000	0.0000000	0.0689015	0.1695402	0.1084941	0.0000000	0.0000000
7184.9954757	7270.0187118	7269.7636865	0.0000000	0.0000000	0.0683828	0.1690060	0.1091613	0.0000000	0.0000000
7184.9954757	7265.0084048	7264.6888672	0.0000000	0.0000000	0.0743513	0.1690819	0.1096855	0.0000000	0.0000000
7184.9954757	7260.0045130	7259.6483984	0.0000000	0.0000000	0.0740414	0.1691267	0.1081523	0.0000000	0.0000000
7184.9954757	7255.0166593	7254.6079297	0.0000000	0.0000000	0.0812889	0.1693652	0.1071327	0.0000000	0.0000000
7184.9954757	7250.0127675	7249.9875000	0.0000000	0.0000000	0.0787206	0.1698136	0.1056415	0.0000000	0.0000000
7184.9954757	7244.9992528	7244.9470313	0.0000000	0.0000000	0.0775552	0.1698865	0.1032317	0.0000000	0.0000000
7184.9954757	7240.0049839	7239.9065625	0.0000000	0.0000000	0.0702775	0.1695140	0.1012076	0.0000000	0.0000000
7184.9954757	7235.0203378	7234.8660938	0.0000000	0.0000000	0.0750314	0.1683354	0.1007927	0.0000000	0.0000000
7184.9954757	7230.0100308	7229.8256250	0.0000000	0.0000000	0.0777623	0.1680684	0.1015474	0.0000000	0.0000000
7184.9954757	7225.0001244	7224.7851563	0.0000000	0.0000000	0.0881561	0.1684469	0.1029883	0.0000000	0.0000000
7184.9954757	7220.0114581	7219.8026367	0.0000000	0.0000000	0.1068409	0.1681416	0.1034384	0.0000000	0.0000000
7184.9954757	7215.0130100	7214.8201172	0.0000000	0.0000000	0.1198356	0.1682360	0.1051958	0.0000000	0.0000000
7184.9954757	7210.0047803	7209.8375977	0.0000000	0.0000000	0.1312780	0.1694221	0.1088777	0.0000000	0.0000000
7184.9954757	7205.0030717	7204.8550781	0.0000000	0.0000000	0.1422344	0.1681241	0.1095804	0.0000000	0.0000000
7184.9954757	7200.0111447	7199.8725586	0.0000000	0.0000000	0.1686410	0.1702106	0.1086981	0.0000000	0.0000000
7184.9954757	7195.0094361	7194.8900391	0.0000000	0.0000000	0.2624705	0.1693625	0.1090618	0.0000000	0.0000000
7184.9954757	7190.0012064	7189.9075195	0.0000000	0.0000000	0.3614222	0.1694777	0.1087589	0.0000000	0.0000000
7184.9954757	7185.0125400	7184.9250000	0.0000000	0.0000000	0.3933114	0.1692190	0.1069275	0.0000000	0.0000000
7184.9954757	7180.0075708	7179.9804492	0.0000000	0.0000000	0.3010410	0.1687897	0.1035730	0.0000000	0.0000000
7184.9954757	7175.0058622	7174.6444189	0.0000000	0.0000000	0.2067275	0.1688025	0.1039246	0.0000000	0.0000000
7184.9954757	7170.0041536	7169.7188525	0.0000000	0.0000000	0.1541937	0.1697997	0.1033435	0.0000000	0.0000000
7184.9954757	7165.0270176	7164.7932861	0.0000000	0.0000000	0.1135350	0.1692850	0.1028230	0.0000000	0.0000000
7184.9954757	7160.0281100	7159.8677197	0.0000000	0.0000000	0.1092344	0.1695712	0.1053130	0.0000000	0.0000000
7184.9954757	7155.0292025	7154.9421533	0.0000000	0.0000000	0.1100292	0.1689210	0.1054104	0.0000000	0.0000000
7184.9954757	7150.0272872	7149.6061230	0.0000000	0.0000000	0.1242109	0.1676099	0.1071863	0.0000000	0.0000000
7184.9954757	7145.0283797	7144.6805566	0.0000000	0.0000000	0.1118672	0.1671971	0.1059415	0.0000000	0.0000000
7184.9954757	7140.0234567	7139.7829688	0.0000000	0.0000000	0.0949012	0.1682356	0.1044077	0.0000000	0.0000000
7184.9954757	7134.9854482	7134.9133594	0.0000000	0.0000000	0.0928365	0.1687738	0.1051356	0.0000000	0.0000000
7184.9954757	7129.9865407	7129.6379492	0.0000000	0.0000000	0.1120197	0.1684421	0.1042798	0.0000000	0.0000000
7184.9954757	7125.0327496	7124.7683398	0.0000000	0.0000000	0.1024253	0.1686456	0.1021111	0.0000000	0.0000000
7184.9954757	7120.0248188	7119.8987305	0.0000000	0.0000000	0.0844750	0.1702238	0.1003694	0.0000000	0.0000000
7184.9954757	7114.9843181	7114.6233203	0.0000000	0.0000000	0.0937360	0.1706782	0.1026072	0.0000000	0.0000000
7184.9954757	7109.9857704	7109.7537109	0.0000000	0.0000000	0.1036902	0.1708065	0.1028495	0.0000000	0.0000000
7184.9954757	7104.9837419	7104.8841016	0.0000000	0.0000000	0.0973252	0.1699563	0.1038369	0.0000000	0.0000000
7184.9954757	7099.9817134	7099.6316406	0.0000000	0.0000000	0.0954603	0.1700775	0.1026852	0.0000000	0.0000000
7184.9954757	7094.9831658	7094.8171094	0.0000000	0.0000000	0.0813345	0.1685612	0.1037886	0.0000000	0.0000000
7184.9954757	7089.9811373	7089.6013672	0.0000000	0.0000000	0.0826903	0.1678314	0.1049099	0.0000000	0.0000000
7184.9954757	7084.9860706	7084.7868359	0.0000000	0.0000000	0.0749294	0.1697454	0.0996520	0.0000000	0.0000000
7184.9954757	7079.9840421	7079.9723047	0.0000000	0.0000000	0.0582799	0.1702770	0.0976940	0.0000000	0.0000000
7184.9954757	7074.9889754	7074.7565625	0.0000000	0.0000000	0.0459596	0.1711268	0.0966005	0.0000000	0.0000000
7184.9954757	7069.9834660	7069.9420313	0.0000000	0.0000000	0.0372749	0.1686818	0.1007173	0.0000000	0.0000000
7184.9954757	7064.9849184	7064.7262891	0.0000000	0.0000000	0.0417084	0.1688785	0.1004376	0.0000000	0.0000000
7184.9954757	7059.9863559	7059.9297656	0.0000000	0.0000000	0.0450946	0.1691707	0.1023450	0.0000000	0.0000000
7184.9954757	7054.9841606	7054.7725488	0.0000000	0.0000000	0.0470793	0.1672572	0.1028347	0.0000000	0.0000000
7184.9954757	7049.9819654	7049.6153320	0.0000000	0.0000000	0.0477997	0.1679521	0.0994594	0.0000000	0.0000000
7184.9954757	7044.9836750	7044.8548242	0.0000000	0.0000000	0.0480548	0.1682806	0.0985427	0.0000000	0.0000000
7184.9954757	7039.9814797	7039.6976074	0.0000000	0.0000000	0.0518261	0.1691182	0.0991859	0.0000000	0.0000000
7184.9954757	7034.9831894	7034.9370996	0.0000000	0.0000000	0.0540559	0.1685771	0.1008434	0.0000000	0.0000000
7184.9954757	7029.9809941	7029.7798828	0.0000000	0.0000000	0.0605876	0.1691910	0.0993743	0.0000000	0.0000000
7184.9954757	7024.9827038	7024.6226660	0.0000000	0.0000000	0.0660230	0.1695507	0.0971005	0.0000000	0.0000000
7184.9954757	7019.9766036	7019.8843262	0.0000000	0.0000000	0.0633738	0.1704377	0.0976758	0.0000000	0.0000000
7184.9954757	7014.9861230	7014.7847461	0.0000000	0.0000000	0.0648513	0.1710524	0.0988574	0.0000000	0.0000000
7184.9954757	7009.9839278	7009.6851660	0.0000000	0.0000000	0.0571335	0.1682787	0.1002042	0.0000000	0.0000000
7184.9954757	7004.9817325	7004.9778613	0.0000000	0.0000000	0.0516194	0.1686454	0.1003297	0.0000000	0.0000000
