7499.9961677	7599.9977245	7599.5502051	0.0000000	0.0000000	0.0059240	0.1902473	0.1256179	0.0000000	7500.0000000
7499.9961677	7594.9892152	7594.9313574	0.0000000	0.0000000	0.0069491	0.1916743	0.1243655	0.0000000	0.0000000
7499.9961677	7589.9849267	7589.8506250	0.0000000	0.0000000	0.0089546	0.1906786	0.1247010	0.0000000	0.0000000
7499.9961677	7584.9897621	7584.7698926	0.0000000	0.0000000	0.0109877	0.1908528	0.1239348	0.0000000	0.0000000
7499.9961677	7579.9895004	7579.6891602	0.0000000	0.0000000	0.0143876	0.1898816	0.1258923	0.0000000	0.0000000
7499.9961677	7574.9866901	7574.6139941	0.0000000	0.0000000	0.0117087	0.1901841	0.1243461	0.0000000	0.0000000
7499.9961677	7569.9889770	7569.5944922	0.0000000	0.0000000	0.0092034	0.1906083	0.1243973	0.0000000	0.0000000
7499.9961677	7564.9887153	7564.5749902	0.0000000	0.0000000	0.0098463	0.1903729	0.1235548	0.0000000	0.0000000
7499.9961677	7559.9884535	7559.5554883	0.0000000	0.0000000	0.0090198	0.1917802	0.1262620	0.0000000	0.0000000
7499.9961677	7554.9881918	7554.9923047	0.0000000	0.0000000	0.0092056	0.1910940	0.1252491	0.0000000	0.0000000
7499.9961677	7549.9879301	7549.9728027	0.0000000	0.0000000	0.0108821	0.1915283	0.1253048	0.0000000	0.0000000
7499.9961677	7544.9851198	7544.9533008	0.0000000	0.0000000	0.0123015	0.1911221	0.1263809	0.0000000	0.0000000
7499.9961677	7539.9872981	7539.9337988	0.0000000	0.0000000	0.0113564	0.1913156	0.1264259	0.0000000	0.0000000
7499.9961677	7534.9866347	7534.9142969	0.0000000	0.0000000	0.0127360	0.1899303	0.1259858	0.0000000	0.0000000
7499.9961677	7529.9859713	7529.8947949	0.0000000	0.0000000	0.0141631	0.1908612	0.1245745	0.0000000	0.0000000
7499.9961677	7524.9853080	7524.9299316	0.0000000	0.0000000	0.0158494	0.1890988	0.1250598	0.0000000	0.0000000
7499.9961677	7519.9875452	7519.9705322	0.0000000	0.0000000	0.0186802	0.1908215	0.1257124	0.0000000	0.0000000
7499.9961677	7514.9868819	7514.5602783	0.0000000	0.0000000	0.0350508	0.1907156	0.1253463	0.0000000	0.0000000
7499.9961677	7509.9833179	7509.6008789	0.0000000	0.0000000	0.0685761	0.1908319	0.1248464	0.0000000	0.0000000
7499.9961677	7504.9826546	7504.6414795	0.0000000	0.0000000	0.1088268	0.1912053	0.1239575	0.0000000	0.0000000
7499.9961677	7499.9848918	7499.6820801	0.0000000	0.0000000	0.1113543	0.1904897	0.1239479	0.0000000	0.0000000
7499.9961677	7494.9842285	7494.7226807	0.0000000	0.0000000	0.0801478	0.1898179	0.1251345	0.0000000	0.0000000
7499.9961677	7489.9843030	7489.7632813	0.0000000	0.0000000	0.0443008	0.1911622	0.1250194	0.0000000	0.0000000
7499.9961677	7484.9843817	7484.8038818	0.0000000	0.0000000	0.0216444	0.1918668	0.1253511	0.0000000	0.0000000
7499.9961677	7479.9873061	7479.8981445	0.0000000	0.0000000	0.0121257	0.1920250	0.1252953	0.0000000	0.0000000
7499.9961677	7474.9873848	7474.9977734	0.0000000	0.0000000	0.0092712	0.1918805	0.1241005	0.0000000	0.0000000
7499.9961677	7469.9874635	7469.6519141	0.0000000	0.0000000	0.0080280	0.1909772	0.1244080	0.0000000	0.0000000
7499.9961677	7464.9903879	7464.7515430	0.0000000	0.0000000	0.0055104	0.1902184	0.1250911	0.0000000	0.0000000
7499.9961677	7459.9876209	7459.8511719	0.0000000	0.0000000	0.0055068	0.1911488	0.1250886	0.0000000	0.0000000
7499.9961677	7454.9820081	7454.9508008	0.0000000	0.0000000	0.0054163	0.1909279	0.1237427	0.0000000	0.0000000
7499.9961677	7449.9849325	7449.6049414	0.0000000	0.0000000	0.0054709	0.1912694	0.1245090	0.0000000	0.0000000
7499.9961677	7444.9878570	7444.7045703	0.0000000	0.0000000	0.0107112	0.1903308	0.1234075	0.0000000	0.0000000
7499.9961677	7439.9850899	7439.8041992	0.0000000	0.0000000	0.0097417	0.1896738	0.1235135	0.0000000	0.0000000
7499.9961677	7434.9851686	7434.9618359	0.0000000	0.0000000	0.0105305	0.1906321	0.1221455	0.0000000	0.0000000
7499.9961677	7429.9899093	7429.6792578	0.0000000	0.0000000	0.0081400	0.1908134	0.1231219	0.0000000	0.0000000
7499.9961677	7424.9918312	7424.8368945	0.0000000	0.0000000	0.0086443	0.1905555	0.1223640	0.0000000	0.0000000
7499.9961677	7419.9857133	7419.9945313	0.0000000	0.0000000	0.0084004	0.1910026	0.1216711	0.0000000	0.0000000
7499.9961677	7414.9876352	7414.7119531	0.0000000	0.0000000	0.0083922	0.1907898	0.1211912	0.0000000	0.0000000
7499.9961677	7409.9868772	7409.8695898	0.0000000	0.0000000	0.0086576	0.1898716	0.1201315	0.0000000	0.0000000
7499.9961677	7404.9887990	7404.5870117	0.0000000	0.0000000	0.0092988	0.1907285	0.1209349	0.0000000	0.0000000
7499.9961677	7399.9853611	7399.7446484	0.0000000	0.0000000	0.0085704	0.1907382	0.1212152	0.0000000	0.0000000
7499.9961677	7394.9846030	7394.9126367	0.0000000	0.0000000	0.0070641	0.1906333	0.1196586	0.0000000	0.0000000
7499.9961677	7389.9865249	7389.6921680	0.0000000	0.0000000	0.0060911	0.1907555	0.1194520	0.0000000	0.0000000
7499.9961677	7384.9884468	7384.9067383	0.0000000	0.0000000	0.0073127	0.1903082	0.1180724	0.0000000	0.0000000
7499.9961677	7379.9820701	7379.6862695	0.0000000	0.0000000	0.0080781	0.1903816	0.1193716	0.0000000	0.0000000
7499.9961677	7374.9828197	7374.9008398	0.0000000	0.0000000	0.0075712	0.1904633	0.1158309	0.0000000	0.0000000
7499.9961677	7369.9835694	7369.6803711	0.0000000	0.0000000	0.0076031	0.1918854	0.1157355	0.0000000	0.0000000
7499.9961677	7364.9810749	7364.8949414	0.0000000	0.0000000	0.0063904	0.1905253	0.1164855	0.0000000	0.0000000
7499.9961677	7359.9850687	7359.6744727	0.0000000	0.0000000	0.0093688	0.1899946	0.1157808	0.0000000	0.0000000
7499.9961677	7354.9890626	7354.8890430	0.0000000	0.0000000	0.0093347	0.1907223	0.1152063	0.0000000	0.0000000
7499.9961677	7349.9865681	7349.6991016	0.0000000	0.0000000	0.0098900	0.1907340	0.1121025	0.0000000	0.0000000
7499.9961677	7344.9840736	7344.9696387	0.0000000	0.0000000	0.0062748	0.1894366	0.1100603	0.0000000	0.0000000
7499.9961677	7339.9848232	7339.8102246	0.0000000	0.0000000	0.0041102	0.1900933	0.1092827	0.0000000	0.0000000
7499.9961677	7334.9855729	7334.6508105	0.0000000	0.0000000	0.0057357	0.1908226	0.1082667	0.0000000	0.0000000
7499.9961677	7329.9863226	7329.9213477	0.0000000	0.0000000	0.0065579	0.1907566	0.1094786	0.0000000	0.0000000
7499.9961677	7324.9878543	7324.7619336	0.0000000	0.0000000	0.0045112	0.1912743	0.1082440	0.0000000	0.0000000
7499.9961677	7319.9871765	7319.6025195	0.0000000	0.0000000	0.0057424	0.1915851	0.1083756	0.0000000	0.0000000
7499.9961677	7314.9864987	7314.8730566	0.0000000	0.0000000	0.0060374	0.1903217	0.1079882	0.0000000	0.0000000
7499.9961677	7309.9886382	7309.7136426	0.0000000	0.0000000	0.0061095	0.1901653	0.1079608	0.0000000	0.0000000
7499.9961677	7304.9907777	7304.6092822	0.0000000	0.0000000	0.0047512	0.1908999	0.1082458	0.0000000	0.0000000
7499.9961677	7299.9844653	7299.9348730	0.0000000	0.0000000	0.0049882	0.1913434	0.1089348	0.0000000	0.0000000
7499.9961677	7294.9837875	7294.8355176	0.0000000	0.0000000	0.0052198	0.1902494	0.1089801	0.0000000	0.0000000
7499.9961677	7289.9831097	7289.7361621	0.0000000	0.0000000	0.0052219	0.1893436	0.1096544	0.0000000	0.0000000
7499.9961677	7284.9852492	7284.6368066	0.0000000	0.0000000	0.0053011	0.1903590	0.1090111	0.0000000	0.0000000
7499.9961677	7279.9880039	7279.9623975	0.0000000	0.0000000	0.0066825	0.1905806	0.1108087	0.0000000	0.0000000
7499.9961677	7274.9809045	7274.8630420	0.0000000	0.0000000	0.0068838	0.1904968	0.1123518	0.0000000	0.0000000
7499.9961677	7269.9834279	7269.7636865	0.0000000	0.0000000	0.0068033	0.1906890	0.1106447	0.0000000	0.0000000
7499.9961677	7264.9859514	7264.6888672	0.0000000	0.0000000	0.0060559	0.1905790	0.1097321	0.0000000	0.0000000
7499.9961677	7259.9852672	7259.6483984	0.0000000	0.0000000	0.0053821	0.1907662	0.1082303	0.0000000	0.0000000
7499.9961677	7254.9845830	7254.6079297	0.0000000	0.0000000	0.0051624	0.1912063	0.1079373	0.0000000	0.0000000
7499.9961677	7249.9838989	7249.9875000	0.0000000	0.0000000	0.0032502	0.1915457	0.1064243	0.0000000	0.0000000
7499.9961677	7244.9832147	7244.9470313	0.0000000	0.0000000	0.0019785	0.1915604	0.1040522	0.0000000	0.0000000
7499.9961677	7239.9857381	7239.9065625	0.0000000	0.0000000	0.0015380	0.1910015	0.1026493	0.0000000	0.0000000
7499.9961677	7234.9850540	7234.8660938	0.0000000	0.0000000	0.0016655	0.1908419	0.1021716	0.0000000	0.0000000
7499.9961677	7229.9843698	7229.8256250	0.0000000	0.0000000	0.0008594	0.1912836	0.1021833	0.0000000	0.0000000
7499.9961677	7224.9838216	7224.7851563	0.0000000	0.0000000	0.0012001	0.1916107	0.1028779	0.0000000	0.0000000
7499.9961677	7219.9853736	7219.8026367	0.0000000	0.0000000	0.0019259	0.1906653	0.1044436	0.0000000	0.0000000
7499.9961677	7214.9869255	7214.8201172	0.0000000	0.0000000	0.0013480	0.1914329	0.1062478	0.0000000	0.0000000
7499.9961677	7209.9852169	7209.8375977	0.0000000	0.0000000	0.0016277	0.1915204	0.1072589	0.0000000	0.0000000
7499.9961677	7204.9867688	7204.8550781	0.0000000	0.0000000	0.0012863	0.1918755	0.1091678	0.0000000	0.0000000
7499.9961677	7199.9850602	7199.8725586	0.0000000	0.0000000	0.0014004	0.1916493	0.1093855	0.0000000	0.0000000
7499.9961677	7194.9833516	7194.8900391	0.0000000	0.0000000	0.0015079	0.1920137	0.1100231	0.0000000	0.0000000
7499.9961677	7189.9816430	7189.9075195	0.0000000	0.0000000	0.0014327	0.1912227	0.1115990	0.0000000	0.0000000
7499.9961677	7184.9831949	7184.9250000	0.0000000	0.0000000	0.0012877	0.1904766	0.1088628	0.0000000	0.0000000
7499.9961677	7179.9814863	7179.9804492	0.0000000	0.0000000	0.0008582	0.1909917	0.1078927	0.0000000	0.0000000
7499.9961677	7174.9862988	7174.6444189	0.0000000	0.0000000	0.0007213	0.1913995	0.1070720	0.0000000	0.0000000
7499.9961677	7169.9845902	7169.7188525	0.0000000	0.0000000	0.0007111	0.1913574	0.1036539	0.0000000	0.0000000
7499.9961677	7164.9879166	7164.7932861	0.0000000	0.0000000	0.0004045	0.1918356	0.1036558	0.0000000	0.0000000
7499.9961677	7159.9860013	7159.8677197	0.0000000	0.0000000	0.0003923	0.1912496	0.1054354	0.0000000	0.0000000
7499.9961677	7154.9840860	7154.9421533	0.0000000	0.0000000	0.0006458	0.1913141	0.1073203	0.0000000	0.0000000
7499.9961677	7149.9851785	7149.6061230	0.0000000	0.0000000	0.0004093	0.1912222	0.1064530	0.0000000	0.0000000
7499.9961677	7144.9892787	7144.6805566	0.0000000	0.0000000	0.0003258	0.1909490	0.1050590	0.0000000	0.0000000
7499.9961677	7139.9873635	7139.7829688	0.0000000	0.0000000	0.0002607	0.1918712	0.1053013	0.0000000	0.0000000
7499.9961677	7134.9854482	7134.9133594	0.0000000	0.0000000	0.0001827	0.1909707	0.1070642	0.0000000	0.0000000
7499.9961677	7129.9865407	7129.6379492	0.0000000	0.0000000	0.0003429	0.1909221	0.1056143	0.0000000	0.0000000
7499.9961677	7124.9876331	7124.7683398	0.0000000	0.0000000	0.0003417	0.1911793	0.1056010	0.0000000	0.0000000
7499.9961677	7119.9857178	7119.8987305	0.0000000	0.0000000	0.0003175	0.1912877	0.1034736	0.0000000	0.0000000
7499.9961677	7114.9843181	7114.6233203	0.0000000	0.0000000	0.0002698	0.1910917	0.1046404	0.0000000	0.0000000
7499.9961677	7109.9822896	7109.7537109	0.0000000	0.0000000	0.0003357	0.1899745	0.1054114	0.0000000	0.0000000
7499.9961677	7104.9837419	7104.8841016	0.0000000	0.0000000	0.0002318	0.1913334	0.1030497	0.0000000	0.0000000
7499.9961677	7099.9817134	7099.6316406	0.0000000	0.0000000	0.0003024	0.1913472	0.1037041	0.0000000	0.0000000
7499.9961677	7094.9831658	7094.8171094	0.0000000	0.0000000	0.0002087	0.1910781	0.1031816	0.0000000	0.0000000
7499.9961677	7089.9846182	7089.6013672	0.0000000	0.0000000	0.0001548	0.1914951	0.1034904	0.0000000	0.0000000
7499.9961677	7084.9895515	7084.7868359	0.0000000	0.0000000	0.0001694	0.1916937	0.1039045	0.0000000	0.0000000
7499.9961677	7079.9910039	7079.9723047	0.0000000	0.0000000	0.0001731	0.1905610	0.1043376	0.0000000	0.0000000
7499.9961677	7074.9889754	7074.7565625	0.0000000	0.0000000	0.0001450	0.1909000	0.1014982	0.0000000	0.0000000
7499.9961677	7069.9904278	7069.9420313	0.0000000	0.0000000	0.0000714	0.1912528	0.1005380	0.0000000	0.0000000
7499.9961677	7064.9918802	7064.7262891	0.0000000	0.0000000	0.0000662	0.1908462	0.1004420	0.0000000	0.0000000
7499.9961677	7059.9863559	7059.9297656	0.0000000	0.0000000	0.0000725	0.1909879	0.1016796	0.0000000	0.0000000
7499.9961677	7054.9841606	7054.7725488	0.0000000	0.0000000	0.0000830	0.1908820	0.1023685	0.0000000	0.0000000
7499.9961677	7049.9819654	7049.6153320	0.0000000	0.0000000	0.0000863	0.1915907	0.1008319	0.0000000	0.0000000
7499.9961677	7044.9875799	7044.8548242	0.0000000	0.0000000	0.0000999	0.1900638	0.1010109	0.0000000	0.0000000
7499.9961677	7039.9814797	7039.6976074	0.0000000	0.0000000	0.0001544	0.1902363	0.1019825	0.0000000	0.0000000
7499.9961677	7034.9831894	7034.9370996	0.0000000	0.0000000	0.0000696	0.1908032	0.1009141	0.0000000	0.0000000
7499.9961677	7029.9809941	7029.7798828	0.0000000	0.0000000	0.0001121	0.1906558	0.1010868	0.0000000	0.0000000
7499.9961677	7024.9827038	7024.6226660	0.0000000	0.0000000	0.0001576	0.1899950	0.1030883	0.0000000	0.0000000
7499.9961677	7019.9805085	7019.8843262	0.0000000	0.0000000	0.0001194	0.1902164	0.1010492	0.0000000	0.0000000
7499.9961677	7014.9861230	7014.7847461	0.0000000	0.0000000	0.0000946	0.1899940	0.1015677	0.0000000	0.0000000
7499.9961677	7009.9878327	7009.6851660	0.0000000	0.0000000	0.0000824	0.1899794	0.1018176	0.0000000	0.0000000
7499.9961677	7004.9817325	7004.9778613	0.0000000	0.0000000	0.0001104	0.1911199	0.1020482	0.0000000	0.0000000
