7134.9948939	7599.9977245	7599.5502051	0.0000000	0.0000000	0.0186328	0.1529688	0.1213256	0.0000000	7135.0000000
7134.9948939	7594.9892152	7594.9313574	0.0000000	0.0000000	0.0220820	0.1533643	0.1212223	0.0000000	0.0000000
7134.9948939	7589.9849267	7589.8506250	0.0000000	0.0000000	0.0212236	0.1535167	0.1214958	0.0000000	0.0000000
7134.9948939	7584.9897621	7584.7698926	0.0000000	0.0000000	0.0231687	0.1535637	0.1235125	0.0000000	0.0000000
7134.9948939	7579.9869519	7579.6891602	0.0000000	0.0000000	0.0228787	0.1526322	0.1227793	0.0000000	0.0000000
7134.9948939	7574.9866901	7574.6139941	0.0000000	0.0000000	0.0221890	0.1524492	0.1231007	0.0000000	0.0000000
7134.9948939	7569.9889770	7569.5944922	0.0000000	0.0000000	0.0210802	0.1526918	0.1232300	0.0000000	0.0000000
7134.9948939	7564.9861667	7564.5749902	0.0000000	0.0000000	0.0198784	0.1531223	0.1231208	0.0000000	0.0000000
7134.9948939	7559.9910021	7559.5554883	0.0000000	0.0000000	0.0194257	0.1533435	0.1219095	0.0000000	0.0000000
7134.9948939	7554.9856433	7554.9923047	0.0000000	0.0000000	0.0194462	0.1532274	0.1212085	0.0000000	0.0000000
7134.9948939	7549.9853816	7549.9728027	0.0000000	0.0000000	0.0192202	0.1543074	0.1229675	0.0000000	0.0000000
7134.9948939	7544.9825713	7544.9533008	0.0000000	0.0000000	0.0198219	0.1535862	0.1223232	0.0000000	0.0000000
7134.9948939	7539.9872981	7539.9337988	0.0000000	0.0000000	0.0189031	0.1533210	0.1220613	0.0000000	0.0000000
7134.9948939	7534.9895353	7534.9142969	0.0000000	0.0000000	0.0247094	0.1527008	0.1228600	0.0000000	0.0000000
7134.9948939	7529.9830707	7529.8947949	0.0000000	0.0000000	0.0218380	0.1532245	0.1224851	0.0000000	0.0000000
7134.9948939	7524.9853080	7524.9299316	0.0000000	0.0000000	0.0235031	0.1525623	0.1243041	0.0000000	0.0000000
7134.9948939	7519.9875452	7519.9705322	0.0000000	0.0000000	0.0191221	0.1533210	0.1235073	0.0000000	0.0000000
7134.9948939	7515.0361924	7514.5602783	0.0000000	0.0000000	0.0180070	0.1532743	0.1224784	0.0000000	0.0000000
7134.9948939	7509.9804173	7509.6008789	0.0000000	0.0000000	0.0172584	0.1544193	0.1208656	0.0000000	0.0000000
7134.9948939	7504.9826546	7504.6414795	0.0000000	0.0000000	0.0193881	0.1540011	0.1211378	0.0000000	0.0000000
7134.9948939	7499.9848918	7499.6820801	0.0000000	0.0000000	0.0208972	0.1526101	0.1212626	0.0000000	0.0000000
7134.9948939	7495.0306383	7494.7226807	0.0000000	0.0000000	0.0210854	0.1531638	0.1215660	0.0000000	0.0000000
7134.9948939	7489.9843030	7489.7632813	0.0000000	0.0000000	0.0225452	0.1522960	0.1235126	0.0000000	0.0000000
7134.9948939	7485.0299131	7484.8038818	0.0000000	0.0000000	0.0203495	0.1516594	0.1229305	0.0000000	0.0000000
7134.9948939	7479.9844604	7479.8981445	0.0000000	0.0000000	0.0190472	0.1528586	0.1222682	0.0000000	0.0000000
7134.9948939	7474.9845391	7474.9977734	0.0000000	0.0000000	0.0159795	0.1539666	0.1208793	0.0000000	0.0000000
7134.9948939	7469.9846178	7469.6519141	0.0000000	0.0000000	0.0162571	0.1537576	0.1214629	0.0000000	0.0000000
7134.9948939	7464.9846965	7464.7515430	0.0000000	0.0000000	0.0160122	0.1539797	0.1219677	0.0000000	0.0000000
7134.9948939	7459.9819294	7459.8511719	0.0000000	0.0000000	0.0145168	0.1543677	0.1234467	0.0000000	0.0000000
7134.9948939	7455.0360767	7454.9508008	0.0000000	0.0000000	0.0175084	0.1532347	0.1227522	0.0000000	0.0000000
7134.9948939	7450.0304640	7449.6049414	0.0000000	0.0000000	0.0141609	0.1529471	0.1213563	0.0000000	0.0000000
7134.9948939	7444.9878570	7444.7045703	0.0000000	0.0000000	0.0112214	0.1533840	0.1198711	0.0000000	0.0000000
7134.9948939	7439.9822442	7439.8041992	0.0000000	0.0000000	0.0117419	0.1528757	0.1194701	0.0000000	0.0000000
7134.9948939	7434.9823229	7434.9618359	0.0000000	0.0000000	0.0152058	0.1528217	0.1202361	0.0000000	0.0000000
7134.9948939	7429.9899093	7429.6792578	0.0000000	0.0000000	0.0114849	0.1537187	0.1192756	0.0000000	0.0000000
7134.9948939	7424.9918312	7424.8368945	0.0000000	0.0000000	0.0105844	0.1549612	0.1203657	0.0000000	0.0000000
7134.9948939	7419.9910732	7419.9945313	0.0000000	0.0000000	0.0098547	0.1535768	0.1208032	0.0000000	0.0000000
7134.9948939	7414.9876352	7414.7119531	0.0000000	0.0000000	0.0105858	0.1524021	0.1213439	0.0000000	0.0000000
7134.9948939	7409.9841972	7409.8695898	0.0000000	0.0000000	0.0083903	0.1531774	0.1201088	0.0000000	0.0000000
7134.9948939	7404.9861191	7404.5870117	0.0000000	0.0000000	0.0077329	0.1522483	0.1189515	0.0000000	0.0000000
7134.9948939	7399.9853611	7399.7446484	0.0000000	0.0000000	0.0094727	0.1531707	0.1190466	0.0000000	0.0000000
7134.9948939	7394.9846030	7394.9126367	0.0000000	0.0000000	0.0093992	0.1529672	0.1162004	0.0000000	0.0000000
7134.9948939	7389.9838450	7389.6921680	0.0000000	0.0000000	0.0090376	0.1530521	0.1173379	0.0000000	0.0000000
7134.9948939	7384.9857669	7384.9067383	0.0000000	0.0000000	0.0089517	0.1528599	0.1166210	0.0000000	0.0000000
7134.9948939	7379.9820701	7379.6862695	0.0000000	0.0000000	0.0089531	0.1530881	0.1160168	0.0000000	0.0000000
7134.9948939	7375.0087730	7374.9008398	0.0000000	0.0000000	0.0101576	0.1523397	0.1142432	0.0000000	0.0000000
7134.9948939	7370.0160110	7369.6803711	0.0000000	0.0000000	0.0113917	0.1518572	0.1136531	0.0000000	0.0000000
7134.9948939	7365.0037840	7364.8949414	0.0000000	0.0000000	0.0125211	0.1529998	0.1120061	0.0000000	0.0000000
7134.9948939	7360.0045337	7359.6744727	0.0000000	0.0000000	0.0139612	0.1524381	0.1099357	0.0000000	0.0000000
7134.9948939	7355.0117717	7354.8890430	0.0000000	0.0000000	0.0152664	0.1525287	0.1102117	0.0000000	0.0000000
7134.9948939	7350.0157655	7349.6991016	0.0000000	0.0000000	0.0165165	0.1524247	0.1089685	0.0000000	0.0000000
7134.9948939	7345.0002944	7344.9696387	0.0000000	0.0000000	0.0150543	0.1536152	0.1054749	0.0000000	0.0000000
7134.9948939	7340.0075324	7339.8102246	0.0000000	0.0000000	0.0139333	0.1529586	0.1053242	0.0000000	0.0000000
7134.9948939	7335.0050379	7334.6508105	0.0000000	0.0000000	0.0149111	0.1527474	0.1048595	0.0000000	0.0000000
7134.9948939	7330.0090317	7329.9213477	0.0000000	0.0000000	0.0205054	0.1536544	0.1063870	0.0000000	0.0000000
7134.9948939	7325.0216617	7324.7619336	0.0000000	0.0000000	0.0198972	0.1542728	0.1044153	0.0000000	0.0000000
7134.9948939	7319.9871765	7319.6025195	0.0000000	0.0000000	0.0226812	0.1531334	0.1065537	0.0000000	0.0000000
7134.9948939	7314.9864987	7314.8730566	0.0000000	0.0000000	0.0291798	0.1534949	0.1077236	0.0000000	0.0000000
7134.9948939	7309.9858209	7309.7136426	0.0000000	0.0000000	0.0329697	0.1519082	0.1088403	0.0000000	0.0000000
7134.9948939	7304.9851431	7304.6092822	0.0000000	0.0000000	0.0319611	0.1525179	0.1085836	0.0000000	0.0000000
7134.9948939	7299.9816481	7299.9348730	0.0000000	0.0000000	0.0367239	0.1524141	0.1084628	0.0000000	0.0000000
7134.9948939	7294.9837875	7294.8355176	0.0000000	0.0000000	0.0384542	0.1522537	0.1076779	0.0000000	0.0000000
7134.9948939	7289.9831097	7289.7361621	0.0000000	0.0000000	0.0399575	0.1530017	0.1077552	0.0000000	0.0000000
7134.9948939	7284.9852492	7284.6368066	0.0000000	0.0000000	0.0438044	0.1518296	0.1088783	0.0000000	0.0000000
7134.9948939	7279.9880039	7279.9623975	0.0000000	0.0000000	0.0473954	0.1521271	0.1098198	0.0000000	0.0000000
7134.9948939	7275.0065655	7274.8630420	0.0000000	0.0000000	0.0520598	0.1521500	0.1096245	0.0000000	0.0000000
7134.9948939	7270.0090889	7269.7636865	0.0000000	0.0000000	0.0478104	0.1526417	0.1073815	0.0000000	0.0000000
7134.9948939	7265.0148200	7264.6888672	0.0000000	0.0000000	0.0494579	0.1524268	0.1061682	0.0000000	0.0000000
7134.9948939	7260.0013053	7259.6483984	0.0000000	0.0000000	0.0527904	0.1521041	0.1074901	0.0000000	0.0000000
7134.9948939	7255.0134516	7254.6079297	0.0000000	0.0000000	0.0587067	0.1524164	0.1067069	0.0000000	0.0000000
7134.9948939	7250.0095598	7249.9875000	0.0000000	0.0000000	0.0596404	0.1522897	0.1070154	0.0000000	0.0000000
7134.9948939	7245.0056680	7244.9470313	0.0000000	0.0000000	0.0592191	0.1519417	0.1040258	0.0000000	0.0000000
7134.9948939	7240.0017763	7239.9065625	0.0000000	0.0000000	0.0535920	0.1524150	0.1022860	0.0000000	0.0000000
7134.9948939	7235.0139226	7234.8660938	0.0000000	0.0000000	0.0559778	0.1522412	0.1003988	0.0000000	0.0000000
7134.9948939	7230.0100308	7229.8256250	0.0000000	0.0000000	0.0589523	0.1517795	0.1009093	0.0000000	0.0000000
7134.9948939	7225.0001244	7224.7851563	0.0000000	0.0000000	0.0657008	0.1516898	0.1016796	0.0000000	0.0000000
7134.9948939	7220.0049369	7219.8026367	0.0000000	0.0000000	0.0825778	0.1519922	0.1033582	0.0000000	0.0000000
7134.9948939	7215.0097495	7214.8201172	0.0000000	0.0000000	0.0931088	0.1518052	0.1051932	0.0000000	0.0000000
7134.9948939	7210.0015197	7209.8375977	0.0000000	0.0000000	0.0997159	0.1523275	0.1052925	0.0000000	0.0000000
7134.9948939	7205.0095928	7204.8550781	0.0000000	0.0000000	0.1142329	0.1526526	0.1067859	0.0000000	0.0000000
7134.9948939	7200.0013630	7199.8725586	0.0000000	0.0000000	0.1124459	0.1526448	0.1090303	0.0000000	0.0000000
7134.9948939	7195.0061755	7194.8900391	0.0000000	0.0000000	0.1211086	0.1521479	0.1098171	0.0000000	0.0000000
7134.9948939	7190.0077275	7189.9075195	0.0000000	0.0000000	0.1366981	0.1516570	0.1105032	0.0000000	0.0000000
7134.9948939	7185.0027583	7184.9250000	0.0000000	0.0000000	0.1421729	0.1523920	0.1085656	0.0000000	0.0000000
7134.9948939	7179.9977891	7179.9804492	0.0000000	0.0000000	0.1272462	0.1516622	0.1067769	0.0000000	0.0000000
7134.9948939	7175.0026016	7174.6444189	0.0000000	0.0000000	0.1300955	0.1518733	0.1040851	0.0000000	0.0000000
7134.9948939	7169.9943719	7169.7188525	0.0000000	0.0000000	0.1386187	0.1523923	0.1031144	0.0000000	0.0000000
7134.9948939	7165.0360409	7164.7932861	0.0000000	0.0000000	0.1153335	0.1535420	0.1002993	0.0000000	0.0000000
7134.9948939	7160.0281100	7159.8677197	0.0000000	0.0000000	0.1086973	0.1523560	0.1018383	0.0000000	0.0000000
7134.9948939	7155.0261947	7154.9421533	0.0000000	0.0000000	0.1266553	0.1529845	0.1026178	0.0000000	0.0000000
7134.9948939	7150.0242795	7149.6061230	0.0000000	0.0000000	0.1917557	0.1527008	0.1038199	0.0000000	0.0000000
7134.9948939	7145.0253719	7144.6805566	0.0000000	0.0000000	0.2551737	0.1523539	0.1033973	0.0000000	0.0000000
7134.9948939	7140.0294722	7139.7829688	0.0000000	0.0000000	0.2666060	0.1518187	0.1026395	0.0000000	0.0000000
7134.9948939	7135.0215414	7134.9133594	0.0000000	0.0000000	0.2562808	0.1526370	0.1041472	0.0000000	0.0000000
7134.9948939	7130.0196261	7129.6379492	0.0000000	0.0000000	0.2254690	0.1512876	0.1062249	0.0000000	0.0000000
7134.9948939	7125.0267341	7124.7683398	0.0000000	0.0000000	0.1545270	0.1510946	0.1044880	0.0000000	0.0000000
7134.9948939	7120.0278266	7119.8987305	0.0000000	0.0000000	0.1014258	0.1531880	0.1030721	0.0000000	0.0000000
7134.9948939	7114.9843181	7114.6233203	0.0000000	0.0000000	0.0979495	0.1530432	0.1023868	0.0000000	0.0000000
7134.9948939	7109.9857704	7109.7537109	0.0000000	0.0000000	0.1050807	0.1523931	0.1016980	0.0000000	0.0000000
7134.9948939	7104.9837419	7104.8841016	0.0000000	0.0000000	0.1016564	0.1516581	0.1027660	0.0000000	0.0000000
7134.9948939	7099.9817134	7099.6316406	0.0000000	0.0000000	0.1006426	0.1521556	0.1008820	0.0000000	0.0000000
7134.9948939	7094.9831658	7094.8171094	0.0000000	0.0000000	0.0919546	0.1510371	0.1019375	0.0000000	0.0000000
7134.9948939	7089.9846182	7089.6013672	0.0000000	0.0000000	0.0893909	0.1518701	0.1003307	0.0000000	0.0000000
7134.9948939	7084.9860706	7084.7868359	0.0000000	0.0000000	0.0827026	0.1521470	0.1010616	0.0000000	0.0000000
7134.9948939	7079.9875230	7079.9723047	0.0000000	0.0000000	0.0668302	0.1521625	0.0990381	0.0000000	0.0000000
7134.9948939	7074.9889754	7074.7565625	0.0000000	0.0000000	0.0540247	0.1524484	0.0978104	0.0000000	0.0000000
7134.9948939	7069.9834660	7069.9420313	0.0000000	0.0000000	0.0489073	0.1517238	0.0985718	0.0000000	0.0000000
7134.9948939	7064.9918802	7064.7262891	0.0000000	0.0000000	0.0533477	0.1524384	0.0987273	0.0000000	0.0000000
7134.9948939	7059.9863559	7059.9297656	0.0000000	0.0000000	0.0554282	0.1521729	0.0992111	0.0000000	0.0000000
7134.9948939	7054.9880656	7054.7725488	0.0000000	0.0000000	0.0638923	0.1508673	0.0975774	0.0000000	0.0000000
7134.9948939	7049.9819654	7049.6153320	0.0000000	0.0000000	0.0659613	0.1511499	0.0968770	0.0000000	0.0000000
7134.9948939	7044.9875799	7044.8548242	0.0000000	0.0000000	0.0670941	0.1513403	0.0976731	0.0000000	0.0000000
7134.9948939	7039.9814797	7039.6976074	0.0000000	0.0000000	0.0740665	0.1517168	0.0977723	0.0000000	0.0000000
7134.9948939	7034.9831894	7034.9370996	0.0000000	0.0000000	0.0778610	0.1507571	0.0990272	0.0000000	0.0000000
7134.9948939	7029.9809941	7029.7798828	0.0000000	0.0000000	0.0843508	0.1516348	0.0976538	0.0000000	0.0000000
7134.9948939	7024.9827038	7024.6226660	0.0000000	0.0000000	0.0931442	0.1531288	0.0985397	0.0000000	0.0000000
7134.9948939	7019.9766036	7019.8843262	0.0000000	0.0000000	0.0837065	0.1515500	0.0994336	0.0000000	0.0000000
7134.9948939	7014.9900280	7014.7847461	0.0000000	0.0000000	0.0862438	0.1518811	0.0985590	0.0000000	0.0000000
7134.9948939	7009.9839278	7009.6851660	0.0000000	0.0000000	0.0890719	0.1517538	0.0999916	0.0000000	0.0000000
7134.9948939	7004.9817325	7004.9778613	0.0000000	0.0000000	0.0835092	0.1508317	0.0987858	0.0000000	0.0000000
