7424.9916835	7599.9977245	7599.5502051	0.0000000	0.0000000	0.0082650	0.1896051	0.1261965	0.0000000	7425.0000000
7424.9916835	7594.9867234	7594.9313574	0.0000000	0.0000000	0.0104009	0.1889287	0.1255760	0.0000000	0.0000000
7424.9916835	7589.9849267	7589.8506250	0.0000000	0.0000000	0.0111876	0.1890330	0.1249153	0.0000000	0.0000000
7424.9916835	7584.9897621	7584.7698926	0.0000000	0.0000000	0.0136440	0.1887277	0.1258861	0.0000000	0.0000000
7424.9916835	7579.9895004	7579.6891602	0.0000000	0.0000000	0.0165255	0.1907561	0.1262677	0.0000000	0.0000000
7424.9916835	7574.9866901	7574.6139941	0.0000000	0.0000000	0.0155532	0.1905051	0.1254163	0.0000000	0.0000000
7424.9916835	7569.9889770	7569.5944922	0.0000000	0.0000000	0.0136796	0.1898224	0.1256771	0.0000000	0.0000000
7424.9916835	7564.9912638	7564.5749902	0.0000000	0.0000000	0.0142517	0.1883895	0.1256420	0.0000000	0.0000000
7424.9916835	7559.9884535	7559.5554883	0.0000000	0.0000000	0.0159952	0.1897968	0.1273961	0.0000000	0.0000000
7424.9916835	7554.9856433	7554.9923047	0.0000000	0.0000000	0.0120894	0.1885664	0.1268876	0.0000000	0.0000000
7424.9916835	7549.9853816	7549.9728027	0.0000000	0.0000000	0.0121184	0.1884607	0.1258773	0.0000000	0.0000000
7424.9916835	7544.9851198	7544.9533008	0.0000000	0.0000000	0.0113527	0.1881500	0.1268301	0.0000000	0.0000000
7424.9916835	7539.9872981	7539.9337988	0.0000000	0.0000000	0.0110956	0.1878477	0.1266495	0.0000000	0.0000000
7424.9916835	7535.0272433	7534.9142969	0.0000000	0.0000000	0.0108080	0.1881970	0.1264161	0.0000000	0.0000000
7424.9916835	7530.0265800	7529.8947949	0.0000000	0.0000000	0.0143212	0.1886846	0.1262223	0.0000000	0.0000000
7424.9916835	7524.9853080	7524.9299316	0.0000000	0.0000000	0.0139805	0.1894407	0.1265312	0.0000000	0.0000000
7424.9916835	7519.9875452	7519.9705322	0.0000000	0.0000000	0.0133053	0.1889379	0.1245822	0.0000000	0.0000000
7424.9916835	7515.0390930	7514.5602783	0.0000000	0.0000000	0.0129421	0.1893770	0.1258719	0.0000000	0.0000000
7424.9916835	7509.9833179	7509.6008789	0.0000000	0.0000000	0.0148228	0.1891974	0.1263549	0.0000000	0.0000000
7424.9916835	7505.0377663	7504.6414795	0.0000000	0.0000000	0.0131068	0.1890342	0.1257990	0.0000000	0.0000000
7424.9916835	7499.9877924	7499.6820801	0.0000000	0.0000000	0.0124977	0.1883945	0.1248289	0.0000000	0.0000000
7424.9916835	7495.0277377	7494.7226807	0.0000000	0.0000000	0.0101189	0.1894854	0.1238270	0.0000000	0.0000000
7424.9916835	7489.9843030	7489.7632813	0.0000000	0.0000000	0.0107906	0.1891656	0.1247505	0.0000000	0.0000000
7424.9916835	7484.9872274	7484.8038818	0.0000000	0.0000000	0.0089454	0.1889661	0.1253652	0.0000000	0.0000000
7424.9916835	7479.9844604	7479.8981445	0.0000000	0.0000000	0.0089706	0.1891483	0.1240651	0.0000000	0.0000000
7424.9916835	7475.0357619	7474.9977734	0.0000000	0.0000000	0.0100016	0.1888137	0.1246870	0.0000000	0.0000000
7424.9916835	7469.9846178	7469.6519141	0.0000000	0.0000000	0.0059928	0.1891936	0.1247897	0.0000000	0.0000000
7424.9916835	7464.9875422	7464.7515430	0.0000000	0.0000000	0.0046279	0.1885286	0.1246946	0.0000000	0.0000000
7424.9916835	7459.9847751	7459.8511719	0.0000000	0.0000000	0.0059976	0.1893214	0.1250072	0.0000000	0.0000000
7424.9916835	7454.9820081	7454.9508008	0.0000000	0.0000000	0.0049963	0.1904695	0.1231110	0.0000000	0.0000000
7424.9916835	7449.9849325	7449.6049414	0.0000000	0.0000000	0.0065569	0.1885608	0.1234025	0.0000000	0.0000000
7424.9916835	7444.9878570	7444.7045703	0.0000000	0.0000000	0.0077683	0.1896459	0.1231566	0.0000000	0.0000000
7424.9916835	7439.9850899	7439.8041992	0.0000000	0.0000000	0.0173685	0.1892955	0.1248040	0.0000000	0.0000000
7424.9916835	7434.9880144	7434.9618359	0.0000000	0.0000000	0.0432194	0.1902880	0.1233895	0.0000000	0.0000000
7424.9916835	7429.9899093	7429.6792578	0.0000000	0.0000000	0.0820516	0.1903600	0.1250686	0.0000000	0.0000000
7424.9916835	7424.9891513	7424.8368945	0.0000000	0.0000000	0.0968877	0.1881554	0.1238657	0.0000000	0.0000000
7424.9916835	7419.9883932	7419.9945313	0.0000000	0.0000000	0.0710020	0.1889374	0.1220013	0.0000000	0.0000000
7424.9916835	7414.9849553	7414.7119531	0.0000000	0.0000000	0.0355916	0.1881481	0.1227675	0.0000000	0.0000000
7424.9916835	7409.9868772	7409.8695898	0.0000000	0.0000000	0.0119520	0.1886910	0.1220327	0.0000000	0.0000000
7424.9916835	7404.9861191	7404.5870117	0.0000000	0.0000000	0.0065370	0.1892001	0.1243345	0.0000000	0.0000000
7424.9916835	7399.9880410	7399.7446484	0.0000000	0.0000000	0.0056909	0.1895760	0.1203767	0.0000000	0.0000000
7424.9916835	7394.9846030	7394.9126367	0.0000000	0.0000000	0.0066053	0.1892240	0.1202899	0.0000000	0.0000000
7424.9916835	7389.9865249	7389.6921680	0.0000000	0.0000000	0.0050555	0.1893411	0.1209723	0.0000000	0.0000000
7424.9916835	7384.9857669	7384.9067383	0.0000000	0.0000000	0.0049475	0.1902323	0.1205135	0.0000000	0.0000000
7424.9916835	7379.9820701	7379.6862695	0.0000000	0.0000000	0.0041954	0.1886750	0.1184426	0.0000000	0.0000000
7424.9916835	7375.0022847	7374.9008398	0.0000000	0.0000000	0.0060306	0.1890732	0.1187238	0.0000000	0.0000000
7424.9916835	7370.0095227	7369.6803711	0.0000000	0.0000000	0.0040038	0.1898114	0.1165491	0.0000000	0.0000000
7424.9916835	7365.0102724	7364.8949414	0.0000000	0.0000000	0.0065197	0.1885482	0.1160305	0.0000000	0.0000000
7424.9916835	7360.0012895	7359.6744727	0.0000000	0.0000000	0.0078647	0.1894199	0.1158058	0.0000000	0.0000000
7424.9916835	7355.0085275	7354.8890430	0.0000000	0.0000000	0.0075243	0.1893920	0.1134675	0.0000000	0.0000000
7424.9916835	7350.0092772	7349.6991016	0.0000000	0.0000000	0.0063768	0.1902214	0.1126804	0.0000000	0.0000000
7424.9916835	7345.0067827	7344.9696387	0.0000000	0.0000000	0.0053304	0.1891724	0.1100975	0.0000000	0.0000000
7424.9916835	7340.0075324	7339.8102246	0.0000000	0.0000000	0.0063916	0.1887354	0.1088678	0.0000000	0.0000000
7424.9916835	7335.0017937	7334.6508105	0.0000000	0.0000000	0.0054919	0.1899120	0.1081056	0.0000000	0.0000000
7424.9916835	7329.9992992	7329.9213477	0.0000000	0.0000000	0.0079415	0.1885095	0.1082958	0.0000000	0.0000000
7424.9916835	7325.0272963	7324.7619336	0.0000000	0.0000000	0.0058497	0.1893817	0.1085322	0.0000000	0.0000000
7424.9916835	7319.9871765	7319.6025195	0.0000000	0.0000000	0.0060215	0.1894530	0.1088944	0.0000000	0.0000000
7424.9916835	7314.9864987	7314.8730566	0.0000000	0.0000000	0.0080126	0.1898400	0.1098481	0.0000000	0.0000000
7424.9916835	7309.9886382	7309.7136426	0.0000000	0.0000000	0.0070121	0.1873411	0.1080912	0.0000000	0.0000000
7424.9916835	7304.9879604	7304.6092822	0.0000000	0.0000000	0.0067784	0.1896831	0.1084309	0.0000000	0.0000000
7424.9916835	7299.9844653	7299.9348730	0.0000000	0.0000000	0.0085222	0.1892654	0.1088036	0.0000000	0.0000000
7424.9916835	7294.9837875	7294.8355176	0.0000000	0.0000000	0.0124559	0.1883728	0.1093867	0.0000000	0.0000000
7424.9916835	7289.9859270	7289.7361621	0.0000000	0.0000000	0.0094182	0.1894696	0.1100359	0.0000000	0.0000000
7424.9916835	7284.9852492	7284.6368066	0.0000000	0.0000000	0.0086831	0.1891709	0.1097196	0.0000000	0.0000000
7424.9916835	7279.9912115	7279.9623975	0.0000000	0.0000000	0.0107946	0.1886571	0.1111099	0.0000000	0.0000000
7424.9916835	7274.9969426	7274.8630420	0.0000000	0.0000000	0.0099382	0.1895983	0.1120132	0.0000000	0.0000000
7424.9916835	7270.0090889	7269.7636865	0.0000000	0.0000000	0.0089152	0.1890303	0.1116134	0.0000000	0.0000000
7424.9916835	7265.0084048	7264.6888672	0.0000000	0.0000000	0.0066859	0.1892935	0.1093379	0.0000000	0.0000000
7424.9916835	7260.0141358	7259.6483984	0.0000000	0.0000000	0.0066088	0.1888701	0.1083234	0.0000000	0.0000000
7424.9916835	7255.0102440	7254.6079297	0.0000000	0.0000000	0.0077719	0.1892786	0.1095491	0.0000000	0.0000000
7424.9916835	7250.0063522	7249.9875000	0.0000000	0.0000000	0.0063500	0.1903989	0.1065547	0.0000000	0.0000000
7424.9916835	7245.0088757	7244.9470313	0.0000000	0.0000000	0.0056504	0.1891981	0.1064445	0.0000000	0.0000000
7424.9916835	7240.0049839	7239.9065625	0.0000000	0.0000000	0.0030044	0.1895054	0.1038401	0.0000000	0.0000000
7424.9916835	7235.0107149	7234.8660938	0.0000000	0.0000000	0.0037318	0.1880300	0.1029259	0.0000000	0.0000000
7424.9916835	7230.0132384	7229.8256250	0.0000000	0.0000000	0.0026738	0.1882750	0.1035353	0.0000000	0.0000000
7424.9916835	7225.0033850	7224.7851563	0.0000000	0.0000000	0.0024716	0.1883732	0.1038721	0.0000000	0.0000000
7424.9916835	7220.0016764	7219.8026367	0.0000000	0.0000000	0.0032739	0.1876488	0.1053818	0.0000000	0.0000000
7424.9916835	7215.0227917	7214.8201172	0.0000000	0.0000000	0.0042937	0.1875469	0.1067750	0.0000000	0.0000000
7424.9916835	7210.0080408	7209.8375977	0.0000000	0.0000000	0.0041991	0.1877290	0.1081581	0.0000000	0.0000000
7424.9916835	7205.0161139	7204.8550781	0.0000000	0.0000000	0.0045045	0.1886403	0.1105012	0.0000000	0.0000000
7424.9916835	7200.0013630	7199.8725586	0.0000000	0.0000000	0.0042334	0.1876013	0.1103978	0.0000000	0.0000000
7424.9916835	7195.0061755	7194.8900391	0.0000000	0.0000000	0.0046041	0.1881896	0.1109556	0.0000000	0.0000000
7424.9916835	7190.0077275	7189.9075195	0.0000000	0.0000000	0.0053359	0.1884724	0.1118986	0.0000000	0.0000000
7424.9916835	7185.0027583	7184.9250000	0.0000000	0.0000000	0.0046206	0.1881942	0.1131023	0.0000000	0.0000000
7424.9916835	7180.0043103	7179.9804492	0.0000000	0.0000000	0.0028479	0.1877008	0.1127385	0.0000000	0.0000000
7424.9916835	7175.0026016	7174.6444189	0.0000000	0.0000000	0.0029839	0.1878801	0.1122655	0.0000000	0.0000000
7424.9916835	7170.0008930	7169.7188525	0.0000000	0.0000000	0.0028501	0.1868822	0.1079576	0.0000000	0.0000000
7424.9916835	7165.0270176	7164.7932861	0.0000000	0.0000000	0.0019305	0.1881718	0.1062545	0.0000000	0.0000000
7424.9916835	7160.0281100	7159.8677197	0.0000000	0.0000000	0.0012589	0.1885209	0.1051881	0.0000000	0.0000000
7424.9916835	7155.0231870	7154.9421533	0.0000000	0.0000000	0.0017788	0.1894755	0.1065168	0.0000000	0.0000000
7424.9916835	7150.0302950	7149.6061230	0.0000000	0.0000000	0.0015934	0.1897231	0.1047396	0.0000000	0.0000000
7424.9916835	7145.0253719	7144.6805566	0.0000000	0.0000000	0.0013535	0.1898158	0.1041572	0.0000000	0.0000000
7424.9916835	7140.0234567	7139.7829688	0.0000000	0.0000000	0.0007994	0.1900699	0.1053796	0.0000000	0.0000000
7424.9916835	7135.0125181	7134.9133594	0.0000000	0.0000000	0.0007703	0.1893990	0.1066687	0.0000000	0.0000000
7424.9916835	7130.0226338	7129.6379492	0.0000000	0.0000000	0.0013529	0.1896067	0.1065326	0.0000000	0.0000000
7424.9916835	7125.0177108	7124.7683398	0.0000000	0.0000000	0.0011040	0.1877821	0.1064794	0.0000000	0.0000000
7424.9916835	7120.0278266	7119.8987305	0.0000000	0.0000000	0.0007755	0.1892841	0.1040643	0.0000000	0.0000000
7424.9916835	7114.9947607	7114.6233203	0.0000000	0.0000000	0.0007797	0.1894165	0.1034010	0.0000000	0.0000000
7424.9916835	7109.9927322	7109.7537109	0.0000000	0.0000000	0.0006621	0.1886019	0.1039845	0.0000000	0.0000000
7424.9916835	7104.9837419	7104.8841016	0.0000000	0.0000000	0.0007205	0.1883912	0.1046130	0.0000000	0.0000000
7424.9916835	7099.9817134	7099.6316406	0.0000000	0.0000000	0.0007050	0.1872416	0.1043644	0.0000000	0.0000000
7424.9916835	7094.9831658	7094.8171094	0.0000000	0.0000000	0.0006254	0.1897157	0.1039575	0.0000000	0.0000000
7424.9916835	7089.9846182	7089.6013672	0.0000000	0.0000000	0.0005298	0.1876399	0.1047139	0.0000000	0.0000000
7424.9916835	7084.9860706	7084.7868359	0.0000000	0.0000000	0.0004009	0.1886644	0.1030323	0.0000000	0.0000000
7424.9916835	7079.9875230	7079.9723047	0.0000000	0.0000000	0.0002054	0.1893486	0.1018623	0.0000000	0.0000000
7424.9916835	7074.9889754	7074.7565625	0.0000000	0.0000000	0.0002395	0.1876792	0.1023180	0.0000000	0.0000000
7424.9916835	7069.9869469	7069.9420313	0.0000000	0.0000000	0.0001074	0.1882773	0.1023821	0.0000000	0.0000000
7424.9916835	7064.9883993	7064.7262891	0.0000000	0.0000000	0.0000968	0.1878912	0.1033685	0.0000000	0.0000000
7424.9916835	7059.9863559	7059.9297656	0.0000000	0.0000000	0.0001534	0.1873470	0.1038007	0.0000000	0.0000000
7424.9916835	7054.9880656	7054.7725488	0.0000000	0.0000000	0.0001578	0.1876976	0.1027344	0.0000000	0.0000000
7424.9916835	7049.9819654	7049.6153320	0.0000000	0.0000000	0.0002574	0.1876370	0.1030953	0.0000000	0.0000000
7424.9916835	7044.9875799	7044.8548242	0.0000000	0.0000000	0.0001079	0.1887058	0.1005377	0.0000000	0.0000000
7424.9916835	7039.9814797	7039.6976074	0.0000000	0.0000000	0.0001920	0.1875698	0.1021547	0.0000000	0.0000000
7424.9916835	7034.9831894	7034.9370996	0.0000000	0.0000000	0.0001902	0.1882809	0.1026827	0.0000000	0.0000000
7424.9916835	7029.9848990	7029.7798828	0.0000000	0.0000000	0.0002125	0.1889161	0.1021370	0.0000000	0.0000000
7424.9916835	7024.9827038	7024.6226660	0.0000000	0.0000000	0.0002205	0.1889132	0.1027310	0.0000000	0.0000000
7424.9916835	7019.9805085	7019.8843262	0.0000000	0.0000000	0.0001306	0.1877518	0.1016842	0.0000000	0.0000000
7424.9916835	7014.9861230	7014.7847461	0.0000000	0.0000000	0.0001298	0.1896046	0.1006273	0.0000000	0.0000000
7424.9916835	7009.9839278	7009.6851660	0.0000000	0.0000000	0.0000846	0.1894531	0.1018358	0.0000000	0.0000000
7424.9916835	7004.9817325	7004.9778613	0.0000000	0.0000000	0.0001201	0.1889163	0.1018977	0.0000000	0.0000000
