7359.9948790	7600.0002163	7599.5502051	0.0000000	0.0000000	0.0124908	0.1901392	0.1237684	0.0000000	7360.0000000
7359.9948790	7594.9867234	7594.9313574	0.0000000	0.0000000	0.0137976	0.1903158	0.1233334	0.0000000	0.0000000
7359.9948790	7589.9849267	7589.8506250	0.0000000	0.0000000	0.0126305	0.1911096	0.1234703	0.0000000	0.0000000
7359.9948790	7584.9897621	7584.7698926	0.0000000	0.0000000	0.0116943	0.1896964	0.1243771	0.0000000	0.0000000
7359.9948790	7579.9895004	7579.6891602	0.0000000	0.0000000	0.0131545	0.1885651	0.1239199	0.0000000	0.0000000
7359.9948790	7574.9866901	7574.6139941	0.0000000	0.0000000	0.0141652	0.1898170	0.1249197	0.0000000	0.0000000
7359.9948790	7569.9889770	7569.5944922	0.0000000	0.0000000	0.0157186	0.1889187	0.1245336	0.0000000	0.0000000
7359.9948790	7564.9887153	7564.5749902	0.0000000	0.0000000	0.0148495	0.1896388	0.1248928	0.0000000	0.0000000
7359.9948790	7559.9910021	7559.5554883	0.0000000	0.0000000	0.0127543	0.1901309	0.1240430	0.0000000	0.0000000
7359.9948790	7554.9881918	7554.9923047	0.0000000	0.0000000	0.0149576	0.1903879	0.1245809	0.0000000	0.0000000
7359.9948790	7549.9853816	7549.9728027	0.0000000	0.0000000	0.0167384	0.1905940	0.1260367	0.0000000	0.0000000
7359.9948790	7544.9825713	7544.9533008	0.0000000	0.0000000	0.0158750	0.1895281	0.1248645	0.0000000	0.0000000
7359.9948790	7539.9843974	7539.9337988	0.0000000	0.0000000	0.0158596	0.1901156	0.1260453	0.0000000	0.0000000
7359.9948790	7534.9866347	7534.9142969	0.0000000	0.0000000	0.0173019	0.1903007	0.1260309	0.0000000	0.0000000
7359.9948790	7530.0294806	7529.8947949	0.0000000	0.0000000	0.0174318	0.1896521	0.1248226	0.0000000	0.0000000
7359.9948790	7525.0288172	7524.9299316	0.0000000	0.0000000	0.0224818	0.1891266	0.1240088	0.0000000	0.0000000
7359.9948790	7519.9875452	7519.9705322	0.0000000	0.0000000	0.0259521	0.1901478	0.1238353	0.0000000	0.0000000
7359.9948790	7515.0303911	7514.5602783	0.0000000	0.0000000	0.0210935	0.1889403	0.1222318	0.0000000	0.0000000
7359.9948790	7510.0268272	7509.6008789	0.0000000	0.0000000	0.0218726	0.1889674	0.1239396	0.0000000	0.0000000
7359.9948790	7505.0261638	7504.6414795	0.0000000	0.0000000	0.0272251	0.1893958	0.1251814	0.0000000	0.0000000
7359.9948790	7499.9877924	7499.6820801	0.0000000	0.0000000	0.0288971	0.1889640	0.1249758	0.0000000	0.0000000
7359.9948790	7495.0306383	7494.7226807	0.0000000	0.0000000	0.0280575	0.1902833	0.1254137	0.0000000	0.0000000
7359.9948790	7490.0269887	7489.7632813	0.0000000	0.0000000	0.0238525	0.1892505	0.1243431	0.0000000	0.0000000
7359.9948790	7484.9843817	7484.8038818	0.0000000	0.0000000	0.0242532	0.1888582	0.1247527	0.0000000	0.0000000
7359.9948790	7479.9873061	7479.8981445	0.0000000	0.0000000	0.0269432	0.1883865	0.1255283	0.0000000	0.0000000
7359.9948790	7474.9845391	7474.9977734	0.0000000	0.0000000	0.0249418	0.1895912	0.1229445	0.0000000	0.0000000
7359.9948790	7469.9846178	7469.6519141	0.0000000	0.0000000	0.0228492	0.1893665	0.1233234	0.0000000	0.0000000
7359.9948790	7464.9875422	7464.7515430	0.0000000	0.0000000	0.0217135	0.1899058	0.1238214	0.0000000	0.0000000
7359.9948790	7459.9847751	7459.8511719	0.0000000	0.0000000	0.0260978	0.1889777	0.1251008	0.0000000	0.0000000
7359.9948790	7454.9820081	7454.9508008	0.0000000	0.0000000	0.0241766	0.1890762	0.1241897	0.0000000	0.0000000
7359.9948790	7449.9849325	7449.6049414	0.0000000	0.0000000	0.0194335	0.1892329	0.1245371	0.0000000	0.0000000
7359.9948790	7444.9878570	7444.7045703	0.0000000	0.0000000	0.0208295	0.1885376	0.1237599	0.0000000	0.0000000
7359.9948790	7439.9850899	7439.8041992	0.0000000	0.0000000	0.0199054	0.1891638	0.1228395	0.0000000	0.0000000
7359.9948790	7434.9880144	7434.9618359	0.0000000	0.0000000	0.0204720	0.1897117	0.1236960	0.0000000	0.0000000
7359.9948790	7429.9872294	7429.6792578	0.0000000	0.0000000	0.0221571	0.1890261	0.1238956	0.0000000	0.0000000
7359.9948790	7424.9864714	7424.8368945	0.0000000	0.0000000	0.0212493	0.1894032	0.1246252	0.0000000	0.0000000
7359.9948790	7419.9857133	7419.9945313	0.0000000	0.0000000	0.0213173	0.1883228	0.1231025	0.0000000	0.0000000
7359.9948790	7414.9849553	7414.7119531	0.0000000	0.0000000	0.0213608	0.1887671	0.1209323	0.0000000	0.0000000
7359.9948790	7409.9841972	7409.8695898	0.0000000	0.0000000	0.0219860	0.1891320	0.1210292	0.0000000	0.0000000
7359.9948790	7404.9861191	7404.5870117	0.0000000	0.0000000	0.0201146	0.1895482	0.1204822	0.0000000	0.0000000
7359.9948790	7399.9880410	7399.7446484	0.0000000	0.0000000	0.0191162	0.1882344	0.1211951	0.0000000	0.0000000
7359.9948790	7394.9872830	7394.9126367	0.0000000	0.0000000	0.0205063	0.1880996	0.1214092	0.0000000	0.0000000
7359.9948790	7389.9865249	7389.6921680	0.0000000	0.0000000	0.0198490	0.1877269	0.1188427	0.0000000	0.0000000
7359.9948790	7384.9857669	7384.9067383	0.0000000	0.0000000	0.0232092	0.1887474	0.1191173	0.0000000	0.0000000
7359.9948790	7379.9820701	7379.6862695	0.0000000	0.0000000	0.0227198	0.1889353	0.1174720	0.0000000	0.0000000
7359.9948790	7375.0022847	7374.9008398	0.0000000	0.0000000	0.0357235	0.1889329	0.1172705	0.0000000	0.0000000
7359.9948790	7370.0062785	7369.6803711	0.0000000	0.0000000	0.0756071	0.1885404	0.1157378	0.0000000	0.0000000
7359.9948790	7364.9972957	7364.8949414	0.0000000	0.0000000	0.1362346	0.1883063	0.1149539	0.0000000	0.0000000
7359.9948790	7360.0077779	7359.6744727	0.0000000	0.0000000	0.1749230	0.1879298	0.1149473	0.0000000	0.0000000
7359.9948790	7355.0150158	7354.8890430	0.0000000	0.0000000	0.1486973	0.1888760	0.1117936	0.0000000	0.0000000
7359.9948790	7350.0190097	7349.6991016	0.0000000	0.0000000	0.0846981	0.1887992	0.1103643	0.0000000	0.0000000
7359.9948790	7345.0067827	7344.9696387	0.0000000	0.0000000	0.0464275	0.1891112	0.1084402	0.0000000	0.0000000
7359.9948790	7340.0075324	7339.8102246	0.0000000	0.0000000	0.0302795	0.1890078	0.1084727	0.0000000	0.0000000
7359.9948790	7334.9985496	7334.6508105	0.0000000	0.0000000	0.0317312	0.1889778	0.1085854	0.0000000	0.0000000
7359.9948790	7330.0155200	7329.9213477	0.0000000	0.0000000	0.0382992	0.1894896	0.1095081	0.0000000	0.0000000
7359.9948790	7325.0188445	7324.7619336	0.0000000	0.0000000	0.0340231	0.1885564	0.1093148	0.0000000	0.0000000
7359.9948790	7319.9843593	7319.6025195	0.0000000	0.0000000	0.0299241	0.1888864	0.1088092	0.0000000	0.0000000
7359.9948790	7314.9864987	7314.8730566	0.0000000	0.0000000	0.0334529	0.1881012	0.1093086	0.0000000	0.0000000
7359.9948790	7309.9886382	7309.7136426	0.0000000	0.0000000	0.0355746	0.1884240	0.1083267	0.0000000	0.0000000
7359.9948790	7304.9879604	7304.6092822	0.0000000	0.0000000	0.0315121	0.1878842	0.1089086	0.0000000	0.0000000
7359.9948790	7299.9844653	7299.9348730	0.0000000	0.0000000	0.0348042	0.1864568	0.1102001	0.0000000	0.0000000
7359.9948790	7294.9837875	7294.8355176	0.0000000	0.0000000	0.0355807	0.1876355	0.1123290	0.0000000	0.0000000
7359.9948790	7289.9859270	7289.7361621	0.0000000	0.0000000	0.0342660	0.1871384	0.1136094	0.0000000	0.0000000
7359.9948790	7284.9852492	7284.6368066	0.0000000	0.0000000	0.0383281	0.1869784	0.1155027	0.0000000	0.0000000
7359.9948790	7280.0393259	7279.9623975	0.0000000	0.0000000	0.0383359	0.1876316	0.1161917	0.0000000	0.0000000
7359.9948790	7275.0033579	7274.8630420	0.0000000	0.0000000	0.0380391	0.1877892	0.1130654	0.0000000	0.0000000
7359.9948790	7270.0090889	7269.7636865	0.0000000	0.0000000	0.0362236	0.1873186	0.1126234	0.0000000	0.0000000
7359.9948790	7265.0148200	7264.6888672	0.0000000	0.0000000	0.0347743	0.1885321	0.1098442	0.0000000	0.0000000
7359.9948790	7260.0045130	7259.6483984	0.0000000	0.0000000	0.0335031	0.1885486	0.1085695	0.0000000	0.0000000
7359.9948790	7255.0198669	7254.6079297	0.0000000	0.0000000	0.0328369	0.1879768	0.1068416	0.0000000	0.0000000
7359.9948790	7250.0159751	7249.9875000	0.0000000	0.0000000	0.0270907	0.1877451	0.1047417	0.0000000	0.0000000
7359.9948790	7245.0056680	7244.9470313	0.0000000	0.0000000	0.0251780	0.1879462	0.1033031	0.0000000	0.0000000
7359.9948790	7240.0081915	7239.9065625	0.0000000	0.0000000	0.0221864	0.1876489	0.1012928	0.0000000	0.0000000
7359.9948790	7235.0107149	7234.8660938	0.0000000	0.0000000	0.0206710	0.1878950	0.0995570	0.0000000	0.0000000
7359.9948790	7230.0068231	7229.8256250	0.0000000	0.0000000	0.0176033	0.1885833	0.0997428	0.0000000	0.0000000
7359.9948790	7225.0066456	7224.7851563	0.0000000	0.0000000	0.0186327	0.1883445	0.0999133	0.0000000	0.0000000
7359.9948790	7220.0049369	7219.8026367	0.0000000	0.0000000	0.0244728	0.1885442	0.1025530	0.0000000	0.0000000
7359.9948790	7215.0064889	7214.8201172	0.0000000	0.0000000	0.0275795	0.1895632	0.1048162	0.0000000	0.0000000
7359.9948790	7209.9982591	7209.8375977	0.0000000	0.0000000	0.0282190	0.1878832	0.1060519	0.0000000	0.0000000
7359.9948790	7204.9998111	7204.8550781	0.0000000	0.0000000	0.0295758	0.1874050	0.1073691	0.0000000	0.0000000
7359.9948790	7199.9981025	7199.8725586	0.0000000	0.0000000	0.0249189	0.1880745	0.1067864	0.0000000	0.0000000
7359.9948790	7195.0094361	7194.8900391	0.0000000	0.0000000	0.0263322	0.1884425	0.1080822	0.0000000	0.0000000
7359.9948790	7190.0012064	7189.9075195	0.0000000	0.0000000	0.0294137	0.1877189	0.1096794	0.0000000	0.0000000
7359.9948790	7184.9994977	7184.9250000	0.0000000	0.0000000	0.0238193	0.1882621	0.1085532	0.0000000	0.0000000
7359.9948790	7180.0108314	7179.9804492	0.0000000	0.0000000	0.0192125	0.1880848	0.1090387	0.0000000	0.0000000
7359.9948790	7175.0091228	7174.6444189	0.0000000	0.0000000	0.0186018	0.1875876	0.1072587	0.0000000	0.0000000
7359.9948790	7170.0106747	7169.7188525	0.0000000	0.0000000	0.0172966	0.1879215	0.1046090	0.0000000	0.0000000
7359.9948790	7165.0300253	7164.7932861	0.0000000	0.0000000	0.0119614	0.1880903	0.1043452	0.0000000	0.0000000
7359.9948790	7160.0190867	7159.8677197	0.0000000	0.0000000	0.0101504	0.1888407	0.1052244	0.0000000	0.0000000
7359.9948790	7155.0261947	7154.9421533	0.0000000	0.0000000	0.0111385	0.1878900	0.1083346	0.0000000	0.0000000
7359.9948790	7150.0272872	7149.6061230	0.0000000	0.0000000	0.0125531	0.1872904	0.1086715	0.0000000	0.0000000
7359.9948790	7145.0283797	7144.6805566	0.0000000	0.0000000	0.0078297	0.1858804	0.1065598	0.0000000	0.0000000
7359.9948790	7140.0234567	7139.7829688	0.0000000	0.0000000	0.0055940	0.1873333	0.1065007	0.0000000	0.0000000
7359.9948790	7135.0245491	7134.9133594	0.0000000	0.0000000	0.0055865	0.1882825	0.1054698	0.0000000	0.0000000
7359.9948790	7130.0286494	7129.6379492	0.0000000	0.0000000	0.0066934	0.1878083	0.1066776	0.0000000	0.0000000
7359.9948790	7125.0327496	7124.7683398	0.0000000	0.0000000	0.0059615	0.1879846	0.1051696	0.0000000	0.0000000
7359.9948790	7120.0248188	7119.8987305	0.0000000	0.0000000	0.0043040	0.1891587	0.1034965	0.0000000	0.0000000
7359.9948790	7114.9877989	7114.6233203	0.0000000	0.0000000	0.0049142	0.1887722	0.1041509	0.0000000	0.0000000
7359.9948790	7109.9822896	7109.7537109	0.0000000	0.0000000	0.0053016	0.1889734	0.1051945	0.0000000	0.0000000
7359.9948790	7104.9837419	7104.8841016	0.0000000	0.0000000	0.0036859	0.1894687	0.1019021	0.0000000	0.0000000
7359.9948790	7099.9956370	7099.6316406	0.0000000	0.0000000	0.0037942	0.1882944	0.1023741	0.0000000	0.0000000
7359.9948790	7094.9831658	7094.8171094	0.0000000	0.0000000	0.0023682	0.1866921	0.1031447	0.0000000	0.0000000
7359.9948790	7089.9811373	7089.6013672	0.0000000	0.0000000	0.0023446	0.1871255	0.1025315	0.0000000	0.0000000
7359.9948790	7084.9860706	7084.7868359	0.0000000	0.0000000	0.0017604	0.1865867	0.1023019	0.0000000	0.0000000
7359.9948790	7079.9875230	7079.9723047	0.0000000	0.0000000	0.0014185	0.1872169	0.1013387	0.0000000	0.0000000
7359.9948790	7074.9889754	7074.7565625	0.0000000	0.0000000	0.0008676	0.1877844	0.0995500	0.0000000	0.0000000
7359.9948790	7069.9869469	7069.9420313	0.0000000	0.0000000	0.0006573	0.1872692	0.0992883	0.0000000	0.0000000
7359.9948790	7064.9883993	7064.7262891	0.0000000	0.0000000	0.0005616	0.1878741	0.0998481	0.0000000	0.0000000
7359.9948790	7059.9863559	7059.9297656	0.0000000	0.0000000	0.0005850	0.1875914	0.1017056	0.0000000	0.0000000
7359.9948790	7054.9841606	7054.7725488	0.0000000	0.0000000	0.0007878	0.1876917	0.0995627	0.0000000	0.0000000
7359.9948790	7049.9858703	7049.6153320	0.0000000	0.0000000	0.0006613	0.1876149	0.1006653	0.0000000	0.0000000
7359.9948790	7044.9836750	7044.8548242	0.0000000	0.0000000	0.0005292	0.1877511	0.0980865	0.0000000	0.0000000
7359.9948790	7039.9814797	7039.6976074	0.0000000	0.0000000	0.0006345	0.1868771	0.0982389	0.0000000	0.0000000
7359.9948790	7034.9831894	7034.9370996	0.0000000	0.0000000	0.0007612	0.1863989	0.0982019	0.0000000	0.0000000
7359.9948790	7029.9848990	7029.7798828	0.0000000	0.0000000	0.0006455	0.1876593	0.0965594	0.0000000	0.0000000
7359.9948790	7024.9827038	7024.6226660	0.0000000	0.0000000	0.0006295	0.1871357	0.0969379	0.0000000	0.0000000
7359.9948790	7019.9805085	7019.8843262	0.0000000	0.0000000	0.0006141	0.1871272	0.0973496	0.0000000	0.0000000
7359.9948790	7014.9861230	7014.7847461	0.0000000	0.0000000	0.0007902	0.1870026	0.0984597	0.0000000	0.0000000
7359.9948790	7009.9839278	7009.6851660	0.0000000	0.0000000	0.0005424	0.1864611	0.0982413	0.0000000	0.0000000
7359.9948790	7004.9817325	7004.9778613	0.0000000	0.0000000	0.0005939	0.1879410	0.0983644	0.0000000	0.0000000
