7084.9997077	7600.0002163	7599.5502051	0.0000000	0.0000000	0.0193923	0.1659558	0.1221907	0.0000000	7085.0000000
7084.9997077	7594.9892152	7594.9313574	0.0000000	0.0000000	0.0184714	0.1662120	0.1218950	0.0000000	0.0000000
7084.9997077	7589.9849267	7589.8506250	0.0000000	0.0000000	0.0190197	0.1659257	0.1206945	0.0000000	0.0000000
7084.9997077	7584.9923107	7584.7698926	0.0000000	0.0000000	0.0184152	0.1652554	0.1199490	0.0000000	0.0000000
7084.9997077	7579.9895004	7579.6891602	0.0000000	0.0000000	0.0196926	0.1668954	0.1209917	0.0000000	0.0000000
7084.9997077	7574.9866901	7574.6139941	0.0000000	0.0000000	0.0209280	0.1656616	0.1213243	0.0000000	0.0000000
7084.9997077	7569.9889770	7569.5944922	0.0000000	0.0000000	0.0217662	0.1665665	0.1211890	0.0000000	0.0000000
7084.9997077	7564.9912638	7564.5749902	0.0000000	0.0000000	0.0219963	0.1666204	0.1217654	0.0000000	0.0000000
7084.9997077	7559.9859050	7559.5554883	0.0000000	0.0000000	0.0191899	0.1676049	0.1208586	0.0000000	0.0000000
7084.9997077	7554.9856433	7554.9923047	0.0000000	0.0000000	0.0216776	0.1670961	0.1217477	0.0000000	0.0000000
7084.9997077	7549.9879301	7549.9728027	0.0000000	0.0000000	0.0238726	0.1670607	0.1225480	0.0000000	0.0000000
7084.9997077	7544.9825713	7544.9533008	0.0000000	0.0000000	0.0179271	0.1670076	0.1207688	0.0000000	0.0000000
7084.9997077	7539.9872981	7539.9337988	0.0000000	0.0000000	0.0189500	0.1666083	0.1214115	0.0000000	0.0000000
7084.9997077	7534.9866347	7534.9142969	0.0000000	0.0000000	0.0175520	0.1667637	0.1201301	0.0000000	0.0000000
7084.9997077	7530.0323812	7529.8947949	0.0000000	0.0000000	0.0215139	0.1668687	0.1212880	0.0000000	0.0000000
7084.9997077	7524.9853080	7524.9299316	0.0000000	0.0000000	0.0197307	0.1666168	0.1214662	0.0000000	0.0000000
7084.9997077	7520.0368557	7519.9705322	0.0000000	0.0000000	0.0203192	0.1681394	0.1200459	0.0000000	0.0000000
7084.9997077	7515.0361924	7514.5602783	0.0000000	0.0000000	0.0185311	0.1675760	0.1189838	0.0000000	0.0000000
7084.9997077	7509.9833179	7509.6008789	0.0000000	0.0000000	0.0223445	0.1668698	0.1197076	0.0000000	0.0000000
7084.9997077	7505.0261638	7504.6414795	0.0000000	0.0000000	0.0226256	0.1664497	0.1202604	0.0000000	0.0000000
7084.9997077	7500.0371029	7499.6820801	0.0000000	0.0000000	0.0224694	0.1667283	0.1202823	0.0000000	0.0000000
7084.9997077	7494.9842285	7494.7226807	0.0000000	0.0000000	0.0209919	0.1671106	0.1205143	0.0000000	0.0000000
7084.9997077	7490.0326801	7489.7632813	0.0000000	0.0000000	0.0208743	0.1672795	0.1203143	0.0000000	0.0000000
7084.9997077	7485.0356045	7484.8038818	0.0000000	0.0000000	0.0209519	0.1656492	0.1203376	0.0000000	0.0000000
7084.9997077	7479.9873061	7479.8981445	0.0000000	0.0000000	0.0206115	0.1663202	0.1213300	0.0000000	0.0000000
7084.9997077	7474.9845391	7474.9977734	0.0000000	0.0000000	0.0195640	0.1665408	0.1210912	0.0000000	0.0000000
7084.9997077	7469.9846178	7469.6519141	0.0000000	0.0000000	0.0162362	0.1663627	0.1205347	0.0000000	0.0000000
7084.9997077	7465.0359193	7464.7515430	0.0000000	0.0000000	0.0181112	0.1659767	0.1215116	0.0000000	0.0000000
7084.9997077	7459.9876209	7459.8511719	0.0000000	0.0000000	0.0160469	0.1660337	0.1203608	0.0000000	0.0000000
7084.9997077	7454.9820081	7454.9508008	0.0000000	0.0000000	0.0169594	0.1674307	0.1200875	0.0000000	0.0000000
7084.9997077	7449.9906240	7449.6049414	0.0000000	0.0000000	0.0153698	0.1675273	0.1194810	0.0000000	0.0000000
7084.9997077	7444.9878570	7444.7045703	0.0000000	0.0000000	0.0161599	0.1673549	0.1203040	0.0000000	0.0000000
7084.9997077	7439.9850899	7439.8041992	0.0000000	0.0000000	0.0156643	0.1675640	0.1195201	0.0000000	0.0000000
7084.9997077	7434.9851686	7434.9618359	0.0000000	0.0000000	0.0140662	0.1667599	0.1179436	0.0000000	0.0000000
7084.9997077	7429.9872294	7429.6792578	0.0000000	0.0000000	0.0123105	0.1668154	0.1176973	0.0000000	0.0000000
7084.9997077	7424.9864714	7424.8368945	0.0000000	0.0000000	0.0120084	0.1675316	0.1181143	0.0000000	0.0000000
7084.9997077	7419.9857133	7419.9945313	0.0000000	0.0000000	0.0110409	0.1666027	0.1182207	0.0000000	0.0000000
7084.9997077	7414.9849553	7414.7119531	0.0000000	0.0000000	0.0091505	0.1675135	0.1159641	0.0000000	0.0000000
7084.9997077	7409.9841972	7409.8695898	0.0000000	0.0000000	0.0096652	0.1666527	0.1159487	0.0000000	0.0000000
7084.9997077	7404.9861191	7404.5870117	0.0000000	0.0000000	0.0078658	0.1671946	0.1139740	0.0000000	0.0000000
7084.9997077	7399.9853611	7399.7446484	0.0000000	0.0000000	0.0092666	0.1674541	0.1161826	0.0000000	0.0000000
7084.9997077	7394.9846030	7394.9126367	0.0000000	0.0000000	0.0097487	0.1667335	0.1148191	0.0000000	0.0000000
7084.9997077	7389.9865249	7389.6921680	0.0000000	0.0000000	0.0093344	0.1666644	0.1148307	0.0000000	0.0000000
7084.9997077	7384.9884468	7384.9067383	0.0000000	0.0000000	0.0105125	0.1673763	0.1146166	0.0000000	0.0000000
7084.9997077	7379.9820701	7379.6862695	0.0000000	0.0000000	0.0106180	0.1666025	0.1140334	0.0000000	0.0000000
7084.9997077	7375.0087730	7374.9008398	0.0000000	0.0000000	0.0095988	0.1671375	0.1128284	0.0000000	0.0000000
7084.9997077	7370.0160110	7369.6803711	0.0000000	0.0000000	0.0102543	0.1661442	0.1112296	0.0000000	0.0000000
7084.9997077	7365.0070282	7364.8949414	0.0000000	0.0000000	0.0122667	0.1655594	0.1125382	0.0000000	0.0000000
7084.9997077	7360.0045337	7359.6744727	0.0000000	0.0000000	0.0125272	0.1658506	0.1105359	0.0000000	0.0000000
7084.9997077	7355.0085275	7354.8890430	0.0000000	0.0000000	0.0130277	0.1664708	0.1087710	0.0000000	0.0000000
7084.9997077	7350.0027889	7349.6991016	0.0000000	0.0000000	0.0113192	0.1668209	0.1063378	0.0000000	0.0000000
7084.9997077	7345.0035385	7344.9696387	0.0000000	0.0000000	0.0126697	0.1665806	0.1050862	0.0000000	0.0000000
7084.9997077	7340.0010440	7339.8102246	0.0000000	0.0000000	0.0112281	0.1662466	0.1037565	0.0000000	0.0000000
7084.9997077	7335.0147704	7334.6508105	0.0000000	0.0000000	0.0147982	0.1667188	0.1061541	0.0000000	0.0000000
7084.9997077	7330.0025434	7329.9213477	0.0000000	0.0000000	0.0188406	0.1668536	0.1068871	0.0000000	0.0000000
7084.9997077	7325.0272963	7324.7619336	0.0000000	0.0000000	0.0187361	0.1663298	0.1058948	0.0000000	0.0000000
7084.9997077	7319.9843593	7319.6025195	0.0000000	0.0000000	0.0199424	0.1660568	0.1063776	0.0000000	0.0000000
7084.9997077	7314.9864987	7314.8730566	0.0000000	0.0000000	0.0227191	0.1668905	0.1064060	0.0000000	0.0000000
7084.9997077	7309.9858209	7309.7136426	0.0000000	0.0000000	0.0218112	0.1665338	0.1046283	0.0000000	0.0000000
7084.9997077	7304.9851431	7304.6092822	0.0000000	0.0000000	0.0214611	0.1674954	0.1050692	0.0000000	0.0000000
7084.9997077	7299.9816481	7299.9348730	0.0000000	0.0000000	0.0246343	0.1660452	0.1050328	0.0000000	0.0000000
7084.9997077	7294.9837875	7294.8355176	0.0000000	0.0000000	0.0258315	0.1665374	0.1044001	0.0000000	0.0000000
7084.9997077	7289.9859270	7289.7361621	0.0000000	0.0000000	0.0259144	0.1664957	0.1054504	0.0000000	0.0000000
7084.9997077	7284.9852492	7284.6368066	0.0000000	0.0000000	0.0292955	0.1670164	0.1063208	0.0000000	0.0000000
7084.9997077	7279.9847963	7279.9623975	0.0000000	0.0000000	0.0313143	0.1674850	0.1062271	0.0000000	0.0000000
7084.9997077	7275.0033579	7274.8630420	0.0000000	0.0000000	0.0357224	0.1676947	0.1079371	0.0000000	0.0000000
7084.9997077	7270.0122966	7269.7636865	0.0000000	0.0000000	0.0366862	0.1671639	0.1076396	0.0000000	0.0000000
7084.9997077	7265.0051971	7264.6888672	0.0000000	0.0000000	0.0383307	0.1664841	0.1082214	0.0000000	0.0000000
7084.9997077	7260.0013053	7259.6483984	0.0000000	0.0000000	0.0387070	0.1663975	0.1060620	0.0000000	0.0000000
7084.9997077	7255.0070364	7254.6079297	0.0000000	0.0000000	0.0423284	0.1655201	0.1045471	0.0000000	0.0000000
7084.9997077	7250.0127675	7249.9875000	0.0000000	0.0000000	0.0373940	0.1661909	0.1015768	0.0000000	0.0000000
7084.9997077	7245.0088757	7244.9470313	0.0000000	0.0000000	0.0368157	0.1665005	0.0993300	0.0000000	0.0000000
7084.9997077	7240.0017763	7239.9065625	0.0000000	0.0000000	0.0373871	0.1664347	0.0990144	0.0000000	0.0000000
7084.9997077	7235.0075073	7234.8660938	0.0000000	0.0000000	0.0398654	0.1669557	0.0975536	0.0000000	0.0000000
7084.9997077	7230.0132384	7229.8256250	0.0000000	0.0000000	0.0427660	0.1665168	0.0985654	0.0000000	0.0000000
7084.9997077	7225.0033850	7224.7851563	0.0000000	0.0000000	0.0494917	0.1678757	0.1004276	0.0000000	0.0000000
7084.9997077	7220.0114581	7219.8026367	0.0000000	0.0000000	0.0681814	0.1676019	0.1037761	0.0000000	0.0000000
7084.9997077	7215.0097495	7214.8201172	0.0000000	0.0000000	0.0817480	0.1658529	0.1062991	0.0000000	0.0000000
7084.9997077	7210.0015197	7209.8375977	0.0000000	0.0000000	0.0937202	0.1663738	0.1061792	0.0000000	0.0000000
7084.9997077	7204.9965505	7204.8550781	0.0000000	0.0000000	0.1078201	0.1652451	0.1057914	0.0000000	0.0000000
7084.9997077	7200.0111447	7199.8725586	0.0000000	0.0000000	0.1007429	0.1662990	0.1061018	0.0000000	0.0000000
7084.9997077	7195.0061755	7194.8900391	0.0000000	0.0000000	0.1014888	0.1658566	0.1053369	0.0000000	0.0000000
7084.9997077	7190.0012064	7189.9075195	0.0000000	0.0000000	0.1159680	0.1664706	0.1060547	0.0000000	0.0000000
7084.9997077	7185.0027583	7184.9250000	0.0000000	0.0000000	0.1190176	0.1661342	0.1046940	0.0000000	0.0000000
7084.9997077	7180.0010497	7179.9804492	0.0000000	0.0000000	0.1220123	0.1660736	0.1045842	0.0000000	0.0000000
7084.9997077	7175.0026016	7174.6444189	0.0000000	0.0000000	0.1203673	0.1670822	0.1045651	0.0000000	0.0000000
7084.9997077	7170.0008930	7169.7188525	0.0000000	0.0000000	0.1300164	0.1663425	0.1030007	0.0000000	0.0000000
7084.9997077	7165.0240098	7164.7932861	0.0000000	0.0000000	0.1160796	0.1665291	0.1016298	0.0000000	0.0000000
7084.9997077	7160.0160790	7159.8677197	0.0000000	0.0000000	0.1107019	0.1658794	0.1024026	0.0000000	0.0000000
7084.9997077	7155.0292025	7154.9421533	0.0000000	0.0000000	0.1241147	0.1660051	0.1036926	0.0000000	0.0000000
7084.9997077	7150.0212717	7149.6061230	0.0000000	0.0000000	0.1389880	0.1660662	0.1014264	0.0000000	0.0000000
7084.9997077	7145.0283797	7144.6805566	0.0000000	0.0000000	0.1368862	0.1664375	0.1005256	0.0000000	0.0000000
7084.9997077	7140.0324800	7139.7829688	0.0000000	0.0000000	0.1172855	0.1659801	0.1000150	0.0000000	0.0000000
7084.9997077	7135.0245491	7134.9133594	0.0000000	0.0000000	0.1123358	0.1668330	0.0995437	0.0000000	0.0000000
7084.9997077	7130.0226338	7129.6379492	0.0000000	0.0000000	0.1367731	0.1676732	0.0997958	0.0000000	0.0000000
7084.9997077	7125.0267341	7124.7683398	0.0000000	0.0000000	0.1508922	0.1670990	0.1006715	0.0000000	0.0000000
7084.9997077	7120.0188033	7119.8987305	0.0000000	0.0000000	0.1378829	0.1664812	0.0997972	0.0000000	0.0000000
7084.9997077	7114.9947607	7114.6233203	0.0000000	0.0000000	0.1467299	0.1673993	0.1009886	0.0000000	0.0000000
7084.9997077	7109.9962131	7109.7537109	0.0000000	0.0000000	0.1593745	0.1661885	0.1021530	0.0000000	0.0000000
7084.9997077	7104.9837419	7104.8841016	0.0000000	0.0000000	0.1694014	0.1660182	0.1015789	0.0000000	0.0000000
7084.9997077	7099.9851943	7099.6316406	0.0000000	0.0000000	0.2422252	0.1656737	0.1019341	0.0000000	0.0000000
7084.9997077	7094.9831658	7094.8171094	0.0000000	0.0000000	0.3040560	0.1662153	0.1002146	0.0000000	0.0000000
7084.9997077	7089.9846182	7089.6013672	0.0000000	0.0000000	0.3545012	0.1665106	0.1002708	0.0000000	0.0000000
7084.9997077	7084.9860706	7084.7868359	0.0000000	0.0000000	0.3227058	0.1658514	0.0988938	0.0000000	0.0000000
7084.9997077	7079.9910039	7079.9723047	0.0000000	0.0000000	0.2143318	0.1661412	0.0974681	0.0000000	0.0000000
7084.9997077	7074.9889754	7074.7565625	0.0000000	0.0000000	0.1254431	0.1665348	0.0974536	0.0000000	0.0000000
7084.9997077	7069.9869469	7069.9420313	0.0000000	0.0000000	0.0819468	0.1657094	0.0969979	0.0000000	0.0000000
7084.9997077	7064.9918802	7064.7262891	0.0000000	0.0000000	0.0815162	0.1653458	0.0984648	0.0000000	0.0000000
7084.9997077	7059.9863559	7059.9297656	0.0000000	0.0000000	0.0846932	0.1661150	0.0973818	0.0000000	0.0000000
7084.9997077	7054.9841606	7054.7725488	0.0000000	0.0000000	0.0956277	0.1655833	0.0956406	0.0000000	0.0000000
7084.9997077	7049.9858703	7049.6153320	0.0000000	0.0000000	0.1073333	0.1663701	0.0954231	0.0000000	0.0000000
7084.9997077	7044.9875799	7044.8548242	0.0000000	0.0000000	0.1122845	0.1669886	0.0953483	0.0000000	0.0000000
7084.9997077	7039.9775748	7039.6976074	0.0000000	0.0000000	0.1239025	0.1659640	0.0958113	0.0000000	0.0000000
7084.9997077	7034.9831894	7034.9370996	0.0000000	0.0000000	0.1431477	0.1656249	0.0958514	0.0000000	0.0000000
7084.9997077	7029.9848990	7029.7798828	0.0000000	0.0000000	0.1591514	0.1656248	0.0967825	0.0000000	0.0000000
7084.9997077	7024.9827038	7024.6226660	0.0000000	0.0000000	0.1682637	0.1656826	0.0961274	0.0000000	0.0000000
7084.9997077	7019.9805085	7019.8843262	0.0000000	0.0000000	0.1716871	0.1659272	0.0960137	0.0000000	0.0000000
7084.9997077	7014.9900280	7014.7847461	0.0000000	0.0000000	0.1815414	0.1660934	0.0971377	0.0000000	0.0000000
7084.9997077	7009.9800228	7009.6851660	0.0000000	0.0000000	0.1906686	0.1662854	0.0965815	0.0000000	0.0000000
7084.9997077	7004.9817325	7004.9778613	0.0000000	0.0000000	0.1920105	0.1664502	0.0980885	0.0000000	0.0000000
