7554.9951830	7600.0002163	7599.5502051	0.0000000	0.0000000	0.0068110	0.1780088	0.1250704	0.0000000	7555.0000000
7554.9951830	7594.9867234	7594.9313574	0.0000000	0.0000000	0.0111583	0.1780918	0.1264673	0.0000000	0.0000000
7554.9951830	7589.9849267	7589.8506250	0.0000000	0.0000000	0.0128318	0.1770038	0.1258402	0.0000000	0.0000000
7554.9951830	7584.9897621	7584.7698926	0.0000000	0.0000000	0.0116759	0.1783452	0.1249386	0.0000000	0.0000000
7554.9951830	7579.9895004	7579.6891602	0.0000000	0.0000000	0.0120326	0.1780042	0.1245957	0.0000000	0.0000000
7554.9951830	7574.9866901	7574.6139941	0.0000000	0.0000000	0.0144608	0.1787241	0.1232726	0.0000000	0.0000000
7554.9951830	7569.9889770	7569.5944922	0.0000000	0.0000000	0.0241158	0.1789092	0.1246587	0.0000000	0.0000000
7554.9951830	7564.9887153	7564.5749902	0.0000000	0.0000000	0.0507029	0.1777251	0.1255052	0.0000000	0.0000000
7554.9951830	7559.9910021	7559.5554883	0.0000000	0.0000000	0.0826414	0.1784325	0.1259911	0.0000000	0.0000000
7554.9951830	7554.9856433	7554.9923047	0.0000000	0.0000000	0.1018760	0.1785245	0.1256644	0.0000000	0.0000000
7554.9951830	7549.9853816	7549.9728027	0.0000000	0.0000000	0.0995160	0.1785780	0.1291711	0.0000000	0.0000000
7554.9951830	7544.9851198	7544.9533008	0.0000000	0.0000000	0.0562563	0.1790972	0.1265504	0.0000000	0.0000000
7554.9951830	7539.9872981	7539.9337988	0.0000000	0.0000000	0.0322069	0.1781622	0.1266636	0.0000000	0.0000000
7554.9951830	7535.0359452	7534.9142969	0.0000000	0.0000000	0.0200594	0.1777302	0.1261289	0.0000000	0.0000000
7554.9951830	7530.0352818	7529.8947949	0.0000000	0.0000000	0.0183583	0.1773969	0.1255833	0.0000000	0.0000000
7554.9951830	7524.9853080	7524.9299316	0.0000000	0.0000000	0.0178698	0.1777982	0.1264615	0.0000000	0.0000000
7554.9951830	7519.9875452	7519.9705322	0.0000000	0.0000000	0.0200692	0.1781980	0.1252421	0.0000000	0.0000000
7554.9951830	7515.0303911	7514.5602783	0.0000000	0.0000000	0.0192064	0.1790408	0.1251155	0.0000000	0.0000000
7554.9951830	7510.0326284	7509.6008789	0.0000000	0.0000000	0.0189559	0.1787191	0.1247200	0.0000000	0.0000000
7554.9951830	7504.9855552	7504.6414795	0.0000000	0.0000000	0.0201454	0.1775604	0.1246112	0.0000000	0.0000000
7554.9951830	7500.0284011	7499.6820801	0.0000000	0.0000000	0.0197427	0.1781907	0.1247135	0.0000000	0.0000000
7554.9951830	7494.9842285	7494.7226807	0.0000000	0.0000000	0.0242554	0.1782678	0.1250337	0.0000000	0.0000000
7554.9951830	7490.0241430	7489.7632813	0.0000000	0.0000000	0.0231273	0.1774282	0.1250314	0.0000000	0.0000000
7554.9951830	7484.9872274	7484.8038818	0.0000000	0.0000000	0.0217026	0.1788259	0.1241232	0.0000000	0.0000000
7554.9951830	7479.9844604	7479.8981445	0.0000000	0.0000000	0.0167831	0.1786683	0.1246788	0.0000000	0.0000000
7554.9951830	7474.9845391	7474.9977734	0.0000000	0.0000000	0.0168450	0.1786290	0.1244519	0.0000000	0.0000000
7554.9951830	7469.9846178	7469.6519141	0.0000000	0.0000000	0.0123729	0.1784766	0.1238149	0.0000000	0.0000000
7554.9951830	7464.9875422	7464.7515430	0.0000000	0.0000000	0.0128462	0.1780490	0.1245492	0.0000000	0.0000000
7554.9951830	7460.0359980	7459.8511719	0.0000000	0.0000000	0.0126556	0.1786315	0.1256823	0.0000000	0.0000000
7554.9951830	7454.9848538	7454.9508008	0.0000000	0.0000000	0.0107494	0.1787655	0.1235479	0.0000000	0.0000000
7554.9951830	7449.9849325	7449.6049414	0.0000000	0.0000000	0.0103984	0.1772917	0.1247662	0.0000000	0.0000000
7554.9951830	7444.9878570	7444.7045703	0.0000000	0.0000000	0.0133336	0.1773467	0.1253556	0.0000000	0.0000000
7554.9951830	7439.9850899	7439.8041992	0.0000000	0.0000000	0.0147911	0.1778964	0.1246844	0.0000000	0.0000000
7554.9951830	7434.9851686	7434.9618359	0.0000000	0.0000000	0.0146416	0.1780299	0.1239961	0.0000000	0.0000000
7554.9951830	7429.9872294	7429.6792578	0.0000000	0.0000000	0.0318750	0.1781967	0.1233867	0.0000000	0.0000000
7554.9951830	7424.9891513	7424.8368945	0.0000000	0.0000000	0.0166982	0.1779839	0.1221095	0.0000000	0.0000000
7554.9951830	7419.9857133	7419.9945313	0.0000000	0.0000000	0.0139019	0.1781322	0.1222722	0.0000000	0.0000000
7554.9951830	7414.9849553	7414.7119531	0.0000000	0.0000000	0.0124120	0.1773186	0.1214773	0.0000000	0.0000000
7554.9951830	7409.9868772	7409.8695898	0.0000000	0.0000000	0.0127660	0.1770790	0.1200426	0.0000000	0.0000000
7554.9951830	7404.9887990	7404.5870117	0.0000000	0.0000000	0.0108677	0.1783400	0.1212889	0.0000000	0.0000000
7554.9951830	7399.9880410	7399.7446484	0.0000000	0.0000000	0.0127415	0.1773018	0.1222336	0.0000000	0.0000000
7554.9951830	7394.9872830	7394.9126367	0.0000000	0.0000000	0.0115645	0.1771995	0.1202201	0.0000000	0.0000000
7554.9951830	7389.9865249	7389.6921680	0.0000000	0.0000000	0.0094319	0.1776584	0.1195581	0.0000000	0.0000000
7554.9951830	7384.9857669	7384.9067383	0.0000000	0.0000000	0.0095525	0.1772236	0.1184832	0.0000000	0.0000000
7554.9951830	7379.9820701	7379.6862695	0.0000000	0.0000000	0.0098575	0.1773245	0.1183087	0.0000000	0.0000000
7554.9951830	7375.0022847	7374.9008398	0.0000000	0.0000000	0.0079681	0.1774438	0.1162025	0.0000000	0.0000000
7554.9951830	7370.0160110	7369.6803711	0.0000000	0.0000000	0.0092124	0.1771172	0.1163185	0.0000000	0.0000000
7554.9951830	7365.0102724	7364.8949414	0.0000000	0.0000000	0.0093562	0.1772838	0.1148933	0.0000000	0.0000000
7554.9951830	7360.0012895	7359.6744727	0.0000000	0.0000000	0.0099709	0.1777502	0.1133801	0.0000000	0.0000000
7554.9951830	7355.0150158	7354.8890430	0.0000000	0.0000000	0.0116062	0.1774508	0.1134667	0.0000000	0.0000000
7554.9951830	7350.0092772	7349.6991016	0.0000000	0.0000000	0.0106490	0.1779532	0.1125220	0.0000000	0.0000000
7554.9951830	7345.0002944	7344.9696387	0.0000000	0.0000000	0.0092311	0.1777332	0.1102128	0.0000000	0.0000000
7554.9951830	7340.0075324	7339.8102246	0.0000000	0.0000000	0.0077750	0.1777821	0.1091344	0.0000000	0.0000000
7554.9951830	7335.0017937	7334.6508105	0.0000000	0.0000000	0.0087662	0.1780809	0.1080465	0.0000000	0.0000000
7554.9951830	7330.0187642	7329.9213477	0.0000000	0.0000000	0.0107155	0.1775531	0.1084745	0.0000000	0.0000000
7554.9951830	7325.0272963	7324.7619336	0.0000000	0.0000000	0.0078148	0.1779142	0.1081416	0.0000000	0.0000000
7554.9951830	7319.9871765	7319.6025195	0.0000000	0.0000000	0.0067164	0.1781453	0.1090647	0.0000000	0.0000000
7554.9951830	7314.9864987	7314.8730566	0.0000000	0.0000000	0.0079980	0.1769414	0.1085776	0.0000000	0.0000000
7554.9951830	7309.9886382	7309.7136426	0.0000000	0.0000000	0.0057100	0.1769921	0.1096780	0.0000000	0.0000000
7554.9951830	7304.9851431	7304.6092822	0.0000000	0.0000000	0.0042803	0.1773350	0.1093120	0.0000000	0.0000000
7554.9951830	7299.9872826	7299.9348730	0.0000000	0.0000000	0.0057808	0.1786509	0.1092804	0.0000000	0.0000000
7554.9951830	7294.9837875	7294.8355176	0.0000000	0.0000000	0.0052308	0.1776429	0.1093652	0.0000000	0.0000000
7554.9951830	7289.9859270	7289.7361621	0.0000000	0.0000000	0.0041587	0.1784792	0.1098518	0.0000000	0.0000000
7554.9951830	7284.9880665	7284.6368066	0.0000000	0.0000000	0.0050709	0.1778318	0.1099746	0.0000000	0.0000000
7554.9951830	7279.9815887	7279.9623975	0.0000000	0.0000000	0.0044822	0.1787439	0.1102639	0.0000000	0.0000000
7554.9951830	7275.0001502	7274.8630420	0.0000000	0.0000000	0.0053196	0.1776119	0.1118328	0.0000000	0.0000000
7554.9951830	7270.0058813	7269.7636865	0.0000000	0.0000000	0.0056024	0.1786525	0.1111556	0.0000000	0.0000000
7554.9951830	7265.0116124	7264.6888672	0.0000000	0.0000000	0.0033594	0.1779841	0.1099111	0.0000000	0.0000000
7554.9951830	7260.0141358	7259.6483984	0.0000000	0.0000000	0.0032509	0.1777926	0.1101888	0.0000000	0.0000000
7554.9951830	7255.0102440	7254.6079297	0.0000000	0.0000000	0.0028677	0.1778835	0.1088060	0.0000000	0.0000000
7554.9951830	7250.0095598	7249.9875000	0.0000000	0.0000000	0.0022684	0.1784863	0.1071968	0.0000000	0.0000000
7554.9951830	7245.0088757	7244.9470313	0.0000000	0.0000000	0.0020686	0.1775973	0.1058425	0.0000000	0.0000000
7554.9951830	7240.0178144	7239.9065625	0.0000000	0.0000000	0.0019037	0.1783951	0.1039502	0.0000000	0.0000000
7554.9951830	7235.0107149	7234.8660938	0.0000000	0.0000000	0.0012792	0.1777830	0.1031913	0.0000000	0.0000000
7554.9951830	7230.0036155	7229.8256250	0.0000000	0.0000000	0.0008859	0.1777195	0.1025701	0.0000000	0.0000000
7554.9951830	7225.0033850	7224.7851563	0.0000000	0.0000000	0.0014900	0.1770682	0.1043207	0.0000000	0.0000000
7554.9951830	7220.0016764	7219.8026367	0.0000000	0.0000000	0.0012754	0.1778992	0.1057723	0.0000000	0.0000000
7554.9951830	7215.0064889	7214.8201172	0.0000000	0.0000000	0.0011924	0.1786067	0.1070779	0.0000000	0.0000000
7554.9951830	7210.0178225	7209.8375977	0.0000000	0.0000000	0.0012750	0.1778159	0.1075405	0.0000000	0.0000000
7554.9951830	7205.0095928	7204.8550781	0.0000000	0.0000000	0.0014147	0.1786223	0.1090389	0.0000000	0.0000000
7554.9951830	7200.0046236	7199.8725586	0.0000000	0.0000000	0.0009010	0.1780071	0.1083049	0.0000000	0.0000000
7554.9951830	7195.0094361	7194.8900391	0.0000000	0.0000000	0.0010648	0.1769912	0.1109047	0.0000000	0.0000000
7554.9951830	7190.0012064	7189.9075195	0.0000000	0.0000000	0.0018633	0.1774673	0.1108322	0.0000000	0.0000000
7554.9951830	7185.0092794	7184.9250000	0.0000000	0.0000000	0.0010109	0.1768025	0.1084540	0.0000000	0.0000000
7554.9951830	7179.9847469	7179.9804492	0.0000000	0.0000000	0.0009186	0.1773715	0.1085919	0.0000000	0.0000000
7554.9951830	7175.0026016	7174.6444189	0.0000000	0.0000000	0.0008093	0.1788962	0.1080165	0.0000000	0.0000000
7554.9951830	7170.0074141	7169.7188525	0.0000000	0.0000000	0.0005924	0.1777687	0.1058916	0.0000000	0.0000000
7554.9951830	7165.0360409	7164.7932861	0.0000000	0.0000000	0.0004106	0.1769690	0.1047543	0.0000000	0.0000000
7554.9951830	7160.0251023	7159.8677197	0.0000000	0.0000000	0.0002964	0.1770220	0.1050088	0.0000000	0.0000000
7554.9951830	7155.0231870	7154.9421533	0.0000000	0.0000000	0.0003882	0.1776829	0.1067211	0.0000000	0.0000000
7554.9951830	7150.0272872	7149.6061230	0.0000000	0.0000000	0.0002865	0.1782612	0.1068479	0.0000000	0.0000000
7554.9951830	7145.0253719	7144.6805566	0.0000000	0.0000000	0.0002979	0.1768486	0.1057118	0.0000000	0.0000000
7554.9951830	7140.0264644	7139.7829688	0.0000000	0.0000000	0.0003470	0.1775826	0.1066489	0.0000000	0.0000000
7554.9951830	7135.0245491	7134.9133594	0.0000000	0.0000000	0.0001851	0.1766903	0.1065969	0.0000000	0.0000000
7554.9951830	7130.0196261	7129.6379492	0.0000000	0.0000000	0.0003982	0.1776924	0.1073590	0.0000000	0.0000000
7554.9951830	7125.0267341	7124.7683398	0.0000000	0.0000000	0.0002446	0.1774996	0.1061666	0.0000000	0.0000000
7554.9951830	7120.0188033	7119.8987305	0.0000000	0.0000000	0.0001945	0.1768826	0.1068051	0.0000000	0.0000000
7554.9951830	7114.9947607	7114.6233203	0.0000000	0.0000000	0.0002584	0.1766989	0.1059971	0.0000000	0.0000000
7554.9951830	7109.9857704	7109.7537109	0.0000000	0.0000000	0.0002263	0.1776975	0.1053912	0.0000000	0.0000000
7554.9951830	7104.9837419	7104.8841016	0.0000000	0.0000000	0.0001754	0.1777019	0.1067094	0.0000000	0.0000000
7554.9951830	7099.9851943	7099.6316406	0.0000000	0.0000000	0.0001802	0.1766471	0.1049655	0.0000000	0.0000000
7554.9951830	7094.9831658	7094.8171094	0.0000000	0.0000000	0.0002045	0.1770754	0.1053097	0.0000000	0.0000000
7554.9951830	7089.9846182	7089.6013672	0.0000000	0.0000000	0.0001222	0.1771652	0.1041914	0.0000000	0.0000000
7554.9951830	7084.9895515	7084.7868359	0.0000000	0.0000000	0.0000935	0.1770305	0.1042335	0.0000000	0.0000000
7554.9951830	7079.9910039	7079.9723047	0.0000000	0.0000000	0.0000626	0.1778551	0.1037340	0.0000000	0.0000000
7554.9951830	7074.9889754	7074.7565625	0.0000000	0.0000000	0.0000645	0.1776694	0.1025864	0.0000000	0.0000000
7554.9951830	7069.9973895	7069.9420313	0.0000000	0.0000000	0.0000330	0.1769534	0.1019884	0.0000000	0.0000000
7554.9951830	7064.9883993	7064.7262891	0.0000000	0.0000000	0.0000317	0.1760371	0.1027559	0.0000000	0.0000000
7554.9951830	7059.9863559	7059.9297656	0.0000000	0.0000000	0.0000225	0.1768984	0.1018468	0.0000000	0.0000000
7554.9951830	7054.9880656	7054.7725488	0.0000000	0.0000000	0.0000726	0.1770975	0.1012262	0.0000000	0.0000000
7554.9951830	7049.9819654	7049.6153320	0.0000000	0.0000000	0.0000537	0.1770007	0.1017357	0.0000000	0.0000000
7554.9951830	7044.9875799	7044.8548242	0.0000000	0.0000000	0.0000460	0.1779149	0.1010179	0.0000000	0.0000000
7554.9951830	7039.9853847	7039.6976074	0.0000000	0.0000000	0.0000421	0.1774299	0.1016869	0.0000000	0.0000000
7554.9951830	7034.9831894	7034.9370996	0.0000000	0.0000000	0.0000529	0.1763722	0.1035599	0.0000000	0.0000000
7554.9951830	7029.9848990	7029.7798828	0.0000000	0.0000000	0.0001157	0.1768499	0.1017732	0.0000000	0.0000000
7554.9951830	7024.9827038	7024.6226660	0.0000000	0.0000000	0.0000558	0.1780707	0.1014650	0.0000000	0.0000000
7554.9951830	7019.9844134	7019.8843262	0.0000000	0.0000000	0.0001002	0.1771351	0.1020151	0.0000000	0.0000000
7554.9951830	7014.9861230	7014.7847461	0.0000000	0.0000000	0.0000615	0.1768584	0.1030095	0.0000000	0.0000000
7554.9951830	7009.9839278	7009.6851660	0.0000000	0.0000000	0.0000646	0.1775850	0.1026465	0.0000000	0.0000000
7554.9951830	7004.9817325	7004.9778613	0.0000000	0.0000000	0.0000380	0.1778927	0.1025719	0.0000000	0.0000000
