7129.9920203	7599.9977245	7599.5502051	0.0000000	0.0000000	0.0189797	0.1542267	0.1235291	0.0000000	7130.0000000
7129.9920203	7594.9867234	7594.9313574	0.0000000	0.0000000	0.0219985	0.1547249	0.1237228	0.0000000	0.0000000
7129.9920203	7589.9849267	7589.8506250	0.0000000	0.0000000	0.0188179	0.1541333	0.1228251	0.0000000	0.0000000
7129.9920203	7584.9897621	7584.7698926	0.0000000	0.0000000	0.0232787	0.1533650	0.1241583	0.0000000	0.0000000
7129.9920203	7579.9895004	7579.6891602	0.0000000	0.0000000	0.0231801	0.1544470	0.1232852	0.0000000	0.0000000
7129.9920203	7574.9866901	7574.6139941	0.0000000	0.0000000	0.0213425	0.1544175	0.1231322	0.0000000	0.0000000
7129.9920203	7569.9889770	7569.5944922	0.0000000	0.0000000	0.0208112	0.1538057	0.1230198	0.0000000	0.0000000
7129.9920203	7564.9861667	7564.5749902	0.0000000	0.0000000	0.0226974	0.1545033	0.1242103	0.0000000	0.0000000
7129.9920203	7559.9910021	7559.5554883	0.0000000	0.0000000	0.0209385	0.1543815	0.1240125	0.0000000	0.0000000
7129.9920203	7554.9881918	7554.9923047	0.0000000	0.0000000	0.0220256	0.1535895	0.1228833	0.0000000	0.0000000
7129.9920203	7549.9853816	7549.9728027	0.0000000	0.0000000	0.0189919	0.1522690	0.1223527	0.0000000	0.0000000
7129.9920203	7544.9851198	7544.9533008	0.0000000	0.0000000	0.0192587	0.1539302	0.1242166	0.0000000	0.0000000
7129.9920203	7539.9872981	7539.9337988	0.0000000	0.0000000	0.0204872	0.1542268	0.1235054	0.0000000	0.0000000
7129.9920203	7535.0272433	7534.9142969	0.0000000	0.0000000	0.0214775	0.1549216	0.1239390	0.0000000	0.0000000
7129.9920203	7529.9830707	7529.8947949	0.0000000	0.0000000	0.0195258	0.1543486	0.1210770	0.0000000	0.0000000
7129.9920203	7525.0288172	7524.9299316	0.0000000	0.0000000	0.0221860	0.1544008	0.1213356	0.0000000	0.0000000
7129.9920203	7519.9875452	7519.9705322	0.0000000	0.0000000	0.0216443	0.1549453	0.1205044	0.0000000	0.0000000
7129.9920203	7514.9839813	7514.5602783	0.0000000	0.0000000	0.0212849	0.1541949	0.1204365	0.0000000	0.0000000
7129.9920203	7509.9833179	7509.6008789	0.0000000	0.0000000	0.0199182	0.1545223	0.1202377	0.0000000	0.0000000
7129.9920203	7505.0319651	7504.6414795	0.0000000	0.0000000	0.0180764	0.1549845	0.1195568	0.0000000	0.0000000
7129.9920203	7499.9848918	7499.6820801	0.0000000	0.0000000	0.0203175	0.1554137	0.1209972	0.0000000	0.0000000
7129.9920203	7495.0306383	7494.7226807	0.0000000	0.0000000	0.0236511	0.1541447	0.1228558	0.0000000	0.0000000
7129.9920203	7490.0326801	7489.7632813	0.0000000	0.0000000	0.0233424	0.1541721	0.1225858	0.0000000	0.0000000
7129.9920203	7484.9872274	7484.8038818	0.0000000	0.0000000	0.0181263	0.1542750	0.1210948	0.0000000	0.0000000
7129.9920203	7479.9844604	7479.8981445	0.0000000	0.0000000	0.0196272	0.1544227	0.1214790	0.0000000	0.0000000
7129.9920203	7474.9845391	7474.9977734	0.0000000	0.0000000	0.0196920	0.1547982	0.1221656	0.0000000	0.0000000
7129.9920203	7469.9846178	7469.6519141	0.0000000	0.0000000	0.0184751	0.1550112	0.1234805	0.0000000	0.0000000
7129.9920203	7464.9875422	7464.7515430	0.0000000	0.0000000	0.0150244	0.1544196	0.1221592	0.0000000	0.0000000
7129.9920203	7459.9876209	7459.8511719	0.0000000	0.0000000	0.0132942	0.1551307	0.1226584	0.0000000	0.0000000
7129.9920203	7454.9820081	7454.9508008	0.0000000	0.0000000	0.0154573	0.1544031	0.1231876	0.0000000	0.0000000
7129.9920203	7450.0333097	7449.6049414	0.0000000	0.0000000	0.0145359	0.1531570	0.1216000	0.0000000	0.0000000
7129.9920203	7444.9850112	7444.7045703	0.0000000	0.0000000	0.0158966	0.1536688	0.1213284	0.0000000	0.0000000
7129.9920203	7439.9850899	7439.8041992	0.0000000	0.0000000	0.0150858	0.1535887	0.1216498	0.0000000	0.0000000
7129.9920203	7434.9851686	7434.9618359	0.0000000	0.0000000	0.0150715	0.1538839	0.1223879	0.0000000	0.0000000
7129.9920203	7429.9872294	7429.6792578	0.0000000	0.0000000	0.0113044	0.1542465	0.1206699	0.0000000	0.0000000
7129.9920203	7424.9864714	7424.8368945	0.0000000	0.0000000	0.0137509	0.1544326	0.1237053	0.0000000	0.0000000
7129.9920203	7419.9857133	7419.9945313	0.0000000	0.0000000	0.0101666	0.1550665	0.1238253	0.0000000	0.0000000
7129.9920203	7414.9849553	7414.7119531	0.0000000	0.0000000	0.0087588	0.1545806	0.1248605	0.0000000	0.0000000
7129.9920203	7409.9841972	7409.8695898	0.0000000	0.0000000	0.0108896	0.1531970	0.1232369	0.0000000	0.0000000
7129.9920203	7404.9861191	7404.5870117	0.0000000	0.0000000	0.0104136	0.1533353	0.1220989	0.0000000	0.0000000
7129.9920203	7399.9853611	7399.7446484	0.0000000	0.0000000	0.0096042	0.1539980	0.1201117	0.0000000	0.0000000
7129.9920203	7394.9846030	7394.9126367	0.0000000	0.0000000	0.0107072	0.1552197	0.1180763	0.0000000	0.0000000
7129.9920203	7389.9838450	7389.6921680	0.0000000	0.0000000	0.0090527	0.1554473	0.1177096	0.0000000	0.0000000
7129.9920203	7384.9857669	7384.9067383	0.0000000	0.0000000	0.0101029	0.1532010	0.1179613	0.0000000	0.0000000
7129.9920203	7379.9820701	7379.6862695	0.0000000	0.0000000	0.0120631	0.1523942	0.1174586	0.0000000	0.0000000
7129.9920203	7375.0055289	7374.9008398	0.0000000	0.0000000	0.0113951	0.1536334	0.1155138	0.0000000	0.0000000
7129.9920203	7370.0160110	7369.6803711	0.0000000	0.0000000	0.0120145	0.1552052	0.1130406	0.0000000	0.0000000
7129.9920203	7365.0102724	7364.8949414	0.0000000	0.0000000	0.0130121	0.1555211	0.1126919	0.0000000	0.0000000
7129.9920203	7360.0077779	7359.6744727	0.0000000	0.0000000	0.0156647	0.1542712	0.1119287	0.0000000	0.0000000
7129.9920203	7355.0085275	7354.8890430	0.0000000	0.0000000	0.0146228	0.1545823	0.1101691	0.0000000	0.0000000
7129.9920203	7350.0092772	7349.6991016	0.0000000	0.0000000	0.0143204	0.1550170	0.1070624	0.0000000	0.0000000
7129.9920203	7345.0002944	7344.9696387	0.0000000	0.0000000	0.0161262	0.1536556	0.1066708	0.0000000	0.0000000
7129.9920203	7340.0075324	7339.8102246	0.0000000	0.0000000	0.0158094	0.1550278	0.1056233	0.0000000	0.0000000
7129.9920203	7335.0017937	7334.6508105	0.0000000	0.0000000	0.0170179	0.1550900	0.1058108	0.0000000	0.0000000
7129.9920203	7330.0122759	7329.9213477	0.0000000	0.0000000	0.0211575	0.1535389	0.1046511	0.0000000	0.0000000
7129.9920203	7325.0244790	7324.7619336	0.0000000	0.0000000	0.0227695	0.1533188	0.1051656	0.0000000	0.0000000
7129.9920203	7319.9871765	7319.6025195	0.0000000	0.0000000	0.0239180	0.1535125	0.1059423	0.0000000	0.0000000
7129.9920203	7314.9864987	7314.8730566	0.0000000	0.0000000	0.0280140	0.1547106	0.1060098	0.0000000	0.0000000
7129.9920203	7309.9886382	7309.7136426	0.0000000	0.0000000	0.0293254	0.1544841	0.1071960	0.0000000	0.0000000
7129.9920203	7304.9851431	7304.6092822	0.0000000	0.0000000	0.0294911	0.1546614	0.1062542	0.0000000	0.0000000
7129.9920203	7299.9844653	7299.9348730	0.0000000	0.0000000	0.0317527	0.1558022	0.1049263	0.0000000	0.0000000
7129.9920203	7294.9866048	7294.8355176	0.0000000	0.0000000	0.0353628	0.1549545	0.1055426	0.0000000	0.0000000
7129.9920203	7289.9831097	7289.7361621	0.0000000	0.0000000	0.0352806	0.1549342	0.1044885	0.0000000	0.0000000
7129.9920203	7284.9852492	7284.6368066	0.0000000	0.0000000	0.0395110	0.1548817	0.1051836	0.0000000	0.0000000
7129.9920203	7279.9847963	7279.9623975	0.0000000	0.0000000	0.0474493	0.1539646	0.1103759	0.0000000	0.0000000
7129.9920203	7275.0033579	7274.8630420	0.0000000	0.0000000	0.0515677	0.1535110	0.1119302	0.0000000	0.0000000
7129.9920203	7270.0122966	7269.7636865	0.0000000	0.0000000	0.0487683	0.1545171	0.1088530	0.0000000	0.0000000
7129.9920203	7265.0051971	7264.6888672	0.0000000	0.0000000	0.0483125	0.1540140	0.1071998	0.0000000	0.0000000
7129.9920203	7260.0109282	7259.6483984	0.0000000	0.0000000	0.0439697	0.1535129	0.1046060	0.0000000	0.0000000
7129.9920203	7255.0070364	7254.6079297	0.0000000	0.0000000	0.0530613	0.1537961	0.1044481	0.0000000	0.0000000
7129.9920203	7250.0063522	7249.9875000	0.0000000	0.0000000	0.0526682	0.1542067	0.1043827	0.0000000	0.0000000
7129.9920203	7245.0056680	7244.9470313	0.0000000	0.0000000	0.0549658	0.1535729	0.1021323	0.0000000	0.0000000
7129.9920203	7240.0146067	7239.9065625	0.0000000	0.0000000	0.0510355	0.1522457	0.1000828	0.0000000	0.0000000
7129.9920203	7235.0139226	7234.8660938	0.0000000	0.0000000	0.0582482	0.1533074	0.1038182	0.0000000	0.0000000
7129.9920203	7230.0100308	7229.8256250	0.0000000	0.0000000	0.0575958	0.1534736	0.1020189	0.0000000	0.0000000
7129.9920203	7225.0033850	7224.7851563	0.0000000	0.0000000	0.0641873	0.1535476	0.1019148	0.0000000	0.0000000
7129.9920203	7220.0049369	7219.8026367	0.0000000	0.0000000	0.0770460	0.1549347	0.1023811	0.0000000	0.0000000
7129.9920203	7215.0097495	7214.8201172	0.0000000	0.0000000	0.0898153	0.1537996	0.1038286	0.0000000	0.0000000
7129.9920203	7210.0047803	7209.8375977	0.0000000	0.0000000	0.0996422	0.1549180	0.1043398	0.0000000	0.0000000
7129.9920203	7205.0063322	7204.8550781	0.0000000	0.0000000	0.1090896	0.1548905	0.1050234	0.0000000	0.0000000
7129.9920203	7200.0013630	7199.8725586	0.0000000	0.0000000	0.1122679	0.1545209	0.1071487	0.0000000	0.0000000
7129.9920203	7195.0094361	7194.8900391	0.0000000	0.0000000	0.1151350	0.1539611	0.1072549	0.0000000	0.0000000
7129.9920203	7190.0109881	7189.9075195	0.0000000	0.0000000	0.1319736	0.1523862	0.1095345	0.0000000	0.0000000
7129.9920203	7185.0027583	7184.9250000	0.0000000	0.0000000	0.1317966	0.1524432	0.1050725	0.0000000	0.0000000
7129.9920203	7179.9977891	7179.9804492	0.0000000	0.0000000	0.1220405	0.1523348	0.1050623	0.0000000	0.0000000
7129.9920203	7175.0026016	7174.6444189	0.0000000	0.0000000	0.1268829	0.1535316	0.1037556	0.0000000	0.0000000
7129.9920203	7169.9943719	7169.7188525	0.0000000	0.0000000	0.1266599	0.1543228	0.0996937	0.0000000	0.0000000
7129.9920203	7165.0300253	7164.7932861	0.0000000	0.0000000	0.1146530	0.1551406	0.1003047	0.0000000	0.0000000
7129.9920203	7160.0281100	7159.8677197	0.0000000	0.0000000	0.1049252	0.1548032	0.1002562	0.0000000	0.0000000
7129.9920203	7155.0201792	7154.9421533	0.0000000	0.0000000	0.1103015	0.1538011	0.0999351	0.0000000	0.0000000
7129.9920203	7150.0242795	7149.6061230	0.0000000	0.0000000	0.1388500	0.1516177	0.1008348	0.0000000	0.0000000
7129.9920203	7145.0193564	7144.6805566	0.0000000	0.0000000	0.1683872	0.1520873	0.1005006	0.0000000	0.0000000
7129.9920203	7140.0294722	7139.7829688	0.0000000	0.0000000	0.2142186	0.1518226	0.1002581	0.0000000	0.0000000
7129.9920203	7135.0275569	7134.9133594	0.0000000	0.0000000	0.2591953	0.1524854	0.1008762	0.0000000	0.0000000
7129.9920203	7130.0196261	7129.6379492	0.0000000	0.0000000	0.2872701	0.1529983	0.1014680	0.0000000	0.0000000
7129.9920203	7125.0327496	7124.7683398	0.0000000	0.0000000	0.2242983	0.1526010	0.1010419	0.0000000	0.0000000
7129.9920203	7120.0248188	7119.8987305	0.0000000	0.0000000	0.1398468	0.1541996	0.0990055	0.0000000	0.0000000
7129.9920203	7114.9808372	7114.6233203	0.0000000	0.0000000	0.1038645	0.1559823	0.0998671	0.0000000	0.0000000
7129.9920203	7109.9857704	7109.7537109	0.0000000	0.0000000	0.1025514	0.1553959	0.1012623	0.0000000	0.0000000
7129.9920203	7104.9907037	7104.8841016	0.0000000	0.0000000	0.0911057	0.1547529	0.0985664	0.0000000	0.0000000
7129.9920203	7099.9956370	7099.6316406	0.0000000	0.0000000	0.1012914	0.1540367	0.0993910	0.0000000	0.0000000
7129.9920203	7094.9831658	7094.8171094	0.0000000	0.0000000	0.0894548	0.1529415	0.0999500	0.0000000	0.0000000
7129.9920203	7089.9846182	7089.6013672	0.0000000	0.0000000	0.0846442	0.1541589	0.0983378	0.0000000	0.0000000
7129.9920203	7084.9895515	7084.7868359	0.0000000	0.0000000	0.0778782	0.1547687	0.0977660	0.0000000	0.0000000
7129.9920203	7079.9875230	7079.9723047	0.0000000	0.0000000	0.0610769	0.1541857	0.0967340	0.0000000	0.0000000
7129.9920203	7074.9889754	7074.7565625	0.0000000	0.0000000	0.0527356	0.1522668	0.0971577	0.0000000	0.0000000
7129.9920203	7069.9869469	7069.9420313	0.0000000	0.0000000	0.0422114	0.1529133	0.0956045	0.0000000	0.0000000
7129.9920203	7064.9953610	7064.7262891	0.0000000	0.0000000	0.0471129	0.1524380	0.0974146	0.0000000	0.0000000
7129.9920203	7059.9902608	7059.9297656	0.0000000	0.0000000	0.0502704	0.1516792	0.0970642	0.0000000	0.0000000
7129.9920203	7054.9880656	7054.7725488	0.0000000	0.0000000	0.0621597	0.1519911	0.0994292	0.0000000	0.0000000
7129.9920203	7049.9819654	7049.6153320	0.0000000	0.0000000	0.0638326	0.1514818	0.0973979	0.0000000	0.0000000
7129.9920203	7044.9875799	7044.8548242	0.0000000	0.0000000	0.0671740	0.1529054	0.0993853	0.0000000	0.0000000
7129.9920203	7039.9814797	7039.6976074	0.0000000	0.0000000	0.0755859	0.1522222	0.0968152	0.0000000	0.0000000
7129.9920203	7034.9831894	7034.9370996	0.0000000	0.0000000	0.0756067	0.1516857	0.0956095	0.0000000	0.0000000
7129.9920203	7029.9809941	7029.7798828	0.0000000	0.0000000	0.0920377	0.1532866	0.0950797	0.0000000	0.0000000
7129.9920203	7024.9827038	7024.6226660	0.0000000	0.0000000	0.0936406	0.1527805	0.0971298	0.0000000	0.0000000
7129.9920203	7019.9805085	7019.8843262	0.0000000	0.0000000	0.0857697	0.1511688	0.0984934	0.0000000	0.0000000
7129.9920203	7014.9861230	7014.7847461	0.0000000	0.0000000	0.0889318	0.1516028	0.0966204	0.0000000	0.0000000
7129.9920203	7009.9839278	7009.6851660	0.0000000	0.0000000	0.0909943	0.1531483	0.0953867	0.0000000	0.0000000
7129.9920203	7004.9817325	7004.9778613	0.0000000	0.0000000	0.0929719	0.1551470	0.0945071	0.0000000	0.0000000
