7024.9908793	7599.9977245	7599.5502051	0.0000000	0.0000000	0.0184762	0.1574501	0.1224688	0.0000000	7025.0000000
7024.9908793	7594.9867234	7594.9313574	0.0000000	0.0000000	0.0233829	0.1567882	0.1229247	0.0000000	0.0000000
7024.9908793	7589.9849267	7589.8506250	0.0000000	0.0000000	0.0247581	0.1572009	0.1231909	0.0000000	0.0000000
7024.9908793	7584.9923107	7584.7698926	0.0000000	0.0000000	0.0237246	0.1569258	0.1235566	0.0000000	0.0000000
7024.9908793	7579.9895004	7579.6891602	0.0000000	0.0000000	0.0204203	0.1567402	0.1226586	0.0000000	0.0000000
7024.9908793	7574.9866901	7574.6139941	0.0000000	0.0000000	0.0212325	0.1569049	0.1231858	0.0000000	0.0000000
7024.9908793	7569.9889770	7569.5944922	0.0000000	0.0000000	0.0188724	0.1567837	0.1217603	0.0000000	0.0000000
7024.9908793	7564.9887153	7564.5749902	0.0000000	0.0000000	0.0199047	0.1559663	0.1214888	0.0000000	0.0000000
7024.9908793	7559.9910021	7559.5554883	0.0000000	0.0000000	0.0207861	0.1571641	0.1219576	0.0000000	0.0000000
7024.9908793	7554.9856433	7554.9923047	0.0000000	0.0000000	0.0216143	0.1571788	0.1222496	0.0000000	0.0000000
7024.9908793	7549.9853816	7549.9728027	0.0000000	0.0000000	0.0213560	0.1562603	0.1228926	0.0000000	0.0000000
7024.9908793	7544.9851198	7544.9533008	0.0000000	0.0000000	0.0201064	0.1555309	0.1224062	0.0000000	0.0000000
7024.9908793	7539.9872981	7539.9337988	0.0000000	0.0000000	0.0212585	0.1560785	0.1227094	0.0000000	0.0000000
7024.9908793	7535.0330446	7534.9142969	0.0000000	0.0000000	0.0228018	0.1556143	0.1216403	0.0000000	0.0000000
7024.9908793	7530.0352818	7529.8947949	0.0000000	0.0000000	0.0241115	0.1562887	0.1228849	0.0000000	0.0000000
7024.9908793	7525.0317179	7524.9299316	0.0000000	0.0000000	0.0222412	0.1566420	0.1218470	0.0000000	0.0000000
7024.9908793	7519.9875452	7519.9705322	0.0000000	0.0000000	0.0196622	0.1564617	0.1227606	0.0000000	0.0000000
7024.9908793	7515.0361924	7514.5602783	0.0000000	0.0000000	0.0204426	0.1562369	0.1228260	0.0000000	0.0000000
7024.9908793	7509.9833179	7509.6008789	0.0000000	0.0000000	0.0196987	0.1563531	0.1228915	0.0000000	0.0000000
7024.9908793	7505.0319651	7504.6414795	0.0000000	0.0000000	0.0216910	0.1563167	0.1216976	0.0000000	0.0000000
7024.9908793	7500.0225998	7499.6820801	0.0000000	0.0000000	0.0202628	0.1558639	0.1197025	0.0000000	0.0000000
7024.9908793	7495.0364396	7494.7226807	0.0000000	0.0000000	0.0241085	0.1549741	0.1211310	0.0000000	0.0000000
7024.9908793	7490.0241430	7489.7632813	0.0000000	0.0000000	0.0251790	0.1566476	0.1214679	0.0000000	0.0000000
7024.9908793	7484.9872274	7484.8038818	0.0000000	0.0000000	0.0204258	0.1559714	0.1206202	0.0000000	0.0000000
7024.9908793	7479.9873061	7479.8981445	0.0000000	0.0000000	0.0196600	0.1571584	0.1214570	0.0000000	0.0000000
7024.9908793	7474.9845391	7474.9977734	0.0000000	0.0000000	0.0211403	0.1562695	0.1223926	0.0000000	0.0000000
7024.9908793	7469.9846178	7469.6519141	0.0000000	0.0000000	0.0193607	0.1560653	0.1227196	0.0000000	0.0000000
7024.9908793	7464.9875422	7464.7515430	0.0000000	0.0000000	0.0167479	0.1561858	0.1224774	0.0000000	0.0000000
7024.9908793	7459.9819294	7459.8511719	0.0000000	0.0000000	0.0147310	0.1559623	0.1229854	0.0000000	0.0000000
7024.9908793	7454.9820081	7454.9508008	0.0000000	0.0000000	0.0141483	0.1565194	0.1223171	0.0000000	0.0000000
7024.9908793	7449.9849325	7449.6049414	0.0000000	0.0000000	0.0130575	0.1555562	0.1208428	0.0000000	0.0000000
7024.9908793	7444.9850112	7444.7045703	0.0000000	0.0000000	0.0142498	0.1554602	0.1203193	0.0000000	0.0000000
7024.9908793	7439.9850899	7439.8041992	0.0000000	0.0000000	0.0153986	0.1556656	0.1198198	0.0000000	0.0000000
7024.9908793	7434.9823229	7434.9618359	0.0000000	0.0000000	0.0150300	0.1561769	0.1209069	0.0000000	0.0000000
7024.9908793	7429.9872294	7429.6792578	0.0000000	0.0000000	0.0156107	0.1568805	0.1220397	0.0000000	0.0000000
7024.9908793	7424.9891513	7424.8368945	0.0000000	0.0000000	0.0106719	0.1566132	0.1200203	0.0000000	0.0000000
7024.9908793	7419.9857133	7419.9945313	0.0000000	0.0000000	0.0123636	0.1568121	0.1205970	0.0000000	0.0000000
7024.9908793	7414.9849553	7414.7119531	0.0000000	0.0000000	0.0089343	0.1559343	0.1192277	0.0000000	0.0000000
7024.9908793	7409.9868772	7409.8695898	0.0000000	0.0000000	0.0074241	0.1565739	0.1188867	0.0000000	0.0000000
7024.9908793	7404.9887990	7404.5870117	0.0000000	0.0000000	0.0088539	0.1566392	0.1182366	0.0000000	0.0000000
7024.9908793	7399.9853611	7399.7446484	0.0000000	0.0000000	0.0078462	0.1561243	0.1159871	0.0000000	0.0000000
7024.9908793	7394.9872830	7394.9126367	0.0000000	0.0000000	0.0087689	0.1566409	0.1164944	0.0000000	0.0000000
7024.9908793	7389.9865249	7389.6921680	0.0000000	0.0000000	0.0079895	0.1570187	0.1160256	0.0000000	0.0000000
7024.9908793	7384.9857669	7384.9067383	0.0000000	0.0000000	0.0105837	0.1554762	0.1182297	0.0000000	0.0000000
7024.9908793	7379.9820701	7379.6862695	0.0000000	0.0000000	0.0081722	0.1566732	0.1160034	0.0000000	0.0000000
7024.9908793	7375.0022847	7374.9008398	0.0000000	0.0000000	0.0079078	0.1562928	0.1139410	0.0000000	0.0000000
7024.9908793	7370.0095227	7369.6803711	0.0000000	0.0000000	0.0095913	0.1562756	0.1123882	0.0000000	0.0000000
7024.9908793	7365.0102724	7364.8949414	0.0000000	0.0000000	0.0097679	0.1554509	0.1122654	0.0000000	0.0000000
7024.9908793	7360.0045337	7359.6744727	0.0000000	0.0000000	0.0100499	0.1554598	0.1117837	0.0000000	0.0000000
7024.9908793	7355.0117717	7354.8890430	0.0000000	0.0000000	0.0119375	0.1555992	0.1133253	0.0000000	0.0000000
7024.9908793	7350.0125214	7349.6991016	0.0000000	0.0000000	0.0107802	0.1563483	0.1109984	0.0000000	0.0000000
7024.9908793	7345.0002944	7344.9696387	0.0000000	0.0000000	0.0093372	0.1562151	0.1078180	0.0000000	0.0000000
7024.9908793	7340.0010440	7339.8102246	0.0000000	0.0000000	0.0095259	0.1551365	0.1066659	0.0000000	0.0000000
7024.9908793	7335.0082820	7334.6508105	0.0000000	0.0000000	0.0103640	0.1551709	0.1072379	0.0000000	0.0000000
7024.9908793	7330.0025434	7329.9213477	0.0000000	0.0000000	0.0117513	0.1560112	0.1072843	0.0000000	0.0000000
7024.9908793	7325.0244790	7324.7619336	0.0000000	0.0000000	0.0113949	0.1567548	0.1058066	0.0000000	0.0000000
7024.9908793	7319.9871765	7319.6025195	0.0000000	0.0000000	0.0129506	0.1575210	0.1068145	0.0000000	0.0000000
7024.9908793	7314.9864987	7314.8730566	0.0000000	0.0000000	0.0142954	0.1560869	0.1059342	0.0000000	0.0000000
7024.9908793	7309.9886382	7309.7136426	0.0000000	0.0000000	0.0145026	0.1563617	0.1068496	0.0000000	0.0000000
7024.9908793	7304.9879604	7304.6092822	0.0000000	0.0000000	0.0121893	0.1558350	0.1057319	0.0000000	0.0000000
7024.9908793	7299.9844653	7299.9348730	0.0000000	0.0000000	0.0129919	0.1565006	0.1055856	0.0000000	0.0000000
7024.9908793	7294.9866048	7294.8355176	0.0000000	0.0000000	0.0145944	0.1569666	0.1060961	0.0000000	0.0000000
7024.9908793	7289.9859270	7289.7361621	0.0000000	0.0000000	0.0134004	0.1564766	0.1076010	0.0000000	0.0000000
7024.9908793	7284.9852492	7284.6368066	0.0000000	0.0000000	0.0157137	0.1558336	0.1071936	0.0000000	0.0000000
7024.9908793	7280.0393259	7279.9623975	0.0000000	0.0000000	0.0168303	0.1564596	0.1074662	0.0000000	0.0000000
7024.9908793	7275.0129807	7274.8630420	0.0000000	0.0000000	0.0187241	0.1568380	0.1077556	0.0000000	0.0000000
7024.9908793	7270.0026737	7269.7636865	0.0000000	0.0000000	0.0187936	0.1552571	0.1070305	0.0000000	0.0000000
7024.9908793	7265.0212352	7264.6888672	0.0000000	0.0000000	0.0157854	0.1564658	0.1057605	0.0000000	0.0000000
7024.9908793	7260.0141358	7259.6483984	0.0000000	0.0000000	0.0164375	0.1557570	0.1059634	0.0000000	0.0000000
7024.9908793	7255.0038288	7254.6079297	0.0000000	0.0000000	0.0147743	0.1579771	0.1036656	0.0000000	0.0000000
7024.9908793	7250.0223903	7249.9875000	0.0000000	0.0000000	0.0189777	0.1564713	0.1025770	0.0000000	0.0000000
7024.9908793	7245.0056680	7244.9470313	0.0000000	0.0000000	0.0195712	0.1562056	0.1007812	0.0000000	0.0000000
7024.9908793	7240.0081915	7239.9065625	0.0000000	0.0000000	0.0196606	0.1564623	0.1006017	0.0000000	0.0000000
7024.9908793	7235.0042997	7234.8660938	0.0000000	0.0000000	0.0233411	0.1558367	0.0999548	0.0000000	0.0000000
7024.9908793	7230.0068231	7229.8256250	0.0000000	0.0000000	0.0238035	0.1564261	0.1002859	0.0000000	0.0000000
7024.9908793	7225.0001244	7224.7851563	0.0000000	0.0000000	0.0265947	0.1563993	0.1011566	0.0000000	0.0000000
7024.9908793	7220.0049369	7219.8026367	0.0000000	0.0000000	0.0396417	0.1545145	0.1051213	0.0000000	0.0000000
7024.9908793	7215.0032283	7214.8201172	0.0000000	0.0000000	0.0461772	0.1547307	0.1069235	0.0000000	0.0000000
7024.9908793	7210.0178225	7209.8375977	0.0000000	0.0000000	0.0535228	0.1540332	0.1064589	0.0000000	0.0000000
7024.9908793	7205.0095928	7204.8550781	0.0000000	0.0000000	0.0586835	0.1553645	0.1073708	0.0000000	0.0000000
7024.9908793	7200.0046236	7199.8725586	0.0000000	0.0000000	0.0575554	0.1556215	0.1072042	0.0000000	0.0000000
7024.9908793	7195.0029150	7194.8900391	0.0000000	0.0000000	0.0633214	0.1557480	0.1075637	0.0000000	0.0000000
7024.9908793	7190.0077275	7189.9075195	0.0000000	0.0000000	0.0719049	0.1559713	0.1062887	0.0000000	0.0000000
7024.9908793	7185.0027583	7184.9250000	0.0000000	0.0000000	0.0752242	0.1560126	0.1051694	0.0000000	0.0000000
7024.9908793	7179.9945286	7179.9804492	0.0000000	0.0000000	0.0797528	0.1560802	0.1058337	0.0000000	0.0000000
7024.9908793	7174.9993411	7174.6444189	0.0000000	0.0000000	0.0867025	0.1563302	0.1056177	0.0000000	0.0000000
7024.9908793	7170.0041536	7169.7188525	0.0000000	0.0000000	0.0987766	0.1561633	0.1057404	0.0000000	0.0000000
7024.9908793	7165.0330331	7164.7932861	0.0000000	0.0000000	0.0836536	0.1544395	0.1036543	0.0000000	0.0000000
7024.9908793	7160.0281100	7159.8677197	0.0000000	0.0000000	0.0849648	0.1550549	0.1051993	0.0000000	0.0000000
7024.9908793	7155.0231870	7154.9421533	0.0000000	0.0000000	0.0906720	0.1550001	0.1053972	0.0000000	0.0000000
7024.9908793	7150.0212717	7149.6061230	0.0000000	0.0000000	0.1095470	0.1547875	0.1047737	0.0000000	0.0000000
7024.9908793	7145.0313875	7144.6805566	0.0000000	0.0000000	0.1011791	0.1558500	0.1003717	0.0000000	0.0000000
7024.9908793	7140.0294722	7139.7829688	0.0000000	0.0000000	0.0887444	0.1556094	0.1009645	0.0000000	0.0000000
7024.9908793	7135.0215414	7134.9133594	0.0000000	0.0000000	0.0916511	0.1559292	0.1028231	0.0000000	0.0000000
7024.9908793	7130.0256416	7129.6379492	0.0000000	0.0000000	0.1206122	0.1551783	0.1031912	0.0000000	0.0000000
7024.9908793	7125.0327496	7124.7683398	0.0000000	0.0000000	0.1217183	0.1562883	0.1022581	0.0000000	0.0000000
7024.9908793	7120.0218110	7119.8987305	0.0000000	0.0000000	0.1134633	0.1566509	0.1003010	0.0000000	0.0000000
7024.9908793	7114.9843181	7114.6233203	0.0000000	0.0000000	0.1280471	0.1566541	0.1028264	0.0000000	0.0000000
7024.9908793	7109.9857704	7109.7537109	0.0000000	0.0000000	0.1410396	0.1568651	0.1024279	0.0000000	0.0000000
7024.9908793	7104.9837419	7104.8841016	0.0000000	0.0000000	0.1427771	0.1557601	0.1020237	0.0000000	0.0000000
7024.9908793	7099.9817134	7099.6316406	0.0000000	0.0000000	0.1417358	0.1559286	0.0997747	0.0000000	0.0000000
7024.9908793	7094.9831658	7094.8171094	0.0000000	0.0000000	0.1360885	0.1556763	0.0989440	0.0000000	0.0000000
7024.9908793	7089.9846182	7089.6013672	0.0000000	0.0000000	0.1386455	0.1560559	0.0991246	0.0000000	0.0000000
7024.9908793	7084.9895515	7084.7868359	0.0000000	0.0000000	0.1403950	0.1558979	0.0986263	0.0000000	0.0000000
7024.9908793	7079.9910039	7079.9723047	0.0000000	0.0000000	0.1230026	0.1557181	0.0977094	0.0000000	0.0000000
7024.9908793	7074.9889754	7074.7565625	0.0000000	0.0000000	0.1135240	0.1564539	0.0961414	0.0000000	0.0000000
7024.9908793	7069.9869469	7069.9420313	0.0000000	0.0000000	0.1177499	0.1556658	0.0990022	0.0000000	0.0000000
7024.9908793	7064.9883993	7064.7262891	0.0000000	0.0000000	0.1292966	0.1554177	0.0989340	0.0000000	0.0000000
7024.9908793	7059.9863559	7059.9297656	0.0000000	0.0000000	0.1434395	0.1545376	0.0999202	0.0000000	0.0000000
7024.9908793	7054.9880656	7054.7725488	0.0000000	0.0000000	0.1535807	0.1540042	0.0994404	0.0000000	0.0000000
7024.9908793	7049.9819654	7049.6153320	0.0000000	0.0000000	0.1563391	0.1550139	0.0966624	0.0000000	0.0000000
7024.9908793	7044.9875799	7044.8548242	0.0000000	0.0000000	0.1818024	0.1539222	0.0975581	0.0000000	0.0000000
7024.9908793	7039.9814797	7039.6976074	0.0000000	0.0000000	0.2508120	0.1567764	0.0953386	0.0000000	0.0000000
7024.9908793	7034.9870943	7034.9370996	0.0000000	0.0000000	0.3702669	0.1564585	0.0970842	0.0000000	0.0000000
7024.9908793	7029.9809941	7029.7798828	0.0000000	0.0000000	0.4893853	0.1565941	0.0984271	0.0000000	0.0000000
7024.9908793	7024.9827038	7024.6226660	0.0000000	0.0000000	0.5435885	0.1544263	0.0992847	0.0000000	0.0000000
7024.9908793	7019.9844134	7019.8843262	0.0000000	0.0000000	0.4761016	0.1534962	0.0991407	0.0000000	0.0000000
7024.9908793	7014.9861230	7014.7847461	0.0000000	0.0000000	0.4018290	0.1535441	0.0998762	0.0000000	0.0000000
7024.9908793	7009.9878327	7009.6851660	0.0000000	0.0000000	0.3324375	0.1543618	0.0989790	0.0000000	0.0000000
7024.9908793	7004.9856374	7004.9778613	0.0000000	0.0000000	0.2951526	0.1553286	0.0989664	0.0000000	0.0000000
