7589.9941819	7599.9977245	7599.5502051	0.0000000	0.0000000	0.0494197	0.1852618	0.1263315	0.0000000	7590.0000000
7589.9941819	7594.9867234	7594.9313574	0.0000000	0.0000000	0.0882998	0.1857399	0.1259103	0.0000000	0.0000000
7589.9941819	7589.9849267	7589.8506250	0.0000000	0.0000000	0.1022491	0.1857899	0.1254823	0.0000000	0.0000000
7589.9941819	7584.9923107	7584.7698926	0.0000000	0.0000000	0.0760837	0.1865435	0.1252510	0.0000000	0.0000000
7589.9941819	7579.9920490	7579.6891602	0.0000000	0.0000000	0.0345842	0.1861431	0.1253317	0.0000000	0.0000000
7589.9941819	7574.9866901	7574.6139941	0.0000000	0.0000000	0.0160602	0.1863180	0.1252833	0.0000000	0.0000000
7589.9941819	7569.9889770	7569.5944922	0.0000000	0.0000000	0.0124301	0.1864469	0.1258828	0.0000000	0.0000000
7589.9941819	7564.9887153	7564.5749902	0.0000000	0.0000000	0.0123418	0.1862477	0.1262997	0.0000000	0.0000000
7589.9941819	7559.9910021	7559.5554883	0.0000000	0.0000000	0.0115454	0.1863691	0.1254723	0.0000000	0.0000000
7589.9941819	7554.9856433	7554.9923047	0.0000000	0.0000000	0.0147775	0.1858430	0.1276733	0.0000000	0.0000000
7589.9941819	7549.9853816	7549.9728027	0.0000000	0.0000000	0.0197319	0.1855153	0.1288029	0.0000000	0.0000000
7589.9941819	7544.9851198	7544.9533008	0.0000000	0.0000000	0.0194110	0.1864542	0.1274509	0.0000000	0.0000000
7589.9941819	7539.9872981	7539.9337988	0.0000000	0.0000000	0.0193486	0.1862695	0.1286648	0.0000000	0.0000000
7589.9941819	7534.9866347	7534.9142969	0.0000000	0.0000000	0.0208539	0.1869899	0.1275906	0.0000000	0.0000000
7589.9941819	7529.9830707	7529.8947949	0.0000000	0.0000000	0.0233550	0.1859176	0.1274969	0.0000000	0.0000000
7589.9941819	7524.9853080	7524.9299316	0.0000000	0.0000000	0.0252413	0.1858784	0.1262222	0.0000000	0.0000000
7589.9941819	7519.9875452	7519.9705322	0.0000000	0.0000000	0.0265027	0.1864606	0.1265123	0.0000000	0.0000000
7589.9941819	7514.9839813	7514.5602783	0.0000000	0.0000000	0.0265768	0.1859415	0.1259225	0.0000000	0.0000000
7589.9941819	7509.9833179	7509.6008789	0.0000000	0.0000000	0.0250640	0.1850991	0.1272106	0.0000000	0.0000000
7589.9941819	7504.9826546	7504.6414795	0.0000000	0.0000000	0.0263964	0.1862112	0.1254856	0.0000000	0.0000000
7589.9941819	7499.9877924	7499.6820801	0.0000000	0.0000000	0.0283212	0.1865558	0.1261569	0.0000000	0.0000000
7589.9941819	7494.9842285	7494.7226807	0.0000000	0.0000000	0.0257362	0.1860145	0.1266736	0.0000000	0.0000000
7589.9941819	7489.9843030	7489.7632812	0.0000000	0.0000000	0.0263442	0.1862563	0.1254651	0.0000000	0.0000000
7589.9941819	7484.9872274	7484.8038818	0.0000000	0.0000000	0.0208425	0.1865499	0.1269650	0.0000000	0.0000000
7589.9941819	7479.9844604	7479.8981445	0.0000000	0.0000000	0.0193781	0.1865426	0.1256830	0.0000000	0.0000000
7589.9941819	7474.9873848	7474.9977734	0.0000000	0.0000000	0.0207913	0.1862983	0.1257007	0.0000000	0.0000000
7589.9941819	7469.9874635	7469.6519141	0.0000000	0.0000000	0.0141964	0.1863669	0.1261472	0.0000000	0.0000000
7589.9941819	7464.9846965	7464.7515430	0.0000000	0.0000000	0.0142478	0.1857117	0.1265817	0.0000000	0.0000000
7589.9941819	7459.9847751	7459.8511719	0.0000000	0.0000000	0.0131917	0.1856642	0.1262166	0.0000000	0.0000000
7589.9941819	7454.9820081	7454.9508008	0.0000000	0.0000000	0.0117738	0.1854507	0.1268972	0.0000000	0.0000000
7589.9941819	7449.9849325	7449.6049414	0.0000000	0.0000000	0.0138759	0.1864453	0.1256044	0.0000000	0.0000000
7589.9941819	7444.9878570	7444.7045703	0.0000000	0.0000000	0.0148767	0.1859911	0.1258474	0.0000000	0.0000000
7589.9941819	7439.9879357	7439.8041992	0.0000000	0.0000000	0.0199807	0.1866200	0.1270732	0.0000000	0.0000000
7589.9941819	7434.9880144	7434.9618359	0.0000000	0.0000000	0.0175992	0.1858269	0.1251719	0.0000000	0.0000000
7589.9941819	7429.9872294	7429.6792578	0.0000000	0.0000000	0.0186814	0.1862997	0.1246877	0.0000000	0.0000000
7589.9941819	7424.9918312	7424.8368945	0.0000000	0.0000000	0.0223087	0.1856383	0.1263984	0.0000000	0.0000000
7589.9941819	7419.9857133	7419.9945313	0.0000000	0.0000000	0.0171417	0.1858818	0.1240765	0.0000000	0.0000000
7589.9941819	7414.9876352	7414.7119531	0.0000000	0.0000000	0.0171989	0.1862717	0.1229884	0.0000000	0.0000000
7589.9941819	7409.9868772	7409.8695898	0.0000000	0.0000000	0.0176399	0.1865635	0.1231403	0.0000000	0.0000000
7589.9941819	7404.9861191	7404.5870117	0.0000000	0.0000000	0.0174779	0.1865291	0.1215093	0.0000000	0.0000000
7589.9941819	7399.9853611	7399.7446484	0.0000000	0.0000000	0.0184287	0.1865295	0.1223571	0.0000000	0.0000000
7589.9941819	7394.9872830	7394.9126367	0.0000000	0.0000000	0.0181764	0.1866477	0.1194648	0.0000000	0.0000000
7589.9941819	7389.9865249	7389.6921680	0.0000000	0.0000000	0.0127831	0.1858905	0.1220439	0.0000000	0.0000000
7589.9941819	7384.9857669	7384.9067383	0.0000000	0.0000000	0.0152343	0.1866595	0.1215150	0.0000000	0.0000000
7589.9941819	7379.9820701	7379.6862695	0.0000000	0.0000000	0.0143210	0.1866243	0.1200886	0.0000000	0.0000000
7589.9941819	7374.9860639	7374.9008398	0.0000000	0.0000000	0.0122358	0.1856577	0.1193584	0.0000000	0.0000000
7589.9941819	7369.9868136	7369.6803711	0.0000000	0.0000000	0.0091544	0.1861499	0.1173488	0.0000000	0.0000000
7589.9941819	7364.9810749	7364.8949414	0.0000000	0.0000000	0.0109734	0.1857112	0.1156521	0.0000000	0.0000000
7589.9941819	7359.9850687	7359.6744727	0.0000000	0.0000000	0.0112406	0.1859712	0.1156958	0.0000000	0.0000000
7589.9941819	7354.9858184	7354.8890430	0.0000000	0.0000000	0.0133496	0.1857081	0.1165162	0.0000000	0.0000000
7589.9941819	7349.9865681	7349.6991016	0.0000000	0.0000000	0.0092544	0.1861018	0.1135156	0.0000000	0.0000000
7589.9941819	7344.9840736	7344.9696387	0.0000000	0.0000000	0.0073992	0.1867358	0.1098909	0.0000000	0.0000000
7589.9941819	7339.9880674	7339.8102246	0.0000000	0.0000000	0.0066115	0.1867170	0.1086559	0.0000000	0.0000000
7589.9941819	7334.9855729	7334.6508105	0.0000000	0.0000000	0.0089750	0.1875033	0.1096118	0.0000000	0.0000000
7589.9941819	7329.9863226	7329.9213477	0.0000000	0.0000000	0.0104789	0.1865713	0.1113743	0.0000000	0.0000000
7589.9941819	7324.9878543	7324.7619336	0.0000000	0.0000000	0.0083851	0.1861843	0.1121041	0.0000000	0.0000000
7589.9941819	7319.9871765	7319.6025195	0.0000000	0.0000000	0.0071315	0.1867841	0.1119174	0.0000000	0.0000000
7589.9941819	7314.9864987	7314.8730566	0.0000000	0.0000000	0.0090608	0.1870443	0.1107328	0.0000000	0.0000000
7589.9941819	7309.9886382	7309.7136426	0.0000000	0.0000000	0.0080167	0.1866345	0.1117787	0.0000000	0.0000000
7589.9941819	7304.9879604	7304.6092822	0.0000000	0.0000000	0.0057976	0.1861301	0.1108579	0.0000000	0.0000000
7589.9941819	7299.9844653	7299.9348730	0.0000000	0.0000000	0.0072477	0.1857509	0.1109176	0.0000000	0.0000000
7589.9941819	7294.9837875	7294.8355176	0.0000000	0.0000000	0.0066335	0.1860133	0.1126689	0.0000000	0.0000000
7589.9941819	7289.9831097	7289.7361621	0.0000000	0.0000000	0.0059280	0.1873795	0.1111564	0.0000000	0.0000000
7589.9941819	7284.9852492	7284.6368066	0.0000000	0.0000000	0.0065219	0.1873516	0.1127782	0.0000000	0.0000000
7589.9941819	7279.9815887	7279.9623975	0.0000000	0.0000000	0.0083468	0.1860947	0.1135098	0.0000000	0.0000000
7589.9941819	7274.9809045	7274.8630420	0.0000000	0.0000000	0.0066232	0.1874089	0.1124001	0.0000000	0.0000000
7589.9941819	7269.9866356	7269.7636865	0.0000000	0.0000000	0.0050530	0.1864530	0.1131487	0.0000000	0.0000000
7589.9941819	7264.9859514	7264.6888672	0.0000000	0.0000000	0.0041349	0.1865472	0.1139366	0.0000000	0.0000000
7589.9941819	7259.9852672	7259.6483984	0.0000000	0.0000000	0.0044027	0.1860372	0.1124667	0.0000000	0.0000000
7589.9941819	7254.9813754	7254.6079297	0.0000000	0.0000000	0.0040035	0.1857834	0.1116353	0.0000000	0.0000000
7589.9941819	7249.9838989	7249.9875000	0.0000000	0.0000000	0.0063167	0.1864102	0.1107778	0.0000000	0.0000000
7589.9941819	7244.9832147	7244.9470313	0.0000000	0.0000000	0.0037081	0.1855659	0.1081986	0.0000000	0.0000000
7589.9941819	7239.9857381	7239.9065625	0.0000000	0.0000000	0.0068931	0.1860809	0.1084467	0.0000000	0.0000000
7589.9941819	7234.9850540	7234.8660938	0.0000000	0.0000000	0.0016807	0.1860132	0.1066255	0.0000000	0.0000000
7589.9941819	7229.9843698	7229.8256250	0.0000000	0.0000000	0.0007568	0.1863583	0.1041167	0.0000000	0.0000000
7589.9941819	7224.9838216	7224.7851563	0.0000000	0.0000000	0.0013840	0.1872555	0.1062448	0.0000000	0.0000000
7589.9941819	7219.9918947	7219.8026367	0.0000000	0.0000000	0.0011278	0.1870444	0.1076036	0.0000000	0.0000000
7589.9941819	7214.9869255	7214.8201172	0.0000000	0.0000000	0.0018745	0.1867362	0.1092937	0.0000000	0.0000000
7589.9941819	7209.9852169	7209.8375977	0.0000000	0.0000000	0.0017090	0.1870590	0.1101238	0.0000000	0.0000000
7589.9941819	7204.9867688	7204.8550781	0.0000000	0.0000000	0.0019553	0.1865880	0.1105896	0.0000000	0.0000000
7589.9941819	7199.9883208	7199.8725586	0.0000000	0.0000000	0.0014128	0.1864687	0.1116128	0.0000000	0.0000000
7589.9941819	7194.9898727	7194.8900391	0.0000000	0.0000000	0.0014186	0.1860980	0.1140975	0.0000000	0.0000000
7589.9941819	7189.9849035	7189.9075195	0.0000000	0.0000000	0.0011898	0.1858085	0.1146090	0.0000000	0.0000000
7589.9941819	7184.9831949	7184.9250000	0.0000000	0.0000000	0.0009827	0.1861821	0.1131921	0.0000000	0.0000000
7589.9941819	7179.9847469	7179.9804492	0.0000000	0.0000000	0.0008524	0.1863309	0.1116738	0.0000000	0.0000000
7589.9941819	7174.9862988	7174.6444189	0.0000000	0.0000000	0.0007915	0.1852714	0.1103755	0.0000000	0.0000000
7589.9941819	7169.9845902	7169.7188525	0.0000000	0.0000000	0.0006814	0.1850786	0.1094539	0.0000000	0.0000000
7589.9941819	7164.9879166	7164.7932861	0.0000000	0.0000000	0.0004006	0.1861245	0.1086628	0.0000000	0.0000000
7589.9941819	7159.9890091	7159.8677197	0.0000000	0.0000000	0.0002173	0.1865947	0.1076748	0.0000000	0.0000000
7589.9941819	7154.9840860	7154.9421533	0.0000000	0.0000000	0.0003695	0.1858832	0.1085802	0.0000000	0.0000000
7589.9941819	7149.9851785	7149.6061230	0.0000000	0.0000000	0.0003354	0.1862528	0.1090024	0.0000000	0.0000000
7589.9941819	7144.9862710	7144.6805566	0.0000000	0.0000000	0.0002242	0.1865496	0.1066537	0.0000000	0.0000000
7589.9941819	7139.9873635	7139.7829687	0.0000000	0.0000000	0.0001548	0.1871598	0.1062776	0.0000000	0.0000000
7589.9941819	7134.9854482	7134.9133594	0.0000000	0.0000000	0.0002039	0.1863719	0.1083185	0.0000000	0.0000000
7589.9941819	7129.9895484	7129.6379492	0.0000000	0.0000000	0.0001925	0.1863381	0.1092886	0.0000000	0.0000000
7589.9941819	7124.9906409	7124.7683398	0.0000000	0.0000000	0.0002550	0.1857650	0.1098705	0.0000000	0.0000000
7589.9941819	7119.9857178	7119.8987305	0.0000000	0.0000000	0.0001099	0.1869783	0.1084359	0.0000000	0.0000000
7589.9941819	7114.9843181	7114.6233203	0.0000000	0.0000000	0.0001499	0.1863944	0.1083302	0.0000000	0.0000000
7589.9941819	7109.9857704	7109.7537109	0.0000000	0.0000000	0.0001132	0.1872173	0.1065288	0.0000000	0.0000000
7589.9941819	7104.9837419	7104.8841016	0.0000000	0.0000000	0.0001155	0.1855385	0.1064379	0.0000000	0.0000000
7589.9941819	7099.9817134	7099.6316406	0.0000000	0.0000000	0.0001643	0.1866691	0.1061165	0.0000000	0.0000000
7589.9941819	7094.9831658	7094.8171094	0.0000000	0.0000000	0.0001326	0.1860626	0.1073774	0.0000000	0.0000000
7589.9941819	7089.9846182	7089.6013672	0.0000000	0.0000000	0.0001038	0.1859596	0.1076732	0.0000000	0.0000000
7589.9941819	7084.9895515	7084.7868359	0.0000000	0.0000000	0.0000748	0.1855321	0.1069100	0.0000000	0.0000000
7589.9941819	7079.9875230	7079.9723047	0.0000000	0.0000000	0.0000771	0.1859767	0.1061532	0.0000000	0.0000000
7589.9941819	7074.9889754	7074.7565625	0.0000000	0.0000000	0.0000519	0.1861029	0.1041559	0.0000000	0.0000000
7589.9941819	7069.9869469	7069.9420312	0.0000000	0.0000000	0.0000416	0.1867256	0.1052557	0.0000000	0.0000000
7589.9941819	7064.9883993	7064.7262891	0.0000000	0.0000000	0.0000289	0.1864792	0.1035542	0.0000000	0.0000000
7589.9941819	7059.9863559	7059.9297656	0.0000000	0.0000000	0.0000417	0.1855948	0.1057208	0.0000000	0.0000000
7589.9941819	7054.9880656	7054.7725488	0.0000000	0.0000000	0.0000485	0.1858881	0.1040222	0.0000000	0.0000000
7589.9941819	7049.9819654	7049.6153320	0.0000000	0.0000000	0.0000216	0.1859366	0.1044523	0.0000000	0.0000000
7589.9941819	7044.9875799	7044.8548242	0.0000000	0.0000000	0.0000330	0.1859622	0.1039226	0.0000000	0.0000000
7589.9941819	7039.9814797	7039.6976074	0.0000000	0.0000000	0.0000116	0.1861058	0.1052911	0.0000000	0.0000000
7589.9941819	7034.9831894	7034.9370996	0.0000000	0.0000000	0.0000873	0.1854468	0.1046931	0.0000000	0.0000000
7589.9941819	7029.9809941	7029.7798828	0.0000000	0.0000000	0.0000345	0.1861801	0.1045941	0.0000000	0.0000000
7589.9941819	7024.9827038	7024.6226660	0.0000000	0.0000000	0.0000767	0.1863821	0.1050061	0.0000000	0.0000000
7589.9941819	7019.9844134	7019.8843262	0.0000000	0.0000000	0.0000863	0.1862273	0.1039207	0.0000000	0.0000000
7589.9941819	7014.9861230	7014.7847461	0.0000000	0.0000000	0.0000449	0.1855127	0.1045616	0.0000000	0.0000000
7589.9941819	7009.9839278	7009.6851660	0.0000000	0.0000000	0.0000314	0.1860212	0.1035956	0.0000000	0.0000000
7589.9941819	7004.9817325	7004.9778613	0.0000000	0.0000000	0.0000918	0.1853627	0.1038759	0.0000000	0.0000000
