7459.9960005	7599.9977245	7599.5502051	0.0000000	0.0000000	0.0044894	0.1923063	0.1247029	0.0000000	7460.0000000
7459.9960005	7594.9867234	7594.9313574	0.0000000	0.0000000	0.0067189	0.1922046	0.1227634	0.0000000	0.0000000
7459.9960005	7589.9849267	7589.8506250	0.0000000	0.0000000	0.0083691	0.1921798	0.1230300	0.0000000	0.0000000
7459.9960005	7584.9897621	7584.7698926	0.0000000	0.0000000	0.0095604	0.1915161	0.1235208	0.0000000	0.0000000
7459.9960005	7579.9895004	7579.6891602	0.0000000	0.0000000	0.0102902	0.1914312	0.1254023	0.0000000	0.0000000
7459.9960005	7574.9866901	7574.6139941	0.0000000	0.0000000	0.0104323	0.1924127	0.1247253	0.0000000	0.0000000
7459.9960005	7569.9864284	7569.5944922	0.0000000	0.0000000	0.0096538	0.1930808	0.1248615	0.0000000	0.0000000
7459.9960005	7564.9887153	7564.5749902	0.0000000	0.0000000	0.0099158	0.1912987	0.1247533	0.0000000	0.0000000
7459.9960005	7559.9859050	7559.5554883	0.0000000	0.0000000	0.0076962	0.1917097	0.1235903	0.0000000	0.0000000
7459.9960005	7554.9856433	7554.9923047	0.0000000	0.0000000	0.0078453	0.1916000	0.1243856	0.0000000	0.0000000
7459.9960005	7549.9853816	7549.9728027	0.0000000	0.0000000	0.0083400	0.1924728	0.1247578	0.0000000	0.0000000
7459.9960005	7544.9851198	7544.9533008	0.0000000	0.0000000	0.0097268	0.1924785	0.1250129	0.0000000	0.0000000
7459.9960005	7539.9843974	7539.9337988	0.0000000	0.0000000	0.0088165	0.1925287	0.1244930	0.0000000	0.0000000
7459.9960005	7534.9866347	7534.9142969	0.0000000	0.0000000	0.0100250	0.1917161	0.1251770	0.0000000	0.0000000
7459.9960005	7529.9830707	7529.8947949	0.0000000	0.0000000	0.0109385	0.1925853	0.1245024	0.0000000	0.0000000
7459.9960005	7524.9853080	7524.9299316	0.0000000	0.0000000	0.0095576	0.1930155	0.1232903	0.0000000	0.0000000
7459.9960005	7519.9875452	7519.9705322	0.0000000	0.0000000	0.0109978	0.1927024	0.1225378	0.0000000	0.0000000
7459.9960005	7514.9839813	7514.5602783	0.0000000	0.0000000	0.0109884	0.1930520	0.1250717	0.0000000	0.0000000
7459.9960005	7509.9833179	7509.6008789	0.0000000	0.0000000	0.0108185	0.1922195	0.1241072	0.0000000	0.0000000
7459.9960005	7504.9826546	7504.6414795	0.0000000	0.0000000	0.0104742	0.1919960	0.1250707	0.0000000	0.0000000
7459.9960005	7499.9848918	7499.6820801	0.0000000	0.0000000	0.0112694	0.1917268	0.1243278	0.0000000	0.0000000
7459.9960005	7494.9842285	7494.7226807	0.0000000	0.0000000	0.0103733	0.1927458	0.1237914	0.0000000	0.0000000
7459.9960005	7489.9843030	7489.7632813	0.0000000	0.0000000	0.0121223	0.1919481	0.1245344	0.0000000	0.0000000
7459.9960005	7484.9843817	7484.8038818	0.0000000	0.0000000	0.0101738	0.1923077	0.1243092	0.0000000	0.0000000
7459.9960005	7479.9873061	7479.8981445	0.0000000	0.0000000	0.0102291	0.1927266	0.1239962	0.0000000	0.0000000
7459.9960005	7474.9845391	7474.9977734	0.0000000	0.0000000	0.0153339	0.1923800	0.1237449	0.0000000	0.0000000
7459.9960005	7469.9846178	7469.6519141	0.0000000	0.0000000	0.0322826	0.1918956	0.1233225	0.0000000	0.0000000
7459.9960005	7464.9875422	7464.7515430	0.0000000	0.0000000	0.0610409	0.1917163	0.1237672	0.0000000	0.0000000
7459.9960005	7459.9847751	7459.8511719	0.0000000	0.0000000	0.0805345	0.1929767	0.1238270	0.0000000	0.0000000
7459.9960005	7454.9820081	7454.9508008	0.0000000	0.0000000	0.0746432	0.1935211	0.1230648	0.0000000	0.0000000
7459.9960005	7449.9849325	7449.6049414	0.0000000	0.0000000	0.0405402	0.1920817	0.1240824	0.0000000	0.0000000
7459.9960005	7444.9850112	7444.7045703	0.0000000	0.0000000	0.0179963	0.1924207	0.1239469	0.0000000	0.0000000
7459.9960005	7439.9822442	7439.8041992	0.0000000	0.0000000	0.0080165	0.1929623	0.1227747	0.0000000	0.0000000
7459.9960005	7434.9880144	7434.9618359	0.0000000	0.0000000	0.0073824	0.1926794	0.1219493	0.0000000	0.0000000
7459.9960005	7429.9872294	7429.6792578	0.0000000	0.0000000	0.0060697	0.1927761	0.1214415	0.0000000	0.0000000
7459.9960005	7424.9864714	7424.8368945	0.0000000	0.0000000	0.0052561	0.1923563	0.1211022	0.0000000	0.0000000
7459.9960005	7419.9857133	7419.9945313	0.0000000	0.0000000	0.0046998	0.1925253	0.1212981	0.0000000	0.0000000
7459.9960005	7414.9849553	7414.7119531	0.0000000	0.0000000	0.0047877	0.1915990	0.1199291	0.0000000	0.0000000
7459.9960005	7409.9841972	7409.8695898	0.0000000	0.0000000	0.0033566	0.1927913	0.1192582	0.0000000	0.0000000
7459.9960005	7404.9861191	7404.5870117	0.0000000	0.0000000	0.0039045	0.1919342	0.1185083	0.0000000	0.0000000
7459.9960005	7399.9907209	7399.7446484	0.0000000	0.0000000	0.0041099	0.1921121	0.1198002	0.0000000	0.0000000
7459.9960005	7394.9872830	7394.9126367	0.0000000	0.0000000	0.0049515	0.1920613	0.1182308	0.0000000	0.0000000
7459.9960005	7389.9865249	7389.6921680	0.0000000	0.0000000	0.0043916	0.1925980	0.1184795	0.0000000	0.0000000
7459.9960005	7384.9857669	7384.9067383	0.0000000	0.0000000	0.0040128	0.1926359	0.1177949	0.0000000	0.0000000
7459.9960005	7379.9853142	7379.6862695	0.0000000	0.0000000	0.0039454	0.1926595	0.1157417	0.0000000	0.0000000
7459.9960005	7374.9828197	7374.9008398	0.0000000	0.0000000	0.0036400	0.1928934	0.1152167	0.0000000	0.0000000
7459.9960005	7369.9900577	7369.6803711	0.0000000	0.0000000	0.0041821	0.1926740	0.1140885	0.0000000	0.0000000
7459.9960005	7364.9843191	7364.8949414	0.0000000	0.0000000	0.0047504	0.1921500	0.1142913	0.0000000	0.0000000
7459.9960005	7359.9883129	7359.6744727	0.0000000	0.0000000	0.0050120	0.1921172	0.1136489	0.0000000	0.0000000
7459.9960005	7354.9858184	7354.8890430	0.0000000	0.0000000	0.0056016	0.1916235	0.1120149	0.0000000	0.0000000
7459.9960005	7349.9865681	7349.6991016	0.0000000	0.0000000	0.0058484	0.1912187	0.1106525	0.0000000	0.0000000
7459.9960005	7344.9840736	7344.9696387	0.0000000	0.0000000	0.0041887	0.1921752	0.1083693	0.0000000	0.0000000
7459.9960005	7339.9848232	7339.8102246	0.0000000	0.0000000	0.0034724	0.1927803	0.1073212	0.0000000	0.0000000
7459.9960005	7334.9855729	7334.6508105	0.0000000	0.0000000	0.0046475	0.1928142	0.1076096	0.0000000	0.0000000
7459.9960005	7329.9863226	7329.9213477	0.0000000	0.0000000	0.0062031	0.1921344	0.1073446	0.0000000	0.0000000
7459.9960005	7324.9878543	7324.7619336	0.0000000	0.0000000	0.0053358	0.1922067	0.1077085	0.0000000	0.0000000
7459.9960005	7319.9843593	7319.6025195	0.0000000	0.0000000	0.0045542	0.1934742	0.1075541	0.0000000	0.0000000
7459.9960005	7314.9864987	7314.8730566	0.0000000	0.0000000	0.0044647	0.1925148	0.1068058	0.0000000	0.0000000
7459.9960005	7309.9886382	7309.7136426	0.0000000	0.0000000	0.0050992	0.1924198	0.1077209	0.0000000	0.0000000
7459.9960005	7304.9879604	7304.6092822	0.0000000	0.0000000	0.0039429	0.1927174	0.1077612	0.0000000	0.0000000
7459.9960005	7299.9844653	7299.9348730	0.0000000	0.0000000	0.0052566	0.1930157	0.1084355	0.0000000	0.0000000
7459.9960005	7294.9837875	7294.8355176	0.0000000	0.0000000	0.0049088	0.1924226	0.1084008	0.0000000	0.0000000
7459.9960005	7289.9859270	7289.7361621	0.0000000	0.0000000	0.0045970	0.1924938	0.1084847	0.0000000	0.0000000
7459.9960005	7284.9852492	7284.6368066	0.0000000	0.0000000	0.0044841	0.1921484	0.1095453	0.0000000	0.0000000
7459.9960005	7279.9880039	7279.9623975	0.0000000	0.0000000	0.0054135	0.1923188	0.1100161	0.0000000	0.0000000
7459.9960005	7274.9809045	7274.8630420	0.0000000	0.0000000	0.0064891	0.1925962	0.1105026	0.0000000	0.0000000
7459.9960005	7269.9834279	7269.7636865	0.0000000	0.0000000	0.0066392	0.1924495	0.1117655	0.0000000	0.0000000
7459.9960005	7264.9827438	7264.6888672	0.0000000	0.0000000	0.0048765	0.1931031	0.1092075	0.0000000	0.0000000
7459.9960005	7259.9852672	7259.6483984	0.0000000	0.0000000	0.0040488	0.1929698	0.1084285	0.0000000	0.0000000
7459.9960005	7254.9845830	7254.6079297	0.0000000	0.0000000	0.0040129	0.1929636	0.1071417	0.0000000	0.0000000
7459.9960005	7249.9838989	7249.9875000	0.0000000	0.0000000	0.0034084	0.1927334	0.1054990	0.0000000	0.0000000
7459.9960005	7244.9832147	7244.9470313	0.0000000	0.0000000	0.0026202	0.1935668	0.1048419	0.0000000	0.0000000
7459.9960005	7239.9825305	7239.9065625	0.0000000	0.0000000	0.0021425	0.1927479	0.1033169	0.0000000	0.0000000
7459.9960005	7234.9818463	7234.8660938	0.0000000	0.0000000	0.0017098	0.1924862	0.1020326	0.0000000	0.0000000
7459.9960005	7229.9843698	7229.8256250	0.0000000	0.0000000	0.0013646	0.1922867	0.1013442	0.0000000	0.0000000
7459.9960005	7224.9838216	7224.7851563	0.0000000	0.0000000	0.0016683	0.1920978	0.1028446	0.0000000	0.0000000
7459.9960005	7219.9853736	7219.8026367	0.0000000	0.0000000	0.0022050	0.1915327	0.1046165	0.0000000	0.0000000
7459.9960005	7214.9869255	7214.8201172	0.0000000	0.0000000	0.0020731	0.1915671	0.1050090	0.0000000	0.0000000
7459.9960005	7209.9852169	7209.8375977	0.0000000	0.0000000	0.0028766	0.1923777	0.1066136	0.0000000	0.0000000
7459.9960005	7204.9835083	7204.8550781	0.0000000	0.0000000	0.0025995	0.1919088	0.1073606	0.0000000	0.0000000
7459.9960005	7199.9850602	7199.8725586	0.0000000	0.0000000	0.0022172	0.1921687	0.1079440	0.0000000	0.0000000
7459.9960005	7194.9866121	7194.8900391	0.0000000	0.0000000	0.0021790	0.1924283	0.1092104	0.0000000	0.0000000
7459.9960005	7189.9849035	7189.9075195	0.0000000	0.0000000	0.0025404	0.1924637	0.1100132	0.0000000	0.0000000
7459.9960005	7184.9864555	7184.9250000	0.0000000	0.0000000	0.0023258	0.1922767	0.1094805	0.0000000	0.0000000
7459.9960005	7179.9814863	7179.9804492	0.0000000	0.0000000	0.0015280	0.1931656	0.1085800	0.0000000	0.0000000
7459.9960005	7174.9862988	7174.6444189	0.0000000	0.0000000	0.0013528	0.1926871	0.1077809	0.0000000	0.0000000
7459.9960005	7169.9845902	7169.7188525	0.0000000	0.0000000	0.0011459	0.1925402	0.1060182	0.0000000	0.0000000
7459.9960005	7164.9879166	7164.7932861	0.0000000	0.0000000	0.0007264	0.1917623	0.1056534	0.0000000	0.0000000
7459.9960005	7159.9860013	7159.8677197	0.0000000	0.0000000	0.0006426	0.1911627	0.1050078	0.0000000	0.0000000
7459.9960005	7154.9840860	7154.9421533	0.0000000	0.0000000	0.0006378	0.1917017	0.1051029	0.0000000	0.0000000
7459.9960005	7149.9851785	7149.6061230	0.0000000	0.0000000	0.0008523	0.1934463	0.1055582	0.0000000	0.0000000
7459.9960005	7144.9862710	7144.6805566	0.0000000	0.0000000	0.0004023	0.1931859	0.1045555	0.0000000	0.0000000
7459.9960005	7139.9873635	7139.7829688	0.0000000	0.0000000	0.0003430	0.1921298	0.1039387	0.0000000	0.0000000
7459.9960005	7134.9824404	7134.9133594	0.0000000	0.0000000	0.0002981	0.1919537	0.1046334	0.0000000	0.0000000
7459.9960005	7129.9865407	7129.6379492	0.0000000	0.0000000	0.0007401	0.1928588	0.1073003	0.0000000	0.0000000
7459.9960005	7124.9876331	7124.7683398	0.0000000	0.0000000	0.0006442	0.1921350	0.1047264	0.0000000	0.0000000
7459.9960005	7119.9857178	7119.8987305	0.0000000	0.0000000	0.0002072	0.1923517	0.1039906	0.0000000	0.0000000
7459.9960005	7114.9843181	7114.6233203	0.0000000	0.0000000	0.0002922	0.1919535	0.1039966	0.0000000	0.0000000
7459.9960005	7109.9822896	7109.7537109	0.0000000	0.0000000	0.0004734	0.1918116	0.1047091	0.0000000	0.0000000
7459.9960005	7104.9837419	7104.8841016	0.0000000	0.0000000	0.0002152	0.1928474	0.1041761	0.0000000	0.0000000
7459.9960005	7099.9851943	7099.6316406	0.0000000	0.0000000	0.0003405	0.1922672	0.1039463	0.0000000	0.0000000
7459.9960005	7094.9831658	7094.8171094	0.0000000	0.0000000	0.0002620	0.1922449	0.1044335	0.0000000	0.0000000
7459.9960005	7089.9811373	7089.6013672	0.0000000	0.0000000	0.0002316	0.1921469	0.1037233	0.0000000	0.0000000
7459.9960005	7084.9895515	7084.7868359	0.0000000	0.0000000	0.0002653	0.1929315	0.1027798	0.0000000	0.0000000
7459.9960005	7079.9875230	7079.9723047	0.0000000	0.0000000	0.0000736	0.1924474	0.1021227	0.0000000	0.0000000
7459.9960005	7074.9889754	7074.7565625	0.0000000	0.0000000	0.0000881	0.1916807	0.1021083	0.0000000	0.0000000
7459.9960005	7069.9869469	7069.9420313	0.0000000	0.0000000	0.0000596	0.1918960	0.1005120	0.0000000	0.0000000
7459.9960005	7064.9883993	7064.7262891	0.0000000	0.0000000	0.0000846	0.1923051	0.1012753	0.0000000	0.0000000
7459.9960005	7059.9902608	7059.9297656	0.0000000	0.0000000	0.0000737	0.1924186	0.0991879	0.0000000	0.0000000
7459.9960005	7054.9841606	7054.7725488	0.0000000	0.0000000	0.0000524	0.1918004	0.1004462	0.0000000	0.0000000
7459.9960005	7049.9819654	7049.6153320	0.0000000	0.0000000	0.0000878	0.1921858	0.1004895	0.0000000	0.0000000
7459.9960005	7044.9836750	7044.8548242	0.0000000	0.0000000	0.0000503	0.1931085	0.0997566	0.0000000	0.0000000
7459.9960005	7039.9814797	7039.6976074	0.0000000	0.0000000	0.0000692	0.1927977	0.1001959	0.0000000	0.0000000
7459.9960005	7034.9831894	7034.9370996	0.0000000	0.0000000	0.0001235	0.1930958	0.1012145	0.0000000	0.0000000
7459.9960005	7029.9888039	7029.7798828	0.0000000	0.0000000	0.0001201	0.1932804	0.1009714	0.0000000	0.0000000
7459.9960005	7024.9827038	7024.6226660	0.0000000	0.0000000	0.0001022	0.1929468	0.1001898	0.0000000	0.0000000
7459.9960005	7019.9766036	7019.8843262	0.0000000	0.0000000	0.0001337	0.1925405	0.1007668	0.0000000	0.0000000
7459.9960005	7014.9861230	7014.7847461	0.0000000	0.0000000	0.0000637	0.1926129	0.0994664	0.0000000	0.0000000
7459.9960005	7009.9839278	7009.6851660	0.0000000	0.0000000	0.0001351	0.1920081	0.1019932	0.0000000	0.0000000
7459.9960005	7004.9817325	7004.9778613	0.0000000	0.0000000	0.0001318	0.1909989	0.1014423	0.0000000	0.0000000
