7124.9947861	7599.9977245	7599.5502051	0.0000000	0.0000000	0.0191545	0.1571655	0.1218995	0.0000000	7125.0000000
7124.9947861	7594.9867234	7594.9313574	0.0000000	0.0000000	0.0207002	0.1551042	0.1196426	0.0000000	0.0000000
7124.9947861	7589.9849267	7589.8506250	0.0000000	0.0000000	0.0215427	0.1565199	0.1201738	0.0000000	0.0000000
7124.9947861	7584.9897621	7584.7698926	0.0000000	0.0000000	0.0201660	0.1565852	0.1212612	0.0000000	0.0000000
7124.9947861	7579.9895004	7579.6891602	0.0000000	0.0000000	0.0181274	0.1569602	0.1203419	0.0000000	0.0000000
7124.9947861	7574.9866901	7574.6139941	0.0000000	0.0000000	0.0186339	0.1567760	0.1196680	0.0000000	0.0000000
7124.9947861	7569.9864284	7569.5944922	0.0000000	0.0000000	0.0196686	0.1556454	0.1208661	0.0000000	0.0000000
7124.9947861	7564.9887153	7564.5749902	0.0000000	0.0000000	0.0173705	0.1553033	0.1204734	0.0000000	0.0000000
7124.9947861	7559.9910021	7559.5554883	0.0000000	0.0000000	0.0175497	0.1535527	0.1209468	0.0000000	0.0000000
7124.9947861	7554.9881918	7554.9923047	0.0000000	0.0000000	0.0186870	0.1562480	0.1207732	0.0000000	0.0000000
7124.9947861	7549.9853816	7549.9728027	0.0000000	0.0000000	0.0180685	0.1563541	0.1206719	0.0000000	0.0000000
7124.9947861	7544.9851198	7544.9533008	0.0000000	0.0000000	0.0173312	0.1562131	0.1212003	0.0000000	0.0000000
7124.9947861	7539.9872981	7539.9337988	0.0000000	0.0000000	0.0193768	0.1564955	0.1204854	0.0000000	0.0000000
7124.9947861	7534.9866347	7534.9142969	0.0000000	0.0000000	0.0184005	0.1570868	0.1206200	0.0000000	0.0000000
7124.9947861	7529.9830707	7529.8947949	0.0000000	0.0000000	0.0205739	0.1573732	0.1211005	0.0000000	0.0000000
7124.9947861	7524.9853080	7524.9299316	0.0000000	0.0000000	0.0205348	0.1565421	0.1218574	0.0000000	0.0000000
7124.9947861	7519.9875452	7519.9705322	0.0000000	0.0000000	0.0216539	0.1571409	0.1230394	0.0000000	0.0000000
7124.9947861	7515.0274905	7514.5602783	0.0000000	0.0000000	0.0185198	0.1564683	0.1209052	0.0000000	0.0000000
7124.9947861	7510.0297278	7509.6008789	0.0000000	0.0000000	0.0195796	0.1555220	0.1224786	0.0000000	0.0000000
7124.9947861	7504.9826546	7504.6414795	0.0000000	0.0000000	0.0215848	0.1558861	0.1235961	0.0000000	0.0000000
7124.9947861	7500.0313017	7499.6820801	0.0000000	0.0000000	0.0205865	0.1568884	0.1240433	0.0000000	0.0000000
7124.9947861	7495.0277377	7494.7226807	0.0000000	0.0000000	0.0185734	0.1556810	0.1228993	0.0000000	0.0000000
7124.9947861	7490.0269887	7489.7632813	0.0000000	0.0000000	0.0183611	0.1566666	0.1208136	0.0000000	0.0000000
7124.9947861	7484.9843817	7484.8038818	0.0000000	0.0000000	0.0185649	0.1556038	0.1217163	0.0000000	0.0000000
7124.9947861	7479.9844604	7479.8981445	0.0000000	0.0000000	0.0152916	0.1567386	0.1226063	0.0000000	0.0000000
7124.9947861	7474.9845391	7474.9977734	0.0000000	0.0000000	0.0155278	0.1559900	0.1204886	0.0000000	0.0000000
7124.9947861	7469.9846178	7469.6519141	0.0000000	0.0000000	0.0152000	0.1563892	0.1189464	0.0000000	0.0000000
7124.9947861	7464.9846965	7464.7515430	0.0000000	0.0000000	0.0135587	0.1572418	0.1202931	0.0000000	0.0000000
7124.9947861	7459.9847751	7459.8511719	0.0000000	0.0000000	0.0157781	0.1577897	0.1209830	0.0000000	0.0000000
7124.9947861	7454.9848538	7454.9508008	0.0000000	0.0000000	0.0142297	0.1588661	0.1209556	0.0000000	0.0000000
7124.9947861	7450.0361554	7449.6049414	0.0000000	0.0000000	0.0148123	0.1596824	0.1195286	0.0000000	0.0000000
7124.9947861	7444.9850112	7444.7045703	0.0000000	0.0000000	0.0158942	0.1594404	0.1206757	0.0000000	0.0000000
7124.9947861	7439.9850899	7439.8041992	0.0000000	0.0000000	0.0135947	0.1573740	0.1189398	0.0000000	0.0000000
7124.9947861	7434.9851686	7434.9618359	0.0000000	0.0000000	0.0129397	0.1581456	0.1191882	0.0000000	0.0000000
7124.9947861	7429.9872294	7429.6792578	0.0000000	0.0000000	0.0132003	0.1582280	0.1187830	0.0000000	0.0000000
7124.9947861	7424.9918312	7424.8368945	0.0000000	0.0000000	0.0103838	0.1574247	0.1184204	0.0000000	0.0000000
7124.9947861	7419.9883932	7419.9945313	0.0000000	0.0000000	0.0090807	0.1574845	0.1184026	0.0000000	0.0000000
7124.9947861	7414.9849553	7414.7119531	0.0000000	0.0000000	0.0091880	0.1585148	0.1164233	0.0000000	0.0000000
7124.9947861	7409.9868772	7409.8695898	0.0000000	0.0000000	0.0075802	0.1588495	0.1158392	0.0000000	0.0000000
7124.9947861	7404.9861191	7404.5870117	0.0000000	0.0000000	0.0089204	0.1580463	0.1164553	0.0000000	0.0000000
7124.9947861	7399.9880410	7399.7446484	0.0000000	0.0000000	0.0092054	0.1577444	0.1154730	0.0000000	0.0000000
7124.9947861	7394.9846030	7394.9126367	0.0000000	0.0000000	0.0083556	0.1576498	0.1155217	0.0000000	0.0000000
7124.9947861	7389.9865249	7389.6921680	0.0000000	0.0000000	0.0096688	0.1571448	0.1144301	0.0000000	0.0000000
7124.9947861	7384.9857669	7384.9067383	0.0000000	0.0000000	0.0091067	0.1580287	0.1137543	0.0000000	0.0000000
7124.9947861	7379.9853142	7379.6862695	0.0000000	0.0000000	0.0094020	0.1586359	0.1124067	0.0000000	0.0000000
7124.9947861	7375.0055289	7374.9008398	0.0000000	0.0000000	0.0092357	0.1574406	0.1129896	0.0000000	0.0000000
7124.9947861	7370.0062785	7369.6803711	0.0000000	0.0000000	0.0116766	0.1560941	0.1112306	0.0000000	0.0000000
7124.9947861	7365.0070282	7364.8949414	0.0000000	0.0000000	0.0133618	0.1570878	0.1103839	0.0000000	0.0000000
7124.9947861	7360.0110220	7359.6744727	0.0000000	0.0000000	0.0158258	0.1567906	0.1105538	0.0000000	0.0000000
7124.9947861	7355.0117717	7354.8890430	0.0000000	0.0000000	0.0154265	0.1564733	0.1085754	0.0000000	0.0000000
7124.9947861	7350.0092772	7349.6991016	0.0000000	0.0000000	0.0164315	0.1568667	0.1078160	0.0000000	0.0000000
7124.9947861	7345.0002944	7344.9696387	0.0000000	0.0000000	0.0163027	0.1580007	0.1059481	0.0000000	0.0000000
7124.9947861	7340.0010440	7339.8102246	0.0000000	0.0000000	0.0147520	0.1581138	0.1045547	0.0000000	0.0000000
7124.9947861	7335.0115262	7334.6508105	0.0000000	0.0000000	0.0172748	0.1588763	0.1043229	0.0000000	0.0000000
7124.9947861	7330.0090317	7329.9213477	0.0000000	0.0000000	0.0199908	0.1584951	0.1035458	0.0000000	0.0000000
7124.9947861	7325.0216617	7324.7619336	0.0000000	0.0000000	0.0211892	0.1584611	0.1040581	0.0000000	0.0000000
7124.9947861	7319.9871765	7319.6025195	0.0000000	0.0000000	0.0239484	0.1573098	0.1048812	0.0000000	0.0000000
7124.9947861	7314.9836815	7314.8730566	0.0000000	0.0000000	0.0291531	0.1570580	0.1068087	0.0000000	0.0000000
7124.9947861	7309.9886382	7309.7136426	0.0000000	0.0000000	0.0326632	0.1578464	0.1080696	0.0000000	0.0000000
7124.9947861	7304.9851431	7304.6092822	0.0000000	0.0000000	0.0295029	0.1586710	0.1060627	0.0000000	0.0000000
7124.9947861	7299.9844653	7299.9348730	0.0000000	0.0000000	0.0327761	0.1584611	0.1046359	0.0000000	0.0000000
7124.9947861	7294.9837875	7294.8355176	0.0000000	0.0000000	0.0383696	0.1579893	0.1065944	0.0000000	0.0000000
7124.9947861	7289.9831097	7289.7361621	0.0000000	0.0000000	0.0390552	0.1579603	0.1067736	0.0000000	0.0000000
7124.9947861	7284.9852492	7284.6368066	0.0000000	0.0000000	0.0407349	0.1570658	0.1062534	0.0000000	0.0000000
7124.9947861	7279.9815887	7279.9623975	0.0000000	0.0000000	0.0424625	0.1588113	0.1064774	0.0000000	0.0000000
7124.9947861	7275.0097731	7274.8630420	0.0000000	0.0000000	0.0438914	0.1595548	0.1066215	0.0000000	0.0000000
7124.9947861	7270.0026737	7269.7636865	0.0000000	0.0000000	0.0435874	0.1598351	0.1053384	0.0000000	0.0000000
7124.9947861	7265.0084048	7264.6888672	0.0000000	0.0000000	0.0436755	0.1601846	0.1054048	0.0000000	0.0000000
7124.9947861	7260.0141358	7259.6483984	0.0000000	0.0000000	0.0475920	0.1595465	0.1053298	0.0000000	0.0000000
7124.9947861	7255.0070364	7254.6079297	0.0000000	0.0000000	0.0526743	0.1606492	0.1040471	0.0000000	0.0000000
7124.9947861	7250.0031446	7249.9875000	0.0000000	0.0000000	0.0489442	0.1611663	0.1019156	0.0000000	0.0000000
7124.9947861	7245.0088757	7244.9470313	0.0000000	0.0000000	0.0508643	0.1608138	0.0991754	0.0000000	0.0000000
7124.9947861	7240.0049839	7239.9065625	0.0000000	0.0000000	0.0462405	0.1601969	0.0972666	0.0000000	0.0000000
7124.9947861	7235.0075073	7234.8660938	0.0000000	0.0000000	0.0520576	0.1593475	0.0973030	0.0000000	0.0000000
7124.9947861	7230.0132384	7229.8256250	0.0000000	0.0000000	0.0618496	0.1578165	0.0996016	0.0000000	0.0000000
7124.9947861	7225.0131667	7224.7851563	0.0000000	0.0000000	0.0708673	0.1581541	0.1032831	0.0000000	0.0000000
7124.9947861	7219.9984158	7219.8026367	0.0000000	0.0000000	0.0869364	0.1572041	0.1053979	0.0000000	0.0000000
7124.9947861	7215.0064889	7214.8201172	0.0000000	0.0000000	0.0991078	0.1570491	0.1058596	0.0000000	0.0000000
7124.9947861	7210.0080408	7209.8375977	0.0000000	0.0000000	0.1059608	0.1575582	0.1053361	0.0000000	0.0000000
7124.9947861	7204.9998111	7204.8550781	0.0000000	0.0000000	0.1218214	0.1589949	0.1065518	0.0000000	0.0000000
7124.9947861	7200.0046236	7199.8725586	0.0000000	0.0000000	0.1170037	0.1589794	0.1063131	0.0000000	0.0000000
7124.9947861	7195.0029150	7194.8900391	0.0000000	0.0000000	0.1199720	0.1595398	0.1066763	0.0000000	0.0000000
7124.9947861	7190.0077275	7189.9075195	0.0000000	0.0000000	0.1339913	0.1595245	0.1062888	0.0000000	0.0000000
7124.9947861	7185.0060189	7184.9250000	0.0000000	0.0000000	0.1394885	0.1603389	0.1047578	0.0000000	0.0000000
7124.9947861	7179.9977891	7179.9804492	0.0000000	0.0000000	0.1320890	0.1607487	0.1037194	0.0000000	0.0000000
7124.9947861	7175.0156439	7174.6444189	0.0000000	0.0000000	0.1329961	0.1601881	0.1020231	0.0000000	0.0000000
7124.9947861	7170.0041536	7169.7188525	0.0000000	0.0000000	0.1413870	0.1605038	0.1008325	0.0000000	0.0000000
7124.9947861	7165.0330331	7164.7932861	0.0000000	0.0000000	0.1227397	0.1604666	0.0997676	0.0000000	0.0000000
7124.9947861	7160.0251023	7159.8677197	0.0000000	0.0000000	0.1190774	0.1603053	0.1009045	0.0000000	0.0000000
7124.9947861	7155.0231870	7154.9421533	0.0000000	0.0000000	0.1305950	0.1604252	0.1021844	0.0000000	0.0000000
7124.9947861	7150.0242795	7149.6061230	0.0000000	0.0000000	0.1438107	0.1602260	0.1017998	0.0000000	0.0000000
7124.9947861	7145.0163486	7144.6805566	0.0000000	0.0000000	0.1418068	0.1593809	0.1003678	0.0000000	0.0000000
7124.9947861	7140.0234567	7139.7829688	0.0000000	0.0000000	0.1705592	0.1588685	0.0998690	0.0000000	0.0000000
7124.9947861	7135.0275569	7134.9133594	0.0000000	0.0000000	0.2455678	0.1599611	0.1014799	0.0000000	0.0000000
7124.9947861	7130.0196261	7129.6379492	0.0000000	0.0000000	0.3383709	0.1604841	0.1020062	0.0000000	0.0000000
7124.9947861	7125.0267341	7124.7683398	0.0000000	0.0000000	0.3137551	0.1598336	0.1016830	0.0000000	0.0000000
7124.9947861	7120.0248188	7119.8987305	0.0000000	0.0000000	0.2217402	0.1596721	0.0999052	0.0000000	0.0000000
7124.9947861	7114.9843181	7114.6233203	0.0000000	0.0000000	0.1507459	0.1607795	0.0994895	0.0000000	0.0000000
7124.9947861	7109.9857704	7109.7537109	0.0000000	0.0000000	0.1194839	0.1619921	0.0987269	0.0000000	0.0000000
7124.9947861	7104.9837419	7104.8841016	0.0000000	0.0000000	0.1029169	0.1613884	0.0993540	0.0000000	0.0000000
7124.9947861	7099.9817134	7099.6316406	0.0000000	0.0000000	0.1105043	0.1605385	0.0993021	0.0000000	0.0000000
7124.9947861	7094.9831658	7094.8171094	0.0000000	0.0000000	0.1014857	0.1598350	0.0997262	0.0000000	0.0000000
7124.9947861	7089.9880991	7089.6013672	0.0000000	0.0000000	0.0951359	0.1586073	0.1006107	0.0000000	0.0000000
7124.9947861	7084.9895515	7084.7868359	0.0000000	0.0000000	0.0883374	0.1598613	0.0988375	0.0000000	0.0000000
7124.9947861	7079.9875230	7079.9723047	0.0000000	0.0000000	0.0737618	0.1606967	0.0984230	0.0000000	0.0000000
7124.9947861	7074.9889754	7074.7565625	0.0000000	0.0000000	0.0624316	0.1607560	0.0965291	0.0000000	0.0000000
7124.9947861	7069.9869469	7069.9420313	0.0000000	0.0000000	0.0511587	0.1610793	0.0960769	0.0000000	0.0000000
7124.9947861	7064.9849184	7064.7262891	0.0000000	0.0000000	0.0577838	0.1605049	0.0986284	0.0000000	0.0000000
7124.9947861	7059.9863559	7059.9297656	0.0000000	0.0000000	0.0630096	0.1598928	0.0980294	0.0000000	0.0000000
7124.9947861	7054.9880656	7054.7725488	0.0000000	0.0000000	0.0705856	0.1595724	0.0961672	0.0000000	0.0000000
7124.9947861	7049.9819654	7049.6153320	0.0000000	0.0000000	0.0767756	0.1595125	0.0959397	0.0000000	0.0000000
7124.9947861	7044.9836750	7044.8548242	0.0000000	0.0000000	0.0788508	0.1601012	0.0957275	0.0000000	0.0000000
7124.9947861	7039.9814797	7039.6976074	0.0000000	0.0000000	0.0882797	0.1604276	0.0966289	0.0000000	0.0000000
7124.9947861	7034.9831894	7034.9370996	0.0000000	0.0000000	0.0923861	0.1605631	0.0964893	0.0000000	0.0000000
7124.9947861	7029.9809941	7029.7798828	0.0000000	0.0000000	0.1039032	0.1604270	0.0966267	0.0000000	0.0000000
7124.9947861	7024.9827038	7024.6226660	0.0000000	0.0000000	0.1139266	0.1603137	0.0984344	0.0000000	0.0000000
7124.9947861	7019.9844134	7019.8843262	0.0000000	0.0000000	0.1096646	0.1605441	0.0983733	0.0000000	0.0000000
7124.9947861	7014.9900280	7014.7847461	0.0000000	0.0000000	0.1125074	0.1604363	0.0970251	0.0000000	0.0000000
7124.9947861	7009.9839278	7009.6851660	0.0000000	0.0000000	0.1149082	0.1619152	0.0951901	0.0000000	0.0000000
7124.9947861	7004.9817325	7004.9778613	0.0000000	0.0000000	0.1144932	0.1614379	0.0960068	0.0000000	0.0000000
