7444.9962894	7599.9977245	7599.5502051	0.0000000	0.0000000	0.0060551	0.1915016	0.1248879	0.0000000	7445.0000000
7444.9962894	7594.9867234	7594.9313574	0.0000000	0.0000000	0.0083306	0.1919451	0.1242542	0.0000000	0.0000000
7444.9962894	7589.9849267	7589.8506250	0.0000000	0.0000000	0.0075897	0.1924689	0.1235233	0.0000000	0.0000000
7444.9962894	7584.9872136	7584.7698926	0.0000000	0.0000000	0.0088995	0.1922307	0.1241028	0.0000000	0.0000000
7444.9962894	7579.9895004	7579.6891602	0.0000000	0.0000000	0.0092710	0.1923776	0.1245566	0.0000000	0.0000000
7444.9962894	7574.9866901	7574.6139941	0.0000000	0.0000000	0.0097794	0.1930767	0.1235210	0.0000000	0.0000000
7444.9962894	7569.9864284	7569.5944922	0.0000000	0.0000000	0.0113239	0.1932986	0.1237813	0.0000000	0.0000000
7444.9962894	7564.9887153	7564.5749902	0.0000000	0.0000000	0.0089189	0.1923140	0.1233412	0.0000000	0.0000000
7444.9962894	7559.9859050	7559.5554883	0.0000000	0.0000000	0.0092325	0.1917072	0.1246681	0.0000000	0.0000000
7444.9962894	7554.9856433	7554.9923047	0.0000000	0.0000000	0.0098975	0.1917617	0.1245453	0.0000000	0.0000000
7444.9962894	7549.9853816	7549.9728027	0.0000000	0.0000000	0.0115242	0.1925040	0.1252841	0.0000000	0.0000000
7444.9962894	7544.9876684	7544.9533008	0.0000000	0.0000000	0.0087974	0.1922786	0.1249849	0.0000000	0.0000000
7444.9962894	7539.9901987	7539.9337988	0.0000000	0.0000000	0.0088978	0.1920272	0.1247178	0.0000000	0.0000000
7444.9962894	7534.9866347	7534.9142969	0.0000000	0.0000000	0.0086803	0.1917153	0.1249371	0.0000000	0.0000000
7444.9962894	7529.9830707	7529.8947949	0.0000000	0.0000000	0.0108312	0.1914808	0.1256403	0.0000000	0.0000000
7444.9962894	7524.9853080	7524.9299316	0.0000000	0.0000000	0.0124668	0.1924099	0.1237722	0.0000000	0.0000000
7444.9962894	7519.9904459	7519.9705322	0.0000000	0.0000000	0.0099821	0.1918265	0.1233827	0.0000000	0.0000000
7444.9962894	7514.9868819	7514.5602783	0.0000000	0.0000000	0.0137286	0.1922543	0.1250605	0.0000000	0.0000000
7444.9962894	7509.9833179	7509.6008789	0.0000000	0.0000000	0.0109534	0.1903495	0.1233806	0.0000000	0.0000000
7444.9962894	7504.9826546	7504.6414795	0.0000000	0.0000000	0.0096963	0.1905718	0.1238556	0.0000000	0.0000000
7444.9962894	7499.9848918	7499.6820801	0.0000000	0.0000000	0.0096118	0.1909257	0.1230040	0.0000000	0.0000000
7444.9962894	7494.9871291	7494.7226807	0.0000000	0.0000000	0.0087101	0.1918126	0.1237000	0.0000000	0.0000000
7444.9962894	7489.9843030	7489.7632813	0.0000000	0.0000000	0.0084641	0.1922708	0.1246177	0.0000000	0.0000000
7444.9962894	7484.9872274	7484.8038818	0.0000000	0.0000000	0.0079257	0.1922805	0.1239503	0.0000000	0.0000000
7444.9962894	7479.9873061	7479.8981445	0.0000000	0.0000000	0.0074741	0.1918304	0.1247701	0.0000000	0.0000000
7444.9962894	7474.9845391	7474.9977734	0.0000000	0.0000000	0.0070724	0.1928726	0.1237076	0.0000000	0.0000000
7444.9962894	7469.9846178	7469.6519141	0.0000000	0.0000000	0.0069313	0.1919907	0.1239526	0.0000000	0.0000000
7444.9962894	7464.9875422	7464.7515430	0.0000000	0.0000000	0.0075834	0.1920249	0.1251466	0.0000000	0.0000000
7444.9962894	7459.9847751	7459.8511719	0.0000000	0.0000000	0.0134359	0.1919896	0.1252515	0.0000000	0.0000000
7444.9962894	7454.9820081	7454.9508008	0.0000000	0.0000000	0.0382413	0.1914497	0.1256938	0.0000000	0.0000000
7444.9962894	7449.9849325	7449.6049414	0.0000000	0.0000000	0.0700504	0.1903190	0.1249298	0.0000000	0.0000000
7444.9962894	7444.9878570	7444.7045703	0.0000000	0.0000000	0.0821759	0.1911371	0.1239072	0.0000000	0.0000000
7444.9962894	7439.9879357	7439.8041992	0.0000000	0.0000000	0.0638429	0.1919844	0.1231542	0.0000000	0.0000000
7444.9962894	7434.9851686	7434.9618359	0.0000000	0.0000000	0.0328955	0.1917097	0.1234784	0.0000000	0.0000000
7444.9962894	7429.9899093	7429.6792578	0.0000000	0.0000000	0.0122679	0.1920972	0.1214409	0.0000000	0.0000000
7444.9962894	7424.9918312	7424.8368945	0.0000000	0.0000000	0.0081134	0.1924244	0.1218102	0.0000000	0.0000000
7444.9962894	7419.9857133	7419.9945313	0.0000000	0.0000000	0.0093016	0.1921542	0.1215781	0.0000000	0.0000000
7444.9962894	7414.9849553	7414.7119531	0.0000000	0.0000000	0.0070005	0.1912742	0.1205034	0.0000000	0.0000000
7444.9962894	7409.9868772	7409.8695898	0.0000000	0.0000000	0.0057058	0.1925176	0.1200059	0.0000000	0.0000000
7444.9962894	7404.9861191	7404.5870117	0.0000000	0.0000000	0.0060382	0.1920331	0.1202946	0.0000000	0.0000000
7444.9962894	7399.9907209	7399.7446484	0.0000000	0.0000000	0.0048135	0.1925942	0.1192213	0.0000000	0.0000000
7444.9962894	7394.9872830	7394.9126367	0.0000000	0.0000000	0.0078081	0.1923534	0.1187094	0.0000000	0.0000000
7444.9962894	7389.9865249	7389.6921680	0.0000000	0.0000000	0.0052495	0.1923695	0.1182054	0.0000000	0.0000000
7444.9962894	7384.9884468	7384.9067383	0.0000000	0.0000000	0.0042465	0.1923119	0.1166835	0.0000000	0.0000000
7444.9962894	7379.9853142	7379.6862695	0.0000000	0.0000000	0.0045656	0.1921818	0.1166050	0.0000000	0.0000000
7444.9962894	7374.9828197	7374.9008398	0.0000000	0.0000000	0.0045762	0.1921860	0.1154480	0.0000000	0.0000000
7444.9962894	7369.9868136	7369.6803711	0.0000000	0.0000000	0.0068843	0.1918721	0.1143135	0.0000000	0.0000000
7444.9962894	7364.9843191	7364.8949414	0.0000000	0.0000000	0.0056235	0.1911051	0.1149823	0.0000000	0.0000000
7444.9962894	7359.9883129	7359.6744727	0.0000000	0.0000000	0.0066018	0.1909230	0.1134025	0.0000000	0.0000000
7444.9962894	7354.9858184	7354.8890430	0.0000000	0.0000000	0.0075105	0.1917295	0.1122269	0.0000000	0.0000000
7444.9962894	7349.9833239	7349.6991016	0.0000000	0.0000000	0.0056909	0.1911440	0.1109850	0.0000000	0.0000000
7444.9962894	7344.9840736	7344.9696387	0.0000000	0.0000000	0.0051749	0.1909471	0.1108018	0.0000000	0.0000000
7444.9962894	7339.9848232	7339.8102246	0.0000000	0.0000000	0.0050619	0.1895118	0.1094528	0.0000000	0.0000000
7444.9962894	7334.9855729	7334.6508105	0.0000000	0.0000000	0.0057253	0.1907024	0.1077491	0.0000000	0.0000000
7444.9962894	7329.9863226	7329.9213477	0.0000000	0.0000000	0.0082224	0.1914012	0.1085249	0.0000000	0.0000000
7444.9962894	7324.9878543	7324.7619336	0.0000000	0.0000000	0.0052581	0.1915620	0.1076842	0.0000000	0.0000000
7444.9962894	7319.9871765	7319.6025195	0.0000000	0.0000000	0.0058047	0.1919828	0.1077488	0.0000000	0.0000000
7444.9962894	7314.9864987	7314.8730566	0.0000000	0.0000000	0.0065853	0.1925231	0.1084857	0.0000000	0.0000000
7444.9962894	7309.9886382	7309.7136426	0.0000000	0.0000000	0.0058862	0.1924568	0.1069438	0.0000000	0.0000000
7444.9962894	7304.9879604	7304.6092822	0.0000000	0.0000000	0.0054579	0.1927233	0.1074041	0.0000000	0.0000000
7444.9962894	7299.9872826	7299.9348730	0.0000000	0.0000000	0.0069255	0.1928038	0.1070551	0.0000000	0.0000000
7444.9962894	7294.9837875	7294.8355176	0.0000000	0.0000000	0.0073779	0.1912274	0.1090087	0.0000000	0.0000000
7444.9962894	7289.9859270	7289.7361621	0.0000000	0.0000000	0.0065078	0.1913364	0.1095726	0.0000000	0.0000000
7444.9962894	7284.9852492	7284.6368066	0.0000000	0.0000000	0.0063463	0.1916289	0.1086417	0.0000000	0.0000000
7444.9962894	7279.9847963	7279.9623975	0.0000000	0.0000000	0.0080789	0.1921681	0.1108134	0.0000000	0.0000000
7444.9962894	7274.9809045	7274.8630420	0.0000000	0.0000000	0.0071132	0.1933440	0.1112745	0.0000000	0.0000000
7444.9962894	7269.9866356	7269.7636865	0.0000000	0.0000000	0.0069033	0.1917124	0.1104547	0.0000000	0.0000000
7444.9962894	7264.9827438	7264.6888672	0.0000000	0.0000000	0.0060004	0.1922695	0.1088752	0.0000000	0.0000000
7444.9962894	7259.9852672	7259.6483984	0.0000000	0.0000000	0.0061381	0.1918112	0.1076239	0.0000000	0.0000000
7444.9962894	7254.9845830	7254.6079297	0.0000000	0.0000000	0.0058561	0.1920018	0.1080996	0.0000000	0.0000000
7444.9962894	7249.9838989	7249.9875000	0.0000000	0.0000000	0.0049279	0.1923538	0.1056298	0.0000000	0.0000000
7444.9962894	7244.9832147	7244.9470313	0.0000000	0.0000000	0.0036422	0.1918284	0.1049971	0.0000000	0.0000000
7444.9962894	7239.9825305	7239.9065625	0.0000000	0.0000000	0.0024692	0.1924692	0.1026121	0.0000000	0.0000000
7444.9962894	7234.9818463	7234.8660938	0.0000000	0.0000000	0.0029989	0.1923682	0.1022728	0.0000000	0.0000000
7444.9962894	7229.9811622	7229.8256250	0.0000000	0.0000000	0.0022761	0.1933599	0.1020815	0.0000000	0.0000000
7444.9962894	7224.9805610	7224.7851563	0.0000000	0.0000000	0.0021892	0.1922568	0.1024563	0.0000000	0.0000000
7444.9962894	7219.9886341	7219.8026367	0.0000000	0.0000000	0.0036422	0.1929323	0.1047064	0.0000000	0.0000000
7444.9962894	7214.9869255	7214.8201172	0.0000000	0.0000000	0.0026099	0.1917556	0.1061190	0.0000000	0.0000000
7444.9962894	7209.9852169	7209.8375977	0.0000000	0.0000000	0.0029438	0.1909773	0.1088738	0.0000000	0.0000000
7444.9962894	7204.9835083	7204.8550781	0.0000000	0.0000000	0.0031041	0.1916147	0.1114120	0.0000000	0.0000000
7444.9962894	7199.9850602	7199.8725586	0.0000000	0.0000000	0.0025541	0.1925103	0.1109373	0.0000000	0.0000000
7444.9962894	7194.9866121	7194.8900391	0.0000000	0.0000000	0.0030293	0.1919437	0.1110854	0.0000000	0.0000000
7444.9962894	7189.9881641	7189.9075195	0.0000000	0.0000000	0.0036191	0.1912187	0.1117881	0.0000000	0.0000000
7444.9962894	7184.9831949	7184.9250000	0.0000000	0.0000000	0.0029464	0.1921395	0.1111755	0.0000000	0.0000000
7444.9962894	7179.9847469	7179.9804492	0.0000000	0.0000000	0.0022385	0.1920693	0.1093569	0.0000000	0.0000000
7444.9962894	7174.9862988	7174.6444189	0.0000000	0.0000000	0.0024044	0.1926829	0.1081803	0.0000000	0.0000000
7444.9962894	7169.9845902	7169.7188525	0.0000000	0.0000000	0.0021201	0.1926494	0.1073328	0.0000000	0.0000000
7444.9962894	7164.9879166	7164.7932861	0.0000000	0.0000000	0.0009283	0.1922166	0.1066965	0.0000000	0.0000000
7444.9962894	7159.9890091	7159.8677197	0.0000000	0.0000000	0.0009214	0.1925238	0.1058158	0.0000000	0.0000000
7444.9962894	7154.9870938	7154.9421533	0.0000000	0.0000000	0.0010104	0.1935212	0.1068420	0.0000000	0.0000000
7444.9962894	7149.9851785	7149.6061230	0.0000000	0.0000000	0.0014845	0.1919836	0.1079894	0.0000000	0.0000000
7444.9962894	7144.9892787	7144.6805566	0.0000000	0.0000000	0.0008538	0.1917385	0.1074401	0.0000000	0.0000000
7444.9962894	7139.9873635	7139.7829688	0.0000000	0.0000000	0.0005675	0.1926212	0.1070082	0.0000000	0.0000000
7444.9962894	7134.9824404	7134.9133594	0.0000000	0.0000000	0.0007106	0.1943778	0.1062714	0.0000000	0.0000000
7444.9962894	7129.9865407	7129.6379492	0.0000000	0.0000000	0.0006439	0.1925389	0.1053611	0.0000000	0.0000000
7444.9962894	7124.9876331	7124.7683398	0.0000000	0.0000000	0.0005383	0.1926202	0.1054574	0.0000000	0.0000000
7444.9962894	7119.9827101	7119.8987305	0.0000000	0.0000000	0.0003505	0.1924885	0.1044749	0.0000000	0.0000000
7444.9962894	7114.9843181	7114.6233203	0.0000000	0.0000000	0.0003584	0.1935894	0.1032203	0.0000000	0.0000000
7444.9962894	7109.9857704	7109.7537109	0.0000000	0.0000000	0.0005114	0.1929943	0.1061155	0.0000000	0.0000000
7444.9962894	7104.9802611	7104.8841016	0.0000000	0.0000000	0.0004169	0.1921851	0.1048082	0.0000000	0.0000000
7444.9962894	7099.9851943	7099.6316406	0.0000000	0.0000000	0.0002346	0.1916339	0.1048472	0.0000000	0.0000000
7444.9962894	7094.9831658	7094.8171094	0.0000000	0.0000000	0.0004028	0.1933728	0.1031459	0.0000000	0.0000000
7444.9962894	7089.9846182	7089.6013672	0.0000000	0.0000000	0.0004412	0.1932279	0.1038820	0.0000000	0.0000000
7444.9962894	7084.9895515	7084.7868359	0.0000000	0.0000000	0.0002151	0.1920878	0.1025712	0.0000000	0.0000000
7444.9962894	7079.9875230	7079.9723047	0.0000000	0.0000000	0.0001499	0.1918490	0.1021732	0.0000000	0.0000000
7444.9962894	7074.9889754	7074.7565625	0.0000000	0.0000000	0.0001155	0.1924775	0.1007388	0.0000000	0.0000000
7444.9962894	7069.9834660	7069.9420313	0.0000000	0.0000000	0.0000531	0.1931931	0.1009935	0.0000000	0.0000000
7444.9962894	7064.9883993	7064.7262891	0.0000000	0.0000000	0.0001130	0.1937269	0.1010420	0.0000000	0.0000000
7444.9962894	7059.9863559	7059.9297656	0.0000000	0.0000000	0.0000875	0.1926505	0.0999294	0.0000000	0.0000000
7444.9962894	7054.9841606	7054.7725488	0.0000000	0.0000000	0.0001051	0.1929244	0.0996368	0.0000000	0.0000000
7444.9962894	7049.9819654	7049.6153320	0.0000000	0.0000000	0.0000547	0.1924640	0.0999211	0.0000000	0.0000000
7444.9962894	7044.9875799	7044.8548242	0.0000000	0.0000000	0.0000726	0.1925110	0.0997045	0.0000000	0.0000000
7444.9962894	7039.9814797	7039.6976074	0.0000000	0.0000000	0.0001609	0.1936566	0.1024293	0.0000000	0.0000000
7444.9962894	7034.9831894	7034.9370996	0.0000000	0.0000000	0.0001278	0.1930304	0.1019508	0.0000000	0.0000000
7444.9962894	7029.9848990	7029.7798828	0.0000000	0.0000000	0.0001677	0.1926416	0.1021243	0.0000000	0.0000000
7444.9962894	7024.9827038	7024.6226660	0.0000000	0.0000000	0.0001576	0.1930161	0.1028600	0.0000000	0.0000000
7444.9962894	7019.9805085	7019.8843262	0.0000000	0.0000000	0.0000878	0.1933510	0.1011959	0.0000000	0.0000000
7444.9962894	7014.9861230	7014.7847461	0.0000000	0.0000000	0.0000586	0.1934972	0.1010763	0.0000000	0.0000000
7444.9962894	7009.9878327	7009.6851660	0.0000000	0.0000000	0.0001158	0.1927655	0.1011573	0.0000000	0.0000000
7444.9962894	7004.9817325	7004.9778613	0.0000000	0.0000000	0.0000631	0.1927594	0.1015228	0.0000000	0.0000000
