7194.9978250	7599.9977245	7599.5502051	0.0000000	0.0000000	0.0195471	0.1758076	0.1263741	0.0000000	7195.0000000
7194.9978250	7594.9867234	7594.9313574	0.0000000	0.0000000	0.0218051	0.1751726	0.1255375	0.0000000	0.0000000
7194.9978250	7589.9849267	7589.8506250	0.0000000	0.0000000	0.0202140	0.1744026	0.1228547	0.0000000	0.0000000
7194.9978250	7584.9897621	7584.7698926	0.0000000	0.0000000	0.0201824	0.1732683	0.1229108	0.0000000	0.0000000
7194.9978250	7579.9869519	7579.6891602	0.0000000	0.0000000	0.0220131	0.1743783	0.1225691	0.0000000	0.0000000
7194.9978250	7574.9866901	7574.6139941	0.0000000	0.0000000	0.0206400	0.1746626	0.1224092	0.0000000	0.0000000
7194.9978250	7569.9889770	7569.5944922	0.0000000	0.0000000	0.0225399	0.1744146	0.1228705	0.0000000	0.0000000
7194.9978250	7564.9861667	7564.5749902	0.0000000	0.0000000	0.0211865	0.1746935	0.1233185	0.0000000	0.0000000
7194.9978250	7559.9859050	7559.5554883	0.0000000	0.0000000	0.0176700	0.1754268	0.1228959	0.0000000	0.0000000
7194.9978250	7554.9856433	7554.9923047	0.0000000	0.0000000	0.0176482	0.1750485	0.1224965	0.0000000	0.0000000
7194.9978250	7549.9853816	7549.9728027	0.0000000	0.0000000	0.0170231	0.1761012	0.1244677	0.0000000	0.0000000
7194.9978250	7544.9851198	7544.9533008	0.0000000	0.0000000	0.0163612	0.1754861	0.1262615	0.0000000	0.0000000
7194.9978250	7539.9872981	7539.9337988	0.0000000	0.0000000	0.0156469	0.1756671	0.1238135	0.0000000	0.0000000
7194.9978250	7534.9866347	7534.9142969	0.0000000	0.0000000	0.0166917	0.1751107	0.1233156	0.0000000	0.0000000
7194.9978250	7529.9859713	7529.8947949	0.0000000	0.0000000	0.0191829	0.1753790	0.1243071	0.0000000	0.0000000
7194.9978250	7524.9853080	7524.9299316	0.0000000	0.0000000	0.0172717	0.1746185	0.1252175	0.0000000	0.0000000
7194.9978250	7520.0310545	7519.9705322	0.0000000	0.0000000	0.0158708	0.1752976	0.1235697	0.0000000	0.0000000
7194.9978250	7514.9868819	7514.5602783	0.0000000	0.0000000	0.0177743	0.1754611	0.1213694	0.0000000	0.0000000
7194.9978250	7509.9833179	7509.6008789	0.0000000	0.0000000	0.0188531	0.1757836	0.1217025	0.0000000	0.0000000
7194.9978250	7504.9855552	7504.6414795	0.0000000	0.0000000	0.0178406	0.1757461	0.1216703	0.0000000	0.0000000
7194.9978250	7500.0284011	7499.6820801	0.0000000	0.0000000	0.0172407	0.1761553	0.1212443	0.0000000	0.0000000
7194.9978250	7495.0277377	7494.7226807	0.0000000	0.0000000	0.0167499	0.1760387	0.1210707	0.0000000	0.0000000
7194.9978250	7489.9871487	7489.7632813	0.0000000	0.0000000	0.0150415	0.1750615	0.1204995	0.0000000	0.0000000
7194.9978250	7484.9843817	7484.8038818	0.0000000	0.0000000	0.0160313	0.1745210	0.1206626	0.0000000	0.0000000
7194.9978250	7479.9873061	7479.8981445	0.0000000	0.0000000	0.0138975	0.1748716	0.1197823	0.0000000	0.0000000
7194.9978250	7474.9845391	7474.9977734	0.0000000	0.0000000	0.0136735	0.1758928	0.1193895	0.0000000	0.0000000
7194.9978250	7469.9846178	7469.6519141	0.0000000	0.0000000	0.0143400	0.1761212	0.1195715	0.0000000	0.0000000
7194.9978250	7464.9846965	7464.7515430	0.0000000	0.0000000	0.0125426	0.1761332	0.1197324	0.0000000	0.0000000
7194.9978250	7459.9847751	7459.8511719	0.0000000	0.0000000	0.0124846	0.1757015	0.1193556	0.0000000	0.0000000
7194.9978250	7454.9820081	7454.9508008	0.0000000	0.0000000	0.0123383	0.1756328	0.1201573	0.0000000	0.0000000
7194.9978250	7449.9849325	7449.6049414	0.0000000	0.0000000	0.0139977	0.1755017	0.1202180	0.0000000	0.0000000
7194.9978250	7444.9878570	7444.7045703	0.0000000	0.0000000	0.0112452	0.1764343	0.1195045	0.0000000	0.0000000
7194.9978250	7439.9822442	7439.8041992	0.0000000	0.0000000	0.0111561	0.1757627	0.1188096	0.0000000	0.0000000
7194.9978250	7434.9851686	7434.9618359	0.0000000	0.0000000	0.0113447	0.1757863	0.1205494	0.0000000	0.0000000
7194.9978250	7429.9899093	7429.6792578	0.0000000	0.0000000	0.0094449	0.1762418	0.1191581	0.0000000	0.0000000
7194.9978250	7424.9864714	7424.8368945	0.0000000	0.0000000	0.0096971	0.1760203	0.1196987	0.0000000	0.0000000
7194.9978250	7419.9857133	7419.9945313	0.0000000	0.0000000	0.0084597	0.1755482	0.1193151	0.0000000	0.0000000
7194.9978250	7414.9876352	7414.7119531	0.0000000	0.0000000	0.0077845	0.1752955	0.1168317	0.0000000	0.0000000
7194.9978250	7409.9841972	7409.8695898	0.0000000	0.0000000	0.0087471	0.1750485	0.1169655	0.0000000	0.0000000
7194.9978250	7404.9861191	7404.5870117	0.0000000	0.0000000	0.0088567	0.1761854	0.1165763	0.0000000	0.0000000
7194.9978250	7399.9853611	7399.7446484	0.0000000	0.0000000	0.0086479	0.1769022	0.1159717	0.0000000	0.0000000
7194.9978250	7394.9846030	7394.9126367	0.0000000	0.0000000	0.0090101	0.1756019	0.1162552	0.0000000	0.0000000
7194.9978250	7389.9838450	7389.6921680	0.0000000	0.0000000	0.0106151	0.1749187	0.1157598	0.0000000	0.0000000
7194.9978250	7384.9884468	7384.9067383	0.0000000	0.0000000	0.0118782	0.1750450	0.1159506	0.0000000	0.0000000
7194.9978250	7379.9820701	7379.6862695	0.0000000	0.0000000	0.0114287	0.1751698	0.1142296	0.0000000	0.0000000
7194.9978250	7375.0152613	7374.9008398	0.0000000	0.0000000	0.0125591	0.1745712	0.1137969	0.0000000	0.0000000
7194.9978250	7370.0030344	7369.6803711	0.0000000	0.0000000	0.0135570	0.1750753	0.1119290	0.0000000	0.0000000
7194.9978250	7365.0037840	7364.8949414	0.0000000	0.0000000	0.0134877	0.1756572	0.1105153	0.0000000	0.0000000
7194.9978250	7360.0045337	7359.6744727	0.0000000	0.0000000	0.0178657	0.1755309	0.1108201	0.0000000	0.0000000
7194.9978250	7355.0085275	7354.8890430	0.0000000	0.0000000	0.0181610	0.1760844	0.1090929	0.0000000	0.0000000
7194.9978250	7350.0092772	7349.6991016	0.0000000	0.0000000	0.0192361	0.1765765	0.1075753	0.0000000	0.0000000
7194.9978250	7345.0035385	7344.9696387	0.0000000	0.0000000	0.0186609	0.1758250	0.1048242	0.0000000	0.0000000
7194.9978250	7340.0107765	7339.8102246	0.0000000	0.0000000	0.0187487	0.1764027	0.1044919	0.0000000	0.0000000
7194.9978250	7335.0050379	7334.6508105	0.0000000	0.0000000	0.0193783	0.1773035	0.1044047	0.0000000	0.0000000
7194.9978250	7330.0090317	7329.9213477	0.0000000	0.0000000	0.0279502	0.1760078	0.1062104	0.0000000	0.0000000
7194.9978250	7325.0160272	7324.7619336	0.0000000	0.0000000	0.0291041	0.1752903	0.1055167	0.0000000	0.0000000
7194.9978250	7319.9843593	7319.6025195	0.0000000	0.0000000	0.0342539	0.1751539	0.1061459	0.0000000	0.0000000
7194.9978250	7314.9864987	7314.8730566	0.0000000	0.0000000	0.0411041	0.1750743	0.1064220	0.0000000	0.0000000
7194.9978250	7309.9886382	7309.7136426	0.0000000	0.0000000	0.0405032	0.1752266	0.1052814	0.0000000	0.0000000
7194.9978250	7304.9851431	7304.6092822	0.0000000	0.0000000	0.0386584	0.1751927	0.1048789	0.0000000	0.0000000
7194.9978250	7299.9816481	7299.9348730	0.0000000	0.0000000	0.0476113	0.1750907	0.1048715	0.0000000	0.0000000
7194.9978250	7294.9837875	7294.8355176	0.0000000	0.0000000	0.0517211	0.1746700	0.1053887	0.0000000	0.0000000
7194.9978250	7289.9859270	7289.7361621	0.0000000	0.0000000	0.0516501	0.1756725	0.1049988	0.0000000	0.0000000
7194.9978250	7284.9852492	7284.6368066	0.0000000	0.0000000	0.0547054	0.1750507	0.1059401	0.0000000	0.0000000
7194.9978250	7279.9815887	7279.9623975	0.0000000	0.0000000	0.0592405	0.1762064	0.1066339	0.0000000	0.0000000
7194.9978250	7275.0065655	7274.8630420	0.0000000	0.0000000	0.0669449	0.1762485	0.1078552	0.0000000	0.0000000
7194.9978250	7270.0090889	7269.7636865	0.0000000	0.0000000	0.0700352	0.1756685	0.1078236	0.0000000	0.0000000
7194.9978250	7265.0051971	7264.6888672	0.0000000	0.0000000	0.0682582	0.1754467	0.1075002	0.0000000	0.0000000
7194.9978250	7260.0173434	7259.6483984	0.0000000	0.0000000	0.0733088	0.1750275	0.1082888	0.0000000	0.0000000
7194.9978250	7255.0134516	7254.6079297	0.0000000	0.0000000	0.0786675	0.1754066	0.1060653	0.0000000	0.0000000
7194.9978250	7250.0063522	7249.9875000	0.0000000	0.0000000	0.0772750	0.1753253	0.1045045	0.0000000	0.0000000
7194.9978250	7245.0152909	7244.9470313	0.0000000	0.0000000	0.0734783	0.1757534	0.1014838	0.0000000	0.0000000
7194.9978250	7240.0113991	7239.9065625	0.0000000	0.0000000	0.0647124	0.1765112	0.0997405	0.0000000	0.0000000
7194.9978250	7235.0042997	7234.8660938	0.0000000	0.0000000	0.0735457	0.1760859	0.0988904	0.0000000	0.0000000
7194.9978250	7230.0068231	7229.8256250	0.0000000	0.0000000	0.0755831	0.1759272	0.0997854	0.0000000	0.0000000
7194.9978250	7225.0033850	7224.7851563	0.0000000	0.0000000	0.0841185	0.1762765	0.1000961	0.0000000	0.0000000
7194.9978250	7220.0016764	7219.8026367	0.0000000	0.0000000	0.1042611	0.1761334	0.1018611	0.0000000	0.0000000
7194.9978250	7215.0097495	7214.8201172	0.0000000	0.0000000	0.1214414	0.1753318	0.1044888	0.0000000	0.0000000
7194.9978250	7210.0047803	7209.8375977	0.0000000	0.0000000	0.1688678	0.1756719	0.1051251	0.0000000	0.0000000
7194.9978250	7205.0063322	7204.8550781	0.0000000	0.0000000	0.2507118	0.1756134	0.1044403	0.0000000	0.0000000
7194.9978250	7200.0078842	7199.8725586	0.0000000	0.0000000	0.3295050	0.1758279	0.1053662	0.0000000	0.0000000
7194.9978250	7195.0029150	7194.8900391	0.0000000	0.0000000	0.3547864	0.1759935	0.1050851	0.0000000	0.0000000
7194.9978250	7190.0012064	7189.9075195	0.0000000	0.0000000	0.3180643	0.1763711	0.1046172	0.0000000	0.0000000
7194.9978250	7185.0060189	7184.9250000	0.0000000	0.0000000	0.2315186	0.1763641	0.1036395	0.0000000	0.0000000
7194.9978250	7179.9977891	7179.9804492	0.0000000	0.0000000	0.1480413	0.1772709	0.1032300	0.0000000	0.0000000
7194.9978250	7175.0156439	7174.6444189	0.0000000	0.0000000	0.1272914	0.1770863	0.1028972	0.0000000	0.0000000
7194.9978250	7170.0041536	7169.7188525	0.0000000	0.0000000	0.1311804	0.1757074	0.1034744	0.0000000	0.0000000
7194.9978250	7165.0240098	7164.7932861	0.0000000	0.0000000	0.1104094	0.1759771	0.1035937	0.0000000	0.0000000
7194.9978250	7160.0251023	7159.8677197	0.0000000	0.0000000	0.0957557	0.1752220	0.1032252	0.0000000	0.0000000
7194.9978250	7155.0231870	7154.9421533	0.0000000	0.0000000	0.1043289	0.1752344	0.1045605	0.0000000	0.0000000
7194.9978250	7150.0212717	7149.6061230	0.0000000	0.0000000	0.1198462	0.1752065	0.1038437	0.0000000	0.0000000
7194.9978250	7145.0193564	7144.6805566	0.0000000	0.0000000	0.1055278	0.1756360	0.1017638	0.0000000	0.0000000
7194.9978250	7140.0174411	7139.7829688	0.0000000	0.0000000	0.0799387	0.1760083	0.1001139	0.0000000	0.0000000
7194.9978250	7135.0275569	7134.9133594	0.0000000	0.0000000	0.0780778	0.1753040	0.1010046	0.0000000	0.0000000
7194.9978250	7130.0256416	7129.6379492	0.0000000	0.0000000	0.1016501	0.1758097	0.1014088	0.0000000	0.0000000
7194.9978250	7125.0297419	7124.7683398	0.0000000	0.0000000	0.1025712	0.1757461	0.1023263	0.0000000	0.0000000
7194.9978250	7120.0218110	7119.8987305	0.0000000	0.0000000	0.0834661	0.1766520	0.1023812	0.0000000	0.0000000
7194.9978250	7114.9912798	7114.6233203	0.0000000	0.0000000	0.0865250	0.1748435	0.1017328	0.0000000	0.0000000
7194.9978250	7109.9857704	7109.7537109	0.0000000	0.0000000	0.0921906	0.1755134	0.1022771	0.0000000	0.0000000
7194.9978250	7104.9837419	7104.8841016	0.0000000	0.0000000	0.0850710	0.1750771	0.1024232	0.0000000	0.0000000
7194.9978250	7099.9817134	7099.6316406	0.0000000	0.0000000	0.0885350	0.1753572	0.1022054	0.0000000	0.0000000
7194.9978250	7094.9831658	7094.8171094	0.0000000	0.0000000	0.0766648	0.1750549	0.1015599	0.0000000	0.0000000
7194.9978250	7089.9811373	7089.6013672	0.0000000	0.0000000	0.0717964	0.1750776	0.1003557	0.0000000	0.0000000
7194.9978250	7084.9860706	7084.7868359	0.0000000	0.0000000	0.0654764	0.1759458	0.0992388	0.0000000	0.0000000
7194.9978250	7079.9875230	7079.9723047	0.0000000	0.0000000	0.0520490	0.1753287	0.0978180	0.0000000	0.0000000
7194.9978250	7075.0028989	7074.7565625	0.0000000	0.0000000	0.0423379	0.1756027	0.0977175	0.0000000	0.0000000
7194.9978250	7069.9939087	7069.9420313	0.0000000	0.0000000	0.0328820	0.1760566	0.0980289	0.0000000	0.0000000
7194.9978250	7064.9883993	7064.7262891	0.0000000	0.0000000	0.0356320	0.1756047	0.0971621	0.0000000	0.0000000
7194.9978250	7059.9824510	7059.9297656	0.0000000	0.0000000	0.0379474	0.1753746	0.0981014	0.0000000	0.0000000
7194.9978250	7054.9841606	7054.7725488	0.0000000	0.0000000	0.0420946	0.1743573	0.0980287	0.0000000	0.0000000
7194.9978250	7049.9819654	7049.6153320	0.0000000	0.0000000	0.0437578	0.1750579	0.0979127	0.0000000	0.0000000
7194.9978250	7044.9875799	7044.8548242	0.0000000	0.0000000	0.0423691	0.1752792	0.0973723	0.0000000	0.0000000
7194.9978250	7039.9775748	7039.6976074	0.0000000	0.0000000	0.0480480	0.1755237	0.0982052	0.0000000	0.0000000
7194.9978250	7034.9831894	7034.9370996	0.0000000	0.0000000	0.0490079	0.1750016	0.0975427	0.0000000	0.0000000
7194.9978250	7029.9809941	7029.7798828	0.0000000	0.0000000	0.0545975	0.1741635	0.0971823	0.0000000	0.0000000
7194.9978250	7024.9827038	7024.6226660	0.0000000	0.0000000	0.0533398	0.1755189	0.0963939	0.0000000	0.0000000
7194.9978250	7019.9805085	7019.8843262	0.0000000	0.0000000	0.0517992	0.1759708	0.0962870	0.0000000	0.0000000
7194.9978250	7014.9900280	7014.7847461	0.0000000	0.0000000	0.0513788	0.1760300	0.0965858	0.0000000	0.0000000
7194.9978250	7009.9839278	7009.6851660	0.0000000	0.0000000	0.0502383	0.1750476	0.0988805	0.0000000	0.0000000
7194.9978250	7004.9856374	7004.9778613	0.0000000	0.0000000	0.0471973	0.1748079	0.0996946	0.0000000	0.0000000
