7374.9965910	7599.9977245	7599.5502051	0.0000000	0.0000000	0.0122941	0.1871521	0.1227739	0.0000000	7375.0000000
7374.9965910	7594.9867234	7594.9313574	0.0000000	0.0000000	0.0116826	0.1868053	0.1219034	0.0000000	0.0000000
7374.9965910	7589.9849267	7589.8506250	0.0000000	0.0000000	0.0125349	0.1870560	0.1221598	0.0000000	0.0000000
7374.9965910	7584.9897621	7584.7698926	0.0000000	0.0000000	0.0122926	0.1859670	0.1219369	0.0000000	0.0000000
7374.9965910	7579.9895004	7579.6891602	0.0000000	0.0000000	0.0121200	0.1859745	0.1225046	0.0000000	0.0000000
7374.9965910	7574.9866901	7574.6139941	0.0000000	0.0000000	0.0141455	0.1838683	0.1234678	0.0000000	0.0000000
7374.9965910	7569.9864284	7569.5944922	0.0000000	0.0000000	0.0179036	0.1842126	0.1237949	0.0000000	0.0000000
7374.9965910	7564.9887153	7564.5749902	0.0000000	0.0000000	0.0181204	0.1870770	0.1231792	0.0000000	0.0000000
7374.9965910	7559.9859050	7559.5554883	0.0000000	0.0000000	0.0179315	0.1873218	0.1245836	0.0000000	0.0000000
7374.9965910	7554.9881918	7554.9923047	0.0000000	0.0000000	0.0177377	0.1856730	0.1250092	0.0000000	0.0000000
7374.9965910	7549.9879301	7549.9728027	0.0000000	0.0000000	0.0169800	0.1861941	0.1234519	0.0000000	0.0000000
7374.9965910	7544.9851198	7544.9533008	0.0000000	0.0000000	0.0139794	0.1858292	0.1233306	0.0000000	0.0000000
7374.9965910	7539.9872981	7539.9337988	0.0000000	0.0000000	0.0128606	0.1855229	0.1228134	0.0000000	0.0000000
7374.9965910	7535.0243427	7534.9142969	0.0000000	0.0000000	0.0168799	0.1853307	0.1239121	0.0000000	0.0000000
7374.9965910	7529.9859713	7529.8947949	0.0000000	0.0000000	0.0167462	0.1856069	0.1229177	0.0000000	0.0000000
7374.9965910	7525.0375191	7524.9299316	0.0000000	0.0000000	0.0124824	0.1863551	0.1216322	0.0000000	0.0000000
7374.9965910	7519.9904459	7519.9705322	0.0000000	0.0000000	0.0155397	0.1859161	0.1220372	0.0000000	0.0000000
7374.9965910	7515.0245899	7514.5602783	0.0000000	0.0000000	0.0158491	0.1847961	0.1224429	0.0000000	0.0000000
7374.9965910	7510.0297278	7509.6008789	0.0000000	0.0000000	0.0165364	0.1839360	0.1218170	0.0000000	0.0000000
7374.9965910	7505.0348657	7504.6414795	0.0000000	0.0000000	0.0195367	0.1847733	0.1227354	0.0000000	0.0000000
7374.9965910	7499.9906931	7499.6820801	0.0000000	0.0000000	0.0205767	0.1849835	0.1217352	0.0000000	0.0000000
7374.9965910	7495.0306383	7494.7226807	0.0000000	0.0000000	0.0193918	0.1853291	0.1216470	0.0000000	0.0000000
7374.9965910	7489.9871487	7489.7632813	0.0000000	0.0000000	0.0178870	0.1857532	0.1216879	0.0000000	0.0000000
7374.9965910	7484.9872274	7484.8038818	0.0000000	0.0000000	0.0190039	0.1857445	0.1218096	0.0000000	0.0000000
7374.9965910	7479.9901518	7479.8981445	0.0000000	0.0000000	0.0183350	0.1854030	0.1223746	0.0000000	0.0000000
7374.9965910	7474.9845391	7474.9977734	0.0000000	0.0000000	0.0201410	0.1863140	0.1226029	0.0000000	0.0000000
7374.9965910	7469.9846178	7469.6519141	0.0000000	0.0000000	0.0179615	0.1857252	0.1210696	0.0000000	0.0000000
7374.9965910	7464.9875422	7464.7515430	0.0000000	0.0000000	0.0189805	0.1860490	0.1216884	0.0000000	0.0000000
7374.9965910	7459.9847751	7459.8511719	0.0000000	0.0000000	0.0175513	0.1855568	0.1223370	0.0000000	0.0000000
7374.9965910	7454.9820081	7454.9508008	0.0000000	0.0000000	0.0142632	0.1853442	0.1204996	0.0000000	0.0000000
7374.9965910	7449.9849325	7449.6049414	0.0000000	0.0000000	0.0157802	0.1852753	0.1201439	0.0000000	0.0000000
7374.9965910	7444.9907027	7444.7045703	0.0000000	0.0000000	0.0183054	0.1854274	0.1214559	0.0000000	0.0000000
7374.9965910	7439.9822442	7439.8041992	0.0000000	0.0000000	0.0193362	0.1847249	0.1213090	0.0000000	0.0000000
7374.9965910	7434.9851686	7434.9618359	0.0000000	0.0000000	0.0165031	0.1846611	0.1206760	0.0000000	0.0000000
7374.9965910	7429.9845495	7429.6792578	0.0000000	0.0000000	0.0143456	0.1851544	0.1208633	0.0000000	0.0000000
7374.9965910	7424.9891513	7424.8368945	0.0000000	0.0000000	0.0157097	0.1852908	0.1190476	0.0000000	0.0000000
7374.9965910	7419.9910732	7419.9945313	0.0000000	0.0000000	0.0135878	0.1840653	0.1189365	0.0000000	0.0000000
7374.9965910	7414.9876352	7414.7119531	0.0000000	0.0000000	0.0116604	0.1839313	0.1187397	0.0000000	0.0000000
7374.9965910	7409.9868772	7409.8695898	0.0000000	0.0000000	0.0114777	0.1846027	0.1191002	0.0000000	0.0000000
7374.9965910	7404.9861191	7404.5870117	0.0000000	0.0000000	0.0134325	0.1853949	0.1181050	0.0000000	0.0000000
7374.9965910	7399.9907209	7399.7446484	0.0000000	0.0000000	0.0145151	0.1854175	0.1188774	0.0000000	0.0000000
7374.9965910	7394.9872830	7394.9126367	0.0000000	0.0000000	0.0141165	0.1856333	0.1188870	0.0000000	0.0000000
7374.9965910	7389.9865249	7389.6921680	0.0000000	0.0000000	0.0223503	0.1861991	0.1164839	0.0000000	0.0000000
7374.9965910	7384.9884468	7384.9067383	0.0000000	0.0000000	0.0498118	0.1867805	0.1163962	0.0000000	0.0000000
7374.9965910	7379.9820701	7379.6862695	0.0000000	0.0000000	0.0943803	0.1872981	0.1146183	0.0000000	0.0000000
7374.9965910	7375.0120172	7374.9008398	0.0000000	0.0000000	0.1247946	0.1876162	0.1144679	0.0000000	0.0000000
7374.9965910	7370.0095227	7369.6803711	0.0000000	0.0000000	0.1179020	0.1873744	0.1124810	0.0000000	0.0000000
7374.9965910	7365.0070282	7364.8949414	0.0000000	0.0000000	0.0730626	0.1865293	0.1119487	0.0000000	0.0000000
7374.9965910	7360.0077779	7359.6744727	0.0000000	0.0000000	0.0405916	0.1862046	0.1140492	0.0000000	0.0000000
7374.9965910	7355.0052834	7354.8890430	0.0000000	0.0000000	0.0279474	0.1848029	0.1139408	0.0000000	0.0000000
7374.9965910	7350.0092772	7349.6991016	0.0000000	0.0000000	0.0222390	0.1843215	0.1106327	0.0000000	0.0000000
7374.9965910	7345.0067827	7344.9696387	0.0000000	0.0000000	0.0180481	0.1829009	0.1081958	0.0000000	0.0000000
7374.9965910	7340.0075324	7339.8102246	0.0000000	0.0000000	0.0134343	0.1836923	0.1068560	0.0000000	0.0000000
7374.9965910	7335.0050379	7334.6508105	0.0000000	0.0000000	0.0147753	0.1846554	0.1058180	0.0000000	0.0000000
7374.9965910	7330.0090317	7329.9213477	0.0000000	0.0000000	0.0186589	0.1851863	0.1057566	0.0000000	0.0000000
7374.9965910	7325.0216617	7324.7619336	0.0000000	0.0000000	0.0166710	0.1859148	0.1057931	0.0000000	0.0000000
7374.9965910	7319.9843593	7319.6025195	0.0000000	0.0000000	0.0190977	0.1857053	0.1065555	0.0000000	0.0000000
7374.9965910	7314.9864987	7314.8730566	0.0000000	0.0000000	0.0256810	0.1856731	0.1053809	0.0000000	0.0000000
7374.9965910	7309.9886382	7309.7136426	0.0000000	0.0000000	0.0251855	0.1851566	0.1062632	0.0000000	0.0000000
7374.9965910	7304.9851431	7304.6092822	0.0000000	0.0000000	0.0188384	0.1855477	0.1058292	0.0000000	0.0000000
7374.9965910	7299.9844653	7299.9348730	0.0000000	0.0000000	0.0195062	0.1869662	0.1039154	0.0000000	0.0000000
7374.9965910	7294.9837875	7294.8355176	0.0000000	0.0000000	0.0187930	0.1875188	0.1044667	0.0000000	0.0000000
7374.9965910	7289.9831097	7289.7361621	0.0000000	0.0000000	0.0211512	0.1866383	0.1059469	0.0000000	0.0000000
7374.9965910	7284.9852492	7284.6368066	0.0000000	0.0000000	0.0214156	0.1862021	0.1070383	0.0000000	0.0000000
7374.9965910	7279.9847963	7279.9623975	0.0000000	0.0000000	0.0232592	0.1848921	0.1073130	0.0000000	0.0000000
7374.9965910	7275.0097731	7274.8630420	0.0000000	0.0000000	0.0244338	0.1853759	0.1085542	0.0000000	0.0000000
7374.9965910	7270.0058813	7269.7636865	0.0000000	0.0000000	0.0213927	0.1866399	0.1063302	0.0000000	0.0000000
7374.9965910	7265.0084048	7264.6888672	0.0000000	0.0000000	0.0167987	0.1843376	0.1078645	0.0000000	0.0000000
7374.9965910	7260.0141358	7259.6483984	0.0000000	0.0000000	0.0149684	0.1834683	0.1062396	0.0000000	0.0000000
7374.9965910	7255.0070364	7254.6079297	0.0000000	0.0000000	0.0150481	0.1843931	0.1060239	0.0000000	0.0000000
7374.9965910	7250.0127675	7249.9875000	0.0000000	0.0000000	0.0133002	0.1847791	0.1038090	0.0000000	0.0000000
7374.9965910	7245.0088757	7244.9470313	0.0000000	0.0000000	0.0103342	0.1845089	0.1032374	0.0000000	0.0000000
7374.9965910	7240.0049839	7239.9065625	0.0000000	0.0000000	0.0075408	0.1848878	0.1022491	0.0000000	0.0000000
7374.9965910	7235.0139226	7234.8660938	0.0000000	0.0000000	0.0077784	0.1858835	0.1007216	0.0000000	0.0000000
7374.9965910	7230.0068231	7229.8256250	0.0000000	0.0000000	0.0068041	0.1841089	0.0997494	0.0000000	0.0000000
7374.9965910	7225.0066456	7224.7851563	0.0000000	0.0000000	0.0063407	0.1840568	0.0997139	0.0000000	0.0000000
7374.9965910	7220.0049369	7219.8026367	0.0000000	0.0000000	0.0108346	0.1847969	0.1022080	0.0000000	0.0000000
7374.9965910	7215.0130100	7214.8201172	0.0000000	0.0000000	0.0110720	0.1867842	0.1021469	0.0000000	0.0000000
7374.9965910	7210.0047803	7209.8375977	0.0000000	0.0000000	0.0125657	0.1880671	0.1044338	0.0000000	0.0000000
7374.9965910	7205.0095928	7204.8550781	0.0000000	0.0000000	0.0131256	0.1880402	0.1068159	0.0000000	0.0000000
7374.9965910	7200.0046236	7199.8725586	0.0000000	0.0000000	0.0119409	0.1871469	0.1075193	0.0000000	0.0000000
7374.9965910	7195.0061755	7194.8900391	0.0000000	0.0000000	0.0115684	0.1864917	0.1070585	0.0000000	0.0000000
7374.9965910	7190.0077275	7189.9075195	0.0000000	0.0000000	0.0126924	0.1870190	0.1070027	0.0000000	0.0000000
7374.9965910	7185.0092794	7184.9250000	0.0000000	0.0000000	0.0098217	0.1862762	0.1062598	0.0000000	0.0000000
7374.9965910	7179.9977891	7179.9804492	0.0000000	0.0000000	0.0076865	0.1867275	0.1053065	0.0000000	0.0000000
7374.9965910	7175.0091228	7174.6444189	0.0000000	0.0000000	0.0068998	0.1858143	0.1029744	0.0000000	0.0000000
7374.9965910	7170.0139353	7169.7188525	0.0000000	0.0000000	0.0066993	0.1856691	0.1038032	0.0000000	0.0000000
7374.9965910	7164.9849088	7164.7932861	0.0000000	0.0000000	0.0034296	0.1861543	0.1019771	0.0000000	0.0000000
7374.9965910	7160.0311178	7159.8677197	0.0000000	0.0000000	0.0026184	0.1863749	0.1021914	0.0000000	0.0000000
7374.9965910	7155.0261947	7154.9421533	0.0000000	0.0000000	0.0025677	0.1849456	0.1034559	0.0000000	0.0000000
7374.9965910	7150.0212717	7149.6061230	0.0000000	0.0000000	0.0028275	0.1842229	0.1025210	0.0000000	0.0000000
7374.9965910	7145.0223642	7144.6805566	0.0000000	0.0000000	0.0017090	0.1860387	0.0996722	0.0000000	0.0000000
7374.9965910	7140.0264644	7139.7829688	0.0000000	0.0000000	0.0010713	0.1877783	0.1000107	0.0000000	0.0000000
7374.9965910	7135.0275569	7134.9133594	0.0000000	0.0000000	0.0009690	0.1878735	0.1002451	0.0000000	0.0000000
7374.9965910	7130.0256416	7129.6379492	0.0000000	0.0000000	0.0016940	0.1869054	0.1006766	0.0000000	0.0000000
7374.9965910	7125.0297419	7124.7683398	0.0000000	0.0000000	0.0010566	0.1878402	0.0994229	0.0000000	0.0000000
7374.9965910	7120.0248188	7119.8987305	0.0000000	0.0000000	0.0006370	0.1864709	0.0995564	0.0000000	0.0000000
7374.9965910	7114.9843181	7114.6233203	0.0000000	0.0000000	0.0004567	0.1869507	0.1000806	0.0000000	0.0000000
7374.9965910	7109.9822896	7109.7537109	0.0000000	0.0000000	0.0006372	0.1870472	0.1000154	0.0000000	0.0000000
7374.9965910	7104.9837419	7104.8841016	0.0000000	0.0000000	0.0004568	0.1876331	0.0998375	0.0000000	0.0000000
7374.9965910	7099.9817134	7099.6316406	0.0000000	0.0000000	0.0003916	0.1857577	0.1000271	0.0000000	0.0000000
7374.9965910	7094.9831658	7094.8171094	0.0000000	0.0000000	0.0002844	0.1840938	0.1012129	0.0000000	0.0000000
7374.9965910	7089.9846182	7089.6013672	0.0000000	0.0000000	0.0003999	0.1846173	0.1023846	0.0000000	0.0000000
7374.9965910	7084.9930324	7084.7868359	0.0000000	0.0000000	0.0002747	0.1840140	0.1018962	0.0000000	0.0000000
7374.9965910	7079.9875230	7079.9723047	0.0000000	0.0000000	0.0001420	0.1841051	0.0999141	0.0000000	0.0000000
7374.9965910	7074.9889754	7074.7565625	0.0000000	0.0000000	0.0000923	0.1851320	0.0979990	0.0000000	0.0000000
7374.9965910	7069.9869469	7069.9420313	0.0000000	0.0000000	0.0001069	0.1853417	0.0991761	0.0000000	0.0000000
7374.9965910	7064.9849184	7064.7262891	0.0000000	0.0000000	0.0000344	0.1875101	0.0981978	0.0000000	0.0000000
7374.9965910	7059.9824510	7059.9297656	0.0000000	0.0000000	0.0000436	0.1867368	0.0963041	0.0000000	0.0000000
7374.9965910	7054.9841606	7054.7725488	0.0000000	0.0000000	0.0001162	0.1861383	0.0972236	0.0000000	0.0000000
7374.9965910	7049.9819654	7049.6153320	0.0000000	0.0000000	0.0000636	0.1866985	0.0960521	0.0000000	0.0000000
7374.9965910	7044.9875799	7044.8548242	0.0000000	0.0000000	0.0000688	0.1862577	0.0970745	0.0000000	0.0000000
7374.9965910	7039.9775748	7039.6976074	0.0000000	0.0000000	0.0000392	0.1849432	0.0975018	0.0000000	0.0000000
7374.9965910	7034.9792845	7034.9370996	0.0000000	0.0000000	0.0000950	0.1864573	0.0955857	0.0000000	0.0000000
7374.9965910	7029.9809941	7029.7798828	0.0000000	0.0000000	0.0001519	0.1860483	0.0967675	0.0000000	0.0000000
7374.9965910	7024.9787988	7024.6226660	0.0000000	0.0000000	0.0000426	0.1832727	0.0969742	0.0000000	0.0000000
7374.9965910	7019.9805085	7019.8843262	0.0000000	0.0000000	0.0001030	0.1842617	0.0989403	0.0000000	0.0000000
7374.9965910	7014.9861230	7014.7847461	0.0000000	0.0000000	0.0000598	0.1858678	0.0968036	0.0000000	0.0000000
7374.9965910	7009.9839278	7009.6851660	0.0000000	0.0000000	0.0001733	0.1862499	0.0963547	0.0000000	0.0000000
7374.9965910	7004.9817325	7004.9778613	0.0000000	0.0000000	0.0001199	0.1852537	0.0966884	0.0000000	0.0000000
