7549.9960242	7599.9977245	7599.5502051	0.0000000	0.0000000	0.0077509	0.1766470	0.1247638	0.0000000	7550.0000000
7549.9960242	7594.9867234	7594.9313574	0.0000000	0.0000000	0.0080518	0.1777510	0.1241061	0.0000000	0.0000000
7549.9960242	7589.9849267	7589.8506250	0.0000000	0.0000000	0.0088871	0.1778452	0.1238923	0.0000000	0.0000000
7549.9960242	7584.9897621	7584.7698926	0.0000000	0.0000000	0.0116683	0.1768730	0.1254922	0.0000000	0.0000000
7549.9960242	7579.9895004	7579.6891602	0.0000000	0.0000000	0.0097842	0.1777957	0.1244978	0.0000000	0.0000000
7549.9960242	7574.9866901	7574.6139941	0.0000000	0.0000000	0.0112898	0.1778751	0.1250695	0.0000000	0.0000000
7549.9960242	7569.9889770	7569.5944922	0.0000000	0.0000000	0.0139606	0.1781593	0.1238568	0.0000000	0.0000000
7549.9960242	7564.9887153	7564.5749902	0.0000000	0.0000000	0.0235315	0.1776171	0.1240020	0.0000000	0.0000000
7549.9960242	7559.9910021	7559.5554883	0.0000000	0.0000000	0.0468728	0.1785685	0.1252111	0.0000000	0.0000000
7549.9960242	7554.9856433	7554.9923047	0.0000000	0.0000000	0.0808479	0.1775243	0.1257972	0.0000000	0.0000000
7549.9960242	7549.9853816	7549.9728027	0.0000000	0.0000000	0.0962043	0.1792054	0.1257322	0.0000000	0.0000000
7549.9960242	7544.9876684	7544.9533008	0.0000000	0.0000000	0.0810377	0.1785917	0.1268143	0.0000000	0.0000000
7549.9960242	7539.9872981	7539.9337988	0.0000000	0.0000000	0.0553101	0.1776240	0.1258475	0.0000000	0.0000000
7549.9960242	7534.9866347	7534.9142969	0.0000000	0.0000000	0.0278419	0.1780651	0.1246348	0.0000000	0.0000000
7549.9960242	7529.9830707	7529.8947949	0.0000000	0.0000000	0.0199832	0.1777982	0.1256760	0.0000000	0.0000000
7549.9960242	7524.9853080	7524.9299316	0.0000000	0.0000000	0.0166892	0.1779946	0.1243632	0.0000000	0.0000000
7549.9960242	7519.9875452	7519.9705322	0.0000000	0.0000000	0.0158285	0.1780181	0.1236251	0.0000000	0.0000000
7549.9960242	7514.9868819	7514.5602783	0.0000000	0.0000000	0.0175853	0.1789034	0.1244801	0.0000000	0.0000000
7549.9960242	7509.9833179	7509.6008789	0.0000000	0.0000000	0.0171904	0.1775173	0.1246061	0.0000000	0.0000000
7549.9960242	7504.9826546	7504.6414795	0.0000000	0.0000000	0.0172504	0.1780728	0.1250327	0.0000000	0.0000000
7549.9960242	7499.9877924	7499.6820801	0.0000000	0.0000000	0.0227638	0.1777919	0.1249961	0.0000000	0.0000000
7549.9960242	7494.9842285	7494.7226807	0.0000000	0.0000000	0.0236565	0.1774512	0.1259817	0.0000000	0.0000000
7549.9960242	7489.9843030	7489.7632813	0.0000000	0.0000000	0.0165381	0.1773303	0.1246921	0.0000000	0.0000000
7549.9960242	7484.9872274	7484.8038818	0.0000000	0.0000000	0.0153470	0.1777113	0.1246422	0.0000000	0.0000000
7549.9960242	7479.9901518	7479.8981445	0.0000000	0.0000000	0.0150416	0.1775728	0.1246418	0.0000000	0.0000000
7549.9960242	7474.9845391	7474.9977734	0.0000000	0.0000000	0.0108113	0.1778594	0.1247235	0.0000000	0.0000000
7549.9960242	7469.9846178	7469.6519141	0.0000000	0.0000000	0.0107505	0.1782936	0.1246215	0.0000000	0.0000000
7549.9960242	7464.9875422	7464.7515430	0.0000000	0.0000000	0.0111012	0.1780920	0.1240881	0.0000000	0.0000000
7549.9960242	7459.9876209	7459.8511719	0.0000000	0.0000000	0.0137313	0.1780017	0.1251884	0.0000000	0.0000000
7549.9960242	7454.9848538	7454.9508008	0.0000000	0.0000000	0.0134160	0.1778918	0.1241140	0.0000000	0.0000000
7549.9960242	7449.9849325	7449.6049414	0.0000000	0.0000000	0.0110996	0.1789069	0.1228528	0.0000000	0.0000000
7549.9960242	7444.9878570	7444.7045703	0.0000000	0.0000000	0.0127209	0.1785681	0.1239607	0.0000000	0.0000000
7549.9960242	7439.9879357	7439.8041992	0.0000000	0.0000000	0.0134463	0.1784769	0.1241532	0.0000000	0.0000000
7549.9960242	7434.9851686	7434.9618359	0.0000000	0.0000000	0.0157371	0.1787122	0.1234141	0.0000000	0.0000000
7549.9960242	7429.9872294	7429.6792578	0.0000000	0.0000000	0.0168450	0.1783480	0.1226698	0.0000000	0.0000000
7549.9960242	7424.9918312	7424.8368945	0.0000000	0.0000000	0.0104144	0.1781599	0.1221146	0.0000000	0.0000000
7549.9960242	7419.9883932	7419.9945313	0.0000000	0.0000000	0.0074486	0.1781465	0.1222599	0.0000000	0.0000000
7549.9960242	7414.9849553	7414.7119531	0.0000000	0.0000000	0.0083582	0.1778213	0.1229819	0.0000000	0.0000000
7549.9960242	7409.9868772	7409.8695898	0.0000000	0.0000000	0.0096063	0.1784427	0.1218242	0.0000000	0.0000000
7549.9960242	7404.9861191	7404.5870117	0.0000000	0.0000000	0.0069366	0.1773475	0.1221104	0.0000000	0.0000000
7549.9960242	7399.9853611	7399.7446484	0.0000000	0.0000000	0.0080680	0.1781930	0.1208435	0.0000000	0.0000000
7549.9960242	7394.9872830	7394.9126367	0.0000000	0.0000000	0.0082130	0.1779008	0.1200487	0.0000000	0.0000000
7549.9960242	7389.9865249	7389.6921680	0.0000000	0.0000000	0.0085796	0.1778916	0.1200410	0.0000000	0.0000000
7549.9960242	7384.9857669	7384.9067383	0.0000000	0.0000000	0.0088015	0.1777413	0.1197296	0.0000000	0.0000000
7549.9960242	7379.9820701	7379.6862695	0.0000000	0.0000000	0.0070973	0.1774600	0.1194803	0.0000000	0.0000000
7549.9960242	7374.9860639	7374.9008398	0.0000000	0.0000000	0.0071643	0.1792097	0.1174745	0.0000000	0.0000000
7549.9960242	7369.9868136	7369.6803711	0.0000000	0.0000000	0.0067526	0.1784695	0.1166523	0.0000000	0.0000000
7549.9960242	7364.9843191	7364.8949414	0.0000000	0.0000000	0.0072743	0.1776285	0.1158011	0.0000000	0.0000000
7549.9960242	7359.9850687	7359.6744727	0.0000000	0.0000000	0.0094478	0.1781099	0.1154846	0.0000000	0.0000000
7549.9960242	7354.9858184	7354.8890430	0.0000000	0.0000000	0.0090153	0.1771029	0.1146804	0.0000000	0.0000000
7549.9960242	7349.9865681	7349.6991016	0.0000000	0.0000000	0.0082319	0.1781631	0.1114720	0.0000000	0.0000000
7549.9960242	7344.9873177	7344.9696387	0.0000000	0.0000000	0.0077460	0.1778584	0.1094890	0.0000000	0.0000000
7549.9960242	7339.9848232	7339.8102246	0.0000000	0.0000000	0.0061586	0.1787572	0.1088319	0.0000000	0.0000000
7549.9960242	7334.9855729	7334.6508105	0.0000000	0.0000000	0.0067948	0.1786989	0.1082051	0.0000000	0.0000000
7549.9960242	7329.9863226	7329.9213477	0.0000000	0.0000000	0.0095717	0.1783522	0.1082866	0.0000000	0.0000000
7549.9960242	7324.9878543	7324.7619336	0.0000000	0.0000000	0.0060912	0.1782588	0.1076801	0.0000000	0.0000000
7549.9960242	7319.9871765	7319.6025195	0.0000000	0.0000000	0.0065959	0.1784611	0.1080660	0.0000000	0.0000000
7549.9960242	7314.9864987	7314.8730566	0.0000000	0.0000000	0.0075212	0.1782225	0.1071334	0.0000000	0.0000000
7549.9960242	7309.9886382	7309.7136426	0.0000000	0.0000000	0.0056459	0.1778163	0.1084703	0.0000000	0.0000000
7549.9960242	7304.9879604	7304.6092822	0.0000000	0.0000000	0.0053348	0.1788339	0.1082765	0.0000000	0.0000000
7549.9960242	7299.9872826	7299.9348730	0.0000000	0.0000000	0.0051307	0.1783757	0.1085671	0.0000000	0.0000000
7549.9960242	7294.9837875	7294.8355176	0.0000000	0.0000000	0.0051573	0.1779746	0.1094989	0.0000000	0.0000000
7549.9960242	7289.9859270	7289.7361621	0.0000000	0.0000000	0.0053503	0.1777275	0.1101073	0.0000000	0.0000000
7549.9960242	7284.9852492	7284.6368066	0.0000000	0.0000000	0.0040192	0.1783014	0.1089850	0.0000000	0.0000000
7549.9960242	7279.9815887	7279.9623975	0.0000000	0.0000000	0.0053735	0.1782299	0.1106580	0.0000000	0.0000000
7549.9960242	7274.9841121	7274.8630420	0.0000000	0.0000000	0.0040865	0.1776658	0.1099678	0.0000000	0.0000000
7549.9960242	7269.9866356	7269.7636865	0.0000000	0.0000000	0.0034139	0.1787235	0.1088618	0.0000000	0.0000000
7549.9960242	7264.9859514	7264.6888672	0.0000000	0.0000000	0.0033112	0.1778993	0.1087808	0.0000000	0.0000000
7549.9960242	7259.9852672	7259.6483984	0.0000000	0.0000000	0.0025155	0.1788651	0.1088500	0.0000000	0.0000000
7549.9960242	7254.9845830	7254.6079297	0.0000000	0.0000000	0.0020194	0.1780404	0.1069019	0.0000000	0.0000000
7549.9960242	7249.9871065	7249.9875000	0.0000000	0.0000000	0.0019471	0.1783807	0.1058301	0.0000000	0.0000000
7549.9960242	7244.9864223	7244.9470313	0.0000000	0.0000000	0.0011027	0.1779136	0.1040880	0.0000000	0.0000000
7549.9960242	7239.9857381	7239.9065625	0.0000000	0.0000000	0.0008949	0.1771284	0.1034148	0.0000000	0.0000000
7549.9960242	7234.9850540	7234.8660938	0.0000000	0.0000000	0.0007418	0.1779827	0.1024534	0.0000000	0.0000000
7549.9960242	7229.9811622	7229.8256250	0.0000000	0.0000000	0.0005009	0.1783634	0.1007327	0.0000000	0.0000000
7549.9960242	7224.9838216	7224.7851563	0.0000000	0.0000000	0.0009001	0.1776880	0.1033458	0.0000000	0.0000000
7549.9960242	7219.9886341	7219.8026367	0.0000000	0.0000000	0.0011013	0.1792260	0.1032444	0.0000000	0.0000000
7549.9960242	7214.9869255	7214.8201172	0.0000000	0.0000000	0.0011147	0.1773877	0.1056615	0.0000000	0.0000000
7549.9960242	7209.9884774	7209.8375977	0.0000000	0.0000000	0.0010557	0.1778911	0.1074774	0.0000000	0.0000000
7549.9960242	7204.9867688	7204.8550781	0.0000000	0.0000000	0.0013035	0.1790327	0.1074830	0.0000000	0.0000000
7549.9960242	7199.9883208	7199.8725586	0.0000000	0.0000000	0.0009777	0.1773705	0.1074604	0.0000000	0.0000000
7549.9960242	7194.9833516	7194.8900391	0.0000000	0.0000000	0.0010779	0.1785687	0.1096681	0.0000000	0.0000000
7549.9960242	7189.9849035	7189.9075195	0.0000000	0.0000000	0.0011350	0.1778077	0.1097710	0.0000000	0.0000000
7549.9960242	7184.9864555	7184.9250000	0.0000000	0.0000000	0.0008514	0.1783679	0.1116982	0.0000000	0.0000000
7549.9960242	7179.9847469	7179.9804492	0.0000000	0.0000000	0.0007922	0.1785616	0.1100470	0.0000000	0.0000000
7549.9960242	7174.9862988	7174.6444189	0.0000000	0.0000000	0.0009203	0.1782084	0.1085974	0.0000000	0.0000000
7549.9960242	7169.9845902	7169.7188525	0.0000000	0.0000000	0.0005679	0.1775002	0.1077974	0.0000000	0.0000000
7549.9960242	7164.9879166	7164.7932861	0.0000000	0.0000000	0.0002952	0.1780851	0.1071447	0.0000000	0.0000000
7549.9960242	7159.9890091	7159.8677197	0.0000000	0.0000000	0.0002794	0.1780798	0.1068314	0.0000000	0.0000000
7549.9960242	7154.9870938	7154.9421533	0.0000000	0.0000000	0.0001899	0.1783030	0.1085568	0.0000000	0.0000000
7549.9960242	7149.9851785	7149.6061230	0.0000000	0.0000000	0.0002969	0.1785964	0.1064039	0.0000000	0.0000000
7549.9960242	7144.9892787	7144.6805566	0.0000000	0.0000000	0.0002104	0.1785781	0.1052953	0.0000000	0.0000000
7549.9960242	7139.9903712	7139.7829688	0.0000000	0.0000000	0.0001180	0.1789600	0.1047003	0.0000000	0.0000000
7549.9960242	7134.9854482	7134.9133594	0.0000000	0.0000000	0.0001632	0.1782614	0.1046963	0.0000000	0.0000000
7549.9960242	7129.9865407	7129.6379492	0.0000000	0.0000000	0.0002811	0.1779417	0.1063829	0.0000000	0.0000000
7549.9960242	7124.9876331	7124.7683398	0.0000000	0.0000000	0.0002194	0.1776987	0.1055757	0.0000000	0.0000000
7549.9960242	7119.9857178	7119.8987305	0.0000000	0.0000000	0.0002450	0.1775737	0.1045763	0.0000000	0.0000000
7549.9960242	7114.9843181	7114.6233203	0.0000000	0.0000000	0.0001864	0.1791107	0.1044156	0.0000000	0.0000000
7549.9960242	7109.9857704	7109.7537109	0.0000000	0.0000000	0.0001294	0.1776783	0.1045153	0.0000000	0.0000000
7549.9960242	7104.9837419	7104.8841016	0.0000000	0.0000000	0.0002128	0.1782837	0.1034215	0.0000000	0.0000000
7549.9960242	7099.9851943	7099.6316406	0.0000000	0.0000000	0.0001871	0.1772723	0.1044745	0.0000000	0.0000000
7549.9960242	7094.9831658	7094.8171094	0.0000000	0.0000000	0.0001147	0.1777612	0.1043519	0.0000000	0.0000000
7549.9960242	7089.9846182	7089.6013672	0.0000000	0.0000000	0.0001575	0.1786432	0.1055127	0.0000000	0.0000000
7549.9960242	7084.9895515	7084.7868359	0.0000000	0.0000000	0.0001061	0.1773282	0.1050570	0.0000000	0.0000000
7549.9960242	7079.9875230	7079.9723047	0.0000000	0.0000000	0.0000823	0.1784763	0.1020065	0.0000000	0.0000000
7549.9960242	7074.9889754	7074.7565625	0.0000000	0.0000000	0.0000143	0.1772509	0.1013732	0.0000000	0.0000000
7549.9960242	7069.9869469	7069.9420313	0.0000000	0.0000000	0.0000503	0.1774923	0.1011533	0.0000000	0.0000000
7549.9960242	7064.9883993	7064.7262891	0.0000000	0.0000000	0.0000298	0.1780405	0.1016252	0.0000000	0.0000000
7549.9960242	7059.9863559	7059.9297656	0.0000000	0.0000000	0.0000745	0.1777421	0.1015930	0.0000000	0.0000000
7549.9960242	7054.9841606	7054.7725488	0.0000000	0.0000000	0.0000391	0.1781687	0.1000634	0.0000000	0.0000000
7549.9960242	7049.9858703	7049.6153320	0.0000000	0.0000000	0.0000674	0.1775037	0.1020768	0.0000000	0.0000000
7549.9960242	7044.9875799	7044.8548242	0.0000000	0.0000000	0.0000485	0.1771014	0.1021704	0.0000000	0.0000000
7549.9960242	7039.9814797	7039.6976074	0.0000000	0.0000000	0.0000865	0.1775706	0.1015443	0.0000000	0.0000000
7549.9960242	7034.9831894	7034.9370996	0.0000000	0.0000000	0.0000891	0.1774972	0.1014397	0.0000000	0.0000000
7549.9960242	7029.9848990	7029.7798828	0.0000000	0.0000000	0.0000918	0.1786261	0.1008944	0.0000000	0.0000000
7549.9960242	7024.9827038	7024.6226660	0.0000000	0.0000000	0.0000472	0.1787902	0.1008312	0.0000000	0.0000000
7549.9960242	7019.9805085	7019.8843262	0.0000000	0.0000000	0.0001029	0.1779960	0.1016323	0.0000000	0.0000000
7549.9960242	7014.9861230	7014.7847461	0.0000000	0.0000000	0.0000845	0.1773726	0.1016746	0.0000000	0.0000000
7549.9960242	7009.9878327	7009.6851660	0.0000000	0.0000000	0.0000900	0.1776460	0.1010815	0.0000000	0.0000000
7549.9960242	7004.9856374	7004.9778613	0.0000000	0.0000000	0.0000737	0.1775835	0.1023169	0.0000000	0.0000000
