7304.9965916	7599.9977245	7599.5502051	0.0000000	0.0000000	0.0191073	0.1853419	0.1243602	0.0000000	7305.0000000
7304.9965916	7594.9892152	7594.9313574	0.0000000	0.0000000	0.0179940	0.1864518	0.1245398	0.0000000	0.0000000
7304.9965916	7589.9849267	7589.8506250	0.0000000	0.0000000	0.0217535	0.1857469	0.1238457	0.0000000	0.0000000
7304.9965916	7584.9897621	7584.7698926	0.0000000	0.0000000	0.0212072	0.1863325	0.1240137	0.0000000	0.0000000
7304.9965916	7579.9869519	7579.6891602	0.0000000	0.0000000	0.0237067	0.1866716	0.1237614	0.0000000	0.0000000
7304.9965916	7574.9866901	7574.6139941	0.0000000	0.0000000	0.0190355	0.1858990	0.1238080	0.0000000	0.0000000
7304.9965916	7569.9889770	7569.5944922	0.0000000	0.0000000	0.0217915	0.1860138	0.1248602	0.0000000	0.0000000
7304.9965916	7564.9887153	7564.5749902	0.0000000	0.0000000	0.0234319	0.1859089	0.1243706	0.0000000	0.0000000
7304.9965916	7559.9859050	7559.5554883	0.0000000	0.0000000	0.0213369	0.1853185	0.1225803	0.0000000	0.0000000
7304.9965916	7554.9856433	7554.9923047	0.0000000	0.0000000	0.0212518	0.1854679	0.1229371	0.0000000	0.0000000
7304.9965916	7549.9853816	7549.9728027	0.0000000	0.0000000	0.0199500	0.1849246	0.1232487	0.0000000	0.0000000
7304.9965916	7544.9851198	7544.9533008	0.0000000	0.0000000	0.0193970	0.1855659	0.1239702	0.0000000	0.0000000
7304.9965916	7539.9872981	7539.9337988	0.0000000	0.0000000	0.0216749	0.1849652	0.1241454	0.0000000	0.0000000
7304.9965916	7535.0301440	7534.9142969	0.0000000	0.0000000	0.0246459	0.1860759	0.1261188	0.0000000	0.0000000
7304.9965916	7529.9830707	7529.8947949	0.0000000	0.0000000	0.0251044	0.1848915	0.1261531	0.0000000	0.0000000
7304.9965916	7524.9853080	7524.9299316	0.0000000	0.0000000	0.0252681	0.1844615	0.1254821	0.0000000	0.0000000
7304.9965916	7519.9875452	7519.9705322	0.0000000	0.0000000	0.0234849	0.1849301	0.1254862	0.0000000	0.0000000
7304.9965916	7515.0274905	7514.5602783	0.0000000	0.0000000	0.0243705	0.1845398	0.1248102	0.0000000	0.0000000
7304.9965916	7509.9804173	7509.6008789	0.0000000	0.0000000	0.0229081	0.1857810	0.1240142	0.0000000	0.0000000
7304.9965916	7504.9855552	7504.6414795	0.0000000	0.0000000	0.0249625	0.1864498	0.1234930	0.0000000	0.0000000
7304.9965916	7499.9877924	7499.6820801	0.0000000	0.0000000	0.0247698	0.1852809	0.1223556	0.0000000	0.0000000
7304.9965916	7495.0364396	7494.7226807	0.0000000	0.0000000	0.0259910	0.1845756	0.1229064	0.0000000	0.0000000
7304.9965916	7489.9871487	7489.7632813	0.0000000	0.0000000	0.0279376	0.1854664	0.1231294	0.0000000	0.0000000
7304.9965916	7484.9843817	7484.8038818	0.0000000	0.0000000	0.0299648	0.1857344	0.1240286	0.0000000	0.0000000
7304.9965916	7479.9873061	7479.8981445	0.0000000	0.0000000	0.0247858	0.1859642	0.1240212	0.0000000	0.0000000
7304.9965916	7474.9845391	7474.9977734	0.0000000	0.0000000	0.0237070	0.1864524	0.1245040	0.0000000	0.0000000
7304.9965916	7469.9846178	7469.6519141	0.0000000	0.0000000	0.0250436	0.1853701	0.1252216	0.0000000	0.0000000
7304.9965916	7464.9875422	7464.7515430	0.0000000	0.0000000	0.0233853	0.1858644	0.1250797	0.0000000	0.0000000
7304.9965916	7459.9847751	7459.8511719	0.0000000	0.0000000	0.0244093	0.1858081	0.1227246	0.0000000	0.0000000
7304.9965916	7454.9820081	7454.9508008	0.0000000	0.0000000	0.0246354	0.1857184	0.1220745	0.0000000	0.0000000
7304.9965916	7450.0333097	7449.6049414	0.0000000	0.0000000	0.0224865	0.1862753	0.1219666	0.0000000	0.0000000
7304.9965916	7444.9907027	7444.7045703	0.0000000	0.0000000	0.0243467	0.1861169	0.1219701	0.0000000	0.0000000
7304.9965916	7439.9879357	7439.8041992	0.0000000	0.0000000	0.0241438	0.1854283	0.1212074	0.0000000	0.0000000
7304.9965916	7434.9851686	7434.9618359	0.0000000	0.0000000	0.0277333	0.1845811	0.1235291	0.0000000	0.0000000
7304.9965916	7429.9899093	7429.6792578	0.0000000	0.0000000	0.0235366	0.1841605	0.1229830	0.0000000	0.0000000
7304.9965916	7424.9864714	7424.8368945	0.0000000	0.0000000	0.0257053	0.1836727	0.1228375	0.0000000	0.0000000
7304.9965916	7419.9857133	7419.9945313	0.0000000	0.0000000	0.0226259	0.1854894	0.1227260	0.0000000	0.0000000
7304.9965916	7414.9849553	7414.7119531	0.0000000	0.0000000	0.0225951	0.1847592	0.1224883	0.0000000	0.0000000
7304.9965916	7409.9868772	7409.8695898	0.0000000	0.0000000	0.0208848	0.1848751	0.1189021	0.0000000	0.0000000
7304.9965916	7404.9861191	7404.5870117	0.0000000	0.0000000	0.0221523	0.1855110	0.1190773	0.0000000	0.0000000
7304.9965916	7399.9880410	7399.7446484	0.0000000	0.0000000	0.0212675	0.1867714	0.1176273	0.0000000	0.0000000
7304.9965916	7394.9846030	7394.9126367	0.0000000	0.0000000	0.0237247	0.1851738	0.1185857	0.0000000	0.0000000
7304.9965916	7389.9865249	7389.6921680	0.0000000	0.0000000	0.0259625	0.1852341	0.1180580	0.0000000	0.0000000
7304.9965916	7384.9857669	7384.9067383	0.0000000	0.0000000	0.0283630	0.1844668	0.1174396	0.0000000	0.0000000
7304.9965916	7379.9820701	7379.6862695	0.0000000	0.0000000	0.0279950	0.1842804	0.1160690	0.0000000	0.0000000
7304.9965916	7375.0120172	7374.9008398	0.0000000	0.0000000	0.0259534	0.1839530	0.1146351	0.0000000	0.0000000
7304.9965916	7370.0095227	7369.6803711	0.0000000	0.0000000	0.0289873	0.1842285	0.1139999	0.0000000	0.0000000
7304.9965916	7365.0135165	7364.8949414	0.0000000	0.0000000	0.0307156	0.1854886	0.1130066	0.0000000	0.0000000
7304.9965916	7360.0077779	7359.6744727	0.0000000	0.0000000	0.0345468	0.1852927	0.1152926	0.0000000	0.0000000
7304.9965916	7355.0052834	7354.8890430	0.0000000	0.0000000	0.0351583	0.1846151	0.1124370	0.0000000	0.0000000
7304.9965916	7350.0092772	7349.6991016	0.0000000	0.0000000	0.0344669	0.1845103	0.1107947	0.0000000	0.0000000
7304.9965916	7345.0035385	7344.9696387	0.0000000	0.0000000	0.0326172	0.1852760	0.1074115	0.0000000	0.0000000
7304.9965916	7340.0042882	7339.8102246	0.0000000	0.0000000	0.0289672	0.1856932	0.1055516	0.0000000	0.0000000
7304.9965916	7335.0115262	7334.6508105	0.0000000	0.0000000	0.0358406	0.1855743	0.1078224	0.0000000	0.0000000
7304.9965916	7330.0057875	7329.9213477	0.0000000	0.0000000	0.0474938	0.1855343	0.1091124	0.0000000	0.0000000
7304.9965916	7325.0244790	7324.7619336	0.0000000	0.0000000	0.0466327	0.1848344	0.1079055	0.0000000	0.0000000
7304.9965916	7319.9843593	7319.6025195	0.0000000	0.0000000	0.0583928	0.1846178	0.1086974	0.0000000	0.0000000
7304.9965916	7314.9864987	7314.8730566	0.0000000	0.0000000	0.1039955	0.1846609	0.1078300	0.0000000	0.0000000
7304.9965916	7309.9886382	7309.7136426	0.0000000	0.0000000	0.1595835	0.1860070	0.1074010	0.0000000	0.0000000
7304.9965916	7304.9879604	7304.6092822	0.0000000	0.0000000	0.1904045	0.1847721	0.1070654	0.0000000	0.0000000
7304.9965916	7299.9844653	7299.9348730	0.0000000	0.0000000	0.1856808	0.1850544	0.1074176	0.0000000	0.0000000
7304.9965916	7294.9837875	7294.8355176	0.0000000	0.0000000	0.1424456	0.1861195	0.1093214	0.0000000	0.0000000
7304.9965916	7289.9831097	7289.7361621	0.0000000	0.0000000	0.0836619	0.1853207	0.1096357	0.0000000	0.0000000
7304.9965916	7284.9880665	7284.6368066	0.0000000	0.0000000	0.0595048	0.1847985	0.1085309	0.0000000	0.0000000
7304.9965916	7279.9847963	7279.9623975	0.0000000	0.0000000	0.0580855	0.1849807	0.1102429	0.0000000	0.0000000
7304.9965916	7275.0001502	7274.8630420	0.0000000	0.0000000	0.0624362	0.1852972	0.1116188	0.0000000	0.0000000
7304.9965916	7270.0155042	7269.7636865	0.0000000	0.0000000	0.0567828	0.1849445	0.1109539	0.0000000	0.0000000
7304.9965916	7265.0116124	7264.6888672	0.0000000	0.0000000	0.0480596	0.1838065	0.1092362	0.0000000	0.0000000
7304.9965916	7260.0045130	7259.6483984	0.0000000	0.0000000	0.0460828	0.1846267	0.1082328	0.0000000	0.0000000
7304.9965916	7255.0102440	7254.6079297	0.0000000	0.0000000	0.0467024	0.1858214	0.1079683	0.0000000	0.0000000
7304.9965916	7250.0191827	7249.9875000	0.0000000	0.0000000	0.0431997	0.1851837	0.1058397	0.0000000	0.0000000
7304.9965916	7245.0056680	7244.9470313	0.0000000	0.0000000	0.0378365	0.1853499	0.1035886	0.0000000	0.0000000
7304.9965916	7240.0081915	7239.9065625	0.0000000	0.0000000	0.0367478	0.1843094	0.1026113	0.0000000	0.0000000
7304.9965916	7235.0107149	7234.8660938	0.0000000	0.0000000	0.0368374	0.1844286	0.1010079	0.0000000	0.0000000
7304.9965916	7230.0068231	7229.8256250	0.0000000	0.0000000	0.0337937	0.1849144	0.0996348	0.0000000	0.0000000
7304.9965916	7225.0066456	7224.7851563	0.0000000	0.0000000	0.0362053	0.1852886	0.1005460	0.0000000	0.0000000
7304.9965916	7220.0114581	7219.8026367	0.0000000	0.0000000	0.0458295	0.1846826	0.1027997	0.0000000	0.0000000
7304.9965916	7215.0195312	7214.8201172	0.0000000	0.0000000	0.0505253	0.1848199	0.1054182	0.0000000	0.0000000
7304.9965916	7210.0113014	7209.8375977	0.0000000	0.0000000	0.0554087	0.1843091	0.1064562	0.0000000	0.0000000
7304.9965916	7205.0063322	7204.8550781	0.0000000	0.0000000	0.0571193	0.1846232	0.1072815	0.0000000	0.0000000
7304.9965916	7200.0013630	7199.8725586	0.0000000	0.0000000	0.0527629	0.1847957	0.1081013	0.0000000	0.0000000
7304.9965916	7195.0094361	7194.8900391	0.0000000	0.0000000	0.0539164	0.1846234	0.1072184	0.0000000	0.0000000
7304.9965916	7190.0077275	7189.9075195	0.0000000	0.0000000	0.0571167	0.1846593	0.1079911	0.0000000	0.0000000
7304.9965916	7185.0027583	7184.9250000	0.0000000	0.0000000	0.0552806	0.1848536	0.1069492	0.0000000	0.0000000
7304.9965916	7180.0010497	7179.9804492	0.0000000	0.0000000	0.0452491	0.1857268	0.1056024	0.0000000	0.0000000
7304.9965916	7175.0091228	7174.6444189	0.0000000	0.0000000	0.0441442	0.1860085	0.1061670	0.0000000	0.0000000
7304.9965916	7170.0139353	7169.7188525	0.0000000	0.0000000	0.0412710	0.1853473	0.1063226	0.0000000	0.0000000
7304.9965916	7165.0390486	7164.7932861	0.0000000	0.0000000	0.0298687	0.1849753	0.1040653	0.0000000	0.0000000
7304.9965916	7160.0341256	7159.8677197	0.0000000	0.0000000	0.0269419	0.1853324	0.1049020	0.0000000	0.0000000
7304.9965916	7155.0261947	7154.9421533	0.0000000	0.0000000	0.0293041	0.1846023	0.1070353	0.0000000	0.0000000
7304.9965916	7150.0302950	7149.6061230	0.0000000	0.0000000	0.0327511	0.1855024	0.1071151	0.0000000	0.0000000
7304.9965916	7145.0253719	7144.6805566	0.0000000	0.0000000	0.0229139	0.1853026	0.1038571	0.0000000	0.0000000
7304.9965916	7140.0264644	7139.7829688	0.0000000	0.0000000	0.0170120	0.1858510	0.1020649	0.0000000	0.0000000
7304.9965916	7135.0185336	7134.9133594	0.0000000	0.0000000	0.0165115	0.1844960	0.1031410	0.0000000	0.0000000
7304.9965916	7130.0256416	7129.6379492	0.0000000	0.0000000	0.0202722	0.1845405	0.1024237	0.0000000	0.0000000
7304.9965916	7125.0327496	7124.7683398	0.0000000	0.0000000	0.0178199	0.1856444	0.1026898	0.0000000	0.0000000
7304.9965916	7120.0278266	7119.8987305	0.0000000	0.0000000	0.0135743	0.1842795	0.1041799	0.0000000	0.0000000
7304.9965916	7114.9808372	7114.6233203	0.0000000	0.0000000	0.0115469	0.1839685	0.1030544	0.0000000	0.0000000
7304.9965916	7109.9822896	7109.7537109	0.0000000	0.0000000	0.0127202	0.1838695	0.1036968	0.0000000	0.0000000
7304.9965916	7104.9837419	7104.8841016	0.0000000	0.0000000	0.0111971	0.1837914	0.1038832	0.0000000	0.0000000
7304.9965916	7099.9851943	7099.6316406	0.0000000	0.0000000	0.0110471	0.1850171	0.1028442	0.0000000	0.0000000
7304.9965916	7094.9831658	7094.8171094	0.0000000	0.0000000	0.0093799	0.1843335	0.1032129	0.0000000	0.0000000
7304.9965916	7089.9846182	7089.6013672	0.0000000	0.0000000	0.0091069	0.1856177	0.1028534	0.0000000	0.0000000
7304.9965916	7084.9895515	7084.7868359	0.0000000	0.0000000	0.0073190	0.1852235	0.1024977	0.0000000	0.0000000
7304.9965916	7079.9875230	7079.9723047	0.0000000	0.0000000	0.0048605	0.1846138	0.1009984	0.0000000	0.0000000
7304.9965916	7074.9889754	7074.7565625	0.0000000	0.0000000	0.0034181	0.1843910	0.1001381	0.0000000	0.0000000
7304.9965916	7069.9869469	7069.9420313	0.0000000	0.0000000	0.0020604	0.1845620	0.0982980	0.0000000	0.0000000
7304.9965916	7064.9849184	7064.7262891	0.0000000	0.0000000	0.0021903	0.1846797	0.0973488	0.0000000	0.0000000
7304.9965916	7059.9863559	7059.9297656	0.0000000	0.0000000	0.0021389	0.1843408	0.0984161	0.0000000	0.0000000
7304.9965916	7054.9841606	7054.7725488	0.0000000	0.0000000	0.0026522	0.1848116	0.0982281	0.0000000	0.0000000
7304.9965916	7049.9819654	7049.6153320	0.0000000	0.0000000	0.0028129	0.1850156	0.0971042	0.0000000	0.0000000
7304.9965916	7044.9875799	7044.8548242	0.0000000	0.0000000	0.0024717	0.1851101	0.0969539	0.0000000	0.0000000
7304.9965916	7039.9814797	7039.6976074	0.0000000	0.0000000	0.0031207	0.1844146	0.0983463	0.0000000	0.0000000
7304.9965916	7034.9831894	7034.9370996	0.0000000	0.0000000	0.0030116	0.1845988	0.0987527	0.0000000	0.0000000
7304.9965916	7029.9848990	7029.7798828	0.0000000	0.0000000	0.0037538	0.1846851	0.0987255	0.0000000	0.0000000
7304.9965916	7024.9827038	7024.6226660	0.0000000	0.0000000	0.0039595	0.1840321	0.0993192	0.0000000	0.0000000
7304.9965916	7019.9805085	7019.8843262	0.0000000	0.0000000	0.0030299	0.1850966	0.0986605	0.0000000	0.0000000
7304.9965916	7014.9822181	7014.7847461	0.0000000	0.0000000	0.0033158	0.1852256	0.1000813	0.0000000	0.0000000
7304.9965916	7009.9878327	7009.6851660	0.0000000	0.0000000	0.0031104	0.1848715	0.0997212	0.0000000	0.0000000
7304.9965916	7004.9856374	7004.9778613	0.0000000	0.0000000	0.0024879	0.1844788	0.0992551	0.0000000	0.0000000
