7139.9935719	7600.0002163	7599.5502051	0.0000000	0.0000000	0.0178931	0.1537151	0.1232850	0.0000000	7140.0000000
7139.9935719	7594.9842316	7594.9313574	0.0000000	0.0000000	0.0208521	0.1547458	0.1228278	0.0000000	0.0000000
7139.9935719	7589.9874753	7589.8506250	0.0000000	0.0000000	0.0199672	0.1545715	0.1223287	0.0000000	0.0000000
7139.9935719	7584.9897621	7584.7698926	0.0000000	0.0000000	0.0220938	0.1542896	0.1230231	0.0000000	0.0000000
7139.9935719	7579.9869519	7579.6891602	0.0000000	0.0000000	0.0202795	0.1549282	0.1216698	0.0000000	0.0000000
7139.9935719	7574.9866901	7574.6139941	0.0000000	0.0000000	0.0206843	0.1548074	0.1215472	0.0000000	0.0000000
7139.9935719	7569.9864284	7569.5944922	0.0000000	0.0000000	0.0229349	0.1541006	0.1219429	0.0000000	0.0000000
7139.9935719	7564.9887153	7564.5749902	0.0000000	0.0000000	0.0191973	0.1539718	0.1224409	0.0000000	0.0000000
7139.9935719	7559.9859050	7559.5554883	0.0000000	0.0000000	0.0167985	0.1536084	0.1216361	0.0000000	0.0000000
7139.9935719	7554.9856433	7554.9923047	0.0000000	0.0000000	0.0170082	0.1540358	0.1207122	0.0000000	0.0000000
7139.9935719	7549.9853816	7549.9728027	0.0000000	0.0000000	0.0184657	0.1544058	0.1217083	0.0000000	0.0000000
7139.9935719	7544.9851198	7544.9533008	0.0000000	0.0000000	0.0174708	0.1538718	0.1209263	0.0000000	0.0000000
7139.9935719	7539.9872981	7539.9337988	0.0000000	0.0000000	0.0174464	0.1548158	0.1211918	0.0000000	0.0000000
7139.9935719	7535.0272433	7534.9142969	0.0000000	0.0000000	0.0184640	0.1553694	0.1217522	0.0000000	0.0000000
7139.9935719	7530.0352818	7529.8947949	0.0000000	0.0000000	0.0206973	0.1548107	0.1217529	0.0000000	0.0000000
7139.9935719	7524.9853080	7524.9299316	0.0000000	0.0000000	0.0168752	0.1542515	0.1201132	0.0000000	0.0000000
7139.9935719	7519.9875452	7519.9705322	0.0000000	0.0000000	0.0185253	0.1523037	0.1242529	0.0000000	0.0000000
7139.9935719	7515.0303911	7514.5602783	0.0000000	0.0000000	0.0186619	0.1533337	0.1232509	0.0000000	0.0000000
7139.9935719	7509.9833179	7509.6008789	0.0000000	0.0000000	0.0190127	0.1543369	0.1221660	0.0000000	0.0000000
7139.9935719	7505.0348657	7504.6414795	0.0000000	0.0000000	0.0207107	0.1543058	0.1216735	0.0000000	0.0000000
7139.9935719	7500.0342023	7499.6820801	0.0000000	0.0000000	0.0191470	0.1540726	0.1209557	0.0000000	0.0000000
7139.9935719	7495.0364396	7494.7226807	0.0000000	0.0000000	0.0182648	0.1542111	0.1201250	0.0000000	0.0000000
7139.9935719	7490.0269887	7489.7632813	0.0000000	0.0000000	0.0181260	0.1551154	0.1201709	0.0000000	0.0000000
7139.9935719	7484.9843817	7484.8038818	0.0000000	0.0000000	0.0160602	0.1538525	0.1201879	0.0000000	0.0000000
7139.9935719	7479.9873061	7479.8981445	0.0000000	0.0000000	0.0153362	0.1535045	0.1197969	0.0000000	0.0000000
7139.9935719	7474.9845391	7474.9977734	0.0000000	0.0000000	0.0151281	0.1529764	0.1192649	0.0000000	0.0000000
7139.9935719	7469.9846178	7469.6519141	0.0000000	0.0000000	0.0144149	0.1538441	0.1199631	0.0000000	0.0000000
7139.9935719	7465.0359193	7464.7515430	0.0000000	0.0000000	0.0138098	0.1541107	0.1198966	0.0000000	0.0000000
7139.9935719	7459.9847751	7459.8511719	0.0000000	0.0000000	0.0103269	0.1533143	0.1199459	0.0000000	0.0000000
7139.9935719	7454.9848538	7454.9508008	0.0000000	0.0000000	0.0099802	0.1540243	0.1191321	0.0000000	0.0000000
7139.9935719	7449.9849325	7449.6049414	0.0000000	0.0000000	0.0096355	0.1531788	0.1190070	0.0000000	0.0000000
7139.9935719	7444.9878570	7444.7045703	0.0000000	0.0000000	0.0099481	0.1530829	0.1220760	0.0000000	0.0000000
7139.9935719	7439.9850899	7439.8041992	0.0000000	0.0000000	0.0105901	0.1537607	0.1234326	0.0000000	0.0000000
7139.9935719	7434.9851686	7434.9618359	0.0000000	0.0000000	0.0100220	0.1542795	0.1227223	0.0000000	0.0000000
7139.9935719	7429.9899093	7429.6792578	0.0000000	0.0000000	0.0116984	0.1549915	0.1213867	0.0000000	0.0000000
7139.9935719	7424.9864714	7424.8368945	0.0000000	0.0000000	0.0101677	0.1544142	0.1201044	0.0000000	0.0000000
7139.9935719	7419.9857133	7419.9945313	0.0000000	0.0000000	0.0088129	0.1535869	0.1191456	0.0000000	0.0000000
7139.9935719	7414.9876352	7414.7119531	0.0000000	0.0000000	0.0074905	0.1542264	0.1175427	0.0000000	0.0000000
7139.9935719	7409.9868772	7409.8695898	0.0000000	0.0000000	0.0082557	0.1535222	0.1182451	0.0000000	0.0000000
7139.9935719	7404.9861191	7404.5870117	0.0000000	0.0000000	0.0087781	0.1529299	0.1201423	0.0000000	0.0000000
7139.9935719	7399.9853611	7399.7446484	0.0000000	0.0000000	0.0083005	0.1542001	0.1202208	0.0000000	0.0000000
7139.9935719	7394.9846030	7394.9126367	0.0000000	0.0000000	0.0081047	0.1537817	0.1184396	0.0000000	0.0000000
7139.9935719	7389.9865249	7389.6921680	0.0000000	0.0000000	0.0081563	0.1537020	0.1163730	0.0000000	0.0000000
7139.9935719	7384.9857669	7384.9067383	0.0000000	0.0000000	0.0093356	0.1525602	0.1167694	0.0000000	0.0000000
7139.9935719	7379.9820701	7379.6862695	0.0000000	0.0000000	0.0083207	0.1531213	0.1139358	0.0000000	0.0000000
7139.9935719	7375.0152613	7374.9008398	0.0000000	0.0000000	0.0091460	0.1540494	0.1113979	0.0000000	0.0000000
7139.9935719	7370.0127668	7369.6803711	0.0000000	0.0000000	0.0105381	0.1538557	0.1117186	0.0000000	0.0000000
7139.9935719	7365.0005399	7364.8949414	0.0000000	0.0000000	0.0114712	0.1538503	0.1103938	0.0000000	0.0000000
7139.9935719	7360.0077779	7359.6744727	0.0000000	0.0000000	0.0145480	0.1527684	0.1114712	0.0000000	0.0000000
7139.9935719	7355.0085275	7354.8890430	0.0000000	0.0000000	0.0164247	0.1525967	0.1113293	0.0000000	0.0000000
7139.9935719	7350.0092772	7349.6991016	0.0000000	0.0000000	0.0172869	0.1520822	0.1095046	0.0000000	0.0000000
7139.9935719	7345.0132710	7344.9696387	0.0000000	0.0000000	0.0174390	0.1527706	0.1088741	0.0000000	0.0000000
7139.9935719	7340.0042882	7339.8102246	0.0000000	0.0000000	0.0157915	0.1540546	0.1069302	0.0000000	0.0000000
7139.9935719	7335.0115262	7334.6508105	0.0000000	0.0000000	0.0186720	0.1526598	0.1073452	0.0000000	0.0000000
7139.9935719	7330.0090317	7329.9213477	0.0000000	0.0000000	0.0206550	0.1544520	0.1051281	0.0000000	0.0000000
7139.9935719	7325.0216617	7324.7619336	0.0000000	0.0000000	0.0204329	0.1535189	0.1048126	0.0000000	0.0000000
7139.9935719	7320.0350704	7319.6025195	0.0000000	0.0000000	0.0230977	0.1531729	0.1069624	0.0000000	0.0000000
7139.9935719	7314.9864987	7314.8730566	0.0000000	0.0000000	0.0278113	0.1531812	0.1069712	0.0000000	0.0000000
7139.9935719	7309.9886382	7309.7136426	0.0000000	0.0000000	0.0290148	0.1530901	0.1051196	0.0000000	0.0000000
7139.9935719	7304.9879604	7304.6092822	0.0000000	0.0000000	0.0262698	0.1537303	0.1049523	0.0000000	0.0000000
7139.9935719	7299.9816481	7299.9348730	0.0000000	0.0000000	0.0304109	0.1529205	0.1047839	0.0000000	0.0000000
7139.9935719	7294.9809703	7294.8355176	0.0000000	0.0000000	0.0354771	0.1533859	0.1051021	0.0000000	0.0000000
7139.9935719	7289.9831097	7289.7361621	0.0000000	0.0000000	0.0380935	0.1536550	0.1061064	0.0000000	0.0000000
7139.9935719	7284.9852492	7284.6368066	0.0000000	0.0000000	0.0409066	0.1539468	0.1065023	0.0000000	0.0000000
7139.9935719	7279.9815887	7279.9623975	0.0000000	0.0000000	0.0416980	0.1541713	0.1064700	0.0000000	0.0000000
7139.9935719	7275.0001502	7274.8630420	0.0000000	0.0000000	0.0484540	0.1535398	0.1070543	0.0000000	0.0000000
7139.9935719	7270.0090889	7269.7636865	0.0000000	0.0000000	0.0534714	0.1527394	0.1093580	0.0000000	0.0000000
7139.9935719	7265.0148200	7264.6888672	0.0000000	0.0000000	0.0551841	0.1533389	0.1104241	0.0000000	0.0000000
7139.9935719	7260.0077206	7259.6483984	0.0000000	0.0000000	0.0529451	0.1532836	0.1096490	0.0000000	0.0000000
7139.9935719	7255.0102440	7254.6079297	0.0000000	0.0000000	0.0612512	0.1531146	0.1083204	0.0000000	0.0000000
7139.9935719	7250.0063522	7249.9875000	0.0000000	0.0000000	0.0593324	0.1532487	0.1053862	0.0000000	0.0000000
7139.9935719	7244.9960452	7244.9470313	0.0000000	0.0000000	0.0582064	0.1536581	0.1030531	0.0000000	0.0000000
7139.9935719	7240.0113991	7239.9065625	0.0000000	0.0000000	0.0509110	0.1522227	0.1006815	0.0000000	0.0000000
7139.9935719	7235.0042997	7234.8660938	0.0000000	0.0000000	0.0572510	0.1526608	0.0999030	0.0000000	0.0000000
7139.9935719	7230.0068231	7229.8256250	0.0000000	0.0000000	0.0582838	0.1521881	0.1000480	0.0000000	0.0000000
7139.9935719	7225.0066456	7224.7851563	0.0000000	0.0000000	0.0627449	0.1519617	0.1012113	0.0000000	0.0000000
7139.9935719	7220.0049369	7219.8026367	0.0000000	0.0000000	0.0768009	0.1538142	0.1013462	0.0000000	0.0000000
7139.9935719	7215.0130100	7214.8201172	0.0000000	0.0000000	0.0884885	0.1538881	0.1030867	0.0000000	0.0000000
7139.9935719	7210.0145620	7209.8375977	0.0000000	0.0000000	0.0934745	0.1531002	0.1038943	0.0000000	0.0000000
7139.9935719	7205.0063322	7204.8550781	0.0000000	0.0000000	0.1062241	0.1544255	0.1042827	0.0000000	0.0000000
7139.9935719	7200.0111447	7199.8725586	0.0000000	0.0000000	0.1064917	0.1544795	0.1050383	0.0000000	0.0000000
7139.9935719	7195.0159572	7194.8900391	0.0000000	0.0000000	0.1105132	0.1546825	0.1050962	0.0000000	0.0000000
7139.9935719	7190.0077275	7189.9075195	0.0000000	0.0000000	0.1282025	0.1549941	0.1064105	0.0000000	0.0000000
7139.9935719	7185.0060189	7184.9250000	0.0000000	0.0000000	0.1327577	0.1544362	0.1063884	0.0000000	0.0000000
7139.9935719	7179.9977891	7179.9804492	0.0000000	0.0000000	0.1214253	0.1544438	0.1057893	0.0000000	0.0000000
7139.9935719	7175.0156439	7174.6444189	0.0000000	0.0000000	0.1295414	0.1534758	0.1051364	0.0000000	0.0000000
7139.9935719	7170.0041536	7169.7188525	0.0000000	0.0000000	0.1331150	0.1534897	0.1028386	0.0000000	0.0000000
7139.9935719	7165.0330331	7164.7932861	0.0000000	0.0000000	0.1100147	0.1544866	0.1023511	0.0000000	0.0000000
7139.9935719	7160.0281100	7159.8677197	0.0000000	0.0000000	0.1106696	0.1547152	0.1038016	0.0000000	0.0000000
7139.9935719	7155.0231870	7154.9421533	0.0000000	0.0000000	0.1654298	0.1539023	0.1044397	0.0000000	0.0000000
7139.9935719	7150.0272872	7149.6061230	0.0000000	0.0000000	0.2593986	0.1541765	0.1030646	0.0000000	0.0000000
7139.9935719	7145.0253719	7144.6805566	0.0000000	0.0000000	0.3023484	0.1545813	0.1003693	0.0000000	0.0000000
7139.9935719	7140.0174411	7139.7829688	0.0000000	0.0000000	0.2482369	0.1551173	0.1010184	0.0000000	0.0000000
7139.9935719	7135.0215414	7134.9133594	0.0000000	0.0000000	0.1938529	0.1541968	0.1021848	0.0000000	0.0000000
7139.9935719	7130.0196261	7129.6379492	0.0000000	0.0000000	0.1544043	0.1535256	0.1015214	0.0000000	0.0000000
7139.9935719	7125.0237263	7124.7683398	0.0000000	0.0000000	0.1156661	0.1551393	0.1000800	0.0000000	0.0000000
7139.9935719	7120.0278266	7119.8987305	0.0000000	0.0000000	0.0886160	0.1557054	0.0992144	0.0000000	0.0000000
7139.9935719	7114.9877989	7114.6233203	0.0000000	0.0000000	0.0919280	0.1542645	0.0994336	0.0000000	0.0000000
7139.9935719	7109.9857704	7109.7537109	0.0000000	0.0000000	0.1007545	0.1543893	0.1010375	0.0000000	0.0000000
7139.9935719	7104.9837419	7104.8841016	0.0000000	0.0000000	0.0990558	0.1540098	0.1017806	0.0000000	0.0000000
7139.9935719	7099.9851943	7099.6316406	0.0000000	0.0000000	0.1014069	0.1532832	0.1027262	0.0000000	0.0000000
7139.9935719	7094.9831658	7094.8171094	0.0000000	0.0000000	0.0901511	0.1532421	0.1030065	0.0000000	0.0000000
7139.9935719	7089.9880991	7089.6013672	0.0000000	0.0000000	0.0846490	0.1532369	0.1020363	0.0000000	0.0000000
7139.9935719	7084.9895515	7084.7868359	0.0000000	0.0000000	0.0798267	0.1533401	0.1006938	0.0000000	0.0000000
7139.9935719	7079.9875230	7079.9723047	0.0000000	0.0000000	0.0633877	0.1531841	0.0991852	0.0000000	0.0000000
7139.9935719	7074.9889754	7074.7565625	0.0000000	0.0000000	0.0544065	0.1535364	0.0980988	0.0000000	0.0000000
7139.9935719	7069.9834660	7069.9420313	0.0000000	0.0000000	0.0440604	0.1549760	0.0976913	0.0000000	0.0000000
7139.9935719	7064.9849184	7064.7262891	0.0000000	0.0000000	0.0458723	0.1537184	0.0971901	0.0000000	0.0000000
7139.9935719	7059.9824510	7059.9297656	0.0000000	0.0000000	0.0502152	0.1549393	0.0967412	0.0000000	0.0000000
7139.9935719	7054.9841606	7054.7725488	0.0000000	0.0000000	0.0566970	0.1541643	0.0975823	0.0000000	0.0000000
7139.9935719	7049.9819654	7049.6153320	0.0000000	0.0000000	0.0628882	0.1541083	0.0963857	0.0000000	0.0000000
7139.9935719	7044.9875799	7044.8548242	0.0000000	0.0000000	0.0658420	0.1543813	0.0953429	0.0000000	0.0000000
7139.9935719	7039.9814797	7039.6976074	0.0000000	0.0000000	0.0634786	0.1535884	0.0948818	0.0000000	0.0000000
7139.9935719	7034.9831894	7034.9370996	0.0000000	0.0000000	0.0761724	0.1543431	0.0971942	0.0000000	0.0000000
7139.9935719	7029.9809941	7029.7798828	0.0000000	0.0000000	0.0822443	0.1548315	0.0971941	0.0000000	0.0000000
7139.9935719	7024.9827038	7024.6226660	0.0000000	0.0000000	0.0840444	0.1546844	0.0972885	0.0000000	0.0000000
7139.9935719	7019.9805085	7019.8843262	0.0000000	0.0000000	0.0783450	0.1544614	0.0968566	0.0000000	0.0000000
7139.9935719	7014.9861230	7014.7847461	0.0000000	0.0000000	0.0795101	0.1532473	0.0983422	0.0000000	0.0000000
7139.9935719	7009.9878327	7009.6851660	0.0000000	0.0000000	0.0787272	0.1534459	0.0965858	0.0000000	0.0000000
7139.9935719	7004.9817325	7004.9778613	0.0000000	0.0000000	0.0787360	0.1540487	0.0977476	0.0000000	0.0000000
