7044.9955520	7599.9977245	7599.5502051	0.0000000	0.0000000	0.0185707	0.1612030	0.1217736	0.0000000	7045.0000000
7044.9955520	7594.9892152	7594.9313574	0.0000000	0.0000000	0.0228309	0.1611312	0.1217628	0.0000000	0.0000000
7044.9955520	7589.9849267	7589.8506250	0.0000000	0.0000000	0.0232704	0.1608539	0.1214186	0.0000000	0.0000000
7044.9955520	7584.9897621	7584.7698926	0.0000000	0.0000000	0.0202522	0.1590469	0.1207478	0.0000000	0.0000000
7044.9955520	7579.9895004	7579.6891602	0.0000000	0.0000000	0.0198162	0.1606320	0.1214945	0.0000000	0.0000000
7044.9955520	7574.9866901	7574.6139941	0.0000000	0.0000000	0.0209689	0.1606464	0.1221254	0.0000000	0.0000000
7044.9955520	7569.9864284	7569.5944922	0.0000000	0.0000000	0.0228623	0.1608250	0.1227163	0.0000000	0.0000000
7044.9955520	7564.9887153	7564.5749902	0.0000000	0.0000000	0.0221589	0.1604402	0.1216836	0.0000000	0.0000000
7044.9955520	7559.9859050	7559.5554883	0.0000000	0.0000000	0.0189414	0.1605485	0.1218920	0.0000000	0.0000000
7044.9955520	7554.9856433	7554.9923047	0.0000000	0.0000000	0.0195095	0.1605547	0.1230555	0.0000000	0.0000000
7044.9955520	7549.9879301	7549.9728027	0.0000000	0.0000000	0.0189362	0.1597729	0.1218652	0.0000000	0.0000000
7044.9955520	7544.9825713	7544.9533008	0.0000000	0.0000000	0.0206204	0.1600128	0.1234191	0.0000000	0.0000000
7044.9955520	7539.9872981	7539.9337988	0.0000000	0.0000000	0.0208923	0.1596897	0.1219296	0.0000000	0.0000000
7044.9955520	7534.9837341	7534.9142969	0.0000000	0.0000000	0.0235427	0.1601410	0.1230146	0.0000000	0.0000000
7044.9955520	7529.9830707	7529.8947949	0.0000000	0.0000000	0.0215735	0.1607711	0.1209691	0.0000000	0.0000000
7044.9955520	7524.9853080	7524.9299316	0.0000000	0.0000000	0.0224487	0.1610134	0.1207581	0.0000000	0.0000000
7044.9955520	7520.0281539	7519.9705322	0.0000000	0.0000000	0.0220280	0.1597690	0.1216755	0.0000000	0.0000000
7044.9955520	7515.0390930	7514.5602783	0.0000000	0.0000000	0.0209266	0.1602473	0.1212009	0.0000000	0.0000000
7044.9955520	7510.0297278	7509.6008789	0.0000000	0.0000000	0.0229363	0.1593225	0.1218904	0.0000000	0.0000000
7044.9955520	7505.0348657	7504.6414795	0.0000000	0.0000000	0.0223295	0.1604836	0.1222937	0.0000000	0.0000000
7044.9955520	7500.0255005	7499.6820801	0.0000000	0.0000000	0.0200806	0.1591403	0.1203535	0.0000000	0.0000000
7044.9955520	7495.0364396	7494.7226807	0.0000000	0.0000000	0.0226519	0.1600787	0.1202163	0.0000000	0.0000000
7044.9955520	7489.9871487	7489.7632813	0.0000000	0.0000000	0.0223611	0.1597927	0.1195288	0.0000000	0.0000000
7044.9955520	7484.9872274	7484.8038818	0.0000000	0.0000000	0.0268259	0.1598568	0.1224110	0.0000000	0.0000000
7044.9955520	7479.9873061	7479.8981445	0.0000000	0.0000000	0.0212620	0.1610789	0.1204585	0.0000000	0.0000000
7044.9955520	7474.9845391	7474.9977734	0.0000000	0.0000000	0.0204136	0.1614999	0.1195984	0.0000000	0.0000000
7044.9955520	7469.9846178	7469.6519141	0.0000000	0.0000000	0.0201986	0.1611915	0.1203058	0.0000000	0.0000000
7044.9955520	7464.9875422	7464.7515430	0.0000000	0.0000000	0.0169374	0.1616390	0.1221113	0.0000000	0.0000000
7044.9955520	7459.9876209	7459.8511719	0.0000000	0.0000000	0.0160870	0.1607482	0.1229222	0.0000000	0.0000000
7044.9955520	7454.9820081	7454.9508008	0.0000000	0.0000000	0.0158225	0.1597454	0.1218213	0.0000000	0.0000000
7044.9955520	7450.0333097	7449.6049414	0.0000000	0.0000000	0.0134878	0.1600392	0.1205117	0.0000000	0.0000000
7044.9955520	7444.9850112	7444.7045703	0.0000000	0.0000000	0.0172926	0.1607942	0.1206718	0.0000000	0.0000000
7044.9955520	7439.9822442	7439.8041992	0.0000000	0.0000000	0.0149077	0.1600991	0.1195377	0.0000000	0.0000000
7044.9955520	7434.9851686	7434.9618359	0.0000000	0.0000000	0.0139099	0.1600760	0.1184066	0.0000000	0.0000000
7044.9955520	7429.9899093	7429.6792578	0.0000000	0.0000000	0.0122267	0.1599634	0.1181108	0.0000000	0.0000000
7044.9955520	7424.9864714	7424.8368945	0.0000000	0.0000000	0.0136196	0.1610966	0.1194911	0.0000000	0.0000000
7044.9955520	7419.9857133	7419.9945313	0.0000000	0.0000000	0.0133442	0.1606929	0.1197800	0.0000000	0.0000000
7044.9955520	7414.9876352	7414.7119531	0.0000000	0.0000000	0.0096553	0.1596887	0.1187278	0.0000000	0.0000000
7044.9955520	7409.9868772	7409.8695898	0.0000000	0.0000000	0.0108971	0.1599259	0.1191691	0.0000000	0.0000000
7044.9955520	7404.9861191	7404.5870117	0.0000000	0.0000000	0.0111180	0.1603397	0.1191163	0.0000000	0.0000000
7044.9955520	7399.9907209	7399.7446484	0.0000000	0.0000000	0.0110305	0.1598702	0.1196116	0.0000000	0.0000000
7044.9955520	7394.9872830	7394.9126367	0.0000000	0.0000000	0.0096970	0.1601705	0.1169611	0.0000000	0.0000000
7044.9955520	7389.9865249	7389.6921680	0.0000000	0.0000000	0.0100789	0.1600222	0.1149406	0.0000000	0.0000000
7044.9955520	7384.9857669	7384.9067383	0.0000000	0.0000000	0.0094683	0.1604617	0.1159880	0.0000000	0.0000000
7044.9955520	7379.9820701	7379.6862695	0.0000000	0.0000000	0.0093619	0.1598973	0.1142479	0.0000000	0.0000000
7044.9955520	7375.0152613	7374.9008398	0.0000000	0.0000000	0.0086427	0.1597716	0.1121044	0.0000000	0.0000000
7044.9955520	7370.0095227	7369.6803711	0.0000000	0.0000000	0.0097843	0.1597451	0.1113920	0.0000000	0.0000000
7044.9955520	7365.0037840	7364.8949414	0.0000000	0.0000000	0.0108795	0.1598584	0.1116862	0.0000000	0.0000000
7044.9955520	7360.0077779	7359.6744727	0.0000000	0.0000000	0.0120355	0.1601747	0.1106079	0.0000000	0.0000000
7044.9955520	7355.0052834	7354.8890430	0.0000000	0.0000000	0.0133406	0.1600172	0.1111309	0.0000000	0.0000000
7044.9955520	7350.0125214	7349.6991016	0.0000000	0.0000000	0.0117601	0.1606799	0.1086022	0.0000000	0.0000000
7044.9955520	7345.0165152	7344.9696387	0.0000000	0.0000000	0.0130109	0.1603470	0.1089044	0.0000000	0.0000000
7044.9955520	7340.0042882	7339.8102246	0.0000000	0.0000000	0.0118041	0.1604208	0.1073629	0.0000000	0.0000000
7044.9955520	7334.9985496	7334.6508105	0.0000000	0.0000000	0.0118164	0.1610927	0.1064803	0.0000000	0.0000000
7044.9955520	7330.0090317	7329.9213477	0.0000000	0.0000000	0.0133162	0.1607737	0.1047896	0.0000000	0.0000000
7044.9955520	7325.0244790	7324.7619336	0.0000000	0.0000000	0.0142645	0.1601124	0.1051841	0.0000000	0.0000000
7044.9955520	7319.9843593	7319.6025195	0.0000000	0.0000000	0.0127065	0.1615800	0.1042815	0.0000000	0.0000000
7044.9955520	7314.9864987	7314.8730566	0.0000000	0.0000000	0.0163641	0.1607096	0.1040636	0.0000000	0.0000000
7044.9955520	7309.9858209	7309.7136426	0.0000000	0.0000000	0.0168459	0.1605759	0.1056177	0.0000000	0.0000000
7044.9955520	7304.9851431	7304.6092822	0.0000000	0.0000000	0.0158094	0.1600852	0.1056501	0.0000000	0.0000000
7044.9955520	7299.9844653	7299.9348730	0.0000000	0.0000000	0.0183370	0.1600936	0.1062122	0.0000000	0.0000000
7044.9955520	7294.9837875	7294.8355176	0.0000000	0.0000000	0.0202119	0.1601130	0.1075135	0.0000000	0.0000000
7044.9955520	7289.9859270	7289.7361621	0.0000000	0.0000000	0.0207892	0.1597325	0.1081179	0.0000000	0.0000000
7044.9955520	7284.9852492	7284.6368066	0.0000000	0.0000000	0.0219183	0.1595376	0.1075985	0.0000000	0.0000000
7044.9955520	7279.9815887	7279.9623975	0.0000000	0.0000000	0.0213960	0.1591823	0.1066115	0.0000000	0.0000000
7044.9955520	7275.0097731	7274.8630420	0.0000000	0.0000000	0.0208373	0.1597958	0.1065797	0.0000000	0.0000000
7044.9955520	7270.0058813	7269.7636865	0.0000000	0.0000000	0.0208447	0.1606931	0.1056725	0.0000000	0.0000000
7044.9955520	7265.0084048	7264.6888672	0.0000000	0.0000000	0.0214343	0.1604001	0.1060427	0.0000000	0.0000000
7044.9955520	7260.0141358	7259.6483984	0.0000000	0.0000000	0.0214785	0.1601093	0.1046511	0.0000000	0.0000000
7044.9955520	7255.0102440	7254.6079297	0.0000000	0.0000000	0.0270679	0.1590057	0.1056742	0.0000000	0.0000000
7044.9955520	7250.0127675	7249.9875000	0.0000000	0.0000000	0.0304711	0.1596007	0.1054636	0.0000000	0.0000000
7044.9955520	7245.0024604	7244.9470313	0.0000000	0.0000000	0.0302952	0.1586342	0.1030319	0.0000000	0.0000000
7044.9955520	7240.0081915	7239.9065625	0.0000000	0.0000000	0.0271205	0.1591576	0.1004188	0.0000000	0.0000000
7044.9955520	7235.0075073	7234.8660938	0.0000000	0.0000000	0.0315249	0.1590621	0.1005121	0.0000000	0.0000000
7044.9955520	7230.0036155	7229.8256250	0.0000000	0.0000000	0.0311191	0.1587878	0.0998538	0.0000000	0.0000000
7044.9955520	7224.9968639	7224.7851563	0.0000000	0.0000000	0.0362343	0.1600931	0.1019791	0.0000000	0.0000000
7044.9955520	7219.9984158	7219.8026367	0.0000000	0.0000000	0.0429824	0.1601711	0.1025763	0.0000000	0.0000000
7044.9955520	7215.0130100	7214.8201172	0.0000000	0.0000000	0.0506448	0.1600240	0.1030792	0.0000000	0.0000000
7044.9955520	7210.0015197	7209.8375977	0.0000000	0.0000000	0.0612985	0.1601615	0.1041627	0.0000000	0.0000000
7044.9955520	7205.0030717	7204.8550781	0.0000000	0.0000000	0.0739037	0.1597687	0.1056637	0.0000000	0.0000000
7044.9955520	7199.9981025	7199.8725586	0.0000000	0.0000000	0.0751707	0.1598746	0.1071886	0.0000000	0.0000000
7044.9955520	7195.0159572	7194.8900391	0.0000000	0.0000000	0.0786855	0.1604595	0.1063081	0.0000000	0.0000000
7044.9955520	7190.0077275	7189.9075195	0.0000000	0.0000000	0.0941588	0.1590464	0.1073481	0.0000000	0.0000000
7044.9955520	7185.0060189	7184.9250000	0.0000000	0.0000000	0.0964756	0.1601952	0.1053734	0.0000000	0.0000000
7044.9955520	7180.0043103	7179.9804492	0.0000000	0.0000000	0.0908501	0.1606265	0.1046980	0.0000000	0.0000000
7044.9955520	7175.0091228	7174.6444189	0.0000000	0.0000000	0.0990925	0.1613668	0.1056263	0.0000000	0.0000000
7044.9955520	7170.0008930	7169.7188525	0.0000000	0.0000000	0.1042213	0.1599482	0.1037161	0.0000000	0.0000000
7044.9955520	7165.0240098	7164.7932861	0.0000000	0.0000000	0.0947268	0.1597924	0.1018579	0.0000000	0.0000000
7044.9955520	7160.0341256	7159.8677197	0.0000000	0.0000000	0.0946987	0.1609296	0.1039348	0.0000000	0.0000000
7044.9955520	7155.0292025	7154.9421533	0.0000000	0.0000000	0.0953022	0.1601093	0.1030638	0.0000000	0.0000000
7044.9955520	7150.0242795	7149.6061230	0.0000000	0.0000000	0.1216354	0.1597516	0.1041084	0.0000000	0.0000000
7044.9955520	7145.0253719	7144.6805566	0.0000000	0.0000000	0.1208914	0.1587356	0.1032162	0.0000000	0.0000000
7044.9955520	7140.0204489	7139.7829688	0.0000000	0.0000000	0.1107056	0.1587008	0.1041055	0.0000000	0.0000000
7044.9955520	7135.0185336	7134.9133594	0.0000000	0.0000000	0.1047706	0.1584417	0.1029630	0.0000000	0.0000000
7044.9955520	7130.0316571	7129.6379492	0.0000000	0.0000000	0.1298188	0.1591494	0.1029663	0.0000000	0.0000000
7044.9955520	7125.0267341	7124.7683398	0.0000000	0.0000000	0.1371848	0.1588353	0.1021461	0.0000000	0.0000000
7044.9955520	7120.0248188	7119.8987305	0.0000000	0.0000000	0.1284714	0.1590396	0.1013699	0.0000000	0.0000000
7044.9955520	7114.9843181	7114.6233203	0.0000000	0.0000000	0.1264971	0.1586952	0.1007419	0.0000000	0.0000000
7044.9955520	7109.9857704	7109.7537109	0.0000000	0.0000000	0.1383276	0.1594789	0.1011614	0.0000000	0.0000000
7044.9955520	7104.9837419	7104.8841016	0.0000000	0.0000000	0.1287810	0.1599309	0.0992958	0.0000000	0.0000000
7044.9955520	7099.9817134	7099.6316406	0.0000000	0.0000000	0.1459354	0.1600829	0.0996469	0.0000000	0.0000000
7044.9955520	7094.9831658	7094.8171094	0.0000000	0.0000000	0.1399921	0.1588640	0.0998976	0.0000000	0.0000000
7044.9955520	7089.9811373	7089.6013672	0.0000000	0.0000000	0.1446328	0.1590062	0.0990613	0.0000000	0.0000000
7044.9955520	7084.9860706	7084.7868359	0.0000000	0.0000000	0.1462861	0.1606564	0.0985687	0.0000000	0.0000000
7044.9955520	7079.9875230	7079.9723047	0.0000000	0.0000000	0.1245498	0.1602325	0.0963888	0.0000000	0.0000000
7044.9955520	7074.9889754	7074.7565625	0.0000000	0.0000000	0.1122087	0.1594291	0.0972866	0.0000000	0.0000000
7044.9955520	7069.9834660	7069.9420313	0.0000000	0.0000000	0.0955708	0.1595554	0.0957587	0.0000000	0.0000000
7044.9955520	7064.9849184	7064.7262891	0.0000000	0.0000000	0.1304524	0.1597324	0.0964032	0.0000000	0.0000000
7044.9955520	7059.9863559	7059.9297656	0.0000000	0.0000000	0.1859044	0.1603003	0.0963245	0.0000000	0.0000000
7044.9955520	7054.9841606	7054.7725488	0.0000000	0.0000000	0.2906350	0.1599779	0.0964935	0.0000000	0.0000000
7044.9955520	7049.9819654	7049.6153320	0.0000000	0.0000000	0.3692557	0.1596074	0.0987650	0.0000000	0.0000000
7044.9955520	7044.9875799	7044.8548242	0.0000000	0.0000000	0.3702981	0.1589205	0.0979049	0.0000000	0.0000000
7044.9955520	7039.9814797	7039.6976074	0.0000000	0.0000000	0.3338281	0.1595782	0.0965077	0.0000000	0.0000000
7044.9955520	7034.9831894	7034.9370996	0.0000000	0.0000000	0.2820118	0.1598623	0.0974758	0.0000000	0.0000000
7044.9955520	7029.9848990	7029.7798828	0.0000000	0.0000000	0.2416948	0.1596172	0.0979111	0.0000000	0.0000000
7044.9955520	7024.9827038	7024.6226660	0.0000000	0.0000000	0.2337759	0.1592841	0.0985583	0.0000000	0.0000000
7044.9955520	7019.9805085	7019.8843262	0.0000000	0.0000000	0.2264678	0.1595629	0.0989789	0.0000000	0.0000000
7044.9955520	7014.9861230	7014.7847461	0.0000000	0.0000000	0.2341130	0.1595858	0.0979183	0.0000000	0.0000000
7044.9955520	7009.9839278	7009.6851660	0.0000000	0.0000000	0.2441694	0.1602180	0.0987264	0.0000000	0.0000000
7044.9955520	7004.9817325	7004.9778613	0.0000000	0.0000000	0.2478102	0.1589717	0.0987047	0.0000000	0.0000000
