7514.9945573	7600.0002163	7599.5502051	0.0000000	0.0000000	0.0048993	0.1918884	0.1241007	0.0000000	7515.0000000
7514.9945573	7594.9867234	7594.9313574	0.0000000	0.0000000	0.0065056	0.1912185	0.1239324	0.0000000	0.0000000
7514.9945573	7589.9874753	7589.8506250	0.0000000	0.0000000	0.0100643	0.1909821	0.1249382	0.0000000	0.0000000
7514.9945573	7584.9897621	7584.7698926	0.0000000	0.0000000	0.0094979	0.1918358	0.1240404	0.0000000	0.0000000
7514.9945573	7579.9895004	7579.6891602	0.0000000	0.0000000	0.0104044	0.1922852	0.1237990	0.0000000	0.0000000
7514.9945573	7574.9866901	7574.6139941	0.0000000	0.0000000	0.0092085	0.1915168	0.1243271	0.0000000	0.0000000
7514.9945573	7569.9889770	7569.5944922	0.0000000	0.0000000	0.0089774	0.1922666	0.1242289	0.0000000	0.0000000
7514.9945573	7564.9887153	7564.5749902	0.0000000	0.0000000	0.0120874	0.1914275	0.1239478	0.0000000	0.0000000
7514.9945573	7559.9910021	7559.5554883	0.0000000	0.0000000	0.0086658	0.1916150	0.1246566	0.0000000	0.0000000
7514.9945573	7554.9881918	7554.9923047	0.0000000	0.0000000	0.0081318	0.1927339	0.1241125	0.0000000	0.0000000
7514.9945573	7549.9853816	7549.9728027	0.0000000	0.0000000	0.0105172	0.1910474	0.1250598	0.0000000	0.0000000
7514.9945573	7544.9851198	7544.9533008	0.0000000	0.0000000	0.0103486	0.1927417	0.1242991	0.0000000	0.0000000
7514.9945573	7539.9872981	7539.9337988	0.0000000	0.0000000	0.0115153	0.1923573	0.1243593	0.0000000	0.0000000
7514.9945573	7534.9866347	7534.9142969	0.0000000	0.0000000	0.0168181	0.1920338	0.1245050	0.0000000	0.0000000
7514.9945573	7529.9830707	7529.8947949	0.0000000	0.0000000	0.0352847	0.1915875	0.1249437	0.0000000	0.0000000
7514.9945573	7524.9853080	7524.9299316	0.0000000	0.0000000	0.0748447	0.1913615	0.1240844	0.0000000	0.0000000
7514.9945573	7519.9875452	7519.9705322	0.0000000	0.0000000	0.1108723	0.1918207	0.1232930	0.0000000	0.0000000
7514.9945573	7514.9839813	7514.5602783	0.0000000	0.0000000	0.1075287	0.1916953	0.1237831	0.0000000	0.0000000
7514.9945573	7509.9833179	7509.6008789	0.0000000	0.0000000	0.0721797	0.1917375	0.1230905	0.0000000	0.0000000
7514.9945573	7504.9826546	7504.6414795	0.0000000	0.0000000	0.0362894	0.1912278	0.1238573	0.0000000	0.0000000
7514.9945573	7499.9848918	7499.6820801	0.0000000	0.0000000	0.0156248	0.1911766	0.1243549	0.0000000	0.0000000
7514.9945573	7494.9842285	7494.7226807	0.0000000	0.0000000	0.0129337	0.1921763	0.1244547	0.0000000	0.0000000
7514.9945573	7489.9843030	7489.7632813	0.0000000	0.0000000	0.0101869	0.1905280	0.1242549	0.0000000	0.0000000
7514.9945573	7484.9843817	7484.8038818	0.0000000	0.0000000	0.0087637	0.1907549	0.1241588	0.0000000	0.0000000
7514.9945573	7479.9873061	7479.8981445	0.0000000	0.0000000	0.0073271	0.1908339	0.1241062	0.0000000	0.0000000
7514.9945573	7474.9873848	7474.9977734	0.0000000	0.0000000	0.0076216	0.1921229	0.1236697	0.0000000	0.0000000
7514.9945573	7469.9846178	7469.6519141	0.0000000	0.0000000	0.0052850	0.1920962	0.1235428	0.0000000	0.0000000
7514.9945573	7464.9875422	7464.7515430	0.0000000	0.0000000	0.0045796	0.1909340	0.1236007	0.0000000	0.0000000
7514.9945573	7459.9847751	7459.8511719	0.0000000	0.0000000	0.0046241	0.1908558	0.1241992	0.0000000	0.0000000
7514.9945573	7454.9848538	7454.9508008	0.0000000	0.0000000	0.0057789	0.1923264	0.1234641	0.0000000	0.0000000
7514.9945573	7449.9849325	7449.6049414	0.0000000	0.0000000	0.0061204	0.1923789	0.1228899	0.0000000	0.0000000
7514.9945573	7444.9878570	7444.7045703	0.0000000	0.0000000	0.0072461	0.1920016	0.1227761	0.0000000	0.0000000
7514.9945573	7439.9850899	7439.8041992	0.0000000	0.0000000	0.0085896	0.1919436	0.1243817	0.0000000	0.0000000
7514.9945573	7434.9908601	7434.9618359	0.0000000	0.0000000	0.0079010	0.1915634	0.1233085	0.0000000	0.0000000
7514.9945573	7429.9872294	7429.6792578	0.0000000	0.0000000	0.0058552	0.1918904	0.1211493	0.0000000	0.0000000
7514.9945573	7424.9918312	7424.8368945	0.0000000	0.0000000	0.0075502	0.1908907	0.1218462	0.0000000	0.0000000
7514.9945573	7419.9883932	7419.9945313	0.0000000	0.0000000	0.0070533	0.1906619	0.1217948	0.0000000	0.0000000
7514.9945573	7414.9849553	7414.7119531	0.0000000	0.0000000	0.0083562	0.1914044	0.1204563	0.0000000	0.0000000
7514.9945573	7409.9868772	7409.8695898	0.0000000	0.0000000	0.0064316	0.1922175	0.1207760	0.0000000	0.0000000
7514.9945573	7404.9861191	7404.5870117	0.0000000	0.0000000	0.0080793	0.1912646	0.1206587	0.0000000	0.0000000
7514.9945573	7399.9853611	7399.7446484	0.0000000	0.0000000	0.0069629	0.1909624	0.1208331	0.0000000	0.0000000
7514.9945573	7394.9872830	7394.9126367	0.0000000	0.0000000	0.0057828	0.1915439	0.1196122	0.0000000	0.0000000
7514.9945573	7389.9865249	7389.6921680	0.0000000	0.0000000	0.0056266	0.1913768	0.1186677	0.0000000	0.0000000
7514.9945573	7384.9857669	7384.9067383	0.0000000	0.0000000	0.0052714	0.1911484	0.1176246	0.0000000	0.0000000
7514.9945573	7379.9853142	7379.6862695	0.0000000	0.0000000	0.0052385	0.1909916	0.1166246	0.0000000	0.0000000
7514.9945573	7374.9860639	7374.9008398	0.0000000	0.0000000	0.0053784	0.1920785	0.1144235	0.0000000	0.0000000
7514.9945573	7369.9868136	7369.6803711	0.0000000	0.0000000	0.0056249	0.1918162	0.1154517	0.0000000	0.0000000
7514.9945573	7364.9843191	7364.8949414	0.0000000	0.0000000	0.0074972	0.1923894	0.1147551	0.0000000	0.0000000
7514.9945573	7359.9850687	7359.6744727	0.0000000	0.0000000	0.0091272	0.1918046	0.1128105	0.0000000	0.0000000
7514.9945573	7354.9890626	7354.8890430	0.0000000	0.0000000	0.0084004	0.1907313	0.1129252	0.0000000	0.0000000
7514.9945573	7349.9865681	7349.6991016	0.0000000	0.0000000	0.0053777	0.1925544	0.1111705	0.0000000	0.0000000
7514.9945573	7344.9840736	7344.9696387	0.0000000	0.0000000	0.0041652	0.1910552	0.1086589	0.0000000	0.0000000
7514.9945573	7339.9848232	7339.8102246	0.0000000	0.0000000	0.0030991	0.1913346	0.1073585	0.0000000	0.0000000
7514.9945573	7334.9855729	7334.6508105	0.0000000	0.0000000	0.0044604	0.1928536	0.1083842	0.0000000	0.0000000
7514.9945573	7329.9863226	7329.9213477	0.0000000	0.0000000	0.0045294	0.1929860	0.1076260	0.0000000	0.0000000
7514.9945573	7324.9878543	7324.7619336	0.0000000	0.0000000	0.0038778	0.1931011	0.1076954	0.0000000	0.0000000
7514.9945573	7319.9843593	7319.6025195	0.0000000	0.0000000	0.0045981	0.1919260	0.1071709	0.0000000	0.0000000
7514.9945573	7314.9864987	7314.8730566	0.0000000	0.0000000	0.0046237	0.1918832	0.1068986	0.0000000	0.0000000
7514.9945573	7309.9886382	7309.7136426	0.0000000	0.0000000	0.0041030	0.1922443	0.1080742	0.0000000	0.0000000
7514.9945573	7304.9851431	7304.6092822	0.0000000	0.0000000	0.0034741	0.1921565	0.1080499	0.0000000	0.0000000
7514.9945573	7299.9844653	7299.9348730	0.0000000	0.0000000	0.0047642	0.1906014	0.1075641	0.0000000	0.0000000
7514.9945573	7294.9837875	7294.8355176	0.0000000	0.0000000	0.0048347	0.1916702	0.1092533	0.0000000	0.0000000
7514.9945573	7289.9859270	7289.7361621	0.0000000	0.0000000	0.0037115	0.1912352	0.1098206	0.0000000	0.0000000
7514.9945573	7284.9852492	7284.6368066	0.0000000	0.0000000	0.0049133	0.1914690	0.1101809	0.0000000	0.0000000
7514.9945573	7279.9847963	7279.9623975	0.0000000	0.0000000	0.0061967	0.1919240	0.1098562	0.0000000	0.0000000
7514.9945573	7274.9809045	7274.8630420	0.0000000	0.0000000	0.0064484	0.1913882	0.1110414	0.0000000	0.0000000
7514.9945573	7269.9834279	7269.7636865	0.0000000	0.0000000	0.0052791	0.1926963	0.1102316	0.0000000	0.0000000
7514.9945573	7264.9859514	7264.6888672	0.0000000	0.0000000	0.0036989	0.1916835	0.1085070	0.0000000	0.0000000
7514.9945573	7259.9852672	7259.6483984	0.0000000	0.0000000	0.0032838	0.1909258	0.1091528	0.0000000	0.0000000
7514.9945573	7254.9845830	7254.6079297	0.0000000	0.0000000	0.0034716	0.1919224	0.1069430	0.0000000	0.0000000
7514.9945573	7249.9838989	7249.9875000	0.0000000	0.0000000	0.0025330	0.1923925	0.1052870	0.0000000	0.0000000
7514.9945573	7244.9864223	7244.9470313	0.0000000	0.0000000	0.0017616	0.1921779	0.1036323	0.0000000	0.0000000
7514.9945573	7239.9857381	7239.9065625	0.0000000	0.0000000	0.0017251	0.1922871	0.1022155	0.0000000	0.0000000
7514.9945573	7234.9850540	7234.8660938	0.0000000	0.0000000	0.0013585	0.1912942	0.1007966	0.0000000	0.0000000
7514.9945573	7229.9843698	7229.8256250	0.0000000	0.0000000	0.0006930	0.1923114	0.1016102	0.0000000	0.0000000
7514.9945573	7224.9838216	7224.7851563	0.0000000	0.0000000	0.0010366	0.1922151	0.1025439	0.0000000	0.0000000
7514.9945573	7219.9886341	7219.8026367	0.0000000	0.0000000	0.0013617	0.1915789	0.1044309	0.0000000	0.0000000
7514.9945573	7214.9869255	7214.8201172	0.0000000	0.0000000	0.0011591	0.1918331	0.1058236	0.0000000	0.0000000
7514.9945573	7209.9852169	7209.8375977	0.0000000	0.0000000	0.0011459	0.1920634	0.1075760	0.0000000	0.0000000
7514.9945573	7204.9867688	7204.8550781	0.0000000	0.0000000	0.0012679	0.1911444	0.1080250	0.0000000	0.0000000
7514.9945573	7199.9850602	7199.8725586	0.0000000	0.0000000	0.0011531	0.1909615	0.1094648	0.0000000	0.0000000
7514.9945573	7194.9866121	7194.8900391	0.0000000	0.0000000	0.0009407	0.1912113	0.1095770	0.0000000	0.0000000
7514.9945573	7189.9849035	7189.9075195	0.0000000	0.0000000	0.0013800	0.1911382	0.1100674	0.0000000	0.0000000
7514.9945573	7184.9831949	7184.9250000	0.0000000	0.0000000	0.0007574	0.1915573	0.1093259	0.0000000	0.0000000
7514.9945573	7179.9847469	7179.9804492	0.0000000	0.0000000	0.0007473	0.1920543	0.1067018	0.0000000	0.0000000
7514.9945573	7174.9862988	7174.6444189	0.0000000	0.0000000	0.0008149	0.1914813	0.1078569	0.0000000	0.0000000
7514.9945573	7169.9845902	7169.7188525	0.0000000	0.0000000	0.0006649	0.1916583	0.1059446	0.0000000	0.0000000
7514.9945573	7164.9849088	7164.7932861	0.0000000	0.0000000	0.0004474	0.1907562	0.1040583	0.0000000	0.0000000
7514.9945573	7159.9860013	7159.8677197	0.0000000	0.0000000	0.0004712	0.1915483	0.1043948	0.0000000	0.0000000
7514.9945573	7154.9840860	7154.9421533	0.0000000	0.0000000	0.0008074	0.1918247	0.1063983	0.0000000	0.0000000
7514.9945573	7149.9851785	7149.6061230	0.0000000	0.0000000	0.0004371	0.1915413	0.1054420	0.0000000	0.0000000
7514.9945573	7144.9892787	7144.6805566	0.0000000	0.0000000	0.0002427	0.1919880	0.1046444	0.0000000	0.0000000
7514.9945573	7139.9873635	7139.7829688	0.0000000	0.0000000	0.0001700	0.1921487	0.1038312	0.0000000	0.0000000
7514.9945573	7134.9854482	7134.9133594	0.0000000	0.0000000	0.0001682	0.1911671	0.1044517	0.0000000	0.0000000
7514.9945573	7129.9895484	7129.6379492	0.0000000	0.0000000	0.0002538	0.1911646	0.1053207	0.0000000	0.0000000
7514.9945573	7124.9906409	7124.7683398	0.0000000	0.0000000	0.0001559	0.1921685	0.1054161	0.0000000	0.0000000
7514.9945573	7119.9827101	7119.8987305	0.0000000	0.0000000	0.0001182	0.1909794	0.1054004	0.0000000	0.0000000
7514.9945573	7114.9877989	7114.6233203	0.0000000	0.0000000	0.0001664	0.1901709	0.1034686	0.0000000	0.0000000
7514.9945573	7109.9857704	7109.7537109	0.0000000	0.0000000	0.0001851	0.1914004	0.1039664	0.0000000	0.0000000
7514.9945573	7104.9837419	7104.8841016	0.0000000	0.0000000	0.0002050	0.1904144	0.1049980	0.0000000	0.0000000
7514.9945573	7099.9851943	7099.6316406	0.0000000	0.0000000	0.0002516	0.1914202	0.1036299	0.0000000	0.0000000
7514.9945573	7094.9796850	7094.8171094	0.0000000	0.0000000	0.0001899	0.1920521	0.1036168	0.0000000	0.0000000
7514.9945573	7089.9846182	7089.6013672	0.0000000	0.0000000	0.0001538	0.1913174	0.1038364	0.0000000	0.0000000
7514.9945573	7084.9895515	7084.7868359	0.0000000	0.0000000	0.0000830	0.1916627	0.1020575	0.0000000	0.0000000
7514.9945573	7079.9875230	7079.9723047	0.0000000	0.0000000	0.0001243	0.1915204	0.1025800	0.0000000	0.0000000
7514.9945573	7074.9924563	7074.7565625	0.0000000	0.0000000	0.0000509	0.1912794	0.1017048	0.0000000	0.0000000
7514.9945573	7069.9869469	7069.9420313	0.0000000	0.0000000	0.0000366	0.1911708	0.1017268	0.0000000	0.0000000
7514.9945573	7064.9883993	7064.7262891	0.0000000	0.0000000	0.0000531	0.1905601	0.1012747	0.0000000	0.0000000
7514.9945573	7059.9863559	7059.9297656	0.0000000	0.0000000	0.0000818	0.1912831	0.1008625	0.0000000	0.0000000
7514.9945573	7054.9880656	7054.7725488	0.0000000	0.0000000	0.0001038	0.1909774	0.1003296	0.0000000	0.0000000
7514.9945573	7049.9819654	7049.6153320	0.0000000	0.0000000	0.0000687	0.1923994	0.0993934	0.0000000	0.0000000
7514.9945573	7044.9875799	7044.8548242	0.0000000	0.0000000	0.0000942	0.1921515	0.1003414	0.0000000	0.0000000
7514.9945573	7039.9814797	7039.6976074	0.0000000	0.0000000	0.0000693	0.1908872	0.1015237	0.0000000	0.0000000
7514.9945573	7034.9831894	7034.9370996	0.0000000	0.0000000	0.0000765	0.1909973	0.1010349	0.0000000	0.0000000
7514.9945573	7029.9809941	7029.7798828	0.0000000	0.0000000	0.0001451	0.1913241	0.1019767	0.0000000	0.0000000
7514.9945573	7024.9827038	7024.6226660	0.0000000	0.0000000	0.0000950	0.1923167	0.1019498	0.0000000	0.0000000
7514.9945573	7019.9805085	7019.8843262	0.0000000	0.0000000	0.0000605	0.1921642	0.1021537	0.0000000	0.0000000
7514.9945573	7014.9861230	7014.7847461	0.0000000	0.0000000	0.0000780	0.1914457	0.1007388	0.0000000	0.0000000
7514.9945573	7009.9878327	7009.6851660	0.0000000	0.0000000	0.0001011	0.1926428	0.1012646	0.0000000	0.0000000
7514.9945573	7004.9817325	7004.9778613	0.0000000	0.0000000	0.0000520	0.1907632	0.1018074	0.0000000	0.0000000
