7154.9982445	7599.9977245	7599.5502051	0.0000000	0.0000000	0.0185454	0.1581268	0.1227097	0.0000000	7155.0000000
7154.9982445	7594.9867234	7594.9313574	0.0000000	0.0000000	0.0201556	0.1586719	0.1217799	0.0000000	0.0000000
7154.9982445	7589.9874753	7589.8506250	0.0000000	0.0000000	0.0218701	0.1587444	0.1233918	0.0000000	0.0000000
7154.9982445	7584.9897621	7584.7698926	0.0000000	0.0000000	0.0226454	0.1584515	0.1228419	0.0000000	0.0000000
7154.9982445	7579.9895004	7579.6891602	0.0000000	0.0000000	0.0216698	0.1580074	0.1230271	0.0000000	0.0000000
7154.9982445	7574.9866901	7574.6139941	0.0000000	0.0000000	0.0204879	0.1573749	0.1236383	0.0000000	0.0000000
7154.9982445	7569.9864284	7569.5944922	0.0000000	0.0000000	0.0193616	0.1582955	0.1228474	0.0000000	0.0000000
7154.9982445	7564.9861667	7564.5749902	0.0000000	0.0000000	0.0206285	0.1584586	0.1225721	0.0000000	0.0000000
7154.9982445	7559.9910021	7559.5554883	0.0000000	0.0000000	0.0212983	0.1580684	0.1234019	0.0000000	0.0000000
7154.9982445	7554.9881918	7554.9923047	0.0000000	0.0000000	0.0209857	0.1575052	0.1228813	0.0000000	0.0000000
7154.9982445	7549.9853816	7549.9728027	0.0000000	0.0000000	0.0189921	0.1576974	0.1240270	0.0000000	0.0000000
7154.9982445	7544.9851198	7544.9533008	0.0000000	0.0000000	0.0203042	0.1578466	0.1240397	0.0000000	0.0000000
7154.9982445	7539.9872981	7539.9337988	0.0000000	0.0000000	0.0208276	0.1580995	0.1241804	0.0000000	0.0000000
7154.9982445	7534.9837341	7534.9142969	0.0000000	0.0000000	0.0206121	0.1582137	0.1237837	0.0000000	0.0000000
7154.9982445	7530.0381824	7529.8947949	0.0000000	0.0000000	0.0204008	0.1579266	0.1228508	0.0000000	0.0000000
7154.9982445	7524.9853080	7524.9299316	0.0000000	0.0000000	0.0189491	0.1576514	0.1203844	0.0000000	0.0000000
7154.9982445	7520.0310545	7519.9705322	0.0000000	0.0000000	0.0187844	0.1580419	0.1212368	0.0000000	0.0000000
7154.9982445	7514.9839813	7514.5602783	0.0000000	0.0000000	0.0176748	0.1584537	0.1217025	0.0000000	0.0000000
7154.9982445	7510.0239266	7509.6008789	0.0000000	0.0000000	0.0187880	0.1580785	0.1215265	0.0000000	0.0000000
7154.9982445	7504.9855552	7504.6414795	0.0000000	0.0000000	0.0191240	0.1584163	0.1214547	0.0000000	0.0000000
7154.9982445	7500.0371029	7499.6820801	0.0000000	0.0000000	0.0158046	0.1586075	0.1209961	0.0000000	0.0000000
7154.9982445	7495.0277377	7494.7226807	0.0000000	0.0000000	0.0167750	0.1583713	0.1222922	0.0000000	0.0000000
7154.9982445	7490.0269887	7489.7632813	0.0000000	0.0000000	0.0183992	0.1583875	0.1225104	0.0000000	0.0000000
7154.9982445	7485.0356045	7484.8038818	0.0000000	0.0000000	0.0173049	0.1580657	0.1221895	0.0000000	0.0000000
7154.9982445	7479.9873061	7479.8981445	0.0000000	0.0000000	0.0200156	0.1585092	0.1233339	0.0000000	0.0000000
7154.9982445	7474.9845391	7474.9977734	0.0000000	0.0000000	0.0148325	0.1584971	0.1211013	0.0000000	0.0000000
7154.9982445	7469.9846178	7469.6519141	0.0000000	0.0000000	0.0140381	0.1585115	0.1210927	0.0000000	0.0000000
7154.9982445	7464.9875422	7464.7515430	0.0000000	0.0000000	0.0118043	0.1593512	0.1202037	0.0000000	0.0000000
7154.9982445	7459.9876209	7459.8511719	0.0000000	0.0000000	0.0119137	0.1592981	0.1210886	0.0000000	0.0000000
7154.9982445	7454.9820081	7454.9508008	0.0000000	0.0000000	0.0121840	0.1589080	0.1212080	0.0000000	0.0000000
7154.9982445	7449.9849325	7449.6049414	0.0000000	0.0000000	0.0100615	0.1583368	0.1200907	0.0000000	0.0000000
7154.9982445	7444.9850112	7444.7045703	0.0000000	0.0000000	0.0108464	0.1579591	0.1208046	0.0000000	0.0000000
7154.9982445	7439.9822442	7439.8041992	0.0000000	0.0000000	0.0102849	0.1578503	0.1216833	0.0000000	0.0000000
7154.9982445	7434.9851686	7434.9618359	0.0000000	0.0000000	0.0122781	0.1570707	0.1216493	0.0000000	0.0000000
7154.9982445	7429.9872294	7429.6792578	0.0000000	0.0000000	0.0106538	0.1579417	0.1201000	0.0000000	0.0000000
7154.9982445	7424.9891513	7424.8368945	0.0000000	0.0000000	0.0094235	0.1583988	0.1195883	0.0000000	0.0000000
7154.9982445	7419.9883932	7419.9945313	0.0000000	0.0000000	0.0090768	0.1585769	0.1182131	0.0000000	0.0000000
7154.9982445	7414.9849553	7414.7119531	0.0000000	0.0000000	0.0089033	0.1574795	0.1175845	0.0000000	0.0000000
7154.9982445	7409.9841972	7409.8695898	0.0000000	0.0000000	0.0093146	0.1578724	0.1175923	0.0000000	0.0000000
7154.9982445	7404.9887990	7404.5870117	0.0000000	0.0000000	0.0082107	0.1577720	0.1166163	0.0000000	0.0000000
7154.9982445	7399.9853611	7399.7446484	0.0000000	0.0000000	0.0081583	0.1578978	0.1167456	0.0000000	0.0000000
7154.9982445	7394.9846030	7394.9126367	0.0000000	0.0000000	0.0077438	0.1571840	0.1177090	0.0000000	0.0000000
7154.9982445	7389.9865249	7389.6921680	0.0000000	0.0000000	0.0083169	0.1571743	0.1199949	0.0000000	0.0000000
7154.9982445	7384.9857669	7384.9067383	0.0000000	0.0000000	0.0103564	0.1557720	0.1198243	0.0000000	0.0000000
7154.9982445	7379.9820701	7379.6862695	0.0000000	0.0000000	0.0098712	0.1559304	0.1165989	0.0000000	0.0000000
7154.9982445	7375.0087730	7374.9008398	0.0000000	0.0000000	0.0093098	0.1580508	0.1141558	0.0000000	0.0000000
7154.9982445	7370.0030344	7369.6803711	0.0000000	0.0000000	0.0097793	0.1582988	0.1133364	0.0000000	0.0000000
7154.9982445	7365.0037840	7364.8949414	0.0000000	0.0000000	0.0110529	0.1583058	0.1126721	0.0000000	0.0000000
7154.9982445	7360.0012895	7359.6744727	0.0000000	0.0000000	0.0130154	0.1572961	0.1131431	0.0000000	0.0000000
7154.9982445	7355.0150158	7354.8890430	0.0000000	0.0000000	0.0164771	0.1564679	0.1114113	0.0000000	0.0000000
7154.9982445	7350.0027889	7349.6991016	0.0000000	0.0000000	0.0170164	0.1561466	0.1096482	0.0000000	0.0000000
7154.9982445	7344.9970502	7344.9696387	0.0000000	0.0000000	0.0168744	0.1568451	0.1075331	0.0000000	0.0000000
7154.9982445	7340.0075324	7339.8102246	0.0000000	0.0000000	0.0174586	0.1566708	0.1069451	0.0000000	0.0000000
7154.9982445	7335.0050379	7334.6508105	0.0000000	0.0000000	0.0176312	0.1572382	0.1058022	0.0000000	0.0000000
7154.9982445	7330.0025434	7329.9213477	0.0000000	0.0000000	0.0249268	0.1561945	0.1082079	0.0000000	0.0000000
7154.9982445	7325.0160272	7324.7619336	0.0000000	0.0000000	0.0248599	0.1565022	0.1069897	0.0000000	0.0000000
7154.9982445	7319.9843593	7319.6025195	0.0000000	0.0000000	0.0247526	0.1564056	0.1062667	0.0000000	0.0000000
7154.9982445	7314.9864987	7314.8730566	0.0000000	0.0000000	0.0306005	0.1568613	0.1065081	0.0000000	0.0000000
7154.9982445	7309.9886382	7309.7136426	0.0000000	0.0000000	0.0311908	0.1568289	0.1056964	0.0000000	0.0000000
7154.9982445	7304.9851431	7304.6092822	0.0000000	0.0000000	0.0311158	0.1568027	0.1060085	0.0000000	0.0000000
7154.9982445	7299.9844653	7299.9348730	0.0000000	0.0000000	0.0361327	0.1565284	0.1065010	0.0000000	0.0000000
7154.9982445	7294.9837875	7294.8355176	0.0000000	0.0000000	0.0420054	0.1566733	0.1072526	0.0000000	0.0000000
7154.9982445	7289.9859270	7289.7361621	0.0000000	0.0000000	0.0450886	0.1574467	0.1076024	0.0000000	0.0000000
7154.9982445	7284.9852492	7284.6368066	0.0000000	0.0000000	0.0485764	0.1562534	0.1095365	0.0000000	0.0000000
7154.9982445	7279.9783810	7279.9623975	0.0000000	0.0000000	0.0541265	0.1584425	0.1101733	0.0000000	0.0000000
7154.9982445	7275.0065655	7274.8630420	0.0000000	0.0000000	0.0596444	0.1575317	0.1110161	0.0000000	0.0000000
7154.9982445	7270.0122966	7269.7636865	0.0000000	0.0000000	0.0568986	0.1573438	0.1101157	0.0000000	0.0000000
7154.9982445	7265.0084048	7264.6888672	0.0000000	0.0000000	0.0560248	0.1570754	0.1095676	0.0000000	0.0000000
7154.9982445	7260.0045130	7259.6483984	0.0000000	0.0000000	0.0500205	0.1581168	0.1065795	0.0000000	0.0000000
7154.9982445	7255.0102440	7254.6079297	0.0000000	0.0000000	0.0562805	0.1567434	0.1050297	0.0000000	0.0000000
7154.9982445	7250.0127675	7249.9875000	0.0000000	0.0000000	0.0553944	0.1567231	0.1021125	0.0000000	0.0000000
7154.9982445	7245.0056680	7244.9470313	0.0000000	0.0000000	0.0638969	0.1560286	0.1023152	0.0000000	0.0000000
7154.9982445	7240.0113991	7239.9065625	0.0000000	0.0000000	0.0592567	0.1562018	0.1017258	0.0000000	0.0000000
7154.9982445	7235.0075073	7234.8660938	0.0000000	0.0000000	0.0625592	0.1561219	0.1000042	0.0000000	0.0000000
7154.9982445	7230.0100308	7229.8256250	0.0000000	0.0000000	0.0607885	0.1571460	0.0996176	0.0000000	0.0000000
7154.9982445	7225.0033850	7224.7851563	0.0000000	0.0000000	0.0695498	0.1566105	0.1010730	0.0000000	0.0000000
7154.9982445	7220.0114581	7219.8026367	0.0000000	0.0000000	0.0880938	0.1567061	0.1038792	0.0000000	0.0000000
7154.9982445	7215.0064889	7214.8201172	0.0000000	0.0000000	0.0986157	0.1565776	0.1067966	0.0000000	0.0000000
7154.9982445	7210.0080408	7209.8375977	0.0000000	0.0000000	0.1120168	0.1572142	0.1075448	0.0000000	0.0000000
7154.9982445	7204.9998111	7204.8550781	0.0000000	0.0000000	0.1161705	0.1564165	0.1064966	0.0000000	0.0000000
7154.9982445	7200.0046236	7199.8725586	0.0000000	0.0000000	0.1122125	0.1574050	0.1056292	0.0000000	0.0000000
7154.9982445	7195.0094361	7194.8900391	0.0000000	0.0000000	0.1161814	0.1563716	0.1067352	0.0000000	0.0000000
7154.9982445	7190.0012064	7189.9075195	0.0000000	0.0000000	0.1409143	0.1562000	0.1079077	0.0000000	0.0000000
7154.9982445	7185.0092794	7184.9250000	0.0000000	0.0000000	0.1449616	0.1559584	0.1067686	0.0000000	0.0000000
7154.9982445	7180.0010497	7179.9804492	0.0000000	0.0000000	0.1286826	0.1565746	0.1067261	0.0000000	0.0000000
7154.9982445	7175.0091228	7174.6444189	0.0000000	0.0000000	0.1377317	0.1558754	0.1071240	0.0000000	0.0000000
7154.9982445	7170.0074141	7169.7188525	0.0000000	0.0000000	0.1743532	0.1563037	0.1052007	0.0000000	0.0000000
7154.9982445	7165.0300253	7164.7932861	0.0000000	0.0000000	0.2250262	0.1542828	0.1044729	0.0000000	0.0000000
7154.9982445	7160.0281100	7159.8677197	0.0000000	0.0000000	0.2745292	0.1553317	0.1043849	0.0000000	0.0000000
7154.9982445	7155.0231870	7154.9421533	0.0000000	0.0000000	0.2836429	0.1551106	0.1069569	0.0000000	0.0000000
7154.9982445	7150.0333028	7149.6061230	0.0000000	0.0000000	0.2410879	0.1555072	0.1045936	0.0000000	0.0000000
7154.9982445	7145.0253719	7144.6805566	0.0000000	0.0000000	0.1534182	0.1558011	0.1008820	0.0000000	0.0000000
7154.9982445	7140.0234567	7139.7829688	0.0000000	0.0000000	0.0939811	0.1566262	0.1009666	0.0000000	0.0000000
7154.9982445	7135.0245491	7134.9133594	0.0000000	0.0000000	0.0882844	0.1559150	0.1027233	0.0000000	0.0000000
7154.9982445	7130.0256416	7129.6379492	0.0000000	0.0000000	0.1080228	0.1561443	0.1037130	0.0000000	0.0000000
7154.9982445	7125.0357574	7124.7683398	0.0000000	0.0000000	0.1058095	0.1555947	0.1033420	0.0000000	0.0000000
7154.9982445	7120.0278266	7119.8987305	0.0000000	0.0000000	0.0896624	0.1559036	0.1028872	0.0000000	0.0000000
7154.9982445	7114.9912798	7114.6233203	0.0000000	0.0000000	0.0974342	0.1561731	0.1024845	0.0000000	0.0000000
7154.9982445	7109.9857704	7109.7537109	0.0000000	0.0000000	0.1003916	0.1547377	0.1027284	0.0000000	0.0000000
7154.9982445	7104.9837419	7104.8841016	0.0000000	0.0000000	0.0906012	0.1545396	0.1021887	0.0000000	0.0000000
7154.9982445	7099.9921561	7099.6316406	0.0000000	0.0000000	0.0907308	0.1545778	0.1024740	0.0000000	0.0000000
7154.9982445	7094.9831658	7094.8171094	0.0000000	0.0000000	0.0833188	0.1559232	0.1020647	0.0000000	0.0000000
7154.9982445	7089.9846182	7089.6013672	0.0000000	0.0000000	0.0798767	0.1569595	0.1012346	0.0000000	0.0000000
7154.9982445	7084.9860706	7084.7868359	0.0000000	0.0000000	0.0747657	0.1561056	0.0997483	0.0000000	0.0000000
7154.9982445	7079.9875230	7079.9723047	0.0000000	0.0000000	0.0593709	0.1553915	0.0984939	0.0000000	0.0000000
7154.9982445	7074.9889754	7074.7565625	0.0000000	0.0000000	0.0506270	0.1561022	0.0995520	0.0000000	0.0000000
7154.9982445	7069.9869469	7069.9420313	0.0000000	0.0000000	0.0404397	0.1551780	0.1008226	0.0000000	0.0000000
7154.9982445	7064.9918802	7064.7262891	0.0000000	0.0000000	0.0398549	0.1546560	0.0998904	0.0000000	0.0000000
7154.9982445	7059.9863559	7059.9297656	0.0000000	0.0000000	0.0406249	0.1543091	0.0991572	0.0000000	0.0000000
7154.9982445	7054.9880656	7054.7725488	0.0000000	0.0000000	0.0471404	0.1544089	0.0995652	0.0000000	0.0000000
7154.9982445	7049.9819654	7049.6153320	0.0000000	0.0000000	0.0491689	0.1554132	0.0969106	0.0000000	0.0000000
7154.9982445	7044.9875799	7044.8548242	0.0000000	0.0000000	0.0551746	0.1575181	0.0979144	0.0000000	0.0000000
7154.9982445	7039.9775748	7039.6976074	0.0000000	0.0000000	0.0601897	0.1562140	0.0977426	0.0000000	0.0000000
7154.9982445	7034.9831894	7034.9370996	0.0000000	0.0000000	0.0655587	0.1569208	0.0973026	0.0000000	0.0000000
7154.9982445	7029.9848990	7029.7798828	0.0000000	0.0000000	0.0716371	0.1568859	0.0981593	0.0000000	0.0000000
7154.9982445	7024.9827038	7024.6226660	0.0000000	0.0000000	0.0710886	0.1562017	0.0981602	0.0000000	0.0000000
7154.9982445	7019.9766036	7019.8843262	0.0000000	0.0000000	0.0604818	0.1547461	0.0979698	0.0000000	0.0000000
7154.9982445	7014.9861230	7014.7847461	0.0000000	0.0000000	0.0580710	0.1540350	0.0984066	0.0000000	0.0000000
7154.9982445	7009.9839278	7009.6851660	0.0000000	0.0000000	0.0601328	0.1546841	0.0990420	0.0000000	0.0000000
7154.9982445	7004.9856374	7004.9778613	0.0000000	0.0000000	0.0571086	0.1549701	0.0982531	0.0000000	0.0000000
