7454.9968171	7599.9977245	7599.5502051	0.0000000	0.0000000	0.0056033	0.1944548	0.1243517	0.0000000	7455.0000000
7454.9968171	7594.9867234	7594.9313574	0.0000000	0.0000000	0.0090350	0.1939142	0.1235773	0.0000000	0.0000000
7454.9968171	7589.9849267	7589.8506250	0.0000000	0.0000000	0.0082405	0.1935027	0.1234249	0.0000000	0.0000000
7454.9968171	7584.9897621	7584.7698926	0.0000000	0.0000000	0.0109783	0.1924432	0.1243026	0.0000000	0.0000000
7454.9968171	7579.9895004	7579.6891602	0.0000000	0.0000000	0.0100106	0.1937728	0.1231782	0.0000000	0.0000000
7454.9968171	7574.9866901	7574.6139941	0.0000000	0.0000000	0.0093510	0.1930247	0.1234517	0.0000000	0.0000000
7454.9968171	7569.9889770	7569.5944922	0.0000000	0.0000000	0.0103915	0.1929287	0.1237003	0.0000000	0.0000000
7454.9968171	7564.9887153	7564.5749902	0.0000000	0.0000000	0.0105413	0.1928870	0.1238601	0.0000000	0.0000000
7454.9968171	7559.9884535	7559.5554883	0.0000000	0.0000000	0.0083159	0.1938682	0.1240056	0.0000000	0.0000000
7454.9968171	7554.9856433	7554.9923047	0.0000000	0.0000000	0.0095062	0.1935800	0.1242247	0.0000000	0.0000000
7454.9968171	7549.9853816	7549.9728027	0.0000000	0.0000000	0.0102334	0.1933011	0.1259045	0.0000000	0.0000000
7454.9968171	7544.9876684	7544.9533008	0.0000000	0.0000000	0.0087527	0.1943835	0.1252487	0.0000000	0.0000000
7454.9968171	7539.9901987	7539.9337988	0.0000000	0.0000000	0.0100974	0.1940183	0.1246073	0.0000000	0.0000000
7454.9968171	7534.9866347	7534.9142969	0.0000000	0.0000000	0.0085691	0.1927115	0.1233575	0.0000000	0.0000000
7454.9968171	7529.9830707	7529.8947949	0.0000000	0.0000000	0.0128612	0.1931954	0.1244905	0.0000000	0.0000000
7454.9968171	7524.9853080	7524.9299316	0.0000000	0.0000000	0.0122410	0.1941498	0.1236565	0.0000000	0.0000000
7454.9968171	7519.9875452	7519.9705322	0.0000000	0.0000000	0.0137717	0.1946094	0.1244756	0.0000000	0.0000000
7454.9968171	7514.9839813	7514.5602783	0.0000000	0.0000000	0.0113884	0.1932214	0.1230087	0.0000000	0.0000000
7454.9968171	7509.9862185	7509.6008789	0.0000000	0.0000000	0.0096460	0.1938719	0.1235482	0.0000000	0.0000000
7454.9968171	7504.9826546	7504.6414795	0.0000000	0.0000000	0.0095482	0.1935898	0.1243551	0.0000000	0.0000000
7454.9968171	7499.9877924	7499.6820801	0.0000000	0.0000000	0.0086096	0.1935863	0.1234139	0.0000000	0.0000000
7454.9968171	7494.9871291	7494.7226807	0.0000000	0.0000000	0.0111079	0.1931293	0.1245358	0.0000000	0.0000000
7454.9968171	7489.9843030	7489.7632813	0.0000000	0.0000000	0.0124982	0.1936100	0.1238022	0.0000000	0.0000000
7454.9968171	7484.9843817	7484.8038818	0.0000000	0.0000000	0.0108483	0.1937413	0.1237642	0.0000000	0.0000000
7454.9968171	7479.9844604	7479.8981445	0.0000000	0.0000000	0.0081531	0.1938293	0.1235140	0.0000000	0.0000000
7454.9968171	7474.9845391	7474.9977734	0.0000000	0.0000000	0.0109952	0.1935603	0.1236002	0.0000000	0.0000000
7454.9968171	7469.9846178	7469.6519141	0.0000000	0.0000000	0.0146414	0.1926022	0.1239075	0.0000000	0.0000000
7454.9968171	7464.9846965	7464.7515430	0.0000000	0.0000000	0.0374850	0.1928730	0.1246011	0.0000000	0.0000000
7454.9968171	7459.9847751	7459.8511719	0.0000000	0.0000000	0.0663149	0.1934380	0.1229657	0.0000000	0.0000000
7454.9968171	7454.9848538	7454.9508008	0.0000000	0.0000000	0.0877410	0.1936678	0.1258800	0.0000000	0.0000000
7454.9968171	7449.9849325	7449.6049414	0.0000000	0.0000000	0.0720345	0.1940778	0.1230637	0.0000000	0.0000000
7454.9968171	7444.9850112	7444.7045703	0.0000000	0.0000000	0.0440911	0.1934678	0.1224985	0.0000000	0.0000000
7454.9968171	7439.9879357	7439.8041992	0.0000000	0.0000000	0.0180298	0.1927261	0.1221019	0.0000000	0.0000000
7454.9968171	7434.9851686	7434.9618359	0.0000000	0.0000000	0.0116636	0.1927483	0.1226074	0.0000000	0.0000000
7454.9968171	7429.9845495	7429.6792578	0.0000000	0.0000000	0.0081501	0.1926305	0.1225249	0.0000000	0.0000000
7454.9968171	7424.9864714	7424.8368945	0.0000000	0.0000000	0.0089091	0.1933425	0.1210183	0.0000000	0.0000000
7454.9968171	7419.9857133	7419.9945313	0.0000000	0.0000000	0.0058092	0.1939087	0.1201169	0.0000000	0.0000000
7454.9968171	7414.9849553	7414.7119531	0.0000000	0.0000000	0.0054858	0.1936450	0.1200471	0.0000000	0.0000000
7454.9968171	7409.9868772	7409.8695898	0.0000000	0.0000000	0.0053737	0.1925958	0.1195414	0.0000000	0.0000000
7454.9968171	7404.9861191	7404.5870117	0.0000000	0.0000000	0.0049285	0.1940966	0.1200977	0.0000000	0.0000000
7454.9968171	7399.9853611	7399.7446484	0.0000000	0.0000000	0.0053849	0.1926392	0.1196071	0.0000000	0.0000000
7454.9968171	7394.9872830	7394.9126367	0.0000000	0.0000000	0.0055870	0.1935754	0.1192803	0.0000000	0.0000000
7454.9968171	7389.9838450	7389.6921680	0.0000000	0.0000000	0.0052867	0.1928097	0.1185898	0.0000000	0.0000000
7454.9968171	7384.9857669	7384.9067383	0.0000000	0.0000000	0.0064729	0.1925557	0.1180065	0.0000000	0.0000000
7454.9968171	7379.9820701	7379.6862695	0.0000000	0.0000000	0.0051382	0.1919308	0.1165291	0.0000000	0.0000000
7454.9968171	7374.9860639	7374.9008398	0.0000000	0.0000000	0.0071517	0.1914819	0.1165579	0.0000000	0.0000000
7454.9968171	7369.9835694	7369.6803711	0.0000000	0.0000000	0.0067201	0.1923344	0.1156387	0.0000000	0.0000000
7454.9968171	7364.9810749	7364.8949414	0.0000000	0.0000000	0.0065302	0.1925183	0.1149766	0.0000000	0.0000000
7454.9968171	7359.9850687	7359.6744727	0.0000000	0.0000000	0.0062979	0.1933331	0.1139286	0.0000000	0.0000000
7454.9968171	7354.9858184	7354.8890430	0.0000000	0.0000000	0.0087980	0.1929082	0.1128647	0.0000000	0.0000000
7454.9968171	7349.9865681	7349.6991016	0.0000000	0.0000000	0.0071218	0.1930167	0.1109739	0.0000000	0.0000000
7454.9968171	7344.9840736	7344.9696387	0.0000000	0.0000000	0.0056764	0.1938395	0.1087919	0.0000000	0.0000000
7454.9968171	7339.9848232	7339.8102246	0.0000000	0.0000000	0.0048960	0.1931248	0.1085447	0.0000000	0.0000000
7454.9968171	7334.9823288	7334.6508105	0.0000000	0.0000000	0.0062645	0.1933700	0.1072737	0.0000000	0.0000000
7454.9968171	7329.9863226	7329.9213477	0.0000000	0.0000000	0.0070135	0.1936454	0.1078438	0.0000000	0.0000000
7454.9968171	7324.9878543	7324.7619336	0.0000000	0.0000000	0.0056287	0.1932798	0.1079225	0.0000000	0.0000000
7454.9968171	7319.9871765	7319.6025195	0.0000000	0.0000000	0.0069591	0.1925892	0.1080702	0.0000000	0.0000000
7454.9968171	7314.9864987	7314.8730566	0.0000000	0.0000000	0.0077614	0.1930370	0.1088394	0.0000000	0.0000000
7454.9968171	7309.9886382	7309.7136426	0.0000000	0.0000000	0.0053979	0.1936515	0.1072535	0.0000000	0.0000000
7454.9968171	7304.9851431	7304.6092822	0.0000000	0.0000000	0.0064014	0.1938792	0.1090004	0.0000000	0.0000000
7454.9968171	7299.9844653	7299.9348730	0.0000000	0.0000000	0.0059639	0.1932979	0.1090702	0.0000000	0.0000000
7454.9968171	7294.9837875	7294.8355176	0.0000000	0.0000000	0.0064287	0.1928763	0.1099122	0.0000000	0.0000000
7454.9968171	7289.9859270	7289.7361621	0.0000000	0.0000000	0.0070433	0.1934194	0.1095043	0.0000000	0.0000000
7454.9968171	7284.9852492	7284.6368066	0.0000000	0.0000000	0.0066196	0.1924491	0.1100306	0.0000000	0.0000000
7454.9968171	7279.9847963	7279.9623975	0.0000000	0.0000000	0.0076191	0.1922283	0.1104951	0.0000000	0.0000000
7454.9968171	7274.9809045	7274.8630420	0.0000000	0.0000000	0.0074308	0.1923188	0.1108942	0.0000000	0.0000000
7454.9968171	7269.9834279	7269.7636865	0.0000000	0.0000000	0.0080133	0.1924619	0.1111779	0.0000000	0.0000000
7454.9968171	7264.9859514	7264.6888672	0.0000000	0.0000000	0.0050065	0.1932942	0.1095668	0.0000000	0.0000000
7454.9968171	7259.9852672	7259.6483984	0.0000000	0.0000000	0.0052087	0.1922506	0.1094388	0.0000000	0.0000000
7454.9968171	7254.9813754	7254.6079297	0.0000000	0.0000000	0.0049402	0.1927977	0.1095828	0.0000000	0.0000000
7454.9968171	7249.9838989	7249.9875000	0.0000000	0.0000000	0.0038281	0.1934397	0.1073582	0.0000000	0.0000000
7454.9968171	7244.9832147	7244.9470313	0.0000000	0.0000000	0.0029344	0.1922866	0.1056532	0.0000000	0.0000000
7454.9968171	7239.9857381	7239.9065625	0.0000000	0.0000000	0.0021628	0.1936182	0.1036345	0.0000000	0.0000000
7454.9968171	7234.9850540	7234.8660938	0.0000000	0.0000000	0.0022894	0.1927836	0.1023153	0.0000000	0.0000000
7454.9968171	7229.9811622	7229.8256250	0.0000000	0.0000000	0.0022355	0.1929138	0.1028296	0.0000000	0.0000000
7454.9968171	7224.9838216	7224.7851563	0.0000000	0.0000000	0.0017057	0.1933248	0.1034161	0.0000000	0.0000000
7454.9968171	7219.9853736	7219.8026367	0.0000000	0.0000000	0.0022067	0.1933673	0.1049371	0.0000000	0.0000000
7454.9968171	7214.9869255	7214.8201172	0.0000000	0.0000000	0.0027035	0.1929293	0.1072791	0.0000000	0.0000000
7454.9968171	7209.9852169	7209.8375977	0.0000000	0.0000000	0.0029331	0.1929045	0.1074956	0.0000000	0.0000000
7454.9968171	7204.9867688	7204.8550781	0.0000000	0.0000000	0.0027719	0.1930800	0.1084119	0.0000000	0.0000000
7454.9968171	7199.9850602	7199.8725586	0.0000000	0.0000000	0.0021787	0.1931813	0.1090909	0.0000000	0.0000000
7454.9968171	7194.9833516	7194.8900391	0.0000000	0.0000000	0.0019612	0.1934426	0.1094366	0.0000000	0.0000000
7454.9968171	7189.9816430	7189.9075195	0.0000000	0.0000000	0.0027458	0.1927993	0.1106050	0.0000000	0.0000000
7454.9968171	7184.9864555	7184.9250000	0.0000000	0.0000000	0.0025735	0.1927876	0.1100952	0.0000000	0.0000000
7454.9968171	7179.9814863	7179.9804492	0.0000000	0.0000000	0.0020459	0.1930309	0.1092700	0.0000000	0.0000000
7454.9968171	7174.9862988	7174.6444189	0.0000000	0.0000000	0.0020295	0.1923668	0.1084312	0.0000000	0.0000000
7454.9968171	7169.9813296	7169.7188525	0.0000000	0.0000000	0.0016011	0.1933441	0.1052345	0.0000000	0.0000000
7454.9968171	7164.9849088	7164.7932861	0.0000000	0.0000000	0.0008612	0.1930643	0.1047802	0.0000000	0.0000000
7454.9968171	7159.9860013	7159.8677197	0.0000000	0.0000000	0.0005864	0.1934728	0.1041589	0.0000000	0.0000000
7454.9968171	7154.9870938	7154.9421533	0.0000000	0.0000000	0.0007552	0.1923635	0.1066721	0.0000000	0.0000000
7454.9968171	7149.9851785	7149.6061230	0.0000000	0.0000000	0.0009839	0.1923723	0.1072858	0.0000000	0.0000000
7454.9968171	7144.9862710	7144.6805566	0.0000000	0.0000000	0.0007692	0.1931326	0.1051537	0.0000000	0.0000000
7454.9968171	7139.9873635	7139.7829688	0.0000000	0.0000000	0.0005420	0.1932089	0.1045601	0.0000000	0.0000000
7454.9968171	7134.9824404	7134.9133594	0.0000000	0.0000000	0.0004463	0.1938209	0.1050906	0.0000000	0.0000000
7454.9968171	7129.9865407	7129.6379492	0.0000000	0.0000000	0.0006252	0.1938916	0.1065347	0.0000000	0.0000000
7454.9968171	7124.9876331	7124.7683398	0.0000000	0.0000000	0.0005560	0.1929541	0.1055128	0.0000000	0.0000000
7454.9968171	7119.9857178	7119.8987305	0.0000000	0.0000000	0.0004408	0.1923180	0.1047095	0.0000000	0.0000000
7454.9968171	7114.9843181	7114.6233203	0.0000000	0.0000000	0.0003317	0.1924600	0.1043451	0.0000000	0.0000000
7454.9968171	7109.9857704	7109.7537109	0.0000000	0.0000000	0.0003456	0.1929523	0.1044199	0.0000000	0.0000000
7454.9968171	7104.9802611	7104.8841016	0.0000000	0.0000000	0.0004703	0.1930854	0.1040168	0.0000000	0.0000000
7454.9968171	7099.9817134	7099.6316406	0.0000000	0.0000000	0.0002900	0.1935048	0.1031016	0.0000000	0.0000000
7454.9968171	7094.9831658	7094.8171094	0.0000000	0.0000000	0.0003210	0.1928878	0.1048425	0.0000000	0.0000000
7454.9968171	7089.9846182	7089.6013672	0.0000000	0.0000000	0.0003524	0.1923759	0.1037379	0.0000000	0.0000000
7454.9968171	7084.9895515	7084.7868359	0.0000000	0.0000000	0.0002185	0.1925436	0.1034728	0.0000000	0.0000000
7454.9968171	7079.9875230	7079.9723047	0.0000000	0.0000000	0.0001974	0.1929662	0.1025627	0.0000000	0.0000000
7454.9968171	7074.9889754	7074.7565625	0.0000000	0.0000000	0.0000973	0.1933849	0.1011105	0.0000000	0.0000000
7454.9968171	7069.9834660	7069.9420313	0.0000000	0.0000000	0.0000800	0.1923160	0.1005039	0.0000000	0.0000000
7454.9968171	7064.9849184	7064.7262891	0.0000000	0.0000000	0.0001161	0.1913018	0.1022594	0.0000000	0.0000000
7454.9968171	7059.9863559	7059.9297656	0.0000000	0.0000000	0.0000640	0.1927095	0.1011896	0.0000000	0.0000000
7454.9968171	7054.9841606	7054.7725488	0.0000000	0.0000000	0.0001383	0.1924884	0.1012874	0.0000000	0.0000000
7454.9968171	7049.9819654	7049.6153320	0.0000000	0.0000000	0.0001139	0.1930592	0.1010735	0.0000000	0.0000000
7454.9968171	7044.9875799	7044.8548242	0.0000000	0.0000000	0.0001448	0.1929449	0.1019733	0.0000000	0.0000000
7454.9968171	7039.9814797	7039.6976074	0.0000000	0.0000000	0.0001324	0.1926792	0.1013715	0.0000000	0.0000000
7454.9968171	7034.9831894	7034.9370996	0.0000000	0.0000000	0.0001370	0.1931138	0.1010555	0.0000000	0.0000000
7454.9968171	7029.9848990	7029.7798828	0.0000000	0.0000000	0.0001646	0.1926786	0.1021487	0.0000000	0.0000000
7454.9968171	7024.9827038	7024.6226660	0.0000000	0.0000000	0.0002289	0.1917208	0.1023431	0.0000000	0.0000000
7454.9968171	7019.9805085	7019.8843262	0.0000000	0.0000000	0.0001488	0.1927560	0.1014622	0.0000000	0.0000000
7454.9968171	7014.9822181	7014.7847461	0.0000000	0.0000000	0.0001221	0.1933573	0.1011300	0.0000000	0.0000000
7454.9968171	7009.9839278	7009.6851660	0.0000000	0.0000000	0.0001597	0.1925917	0.1014613	0.0000000	0.0000000
7454.9968171	7004.9817325	7004.9778613	0.0000000	0.0000000	0.0001321	0.1924458	0.1022327	0.0000000	0.0000000
