7149.9966870	7599.9977245	7599.5502051	0.0000000	0.0000000	0.0178555	0.1559500	0.1222892	0.0000000	7150.0000000
7149.9966870	7594.9892152	7594.9313574	0.0000000	0.0000000	0.0210956	0.1559692	0.1230747	0.0000000	0.0000000
7149.9966870	7589.9849267	7589.8506250	0.0000000	0.0000000	0.0219448	0.1564475	0.1216588	0.0000000	0.0000000
7149.9966870	7584.9872136	7584.7698926	0.0000000	0.0000000	0.0209387	0.1570376	0.1219379	0.0000000	0.0000000
7149.9966870	7579.9869519	7579.6891602	0.0000000	0.0000000	0.0245804	0.1559723	0.1231316	0.0000000	0.0000000
7149.9966870	7574.9866901	7574.6139941	0.0000000	0.0000000	0.0214714	0.1555453	0.1237504	0.0000000	0.0000000
7149.9966870	7569.9889770	7569.5944922	0.0000000	0.0000000	0.0212288	0.1562021	0.1226897	0.0000000	0.0000000
7149.9966870	7564.9861667	7564.5749902	0.0000000	0.0000000	0.0235197	0.1569661	0.1222527	0.0000000	0.0000000
7149.9966870	7559.9884535	7559.5554883	0.0000000	0.0000000	0.0222993	0.1583074	0.1225011	0.0000000	0.0000000
7149.9966870	7554.9856433	7554.9923047	0.0000000	0.0000000	0.0277545	0.1586825	0.1241273	0.0000000	0.0000000
7149.9966870	7549.9853816	7549.9728027	0.0000000	0.0000000	0.0194156	0.1586428	0.1231521	0.0000000	0.0000000
7149.9966870	7544.9851198	7544.9533008	0.0000000	0.0000000	0.0202592	0.1570074	0.1234958	0.0000000	0.0000000
7149.9966870	7539.9872981	7539.9337988	0.0000000	0.0000000	0.0191510	0.1557817	0.1228077	0.0000000	0.0000000
7149.9966870	7534.9866347	7534.9142969	0.0000000	0.0000000	0.0180818	0.1552739	0.1223162	0.0000000	0.0000000
7149.9966870	7529.9830707	7529.8947949	0.0000000	0.0000000	0.0204456	0.1557953	0.1234956	0.0000000	0.0000000
7149.9966870	7524.9853080	7524.9299316	0.0000000	0.0000000	0.0197651	0.1547087	0.1226188	0.0000000	0.0000000
7149.9966870	7520.0310545	7519.9705322	0.0000000	0.0000000	0.0211102	0.1559771	0.1231514	0.0000000	0.0000000
7149.9966870	7514.9839813	7514.5602783	0.0000000	0.0000000	0.0223621	0.1579507	0.1248978	0.0000000	0.0000000
7149.9966870	7510.0326284	7509.6008789	0.0000000	0.0000000	0.0193121	0.1569436	0.1235748	0.0000000	0.0000000
7149.9966870	7505.0348657	7504.6414795	0.0000000	0.0000000	0.0190337	0.1554771	0.1231519	0.0000000	0.0000000
7149.9966870	7500.0342023	7499.6820801	0.0000000	0.0000000	0.0182367	0.1563602	0.1214514	0.0000000	0.0000000
7149.9966870	7495.0364396	7494.7226807	0.0000000	0.0000000	0.0216738	0.1578397	0.1215382	0.0000000	0.0000000
7149.9966870	7489.9843030	7489.7632813	0.0000000	0.0000000	0.0203772	0.1580933	0.1227904	0.0000000	0.0000000
7149.9966870	7484.9872274	7484.8038818	0.0000000	0.0000000	0.0183094	0.1576458	0.1243900	0.0000000	0.0000000
7149.9966870	7479.9873061	7479.8981445	0.0000000	0.0000000	0.0180916	0.1562664	0.1236575	0.0000000	0.0000000
7149.9966870	7474.9845391	7474.9977734	0.0000000	0.0000000	0.0156958	0.1557456	0.1223107	0.0000000	0.0000000
7149.9966870	7469.9846178	7469.6519141	0.0000000	0.0000000	0.0126030	0.1563905	0.1229948	0.0000000	0.0000000
7149.9966870	7464.9875422	7464.7515430	0.0000000	0.0000000	0.0138632	0.1552213	0.1230876	0.0000000	0.0000000
7149.9966870	7459.9876209	7459.8511719	0.0000000	0.0000000	0.0124694	0.1555909	0.1233411	0.0000000	0.0000000
7149.9966870	7454.9820081	7454.9508008	0.0000000	0.0000000	0.0120701	0.1556271	0.1225884	0.0000000	0.0000000
7149.9966870	7450.0361554	7449.6049414	0.0000000	0.0000000	0.0126345	0.1550028	0.1231322	0.0000000	0.0000000
7149.9966870	7444.9878570	7444.7045703	0.0000000	0.0000000	0.0134296	0.1557285	0.1226045	0.0000000	0.0000000
7149.9966870	7439.9850899	7439.8041992	0.0000000	0.0000000	0.0132955	0.1564281	0.1204750	0.0000000	0.0000000
7149.9966870	7434.9880144	7434.9618359	0.0000000	0.0000000	0.0115546	0.1566490	0.1196921	0.0000000	0.0000000
7149.9966870	7429.9899093	7429.6792578	0.0000000	0.0000000	0.0106602	0.1579260	0.1227410	0.0000000	0.0000000
7149.9966870	7424.9918312	7424.8368945	0.0000000	0.0000000	0.0127742	0.1574437	0.1238455	0.0000000	0.0000000
7149.9966870	7419.9857133	7419.9945313	0.0000000	0.0000000	0.0106383	0.1580470	0.1242036	0.0000000	0.0000000
7149.9966870	7414.9849553	7414.7119531	0.0000000	0.0000000	0.0111256	0.1573136	0.1227656	0.0000000	0.0000000
7149.9966870	7409.9841972	7409.8695898	0.0000000	0.0000000	0.0097302	0.1569021	0.1196655	0.0000000	0.0000000
7149.9966870	7404.9861191	7404.5870117	0.0000000	0.0000000	0.0091996	0.1568152	0.1170479	0.0000000	0.0000000
7149.9966870	7399.9853611	7399.7446484	0.0000000	0.0000000	0.0097321	0.1556412	0.1180225	0.0000000	0.0000000
7149.9966870	7394.9872830	7394.9126367	0.0000000	0.0000000	0.0098793	0.1560182	0.1182318	0.0000000	0.0000000
7149.9966870	7389.9865249	7389.6921680	0.0000000	0.0000000	0.0109475	0.1562280	0.1168225	0.0000000	0.0000000
7149.9966870	7384.9857669	7384.9067383	0.0000000	0.0000000	0.0099784	0.1575026	0.1161903	0.0000000	0.0000000
7149.9966870	7379.9820701	7379.6862695	0.0000000	0.0000000	0.0111969	0.1576158	0.1166724	0.0000000	0.0000000
7149.9966870	7375.0087730	7374.9008398	0.0000000	0.0000000	0.0114840	0.1570109	0.1175278	0.0000000	0.0000000
7149.9966870	7370.0192552	7369.6803711	0.0000000	0.0000000	0.0128169	0.1561821	0.1159373	0.0000000	0.0000000
7149.9966870	7365.0070282	7364.8949414	0.0000000	0.0000000	0.0137168	0.1560270	0.1151788	0.0000000	0.0000000
7149.9966870	7360.0077779	7359.6744727	0.0000000	0.0000000	0.0163317	0.1569756	0.1158099	0.0000000	0.0000000
7149.9966870	7355.0085275	7354.8890430	0.0000000	0.0000000	0.0181714	0.1563947	0.1145055	0.0000000	0.0000000
7149.9966870	7350.0060330	7349.6991016	0.0000000	0.0000000	0.0181000	0.1572965	0.1110540	0.0000000	0.0000000
7149.9966870	7345.0100269	7344.9696387	0.0000000	0.0000000	0.0178451	0.1564172	0.1081544	0.0000000	0.0000000
7149.9966870	7340.0172648	7339.8102246	0.0000000	0.0000000	0.0159996	0.1563730	0.1061393	0.0000000	0.0000000
7149.9966870	7335.0115262	7334.6508105	0.0000000	0.0000000	0.0214215	0.1559539	0.1075975	0.0000000	0.0000000
7149.9966870	7330.0155200	7329.9213477	0.0000000	0.0000000	0.0284446	0.1559554	0.1074178	0.0000000	0.0000000
7149.9966870	7325.0244790	7324.7619336	0.0000000	0.0000000	0.0254573	0.1570983	0.1063834	0.0000000	0.0000000
7149.9966870	7319.9871765	7319.6025195	0.0000000	0.0000000	0.0286971	0.1557764	0.1071096	0.0000000	0.0000000
7149.9966870	7314.9864987	7314.8730566	0.0000000	0.0000000	0.0358842	0.1555381	0.1077435	0.0000000	0.0000000
7149.9966870	7309.9886382	7309.7136426	0.0000000	0.0000000	0.0372874	0.1564716	0.1082094	0.0000000	0.0000000
7149.9966870	7304.9879604	7304.6092822	0.0000000	0.0000000	0.0338394	0.1567783	0.1064767	0.0000000	0.0000000
7149.9966870	7299.9844653	7299.9348730	0.0000000	0.0000000	0.0376670	0.1562321	0.1069338	0.0000000	0.0000000
7149.9966870	7294.9866048	7294.8355176	0.0000000	0.0000000	0.0403633	0.1567548	0.1060922	0.0000000	0.0000000
7149.9966870	7289.9831097	7289.7361621	0.0000000	0.0000000	0.0414392	0.1587417	0.1071875	0.0000000	0.0000000
7149.9966870	7284.9852492	7284.6368066	0.0000000	0.0000000	0.0453756	0.1591674	0.1085034	0.0000000	0.0000000
7149.9966870	7279.9815887	7279.9623975	0.0000000	0.0000000	0.0544613	0.1558295	0.1102922	0.0000000	0.0000000
7149.9966870	7275.0033579	7274.8630420	0.0000000	0.0000000	0.0621990	0.1558104	0.1125815	0.0000000	0.0000000
7149.9966870	7270.0090889	7269.7636865	0.0000000	0.0000000	0.0648143	0.1552023	0.1109287	0.0000000	0.0000000
7149.9966870	7265.0084048	7264.6888672	0.0000000	0.0000000	0.0569929	0.1563531	0.1072216	0.0000000	0.0000000
7149.9966870	7260.0045130	7259.6483984	0.0000000	0.0000000	0.0534807	0.1575380	0.1058082	0.0000000	0.0000000
7149.9966870	7255.0006212	7254.6079297	0.0000000	0.0000000	0.0599136	0.1572695	0.1051333	0.0000000	0.0000000
7149.9966870	7250.0063522	7249.9875000	0.0000000	0.0000000	0.0636212	0.1559528	0.1055471	0.0000000	0.0000000
7149.9966870	7245.0120833	7244.9470313	0.0000000	0.0000000	0.0654518	0.1557903	0.1046476	0.0000000	0.0000000
7149.9966870	7240.0049839	7239.9065625	0.0000000	0.0000000	0.0623126	0.1552810	0.1040607	0.0000000	0.0000000
7149.9966870	7235.0171302	7234.8660938	0.0000000	0.0000000	0.0658806	0.1558235	0.1029156	0.0000000	0.0000000
7149.9966870	7230.0100308	7229.8256250	0.0000000	0.0000000	0.0621672	0.1554784	0.1000060	0.0000000	0.0000000
7149.9966870	7225.0033850	7224.7851563	0.0000000	0.0000000	0.0665109	0.1566279	0.1001044	0.0000000	0.0000000
7149.9966870	7220.0081975	7219.8026367	0.0000000	0.0000000	0.0846409	0.1581012	0.1024772	0.0000000	0.0000000
7149.9966870	7215.0097495	7214.8201172	0.0000000	0.0000000	0.0935267	0.1576906	0.1051498	0.0000000	0.0000000
7149.9966870	7210.0047803	7209.8375977	0.0000000	0.0000000	0.1111260	0.1576862	0.1082422	0.0000000	0.0000000
7149.9966870	7204.9965505	7204.8550781	0.0000000	0.0000000	0.1166698	0.1569189	0.1071813	0.0000000	0.0000000
7149.9966870	7200.0046236	7199.8725586	0.0000000	0.0000000	0.1120293	0.1558840	0.1058075	0.0000000	0.0000000
7149.9966870	7195.0094361	7194.8900391	0.0000000	0.0000000	0.1244026	0.1559617	0.1080070	0.0000000	0.0000000
7149.9966870	7190.0077275	7189.9075195	0.0000000	0.0000000	0.1361995	0.1557301	0.1078820	0.0000000	0.0000000
7149.9966870	7184.9994977	7184.9250000	0.0000000	0.0000000	0.1423088	0.1544520	0.1075461	0.0000000	0.0000000
7149.9966870	7180.0010497	7179.9804492	0.0000000	0.0000000	0.1353392	0.1555780	0.1085822	0.0000000	0.0000000
7149.9966870	7175.0058622	7174.6444189	0.0000000	0.0000000	0.1340374	0.1560352	0.1080933	0.0000000	0.0000000
7149.9966870	7170.0041536	7169.7188525	0.0000000	0.0000000	0.1400996	0.1554683	0.1073788	0.0000000	0.0000000
7149.9966870	7165.0270176	7164.7932861	0.0000000	0.0000000	0.1553496	0.1550374	0.1049601	0.0000000	0.0000000
7149.9966870	7160.0251023	7159.8677197	0.0000000	0.0000000	0.2210654	0.1562916	0.1032291	0.0000000	0.0000000
7149.9966870	7155.0292025	7154.9421533	0.0000000	0.0000000	0.3026908	0.1570891	0.1026130	0.0000000	0.0000000
7149.9966870	7150.0242795	7149.6061230	0.0000000	0.0000000	0.3105791	0.1576023	0.1008545	0.0000000	0.0000000
7149.9966870	7145.0253719	7144.6805566	0.0000000	0.0000000	0.2318481	0.1576769	0.1009216	0.0000000	0.0000000
7149.9966870	7140.0204489	7139.7829688	0.0000000	0.0000000	0.1288475	0.1561071	0.1013436	0.0000000	0.0000000
7149.9966870	7135.0215414	7134.9133594	0.0000000	0.0000000	0.0977390	0.1572284	0.1026378	0.0000000	0.0000000
7149.9966870	7130.0286494	7129.6379492	0.0000000	0.0000000	0.1048735	0.1572399	0.1015426	0.0000000	0.0000000
7149.9966870	7125.0327496	7124.7683398	0.0000000	0.0000000	0.1013453	0.1576676	0.0997249	0.0000000	0.0000000
7149.9966870	7120.0188033	7119.8987305	0.0000000	0.0000000	0.0915554	0.1569541	0.1018698	0.0000000	0.0000000
7149.9966870	7114.9877989	7114.6233203	0.0000000	0.0000000	0.0943171	0.1560543	0.1016177	0.0000000	0.0000000
7149.9966870	7109.9822896	7109.7537109	0.0000000	0.0000000	0.1009467	0.1554518	0.1016665	0.0000000	0.0000000
7149.9966870	7104.9837419	7104.8841016	0.0000000	0.0000000	0.0924821	0.1565490	0.1004108	0.0000000	0.0000000
7149.9966870	7099.9817134	7099.6316406	0.0000000	0.0000000	0.0993130	0.1553633	0.1016348	0.0000000	0.0000000
7149.9966870	7094.9831658	7094.8171094	0.0000000	0.0000000	0.0885470	0.1554871	0.1038944	0.0000000	0.0000000
7149.9966870	7089.9811373	7089.6013672	0.0000000	0.0000000	0.0866117	0.1559440	0.1015281	0.0000000	0.0000000
7149.9966870	7084.9860706	7084.7868359	0.0000000	0.0000000	0.0755010	0.1567645	0.0994746	0.0000000	0.0000000
7149.9966870	7079.9944848	7079.9723047	0.0000000	0.0000000	0.0674867	0.1575685	0.0992542	0.0000000	0.0000000
7149.9966870	7074.9889754	7074.7565625	0.0000000	0.0000000	0.0498607	0.1567548	0.0969158	0.0000000	0.0000000
7149.9966870	7069.9973895	7069.9420313	0.0000000	0.0000000	0.0412147	0.1558051	0.0978781	0.0000000	0.0000000
7149.9966870	7064.9849184	7064.7262891	0.0000000	0.0000000	0.0438009	0.1561692	0.0965232	0.0000000	0.0000000
7149.9966870	7059.9863559	7059.9297656	0.0000000	0.0000000	0.0460916	0.1560400	0.0957454	0.0000000	0.0000000
7149.9966870	7054.9841606	7054.7725488	0.0000000	0.0000000	0.0591422	0.1578076	0.0978345	0.0000000	0.0000000
7149.9966870	7049.9819654	7049.6153320	0.0000000	0.0000000	0.0629885	0.1564686	0.0997123	0.0000000	0.0000000
7149.9966870	7044.9875799	7044.8548242	0.0000000	0.0000000	0.0608958	0.1557712	0.1010439	0.0000000	0.0000000
7149.9966870	7039.9814797	7039.6976074	0.0000000	0.0000000	0.0624398	0.1553121	0.1007947	0.0000000	0.0000000
7149.9966870	7034.9831894	7034.9370996	0.0000000	0.0000000	0.0641386	0.1556924	0.0985190	0.0000000	0.0000000
7149.9966870	7029.9809941	7029.7798828	0.0000000	0.0000000	0.0718557	0.1557054	0.1012386	0.0000000	0.0000000
7149.9966870	7024.9827038	7024.6226660	0.0000000	0.0000000	0.0755640	0.1560348	0.1002814	0.0000000	0.0000000
7149.9966870	7019.9805085	7019.8843262	0.0000000	0.0000000	0.0700476	0.1552346	0.0991727	0.0000000	0.0000000
7149.9966870	7014.9822181	7014.7847461	0.0000000	0.0000000	0.0685607	0.1553503	0.0975149	0.0000000	0.0000000
7149.9966870	7009.9839278	7009.6851660	0.0000000	0.0000000	0.0757234	0.1561293	0.0999001	0.0000000	0.0000000
7149.9966870	7004.9817325	7004.9778613	0.0000000	0.0000000	0.0699897	0.1568124	0.0975702	0.0000000	0.0000000
