7319.9975177	7600.0002163	7599.5502051	0.0000000	0.0000000	0.0172712	0.1838744	0.1235682	0.0000000	7320.0000000
7319.9975177	7594.9867234	7594.9313574	0.0000000	0.0000000	0.0168818	0.1840905	0.1237341	0.0000000	0.0000000
7319.9975177	7589.9849267	7589.8506250	0.0000000	0.0000000	0.0198354	0.1845818	0.1253179	0.0000000	0.0000000
7319.9975177	7584.9897621	7584.7698926	0.0000000	0.0000000	0.0175571	0.1837358	0.1240133	0.0000000	0.0000000
7319.9975177	7579.9895004	7579.6891602	0.0000000	0.0000000	0.0193604	0.1840780	0.1252479	0.0000000	0.0000000
7319.9975177	7574.9866901	7574.6139941	0.0000000	0.0000000	0.0214103	0.1836897	0.1258196	0.0000000	0.0000000
7319.9975177	7569.9915255	7569.5944922	0.0000000	0.0000000	0.0238307	0.1842278	0.1262092	0.0000000	0.0000000
7319.9975177	7564.9887153	7564.5749902	0.0000000	0.0000000	0.0215964	0.1850686	0.1253961	0.0000000	0.0000000
7319.9975177	7559.9859050	7559.5554883	0.0000000	0.0000000	0.0200394	0.1847245	0.1254961	0.0000000	0.0000000
7319.9975177	7554.9856433	7554.9923047	0.0000000	0.0000000	0.0195936	0.1839485	0.1249750	0.0000000	0.0000000
7319.9975177	7549.9853816	7549.9728027	0.0000000	0.0000000	0.0198054	0.1839489	0.1257810	0.0000000	0.0000000
7319.9975177	7544.9851198	7544.9533008	0.0000000	0.0000000	0.0222540	0.1833147	0.1279176	0.0000000	0.0000000
7319.9975177	7539.9872981	7539.9337988	0.0000000	0.0000000	0.0209253	0.1835391	0.1242932	0.0000000	0.0000000
7319.9975177	7535.0272433	7534.9142969	0.0000000	0.0000000	0.0231351	0.1846093	0.1247468	0.0000000	0.0000000
7319.9975177	7529.9830707	7529.8947949	0.0000000	0.0000000	0.0225695	0.1847024	0.1254410	0.0000000	0.0000000
7319.9975177	7525.0288172	7524.9299316	0.0000000	0.0000000	0.0227383	0.1844250	0.1248361	0.0000000	0.0000000
7319.9975177	7519.9904459	7519.9705322	0.0000000	0.0000000	0.0272636	0.1849731	0.1264910	0.0000000	0.0000000
7319.9975177	7515.0274905	7514.5602783	0.0000000	0.0000000	0.0211263	0.1844935	0.1241786	0.0000000	0.0000000
7319.9975177	7509.9862185	7509.6008789	0.0000000	0.0000000	0.0247028	0.1856449	0.1247626	0.0000000	0.0000000
7319.9975177	7505.0348657	7504.6414795	0.0000000	0.0000000	0.0226497	0.1850394	0.1241902	0.0000000	0.0000000
7319.9975177	7499.9848918	7499.6820801	0.0000000	0.0000000	0.0246907	0.1841853	0.1246565	0.0000000	0.0000000
7319.9975177	7495.0393402	7494.7226807	0.0000000	0.0000000	0.0249856	0.1838047	0.1237598	0.0000000	0.0000000
7319.9975177	7489.9843030	7489.7632813	0.0000000	0.0000000	0.0249353	0.1835177	0.1238951	0.0000000	0.0000000
7319.9975177	7484.9843817	7484.8038818	0.0000000	0.0000000	0.0250011	0.1845457	0.1232330	0.0000000	0.0000000
7319.9975177	7479.9844604	7479.8981445	0.0000000	0.0000000	0.0263542	0.1839240	0.1253306	0.0000000	0.0000000
7319.9975177	7474.9873848	7474.9977734	0.0000000	0.0000000	0.0258259	0.1846047	0.1235709	0.0000000	0.0000000
7319.9975177	7469.9874635	7469.6519141	0.0000000	0.0000000	0.0219731	0.1843444	0.1239630	0.0000000	0.0000000
7319.9975177	7464.9875422	7464.7515430	0.0000000	0.0000000	0.0234244	0.1839028	0.1249723	0.0000000	0.0000000
7319.9975177	7460.0359980	7459.8511719	0.0000000	0.0000000	0.0210863	0.1837522	0.1248516	0.0000000	0.0000000
7319.9975177	7454.9820081	7454.9508008	0.0000000	0.0000000	0.0249696	0.1842963	0.1256372	0.0000000	0.0000000
7319.9975177	7449.9849325	7449.6049414	0.0000000	0.0000000	0.0238367	0.1843180	0.1249969	0.0000000	0.0000000
7319.9975177	7444.9850112	7444.7045703	0.0000000	0.0000000	0.0240835	0.1841205	0.1235366	0.0000000	0.0000000
7319.9975177	7439.9850899	7439.8041992	0.0000000	0.0000000	0.0241198	0.1839171	0.1228914	0.0000000	0.0000000
7319.9975177	7434.9851686	7434.9618359	0.0000000	0.0000000	0.0243964	0.1840918	0.1243822	0.0000000	0.0000000
7319.9975177	7429.9899093	7429.6792578	0.0000000	0.0000000	0.0250063	0.1845671	0.1250090	0.0000000	0.0000000
7319.9975177	7424.9918312	7424.8368945	0.0000000	0.0000000	0.0268423	0.1842212	0.1241542	0.0000000	0.0000000
7319.9975177	7419.9883932	7419.9945313	0.0000000	0.0000000	0.0212507	0.1842153	0.1223590	0.0000000	0.0000000
7319.9975177	7414.9876352	7414.7119531	0.0000000	0.0000000	0.0186097	0.1861417	0.1221307	0.0000000	0.0000000
7319.9975177	7409.9841972	7409.8695898	0.0000000	0.0000000	0.0199451	0.1857393	0.1204532	0.0000000	0.0000000
7319.9975177	7404.9861191	7404.5870117	0.0000000	0.0000000	0.0218986	0.1857301	0.1219717	0.0000000	0.0000000
7319.9975177	7399.9880410	7399.7446484	0.0000000	0.0000000	0.0241525	0.1836519	0.1210717	0.0000000	0.0000000
7319.9975177	7394.9846030	7394.9126367	0.0000000	0.0000000	0.0250112	0.1833158	0.1184076	0.0000000	0.0000000
7319.9975177	7389.9865249	7389.6921680	0.0000000	0.0000000	0.0295112	0.1842349	0.1200052	0.0000000	0.0000000
7319.9975177	7384.9857669	7384.9067383	0.0000000	0.0000000	0.0244417	0.1837604	0.1172922	0.0000000	0.0000000
7319.9975177	7379.9820701	7379.6862695	0.0000000	0.0000000	0.0293483	0.1831873	0.1175114	0.0000000	0.0000000
7319.9975177	7375.0055289	7374.9008398	0.0000000	0.0000000	0.0248279	0.1837308	0.1147854	0.0000000	0.0000000
7319.9975177	7369.9997902	7369.6803711	0.0000000	0.0000000	0.0272014	0.1844751	0.1142174	0.0000000	0.0000000
7319.9975177	7365.0102724	7364.8949414	0.0000000	0.0000000	0.0320446	0.1843113	0.1143236	0.0000000	0.0000000
7319.9975177	7360.0077779	7359.6744727	0.0000000	0.0000000	0.0377483	0.1840065	0.1141565	0.0000000	0.0000000
7319.9975177	7355.0085275	7354.8890430	0.0000000	0.0000000	0.0374246	0.1836926	0.1129010	0.0000000	0.0000000
7319.9975177	7350.0060330	7349.6991016	0.0000000	0.0000000	0.0346664	0.1837211	0.1100131	0.0000000	0.0000000
7319.9975177	7345.0002944	7344.9696387	0.0000000	0.0000000	0.0322131	0.1827490	0.1072812	0.0000000	0.0000000
7319.9975177	7340.0107765	7339.8102246	0.0000000	0.0000000	0.0319779	0.1847279	0.1070405	0.0000000	0.0000000
7319.9975177	7335.0180145	7334.6508105	0.0000000	0.0000000	0.0535204	0.1836746	0.1099683	0.0000000	0.0000000
7319.9975177	7330.0057875	7329.9213477	0.0000000	0.0000000	0.0931797	0.1835105	0.1108973	0.0000000	0.0000000
7319.9975177	7325.0216617	7324.7619336	0.0000000	0.0000000	0.1479506	0.1835293	0.1103573	0.0000000	0.0000000
7319.9975177	7319.9843593	7319.6025195	0.0000000	0.0000000	0.1890741	0.1830931	0.1096832	0.0000000	0.0000000
7319.9975177	7314.9864987	7314.8730566	0.0000000	0.0000000	0.1867313	0.1841697	0.1078121	0.0000000	0.0000000
7319.9975177	7309.9886382	7309.7136426	0.0000000	0.0000000	0.1372943	0.1838872	0.1086449	0.0000000	0.0000000
7319.9975177	7304.9851431	7304.6092822	0.0000000	0.0000000	0.0728289	0.1835802	0.1087034	0.0000000	0.0000000
7319.9975177	7299.9844653	7299.9348730	0.0000000	0.0000000	0.0553837	0.1849612	0.1086970	0.0000000	0.0000000
7319.9975177	7294.9837875	7294.8355176	0.0000000	0.0000000	0.0519139	0.1835067	0.1104849	0.0000000	0.0000000
7319.9975177	7289.9859270	7289.7361621	0.0000000	0.0000000	0.0483124	0.1837310	0.1103580	0.0000000	0.0000000
7319.9975177	7284.9852492	7284.6368066	0.0000000	0.0000000	0.0472169	0.1828036	0.1094697	0.0000000	0.0000000
7319.9975177	7280.0425335	7279.9623975	0.0000000	0.0000000	0.0478868	0.1822037	0.1095458	0.0000000	0.0000000
7319.9975177	7275.0161883	7274.8630420	0.0000000	0.0000000	0.0455956	0.1839646	0.1086941	0.0000000	0.0000000
7319.9975177	7270.0187118	7269.7636865	0.0000000	0.0000000	0.0420093	0.1833516	0.1083619	0.0000000	0.0000000
7319.9975177	7265.0148200	7264.6888672	0.0000000	0.0000000	0.0386655	0.1838423	0.1080295	0.0000000	0.0000000
7319.9975177	7260.0173434	7259.6483984	0.0000000	0.0000000	0.0386890	0.1851619	0.1082283	0.0000000	0.0000000
7319.9975177	7255.0134516	7254.6079297	0.0000000	0.0000000	0.0397079	0.1843091	0.1085254	0.0000000	0.0000000
7319.9975177	7250.0063522	7249.9875000	0.0000000	0.0000000	0.0421049	0.1833506	0.1080138	0.0000000	0.0000000
7319.9975177	7245.0056680	7244.9470313	0.0000000	0.0000000	0.0353827	0.1834749	0.1039001	0.0000000	0.0000000
7319.9975177	7240.0049839	7239.9065625	0.0000000	0.0000000	0.0299913	0.1825593	0.1026284	0.0000000	0.0000000
7319.9975177	7235.0139226	7234.8660938	0.0000000	0.0000000	0.0315365	0.1840002	0.1030787	0.0000000	0.0000000
7319.9975177	7230.0068231	7229.8256250	0.0000000	0.0000000	0.0283572	0.1839587	0.1028182	0.0000000	0.0000000
7319.9975177	7224.9968639	7224.7851563	0.0000000	0.0000000	0.0337371	0.1826327	0.1055697	0.0000000	0.0000000
7319.9975177	7220.0016764	7219.8026367	0.0000000	0.0000000	0.0419867	0.1837612	0.1073363	0.0000000	0.0000000
7319.9975177	7214.9999678	7214.8201172	0.0000000	0.0000000	0.0428982	0.1838521	0.1067245	0.0000000	0.0000000
7319.9975177	7210.0015197	7209.8375977	0.0000000	0.0000000	0.0470699	0.1842701	0.1074222	0.0000000	0.0000000
7319.9975177	7205.0063322	7204.8550781	0.0000000	0.0000000	0.0472863	0.1846364	0.1082104	0.0000000	0.0000000
7319.9975177	7200.0013630	7199.8725586	0.0000000	0.0000000	0.0430979	0.1841769	0.1085662	0.0000000	0.0000000
7319.9975177	7194.9996544	7194.8900391	0.0000000	0.0000000	0.0437865	0.1822725	0.1090574	0.0000000	0.0000000
7319.9975177	7190.0044669	7189.9075195	0.0000000	0.0000000	0.0456648	0.1824523	0.1089347	0.0000000	0.0000000
7319.9975177	7185.0125400	7184.9250000	0.0000000	0.0000000	0.0445079	0.1826904	0.1073340	0.0000000	0.0000000
7319.9975177	7180.0075708	7179.9804492	0.0000000	0.0000000	0.0339939	0.1824592	0.1080035	0.0000000	0.0000000
7319.9975177	7175.0058622	7174.6444189	0.0000000	0.0000000	0.0318329	0.1833877	0.1073176	0.0000000	0.0000000
7319.9975177	7169.9943719	7169.7188525	0.0000000	0.0000000	0.0311523	0.1839707	0.1040359	0.0000000	0.0000000
7319.9975177	7165.0270176	7164.7932861	0.0000000	0.0000000	0.0205706	0.1839460	0.1023752	0.0000000	0.0000000
7319.9975177	7160.0220945	7159.8677197	0.0000000	0.0000000	0.0180270	0.1845638	0.1019196	0.0000000	0.0000000
7319.9975177	7154.9840860	7154.9421533	0.0000000	0.0000000	0.0197473	0.1844055	0.1038348	0.0000000	0.0000000
7319.9975177	7150.0333028	7149.6061230	0.0000000	0.0000000	0.0213828	0.1831340	0.1031376	0.0000000	0.0000000
7319.9975177	7145.0253719	7144.6805566	0.0000000	0.0000000	0.0189469	0.1846040	0.1029052	0.0000000	0.0000000
7319.9975177	7140.0204489	7139.7829688	0.0000000	0.0000000	0.0133145	0.1847570	0.1027894	0.0000000	0.0000000
7319.9975177	7135.0215414	7134.9133594	0.0000000	0.0000000	0.0133794	0.1842932	0.1035205	0.0000000	0.0000000
7319.9975177	7130.0226338	7129.6379492	0.0000000	0.0000000	0.0169320	0.1836615	0.1048556	0.0000000	0.0000000
7319.9975177	7125.0267341	7124.7683398	0.0000000	0.0000000	0.0154049	0.1834705	0.1048453	0.0000000	0.0000000
7319.9975177	7120.0278266	7119.8987305	0.0000000	0.0000000	0.0095212	0.1838518	0.1030636	0.0000000	0.0000000
7319.9975177	7114.9912798	7114.6233203	0.0000000	0.0000000	0.0101245	0.1832024	0.1023442	0.0000000	0.0000000
7319.9975177	7109.9822896	7109.7537109	0.0000000	0.0000000	0.0107655	0.1827476	0.1028601	0.0000000	0.0000000
7319.9975177	7104.9802611	7104.8841016	0.0000000	0.0000000	0.0084718	0.1834004	0.1010757	0.0000000	0.0000000
7319.9975177	7099.9817134	7099.6316406	0.0000000	0.0000000	0.0082830	0.1847103	0.1020695	0.0000000	0.0000000
7319.9975177	7094.9796850	7094.8171094	0.0000000	0.0000000	0.0066852	0.1840968	0.1009624	0.0000000	0.0000000
7319.9975177	7089.9811373	7089.6013672	0.0000000	0.0000000	0.0053025	0.1829768	0.1022295	0.0000000	0.0000000
7319.9975177	7084.9860706	7084.7868359	0.0000000	0.0000000	0.0043320	0.1829277	0.0998939	0.0000000	0.0000000
7319.9975177	7079.9875230	7079.9723047	0.0000000	0.0000000	0.0029377	0.1824800	0.0991849	0.0000000	0.0000000
7319.9975177	7074.9889754	7074.7565625	0.0000000	0.0000000	0.0021658	0.1827744	0.0977399	0.0000000	0.0000000
7319.9975177	7069.9869469	7069.9420313	0.0000000	0.0000000	0.0014794	0.1833333	0.0988916	0.0000000	0.0000000
7319.9975177	7064.9883993	7064.7262891	0.0000000	0.0000000	0.0015897	0.1839265	0.0975339	0.0000000	0.0000000
7319.9975177	7059.9863559	7059.9297656	0.0000000	0.0000000	0.0017792	0.1840718	0.0984857	0.0000000	0.0000000
7319.9975177	7054.9841606	7054.7725488	0.0000000	0.0000000	0.0016721	0.1828602	0.0973456	0.0000000	0.0000000
7319.9975177	7049.9819654	7049.6153320	0.0000000	0.0000000	0.0020353	0.1829421	0.0997955	0.0000000	0.0000000
7319.9975177	7044.9875799	7044.8548242	0.0000000	0.0000000	0.0017224	0.1827606	0.1005461	0.0000000	0.0000000
7319.9975177	7039.9814797	7039.6976074	0.0000000	0.0000000	0.0017852	0.1832122	0.1013131	0.0000000	0.0000000
7319.9975177	7034.9831894	7034.9370996	0.0000000	0.0000000	0.0021770	0.1837994	0.1008622	0.0000000	0.0000000
7319.9975177	7029.9848990	7029.7798828	0.0000000	0.0000000	0.0025052	0.1823973	0.1010865	0.0000000	0.0000000
7319.9975177	7024.9827038	7024.6226660	0.0000000	0.0000000	0.0022791	0.1830415	0.1004572	0.0000000	0.0000000
7319.9975177	7019.9805085	7019.8843262	0.0000000	0.0000000	0.0021714	0.1840967	0.0983942	0.0000000	0.0000000
7319.9975177	7014.9900280	7014.7847461	0.0000000	0.0000000	0.0024735	0.1845194	0.0995072	0.0000000	0.0000000
7319.9975177	7009.9878327	7009.6851660	0.0000000	0.0000000	0.0019081	0.1834856	0.0996676	0.0000000	0.0000000
7319.9975177	7004.9817325	7004.9778613	0.0000000	0.0000000	0.0020012	0.1836224	0.0990924	0.0000000	0.0000000
