7569.9964536	7599.9977245	7599.5502051	0.0000000	0.0000000	0.0074437	0.1807902	0.1256576	0.0000000	7570.0000000
7569.9964536	7594.9867234	7594.9313574	0.0000000	0.0000000	0.0108081	0.1798196	0.1254880	0.0000000	0.0000000
7569.9964536	7589.9849267	7589.8506250	0.0000000	0.0000000	0.0121671	0.1798396	0.1249397	0.0000000	0.0000000
7569.9964536	7584.9897621	7584.7698926	0.0000000	0.0000000	0.0177001	0.1805264	0.1236794	0.0000000	0.0000000
7569.9964536	7579.9920490	7579.6891602	0.0000000	0.0000000	0.0408699	0.1806644	0.1255460	0.0000000	0.0000000
7569.9964536	7574.9866901	7574.6139941	0.0000000	0.0000000	0.0703074	0.1796581	0.1242628	0.0000000	0.0000000
7569.9964536	7569.9889770	7569.5944922	0.0000000	0.0000000	0.0889142	0.1808640	0.1231332	0.0000000	0.0000000
7569.9964536	7564.9887153	7564.5749902	0.0000000	0.0000000	0.0797994	0.1812207	0.1251467	0.0000000	0.0000000
7569.9964536	7559.9910021	7559.5554883	0.0000000	0.0000000	0.0511738	0.1807773	0.1249557	0.0000000	0.0000000
7569.9964536	7554.9881918	7554.9923047	0.0000000	0.0000000	0.0236569	0.1810564	0.1246809	0.0000000	0.0000000
7569.9964536	7549.9853816	7549.9728027	0.0000000	0.0000000	0.0161980	0.1812311	0.1258789	0.0000000	0.0000000
7569.9964536	7544.9851198	7544.9533008	0.0000000	0.0000000	0.0155001	0.1803876	0.1261047	0.0000000	0.0000000
7569.9964536	7539.9872981	7539.9337988	0.0000000	0.0000000	0.0149514	0.1801421	0.1250699	0.0000000	0.0000000
7569.9964536	7534.9866347	7534.9142969	0.0000000	0.0000000	0.0171149	0.1805266	0.1256991	0.0000000	0.0000000
7569.9964536	7530.0352818	7529.8947949	0.0000000	0.0000000	0.0190347	0.1805255	0.1258241	0.0000000	0.0000000
7569.9964536	7524.9853080	7524.9299316	0.0000000	0.0000000	0.0163840	0.1806980	0.1262491	0.0000000	0.0000000
7569.9964536	7519.9875452	7519.9705322	0.0000000	0.0000000	0.0213376	0.1805176	0.1248890	0.0000000	0.0000000
7569.9964536	7514.9839813	7514.5602783	0.0000000	0.0000000	0.0203379	0.1802305	0.1247894	0.0000000	0.0000000
7569.9964536	7510.0268272	7509.6008789	0.0000000	0.0000000	0.0184629	0.1797826	0.1242938	0.0000000	0.0000000
7569.9964536	7505.0261638	7504.6414795	0.0000000	0.0000000	0.0192247	0.1807981	0.1232661	0.0000000	0.0000000
7569.9964536	7499.9848918	7499.6820801	0.0000000	0.0000000	0.0211796	0.1806605	0.1239181	0.0000000	0.0000000
7569.9964536	7494.9842285	7494.7226807	0.0000000	0.0000000	0.0199977	0.1799867	0.1213777	0.0000000	0.0000000
7569.9964536	7489.9843030	7489.7632813	0.0000000	0.0000000	0.0221998	0.1808237	0.1231510	0.0000000	0.0000000
7569.9964536	7484.9872274	7484.8038818	0.0000000	0.0000000	0.0252092	0.1811639	0.1226366	0.0000000	0.0000000
7569.9964536	7479.9873061	7479.8981445	0.0000000	0.0000000	0.0160316	0.1799292	0.1241787	0.0000000	0.0000000
7569.9964536	7474.9873848	7474.9977734	0.0000000	0.0000000	0.0171683	0.1802932	0.1247208	0.0000000	0.0000000
7569.9964536	7470.0358406	7469.6519141	0.0000000	0.0000000	0.0136973	0.1799203	0.1246602	0.0000000	0.0000000
7569.9964536	7464.9875422	7464.7515430	0.0000000	0.0000000	0.0141801	0.1803123	0.1248177	0.0000000	0.0000000
7569.9964536	7459.9876209	7459.8511719	0.0000000	0.0000000	0.0127859	0.1799807	0.1248976	0.0000000	0.0000000
7569.9964536	7454.9848538	7454.9508008	0.0000000	0.0000000	0.0091710	0.1803066	0.1236830	0.0000000	0.0000000
7569.9964536	7449.9877783	7449.6049414	0.0000000	0.0000000	0.0099180	0.1807533	0.1231819	0.0000000	0.0000000
7569.9964536	7444.9850112	7444.7045703	0.0000000	0.0000000	0.0143318	0.1808665	0.1237844	0.0000000	0.0000000
7569.9964536	7439.9879357	7439.8041992	0.0000000	0.0000000	0.0136967	0.1797870	0.1235886	0.0000000	0.0000000
7569.9964536	7435.0278544	7434.9618359	0.0000000	0.0000000	0.0168768	0.1801627	0.1230167	0.0000000	0.0000000
7569.9964536	7429.9899093	7429.6792578	0.0000000	0.0000000	0.0132507	0.1796606	0.1229344	0.0000000	0.0000000
7569.9964536	7424.9864714	7424.8368945	0.0000000	0.0000000	0.0139908	0.1807090	0.1224281	0.0000000	0.0000000
7569.9964536	7419.9857133	7419.9945313	0.0000000	0.0000000	0.0124535	0.1804313	0.1221691	0.0000000	0.0000000
7569.9964536	7414.9876352	7414.7119531	0.0000000	0.0000000	0.0126941	0.1790908	0.1219114	0.0000000	0.0000000
7569.9964536	7409.9868772	7409.8695898	0.0000000	0.0000000	0.0482633	0.1801116	0.1214806	0.0000000	0.0000000
7569.9964536	7404.9887990	7404.5870117	0.0000000	0.0000000	0.0136290	0.1814872	0.1202502	0.0000000	0.0000000
7569.9964536	7399.9853611	7399.7446484	0.0000000	0.0000000	0.0101752	0.1803291	0.1215618	0.0000000	0.0000000
7569.9964536	7394.9846030	7394.9126367	0.0000000	0.0000000	0.0085317	0.1802952	0.1200548	0.0000000	0.0000000
7569.9964536	7389.9892049	7389.6921680	0.0000000	0.0000000	0.0073088	0.1793278	0.1203185	0.0000000	0.0000000
7569.9964536	7384.9857669	7384.9067383	0.0000000	0.0000000	0.0065183	0.1803005	0.1185179	0.0000000	0.0000000
7569.9964536	7379.9820701	7379.6862695	0.0000000	0.0000000	0.0059725	0.1807103	0.1176360	0.0000000	0.0000000
7569.9964536	7375.0055289	7374.9008398	0.0000000	0.0000000	0.0057914	0.1798636	0.1154329	0.0000000	0.0000000
7569.9964536	7370.0160110	7369.6803711	0.0000000	0.0000000	0.0056193	0.1804060	0.1141996	0.0000000	0.0000000
7569.9964536	7365.0070282	7364.8949414	0.0000000	0.0000000	0.0074197	0.1804736	0.1130146	0.0000000	0.0000000
7569.9964536	7360.0142662	7359.6744727	0.0000000	0.0000000	0.0084739	0.1804490	0.1131217	0.0000000	0.0000000
7569.9964536	7355.0085275	7354.8890430	0.0000000	0.0000000	0.0088293	0.1806232	0.1124142	0.0000000	0.0000000
7569.9964536	7350.0060330	7349.6991016	0.0000000	0.0000000	0.0072191	0.1801080	0.1089260	0.0000000	0.0000000
7569.9964536	7345.0002944	7344.9696387	0.0000000	0.0000000	0.0062266	0.1798027	0.1090742	0.0000000	0.0000000
7569.9964536	7340.0075324	7339.8102246	0.0000000	0.0000000	0.0049586	0.1809865	0.1077311	0.0000000	0.0000000
7569.9964536	7335.0115262	7334.6508105	0.0000000	0.0000000	0.0049401	0.1808069	0.1079237	0.0000000	0.0000000
7569.9964536	7330.0057875	7329.9213477	0.0000000	0.0000000	0.0060703	0.1800432	0.1086101	0.0000000	0.0000000
7569.9964536	7325.0244790	7324.7619336	0.0000000	0.0000000	0.0049683	0.1792916	0.1077380	0.0000000	0.0000000
7569.9964536	7319.9843593	7319.6025195	0.0000000	0.0000000	0.0051854	0.1797762	0.1081885	0.0000000	0.0000000
7569.9964536	7314.9864987	7314.8730566	0.0000000	0.0000000	0.0057754	0.1800868	0.1075392	0.0000000	0.0000000
7569.9964536	7309.9886382	7309.7136426	0.0000000	0.0000000	0.0050063	0.1804725	0.1087738	0.0000000	0.0000000
7569.9964536	7304.9879604	7304.6092822	0.0000000	0.0000000	0.0038608	0.1806425	0.1059666	0.0000000	0.0000000
7569.9964536	7299.9844653	7299.9348730	0.0000000	0.0000000	0.0037743	0.1807440	0.1061455	0.0000000	0.0000000
7569.9964536	7294.9837875	7294.8355176	0.0000000	0.0000000	0.0040144	0.1807761	0.1088572	0.0000000	0.0000000
7569.9964536	7289.9859270	7289.7361621	0.0000000	0.0000000	0.0040043	0.1802402	0.1086416	0.0000000	0.0000000
7569.9964536	7284.9852492	7284.6368066	0.0000000	0.0000000	0.0038024	0.1808174	0.1088704	0.0000000	0.0000000
7569.9964536	7279.9815887	7279.9623975	0.0000000	0.0000000	0.0046237	0.1803180	0.1104313	0.0000000	0.0000000
7569.9964536	7275.0033579	7274.8630420	0.0000000	0.0000000	0.0045985	0.1802361	0.1117722	0.0000000	0.0000000
7569.9964536	7270.0187118	7269.7636865	0.0000000	0.0000000	0.0050461	0.1794592	0.1133751	0.0000000	0.0000000
7569.9964536	7265.0116124	7264.6888672	0.0000000	0.0000000	0.0035216	0.1792908	0.1113622	0.0000000	0.0000000
7569.9964536	7260.0045130	7259.6483984	0.0000000	0.0000000	0.0028134	0.1789342	0.1091957	0.0000000	0.0000000
7569.9964536	7255.0102440	7254.6079297	0.0000000	0.0000000	0.0030707	0.1796838	0.1099059	0.0000000	0.0000000
7569.9964536	7250.0127675	7249.9875000	0.0000000	0.0000000	0.0025487	0.1793284	0.1069227	0.0000000	0.0000000
7569.9964536	7245.0088757	7244.9470313	0.0000000	0.0000000	0.0020244	0.1798384	0.1066080	0.0000000	0.0000000
7569.9964536	7240.0049839	7239.9065625	0.0000000	0.0000000	0.0029517	0.1801919	0.1037207	0.0000000	0.0000000
7569.9964536	7235.0139226	7234.8660938	0.0000000	0.0000000	0.0011962	0.1803590	0.1028258	0.0000000	0.0000000
7569.9964536	7230.0164460	7229.8256250	0.0000000	0.0000000	0.0010204	0.1808513	0.1025557	0.0000000	0.0000000
7569.9964536	7225.0066456	7224.7851563	0.0000000	0.0000000	0.0007666	0.1808605	0.1026827	0.0000000	0.0000000
7569.9964536	7220.0049369	7219.8026367	0.0000000	0.0000000	0.0009930	0.1812623	0.1039425	0.0000000	0.0000000
7569.9964536	7215.0097495	7214.8201172	0.0000000	0.0000000	0.0016456	0.1810068	0.1063639	0.0000000	0.0000000
7569.9964536	7210.0047803	7209.8375977	0.0000000	0.0000000	0.0010259	0.1813071	0.1079640	0.0000000	0.0000000
7569.9964536	7205.0063322	7204.8550781	0.0000000	0.0000000	0.0013617	0.1810610	0.1094344	0.0000000	0.0000000
7569.9964536	7199.9981025	7199.8725586	0.0000000	0.0000000	0.0012701	0.1802172	0.1093157	0.0000000	0.0000000
7569.9964536	7195.0061755	7194.8900391	0.0000000	0.0000000	0.0010802	0.1798615	0.1095730	0.0000000	0.0000000
7569.9964536	7190.0077275	7189.9075195	0.0000000	0.0000000	0.0012261	0.1800945	0.1095427	0.0000000	0.0000000
7569.9964536	7185.0027583	7184.9250000	0.0000000	0.0000000	0.0007615	0.1797952	0.1097616	0.0000000	0.0000000
7569.9964536	7180.0075708	7179.9804492	0.0000000	0.0000000	0.0005939	0.1801060	0.1080850	0.0000000	0.0000000
7569.9964536	7175.0026016	7174.6444189	0.0000000	0.0000000	0.0007084	0.1809630	0.1076573	0.0000000	0.0000000
7569.9964536	7170.0041536	7169.7188525	0.0000000	0.0000000	0.0006189	0.1814159	0.1063694	0.0000000	0.0000000
7569.9964536	7165.0240098	7164.7932861	0.0000000	0.0000000	0.0002682	0.1806207	0.1056921	0.0000000	0.0000000
7569.9964536	7160.0251023	7159.8677197	0.0000000	0.0000000	0.0003529	0.1800937	0.1052340	0.0000000	0.0000000
7569.9964536	7155.0322103	7154.9421533	0.0000000	0.0000000	0.0012926	0.1806931	0.1062157	0.0000000	0.0000000
7569.9964536	7150.0242795	7149.6061230	0.0000000	0.0000000	0.0004402	0.1800768	0.1070194	0.0000000	0.0000000
7569.9964536	7145.0253719	7144.6805566	0.0000000	0.0000000	0.0002549	0.1810924	0.1065159	0.0000000	0.0000000
7569.9964536	7140.0234567	7139.7829688	0.0000000	0.0000000	0.0001156	0.1813861	0.1039863	0.0000000	0.0000000
7569.9964536	7135.0245491	7134.9133594	0.0000000	0.0000000	0.0002292	0.1802306	0.1047511	0.0000000	0.0000000
7569.9964536	7130.0256416	7129.6379492	0.0000000	0.0000000	0.0003236	0.1810327	0.1069438	0.0000000	0.0000000
7569.9964536	7125.0327496	7124.7683398	0.0000000	0.0000000	0.0002222	0.1800706	0.1056637	0.0000000	0.0000000
7569.9964536	7120.0248188	7119.8987305	0.0000000	0.0000000	0.0001796	0.1804667	0.1039244	0.0000000	0.0000000
7569.9964536	7114.9843181	7114.6233203	0.0000000	0.0000000	0.0001497	0.1796338	0.1041697	0.0000000	0.0000000
7569.9964536	7109.9892513	7109.7537109	0.0000000	0.0000000	0.0002572	0.1807144	0.1053156	0.0000000	0.0000000
7569.9964536	7104.9837419	7104.8841016	0.0000000	0.0000000	0.0001434	0.1813168	0.1032827	0.0000000	0.0000000
7569.9964536	7099.9956370	7099.6316406	0.0000000	0.0000000	0.0001802	0.1807830	0.1035876	0.0000000	0.0000000
7569.9964536	7094.9831658	7094.8171094	0.0000000	0.0000000	0.0001030	0.1803440	0.1028187	0.0000000	0.0000000
7569.9964536	7089.9846182	7089.6013672	0.0000000	0.0000000	0.0000551	0.1808552	0.1035713	0.0000000	0.0000000
7569.9964536	7084.9895515	7084.7868359	0.0000000	0.0000000	0.0001284	0.1803824	0.1036346	0.0000000	0.0000000
7569.9964536	7079.9875230	7079.9723047	0.0000000	0.0000000	0.0000715	0.1799984	0.1038990	0.0000000	0.0000000
7569.9964536	7074.9889754	7074.7565625	0.0000000	0.0000000	0.0000194	0.1804059	0.1025737	0.0000000	0.0000000
7569.9964536	7069.9973895	7069.9420313	0.0000000	0.0000000	0.0000110	0.1803331	0.1016821	0.0000000	0.0000000
7569.9964536	7064.9953610	7064.7262891	0.0000000	0.0000000	0.0000453	0.1801628	0.1017626	0.0000000	0.0000000
7569.9964536	7059.9863559	7059.9297656	0.0000000	0.0000000	0.0000172	0.1803785	0.1023274	0.0000000	0.0000000
7569.9964536	7054.9880656	7054.7725488	0.0000000	0.0000000	0.0000369	0.1796381	0.1014943	0.0000000	0.0000000
7569.9964536	7049.9819654	7049.6153320	0.0000000	0.0000000	0.0000369	0.1813179	0.1000679	0.0000000	0.0000000
7569.9964536	7044.9875799	7044.8548242	0.0000000	0.0000000	0.0000205	0.1809518	0.1004966	0.0000000	0.0000000
7569.9964536	7039.9814797	7039.6976074	0.0000000	0.0000000	0.0000662	0.1803402	0.1019003	0.0000000	0.0000000
7569.9964536	7034.9831894	7034.9370996	0.0000000	0.0000000	0.0000344	0.1808062	0.1003748	0.0000000	0.0000000
7569.9964536	7029.9848990	7029.7798828	0.0000000	0.0000000	0.0000881	0.1812198	0.1005168	0.0000000	0.0000000
7569.9964536	7024.9827038	7024.6226660	0.0000000	0.0000000	0.0000450	0.1801820	0.1008760	0.0000000	0.0000000
7569.9964536	7019.9805085	7019.8843262	0.0000000	0.0000000	0.0000548	0.1801674	0.1025739	0.0000000	0.0000000
7569.9964536	7014.9900280	7014.7847461	0.0000000	0.0000000	0.0000764	0.1797169	0.1022069	0.0000000	0.0000000
7569.9964536	7009.9878327	7009.6851660	0.0000000	0.0000000	0.0000663	0.1797144	0.1032898	0.0000000	0.0000000
7569.9964536	7004.9817325	7004.9778613	0.0000000	0.0000000	0.0000817	0.1799537	0.1037290	0.0000000	0.0000000
