7239.9956596	7599.9977245	7599.5502051	0.0000000	0.0000000	0.0158861	0.1734270	0.1218511	0.0000000	7240.0000000
7239.9956596	7594.9892152	7594.9313574	0.0000000	0.0000000	0.0173149	0.1733824	0.1214948	0.0000000	0.0000000
7239.9956596	7589.9849267	7589.8506250	0.0000000	0.0000000	0.0198179	0.1734928	0.1221376	0.0000000	0.0000000
7239.9956596	7584.9897621	7584.7698926	0.0000000	0.0000000	0.0206738	0.1716229	0.1219579	0.0000000	0.0000000
7239.9956596	7579.9869519	7579.6891602	0.0000000	0.0000000	0.0204691	0.1727151	0.1212711	0.0000000	0.0000000
7239.9956596	7574.9866901	7574.6139941	0.0000000	0.0000000	0.0214524	0.1739630	0.1213323	0.0000000	0.0000000
7239.9956596	7569.9889770	7569.5944922	0.0000000	0.0000000	0.0183969	0.1738406	0.1222793	0.0000000	0.0000000
7239.9956596	7564.9887153	7564.5749902	0.0000000	0.0000000	0.0187665	0.1737966	0.1228269	0.0000000	0.0000000
7239.9956596	7559.9859050	7559.5554883	0.0000000	0.0000000	0.0172068	0.1728899	0.1238605	0.0000000	0.0000000
7239.9956596	7554.9856433	7554.9923047	0.0000000	0.0000000	0.0163789	0.1735634	0.1234791	0.0000000	0.0000000
7239.9956596	7549.9853816	7549.9728027	0.0000000	0.0000000	0.0178049	0.1734000	0.1257454	0.0000000	0.0000000
7239.9956596	7544.9876684	7544.9533008	0.0000000	0.0000000	0.0155729	0.1731951	0.1241194	0.0000000	0.0000000
7239.9956596	7539.9872981	7539.9337988	0.0000000	0.0000000	0.0172328	0.1723427	0.1246458	0.0000000	0.0000000
7239.9956596	7535.0330446	7534.9142969	0.0000000	0.0000000	0.0163092	0.1747191	0.1234131	0.0000000	0.0000000
7239.9956596	7530.0352818	7529.8947949	0.0000000	0.0000000	0.0168239	0.1731294	0.1231511	0.0000000	0.0000000
7239.9956596	7525.0317179	7524.9299316	0.0000000	0.0000000	0.0171322	0.1736912	0.1222415	0.0000000	0.0000000
7239.9956596	7519.9875452	7519.9705322	0.0000000	0.0000000	0.0156653	0.1740131	0.1219587	0.0000000	0.0000000
7239.9956596	7515.0274905	7514.5602783	0.0000000	0.0000000	0.0153975	0.1735792	0.1234779	0.0000000	0.0000000
7239.9956596	7509.9833179	7509.6008789	0.0000000	0.0000000	0.0160719	0.1733258	0.1226387	0.0000000	0.0000000
7239.9956596	7505.0348657	7504.6414795	0.0000000	0.0000000	0.0154596	0.1740703	0.1223517	0.0000000	0.0000000
7239.9956596	7500.0342023	7499.6820801	0.0000000	0.0000000	0.0169412	0.1738447	0.1228398	0.0000000	0.0000000
7239.9956596	7495.0277377	7494.7226807	0.0000000	0.0000000	0.0166111	0.1731775	0.1226594	0.0000000	0.0000000
7239.9956596	7489.9843030	7489.7632813	0.0000000	0.0000000	0.0166862	0.1732933	0.1212896	0.0000000	0.0000000
7239.9956596	7484.9843817	7484.8038818	0.0000000	0.0000000	0.0191924	0.1735708	0.1243962	0.0000000	0.0000000
7239.9956596	7479.9873061	7479.8981445	0.0000000	0.0000000	0.0143496	0.1727349	0.1232041	0.0000000	0.0000000
7239.9956596	7474.9845391	7474.9977734	0.0000000	0.0000000	0.0182610	0.1728105	0.1220386	0.0000000	0.0000000
7239.9956596	7469.9846178	7469.6519141	0.0000000	0.0000000	0.0181227	0.1728807	0.1224432	0.0000000	0.0000000
7239.9956596	7464.9846965	7464.7515430	0.0000000	0.0000000	0.0134690	0.1741873	0.1207196	0.0000000	0.0000000
7239.9956596	7459.9876209	7459.8511719	0.0000000	0.0000000	0.0151586	0.1735491	0.1221799	0.0000000	0.0000000
7239.9956596	7454.9820081	7454.9508008	0.0000000	0.0000000	0.0125781	0.1743014	0.1209846	0.0000000	0.0000000
7239.9956596	7449.9849325	7449.6049414	0.0000000	0.0000000	0.0117648	0.1737107	0.1219426	0.0000000	0.0000000
7239.9956596	7444.9850112	7444.7045703	0.0000000	0.0000000	0.0135309	0.1733838	0.1207064	0.0000000	0.0000000
7239.9956596	7439.9850899	7439.8041992	0.0000000	0.0000000	0.0131138	0.1736642	0.1206259	0.0000000	0.0000000
7239.9956596	7434.9851686	7434.9618359	0.0000000	0.0000000	0.0127637	0.1726506	0.1214277	0.0000000	0.0000000
7239.9956596	7429.9872294	7429.6792578	0.0000000	0.0000000	0.0132928	0.1736897	0.1217927	0.0000000	0.0000000
7239.9956596	7424.9864714	7424.8368945	0.0000000	0.0000000	0.0106377	0.1736224	0.1189554	0.0000000	0.0000000
7239.9956596	7419.9857133	7419.9945313	0.0000000	0.0000000	0.0114135	0.1739402	0.1195081	0.0000000	0.0000000
7239.9956596	7414.9849553	7414.7119531	0.0000000	0.0000000	0.0111532	0.1725079	0.1207052	0.0000000	0.0000000
7239.9956596	7409.9841972	7409.8695898	0.0000000	0.0000000	0.0115055	0.1721283	0.1209485	0.0000000	0.0000000
7239.9956596	7404.9861191	7404.5870117	0.0000000	0.0000000	0.0111276	0.1732245	0.1220438	0.0000000	0.0000000
7239.9956596	7399.9853611	7399.7446484	0.0000000	0.0000000	0.0111338	0.1716399	0.1212198	0.0000000	0.0000000
7239.9956596	7394.9846030	7394.9126367	0.0000000	0.0000000	0.0121505	0.1735592	0.1181812	0.0000000	0.0000000
7239.9956596	7389.9865249	7389.6921680	0.0000000	0.0000000	0.0117863	0.1739182	0.1187009	0.0000000	0.0000000
7239.9956596	7384.9884468	7384.9067383	0.0000000	0.0000000	0.0135116	0.1731809	0.1190919	0.0000000	0.0000000
7239.9956596	7379.9820701	7379.6862695	0.0000000	0.0000000	0.0140485	0.1727760	0.1186422	0.0000000	0.0000000
7239.9956596	7375.0022847	7374.9008398	0.0000000	0.0000000	0.0151396	0.1718262	0.1168446	0.0000000	0.0000000
7239.9956596	7370.0062785	7369.6803711	0.0000000	0.0000000	0.0159962	0.1713733	0.1133153	0.0000000	0.0000000
7239.9956596	7364.9972957	7364.8949414	0.0000000	0.0000000	0.0165989	0.1719413	0.1119696	0.0000000	0.0000000
7239.9956596	7360.0045337	7359.6744727	0.0000000	0.0000000	0.0174149	0.1719885	0.1110569	0.0000000	0.0000000
7239.9956596	7355.0150158	7354.8890430	0.0000000	0.0000000	0.0200574	0.1727906	0.1130543	0.0000000	0.0000000
7239.9956596	7350.0190097	7349.6991016	0.0000000	0.0000000	0.0216624	0.1716154	0.1103375	0.0000000	0.0000000
7239.9956596	7345.0002944	7344.9696387	0.0000000	0.0000000	0.0190016	0.1717528	0.1048831	0.0000000	0.0000000
7239.9956596	7340.0075324	7339.8102246	0.0000000	0.0000000	0.0197947	0.1717363	0.1047690	0.0000000	0.0000000
7239.9956596	7335.0050379	7334.6508105	0.0000000	0.0000000	0.0204923	0.1725303	0.1030599	0.0000000	0.0000000
7239.9956596	7330.0090317	7329.9213477	0.0000000	0.0000000	0.0297639	0.1727745	0.1070751	0.0000000	0.0000000
7239.9956596	7325.0160272	7324.7619336	0.0000000	0.0000000	0.0294786	0.1724857	0.1052695	0.0000000	0.0000000
7239.9956596	7319.9871765	7319.6025195	0.0000000	0.0000000	0.0332640	0.1716750	0.1060782	0.0000000	0.0000000
7239.9956596	7314.9864987	7314.8730566	0.0000000	0.0000000	0.0422908	0.1717324	0.1090428	0.0000000	0.0000000
7239.9956596	7309.9886382	7309.7136426	0.0000000	0.0000000	0.0458634	0.1723766	0.1106360	0.0000000	0.0000000
7239.9956596	7304.9879604	7304.6092822	0.0000000	0.0000000	0.0466058	0.1713472	0.1112880	0.0000000	0.0000000
7239.9956596	7299.9844653	7299.9348730	0.0000000	0.0000000	0.0509126	0.1716625	0.1100009	0.0000000	0.0000000
7239.9956596	7294.9866048	7294.8355176	0.0000000	0.0000000	0.0529314	0.1721211	0.1089464	0.0000000	0.0000000
7239.9956596	7289.9859270	7289.7361621	0.0000000	0.0000000	0.0497290	0.1712706	0.1072843	0.0000000	0.0000000
7239.9956596	7284.9852492	7284.6368066	0.0000000	0.0000000	0.0486271	0.1720458	0.1068307	0.0000000	0.0000000
7239.9956596	7279.9783810	7279.9623975	0.0000000	0.0000000	0.0516180	0.1725413	0.1070343	0.0000000	0.0000000
7239.9956596	7275.0193960	7274.8630420	0.0000000	0.0000000	0.0568398	0.1729750	0.1064232	0.0000000	0.0000000
7239.9956596	7270.0122966	7269.7636865	0.0000000	0.0000000	0.0557842	0.1743700	0.1062266	0.0000000	0.0000000
7239.9956596	7265.0084048	7264.6888672	0.0000000	0.0000000	0.0534198	0.1736738	0.1064460	0.0000000	0.0000000
7239.9956596	7260.0205511	7259.6483984	0.0000000	0.0000000	0.0588571	0.1724037	0.1053145	0.0000000	0.0000000
7239.9956596	7255.0102440	7254.6079297	0.0000000	0.0000000	0.0835624	0.1716234	0.1051069	0.0000000	0.0000000
7239.9956596	7250.0127675	7249.9875000	0.0000000	0.0000000	0.1194688	0.1723754	0.1022268	0.0000000	0.0000000
7239.9956596	7245.0056680	7244.9470313	0.0000000	0.0000000	0.1710741	0.1712601	0.1020074	0.0000000	0.0000000
7239.9956596	7240.0210220	7239.9065625	0.0000000	0.0000000	0.1768958	0.1724440	0.0992174	0.0000000	0.0000000
7239.9956596	7235.0075073	7234.8660938	0.0000000	0.0000000	0.1497692	0.1725868	0.0967847	0.0000000	0.0000000
7239.9956596	7230.0100308	7229.8256250	0.0000000	0.0000000	0.1012589	0.1727030	0.0972615	0.0000000	0.0000000
7239.9956596	7225.0099061	7224.7851563	0.0000000	0.0000000	0.0647518	0.1729333	0.0980887	0.0000000	0.0000000
7239.9956596	7220.0114581	7219.8026367	0.0000000	0.0000000	0.0657209	0.1714506	0.1007549	0.0000000	0.0000000
7239.9956596	7215.0097495	7214.8201172	0.0000000	0.0000000	0.0685421	0.1710483	0.1023829	0.0000000	0.0000000
7239.9956596	7210.0080408	7209.8375977	0.0000000	0.0000000	0.0766466	0.1720565	0.1034106	0.0000000	0.0000000
7239.9956596	7205.0095928	7204.8550781	0.0000000	0.0000000	0.0794497	0.1727683	0.1042059	0.0000000	0.0000000
7239.9956596	7200.0111447	7199.8725586	0.0000000	0.0000000	0.0761146	0.1724967	0.1043552	0.0000000	0.0000000
7239.9956596	7195.0029150	7194.8900391	0.0000000	0.0000000	0.0790503	0.1719739	0.1056134	0.0000000	0.0000000
7239.9956596	7189.9979458	7189.9075195	0.0000000	0.0000000	0.0894572	0.1704298	0.1066331	0.0000000	0.0000000
7239.9956596	7185.0158006	7184.9250000	0.0000000	0.0000000	0.0854847	0.1707404	0.1058459	0.0000000	0.0000000
7239.9956596	7180.0043103	7179.9804492	0.0000000	0.0000000	0.0713346	0.1717518	0.1025792	0.0000000	0.0000000
7239.9956596	7175.0026016	7174.6444189	0.0000000	0.0000000	0.0735142	0.1727391	0.1027045	0.0000000	0.0000000
7239.9956596	7170.0008930	7169.7188525	0.0000000	0.0000000	0.0735021	0.1720439	0.1031125	0.0000000	0.0000000
7239.9956596	7165.0240098	7164.7932861	0.0000000	0.0000000	0.0573212	0.1702855	0.1022100	0.0000000	0.0000000
7239.9956596	7160.0281100	7159.8677197	0.0000000	0.0000000	0.0501464	0.1717058	0.1025392	0.0000000	0.0000000
7239.9956596	7155.0261947	7154.9421533	0.0000000	0.0000000	0.0530303	0.1726819	0.1029714	0.0000000	0.0000000
7239.9956596	7150.0152562	7149.6061230	0.0000000	0.0000000	0.0617794	0.1730159	0.1035223	0.0000000	0.0000000
7239.9956596	7145.0223642	7144.6805566	0.0000000	0.0000000	0.0520228	0.1713741	0.1010317	0.0000000	0.0000000
7239.9956596	7140.0204489	7139.7829688	0.0000000	0.0000000	0.0391125	0.1716543	0.1000236	0.0000000	0.0000000
7239.9956596	7135.0275569	7134.9133594	0.0000000	0.0000000	0.0396434	0.1709822	0.1016632	0.0000000	0.0000000
7239.9956596	7130.0256416	7129.6379492	0.0000000	0.0000000	0.0490701	0.1715808	0.1009551	0.0000000	0.0000000
7239.9956596	7125.0327496	7124.7683398	0.0000000	0.0000000	0.0473036	0.1706404	0.1016870	0.0000000	0.0000000
7239.9956596	7120.0248188	7119.8987305	0.0000000	0.0000000	0.0334192	0.1717285	0.1009481	0.0000000	0.0000000
7239.9956596	7114.9843181	7114.6233203	0.0000000	0.0000000	0.0370654	0.1715609	0.1022572	0.0000000	0.0000000
7239.9956596	7109.9857704	7109.7537109	0.0000000	0.0000000	0.0390442	0.1716545	0.1003204	0.0000000	0.0000000
7239.9956596	7104.9837419	7104.8841016	0.0000000	0.0000000	0.0348401	0.1717640	0.0991385	0.0000000	0.0000000
7239.9956596	7099.9817134	7099.6316406	0.0000000	0.0000000	0.0335748	0.1714489	0.0995746	0.0000000	0.0000000
7239.9956596	7094.9831658	7094.8171094	0.0000000	0.0000000	0.0268999	0.1716960	0.0989000	0.0000000	0.0000000
7239.9956596	7089.9846182	7089.6013672	0.0000000	0.0000000	0.0245992	0.1699492	0.0999038	0.0000000	0.0000000
7239.9956596	7084.9895515	7084.7868359	0.0000000	0.0000000	0.0201704	0.1708036	0.0989027	0.0000000	0.0000000
7239.9956596	7079.9875230	7079.9723047	0.0000000	0.0000000	0.0146307	0.1699359	0.0987131	0.0000000	0.0000000
7239.9956596	7074.9889754	7074.7565625	0.0000000	0.0000000	0.0104828	0.1696085	0.0968870	0.0000000	0.0000000
7239.9956596	7069.9834660	7069.9420313	0.0000000	0.0000000	0.0067610	0.1702946	0.0965066	0.0000000	0.0000000
7239.9956596	7064.9883993	7064.7262891	0.0000000	0.0000000	0.0086281	0.1701675	0.0973976	0.0000000	0.0000000
7239.9956596	7059.9863559	7059.9297656	0.0000000	0.0000000	0.0090226	0.1706461	0.0984802	0.0000000	0.0000000
7239.9956596	7054.9841606	7054.7725488	0.0000000	0.0000000	0.0091675	0.1709108	0.0992072	0.0000000	0.0000000
7239.9956596	7049.9819654	7049.6153320	0.0000000	0.0000000	0.0102328	0.1700684	0.1000483	0.0000000	0.0000000
7239.9956596	7044.9875799	7044.8548242	0.0000000	0.0000000	0.0093939	0.1702552	0.0966583	0.0000000	0.0000000
7239.9956596	7039.9853847	7039.6976074	0.0000000	0.0000000	0.0115868	0.1717119	0.0958876	0.0000000	0.0000000
7239.9956596	7034.9831894	7034.9370996	0.0000000	0.0000000	0.0139955	0.1722274	0.0955668	0.0000000	0.0000000
7239.9956596	7029.9809941	7029.7798828	0.0000000	0.0000000	0.0142034	0.1726925	0.0964763	0.0000000	0.0000000
7239.9956596	7024.9827038	7024.6226660	0.0000000	0.0000000	0.0155088	0.1712009	0.0990171	0.0000000	0.0000000
7239.9956596	7019.9766036	7019.8843262	0.0000000	0.0000000	0.0143976	0.1703950	0.0980428	0.0000000	0.0000000
7239.9956596	7014.9822181	7014.7847461	0.0000000	0.0000000	0.0132853	0.1684954	0.0988086	0.0000000	0.0000000
7239.9956596	7009.9878327	7009.6851660	0.0000000	0.0000000	0.0117604	0.1696447	0.1001311	0.0000000	0.0000000
7239.9956596	7004.9817325	7004.9778613	0.0000000	0.0000000	0.0107778	0.1718040	0.0995952	0.0000000	0.0000000
