7179.9938269	7599.9977245	7599.5502051	0.0000000	0.0000000	0.0176926	0.1659348	0.1208494	0.0000000	7180.0000000
7179.9938269	7594.9867234	7594.9313574	0.0000000	0.0000000	0.0210676	0.1648763	0.1202803	0.0000000	0.0000000
7179.9938269	7589.9849267	7589.8506250	0.0000000	0.0000000	0.0221124	0.1657314	0.1199539	0.0000000	0.0000000
7179.9938269	7584.9897621	7584.7698926	0.0000000	0.0000000	0.0225352	0.1651506	0.1202991	0.0000000	0.0000000
7179.9938269	7579.9869519	7579.6891602	0.0000000	0.0000000	0.0201682	0.1648085	0.1198624	0.0000000	0.0000000
7179.9938269	7574.9866901	7574.6139941	0.0000000	0.0000000	0.0211157	0.1657780	0.1209130	0.0000000	0.0000000
7179.9938269	7569.9915255	7569.5944922	0.0000000	0.0000000	0.0206361	0.1654025	0.1217836	0.0000000	0.0000000
7179.9938269	7564.9861667	7564.5749902	0.0000000	0.0000000	0.0190601	0.1630032	0.1217172	0.0000000	0.0000000
7179.9938269	7559.9859050	7559.5554883	0.0000000	0.0000000	0.0163318	0.1625255	0.1212239	0.0000000	0.0000000
7179.9938269	7554.9881918	7554.9923047	0.0000000	0.0000000	0.0195721	0.1643434	0.1227321	0.0000000	0.0000000
7179.9938269	7549.9853816	7549.9728027	0.0000000	0.0000000	0.0169109	0.1649740	0.1226924	0.0000000	0.0000000
7179.9938269	7544.9851198	7544.9533008	0.0000000	0.0000000	0.0202274	0.1669757	0.1229030	0.0000000	0.0000000
7179.9938269	7539.9872981	7539.9337988	0.0000000	0.0000000	0.0222654	0.1673700	0.1233202	0.0000000	0.0000000
7179.9938269	7535.0301440	7534.9142969	0.0000000	0.0000000	0.0183650	0.1656277	0.1226046	0.0000000	0.0000000
7179.9938269	7529.9830707	7529.8947949	0.0000000	0.0000000	0.0203137	0.1651473	0.1225917	0.0000000	0.0000000
7179.9938269	7524.9853080	7524.9299316	0.0000000	0.0000000	0.0204338	0.1648601	0.1232449	0.0000000	0.0000000
7179.9938269	7519.9875452	7519.9705322	0.0000000	0.0000000	0.0189290	0.1627310	0.1218187	0.0000000	0.0000000
7179.9938269	7515.0303911	7514.5602783	0.0000000	0.0000000	0.0167957	0.1632229	0.1211118	0.0000000	0.0000000
7179.9938269	7509.9804173	7509.6008789	0.0000000	0.0000000	0.0170852	0.1650173	0.1218728	0.0000000	0.0000000
7179.9938269	7504.9826546	7504.6414795	0.0000000	0.0000000	0.0182485	0.1641881	0.1211859	0.0000000	0.0000000
7179.9938269	7500.0371029	7499.6820801	0.0000000	0.0000000	0.0179022	0.1645892	0.1221746	0.0000000	0.0000000
7179.9938269	7495.0306383	7494.7226807	0.0000000	0.0000000	0.0142867	0.1645842	0.1201954	0.0000000	0.0000000
7179.9938269	7489.9843030	7489.7632813	0.0000000	0.0000000	0.0153770	0.1642394	0.1207677	0.0000000	0.0000000
7179.9938269	7485.0356045	7484.8038818	0.0000000	0.0000000	0.0142061	0.1642017	0.1215613	0.0000000	0.0000000
7179.9938269	7479.9844604	7479.8981445	0.0000000	0.0000000	0.0122917	0.1633381	0.1221525	0.0000000	0.0000000
7179.9938269	7474.9845391	7474.9977734	0.0000000	0.0000000	0.0134244	0.1624547	0.1219678	0.0000000	0.0000000
7179.9938269	7469.9846178	7469.6519141	0.0000000	0.0000000	0.0123354	0.1629305	0.1217036	0.0000000	0.0000000
7179.9938269	7464.9846965	7464.7515430	0.0000000	0.0000000	0.0110846	0.1637368	0.1199164	0.0000000	0.0000000
7179.9938269	7459.9847751	7459.8511719	0.0000000	0.0000000	0.0118859	0.1636375	0.1214558	0.0000000	0.0000000
7179.9938269	7454.9820081	7454.9508008	0.0000000	0.0000000	0.0100262	0.1630879	0.1223647	0.0000000	0.0000000
7179.9938269	7449.9849325	7449.6049414	0.0000000	0.0000000	0.0115326	0.1630558	0.1211169	0.0000000	0.0000000
7179.9938269	7444.9878570	7444.7045703	0.0000000	0.0000000	0.0130599	0.1649404	0.1212568	0.0000000	0.0000000
7179.9938269	7439.9822442	7439.8041992	0.0000000	0.0000000	0.0104084	0.1640292	0.1200801	0.0000000	0.0000000
7179.9938269	7434.9880144	7434.9618359	0.0000000	0.0000000	0.0106980	0.1641161	0.1190806	0.0000000	0.0000000
7179.9938269	7429.9872294	7429.6792578	0.0000000	0.0000000	0.0109231	0.1643442	0.1185817	0.0000000	0.0000000
7179.9938269	7424.9864714	7424.8368945	0.0000000	0.0000000	0.0093767	0.1642649	0.1173223	0.0000000	0.0000000
7179.9938269	7419.9857133	7419.9945313	0.0000000	0.0000000	0.0078098	0.1636222	0.1203137	0.0000000	0.0000000
7179.9938269	7414.9849553	7414.7119531	0.0000000	0.0000000	0.0084785	0.1649105	0.1194229	0.0000000	0.0000000
7179.9938269	7409.9868772	7409.8695898	0.0000000	0.0000000	0.0094821	0.1648729	0.1194210	0.0000000	0.0000000
7179.9938269	7404.9861191	7404.5870117	0.0000000	0.0000000	0.0079723	0.1651494	0.1174447	0.0000000	0.0000000
7179.9938269	7399.9853611	7399.7446484	0.0000000	0.0000000	0.0099623	0.1641176	0.1176364	0.0000000	0.0000000
7179.9938269	7394.9846030	7394.9126367	0.0000000	0.0000000	0.0086100	0.1642349	0.1167670	0.0000000	0.0000000
7179.9938269	7389.9838450	7389.6921680	0.0000000	0.0000000	0.0098016	0.1655316	0.1162457	0.0000000	0.0000000
7179.9938269	7384.9911267	7384.9067383	0.0000000	0.0000000	0.0093167	0.1652864	0.1147688	0.0000000	0.0000000
7179.9938269	7379.9820701	7379.6862695	0.0000000	0.0000000	0.0091187	0.1653149	0.1134545	0.0000000	0.0000000
7179.9938269	7375.0087730	7374.9008398	0.0000000	0.0000000	0.0086233	0.1654808	0.1120234	0.0000000	0.0000000
7179.9938269	7370.0095227	7369.6803711	0.0000000	0.0000000	0.0110187	0.1648674	0.1113795	0.0000000	0.0000000
7179.9938269	7364.9972957	7364.8949414	0.0000000	0.0000000	0.0134838	0.1653839	0.1123867	0.0000000	0.0000000
7179.9938269	7360.0045337	7359.6744727	0.0000000	0.0000000	0.0143579	0.1653870	0.1105013	0.0000000	0.0000000
7179.9938269	7355.0020392	7354.8890430	0.0000000	0.0000000	0.0185964	0.1644146	0.1108577	0.0000000	0.0000000
7179.9938269	7350.0092772	7349.6991016	0.0000000	0.0000000	0.0188887	0.1648217	0.1079775	0.0000000	0.0000000
7179.9938269	7345.0100269	7344.9696387	0.0000000	0.0000000	0.0191836	0.1654468	0.1068948	0.0000000	0.0000000
7179.9938269	7340.0075324	7339.8102246	0.0000000	0.0000000	0.0169226	0.1663173	0.1050425	0.0000000	0.0000000
7179.9938269	7335.0017937	7334.6508105	0.0000000	0.0000000	0.0253650	0.1661346	0.1144611	0.0000000	0.0000000
7179.9938269	7330.0122759	7329.9213477	0.0000000	0.0000000	0.0320511	0.1657817	0.1106969	0.0000000	0.0000000
7179.9938269	7325.0160272	7324.7619336	0.0000000	0.0000000	0.0295824	0.1644432	0.1073947	0.0000000	0.0000000
7179.9938269	7319.9843593	7319.6025195	0.0000000	0.0000000	0.0296285	0.1643329	0.1052140	0.0000000	0.0000000
7179.9938269	7314.9836815	7314.8730566	0.0000000	0.0000000	0.0383544	0.1641750	0.1071298	0.0000000	0.0000000
7179.9938269	7309.9914555	7309.7136426	0.0000000	0.0000000	0.0395848	0.1651538	0.1073417	0.0000000	0.0000000
7179.9938269	7304.9879604	7304.6092822	0.0000000	0.0000000	0.0352782	0.1653444	0.1042625	0.0000000	0.0000000
7179.9938269	7299.9844653	7299.9348730	0.0000000	0.0000000	0.0410604	0.1647020	0.1042104	0.0000000	0.0000000
7179.9938269	7294.9837875	7294.8355176	0.0000000	0.0000000	0.0471196	0.1660996	0.1051322	0.0000000	0.0000000
7179.9938269	7289.9859270	7289.7361621	0.0000000	0.0000000	0.0474099	0.1672773	0.1050464	0.0000000	0.0000000
7179.9938269	7284.9852492	7284.6368066	0.0000000	0.0000000	0.0502980	0.1659229	0.1053103	0.0000000	0.0000000
7179.9938269	7279.9847963	7279.9623975	0.0000000	0.0000000	0.0532229	0.1665228	0.1057595	0.0000000	0.0000000
7179.9938269	7275.0097731	7274.8630420	0.0000000	0.0000000	0.0562907	0.1675344	0.1059462	0.0000000	0.0000000
7179.9938269	7270.0155042	7269.7636865	0.0000000	0.0000000	0.0576819	0.1669506	0.1060483	0.0000000	0.0000000
7179.9938269	7265.0084048	7264.6888672	0.0000000	0.0000000	0.0601465	0.1655016	0.1051658	0.0000000	0.0000000
7179.9938269	7260.0205511	7259.6483984	0.0000000	0.0000000	0.0630585	0.1648187	0.1053101	0.0000000	0.0000000
7179.9938269	7255.0102440	7254.6079297	0.0000000	0.0000000	0.0772114	0.1642714	0.1076924	0.0000000	0.0000000
7179.9938269	7250.0063522	7249.9875000	0.0000000	0.0000000	0.0730227	0.1651873	0.1058489	0.0000000	0.0000000
7179.9938269	7245.0088757	7244.9470313	0.0000000	0.0000000	0.0737551	0.1666228	0.1029614	0.0000000	0.0000000
7179.9938269	7240.0049839	7239.9065625	0.0000000	0.0000000	0.0626938	0.1656976	0.1003578	0.0000000	0.0000000
7179.9938269	7235.0107149	7234.8660938	0.0000000	0.0000000	0.0660085	0.1657173	0.0981849	0.0000000	0.0000000
7179.9938269	7230.0068231	7229.8256250	0.0000000	0.0000000	0.0663068	0.1664235	0.0994752	0.0000000	0.0000000
7179.9938269	7225.0066456	7224.7851563	0.0000000	0.0000000	0.0732698	0.1670282	0.0999768	0.0000000	0.0000000
7179.9938269	7220.0049369	7219.8026367	0.0000000	0.0000000	0.0952034	0.1681312	0.1022548	0.0000000	0.0000000
7179.9938269	7215.0130100	7214.8201172	0.0000000	0.0000000	0.1083209	0.1671257	0.1040725	0.0000000	0.0000000
7179.9938269	7209.9982591	7209.8375977	0.0000000	0.0000000	0.1186117	0.1663801	0.1035192	0.0000000	0.0000000
7179.9938269	7205.0095928	7204.8550781	0.0000000	0.0000000	0.1255400	0.1653630	0.1038486	0.0000000	0.0000000
7179.9938269	7200.0013630	7199.8725586	0.0000000	0.0000000	0.1256708	0.1658190	0.1055975	0.0000000	0.0000000
7179.9938269	7194.9996544	7194.8900391	0.0000000	0.0000000	0.1620293	0.1658608	0.1073676	0.0000000	0.0000000
7179.9938269	7190.0044669	7189.9075195	0.0000000	0.0000000	0.2578353	0.1666133	0.1094781	0.0000000	0.0000000
7179.9938269	7185.0027583	7184.9250000	0.0000000	0.0000000	0.3465280	0.1671733	0.1057697	0.0000000	0.0000000
7179.9938269	7180.0075708	7179.9804492	0.0000000	0.0000000	0.3356049	0.1670040	0.1059895	0.0000000	0.0000000
7179.9938269	7175.0058622	7174.6444189	0.0000000	0.0000000	0.2818441	0.1671641	0.1043142	0.0000000	0.0000000
7179.9938269	7170.0041536	7169.7188525	0.0000000	0.0000000	0.2123940	0.1676669	0.1072576	0.0000000	0.0000000
7179.9938269	7165.0300253	7164.7932861	0.0000000	0.0000000	0.1310128	0.1675188	0.1068862	0.0000000	0.0000000
7179.9938269	7160.0281100	7159.8677197	0.0000000	0.0000000	0.1041351	0.1668969	0.1053730	0.0000000	0.0000000
7179.9938269	7155.0322103	7154.9421533	0.0000000	0.0000000	0.1072920	0.1666022	0.1063342	0.0000000	0.0000000
7179.9938269	7150.0272872	7149.6061230	0.0000000	0.0000000	0.1166089	0.1670631	0.1034333	0.0000000	0.0000000
7179.9938269	7145.0283797	7144.6805566	0.0000000	0.0000000	0.1054352	0.1674824	0.1015071	0.0000000	0.0000000
7179.9938269	7140.0234567	7139.7829688	0.0000000	0.0000000	0.0880891	0.1657098	0.1041573	0.0000000	0.0000000
7179.9938269	7135.0155258	7134.9133594	0.0000000	0.0000000	0.0891444	0.1666866	0.1030896	0.0000000	0.0000000
7179.9938269	7130.0256416	7129.6379492	0.0000000	0.0000000	0.1083103	0.1679558	0.1033119	0.0000000	0.0000000
7179.9938269	7124.9876331	7124.7683398	0.0000000	0.0000000	0.1081809	0.1689836	0.1034218	0.0000000	0.0000000
7179.9938269	7120.0278266	7119.8987305	0.0000000	0.0000000	0.0880148	0.1685283	0.1017262	0.0000000	0.0000000
7179.9938269	7114.9947607	7114.6233203	0.0000000	0.0000000	0.0969850	0.1688458	0.1046809	0.0000000	0.0000000
7179.9938269	7109.9927322	7109.7537109	0.0000000	0.0000000	0.1004158	0.1681724	0.1023636	0.0000000	0.0000000
7179.9938269	7104.9837419	7104.8841016	0.0000000	0.0000000	0.0909489	0.1673329	0.1026458	0.0000000	0.0000000
7179.9938269	7099.9817134	7099.6316406	0.0000000	0.0000000	0.0922766	0.1677720	0.1009883	0.0000000	0.0000000
7179.9938269	7094.9831658	7094.8171094	0.0000000	0.0000000	0.0816050	0.1674172	0.1015698	0.0000000	0.0000000
7179.9938269	7089.9811373	7089.6013672	0.0000000	0.0000000	0.0739128	0.1666780	0.1024728	0.0000000	0.0000000
7179.9938269	7084.9860706	7084.7868359	0.0000000	0.0000000	0.0704318	0.1673075	0.1010737	0.0000000	0.0000000
7179.9938269	7079.9875230	7079.9723047	0.0000000	0.0000000	0.0573063	0.1672469	0.1007250	0.0000000	0.0000000
7179.9938269	7074.9889754	7074.7565625	0.0000000	0.0000000	0.0455344	0.1670824	0.0985967	0.0000000	0.0000000
7179.9938269	7069.9834660	7069.9420313	0.0000000	0.0000000	0.0362509	0.1689045	0.0968743	0.0000000	0.0000000
7179.9938269	7064.9849184	7064.7262891	0.0000000	0.0000000	0.0407700	0.1704650	0.0977867	0.0000000	0.0000000
7179.9938269	7059.9863559	7059.9297656	0.0000000	0.0000000	0.0424894	0.1692251	0.0970297	0.0000000	0.0000000
7179.9938269	7054.9880656	7054.7725488	0.0000000	0.0000000	0.0457858	0.1682104	0.0974686	0.0000000	0.0000000
7179.9938269	7049.9819654	7049.6153320	0.0000000	0.0000000	0.0474460	0.1673995	0.0971876	0.0000000	0.0000000
7179.9938269	7044.9875799	7044.8548242	0.0000000	0.0000000	0.0483137	0.1671030	0.0974791	0.0000000	0.0000000
7179.9938269	7039.9814797	7039.6976074	0.0000000	0.0000000	0.0510723	0.1663046	0.0992733	0.0000000	0.0000000
7179.9938269	7034.9831894	7034.9370996	0.0000000	0.0000000	0.0569254	0.1672050	0.0979354	0.0000000	0.0000000
7179.9938269	7029.9809941	7029.7798828	0.0000000	0.0000000	0.0625037	0.1687600	0.0976447	0.0000000	0.0000000
7179.9938269	7024.9787988	7024.6226660	0.0000000	0.0000000	0.0639872	0.1676101	0.0985790	0.0000000	0.0000000
7179.9938269	7019.9805085	7019.8843262	0.0000000	0.0000000	0.0569376	0.1677946	0.0981263	0.0000000	0.0000000
7179.9938269	7014.9900280	7014.7847461	0.0000000	0.0000000	0.0581093	0.1677283	0.0979482	0.0000000	0.0000000
7179.9938269	7009.9878327	7009.6851660	0.0000000	0.0000000	0.0556281	0.1681216	0.0990853	0.0000000	0.0000000
7179.9938269	7004.9817325	7004.9778613	0.0000000	0.0000000	0.0513849	0.1673490	0.0990436	0.0000000	0.0000000
