7495.0028544	7599.9977245	7599.5502051	0.0000000	0.0000000	0.0061196	0.1922170	0.1246375	0.0000000	7495.0000000
7495.0028544	7594.9867234	7594.9313574	0.0000000	0.0000000	0.0081563	0.1921952	0.1235817	0.0000000	0.0000000
7495.0028544	7589.9849267	7589.8506250	0.0000000	0.0000000	0.0093458	0.1919327	0.1240923	0.0000000	0.0000000
7495.0028544	7584.9897621	7584.7698926	0.0000000	0.0000000	0.0105360	0.1929255	0.1237759	0.0000000	0.0000000
7495.0028544	7579.9895004	7579.6891602	0.0000000	0.0000000	0.0103416	0.1924323	0.1237849	0.0000000	0.0000000
7495.0028544	7574.9866901	7574.6139941	0.0000000	0.0000000	0.0110696	0.1923776	0.1230455	0.0000000	0.0000000
7495.0028544	7569.9864284	7569.5944922	0.0000000	0.0000000	0.0116283	0.1933333	0.1240610	0.0000000	0.0000000
7495.0028544	7564.9887153	7564.5749902	0.0000000	0.0000000	0.0095564	0.1931072	0.1240807	0.0000000	0.0000000
7495.0028544	7559.9859050	7559.5554883	0.0000000	0.0000000	0.0088960	0.1923972	0.1252874	0.0000000	0.0000000
7495.0028544	7554.9856433	7554.9923047	0.0000000	0.0000000	0.0077307	0.1912334	0.1237356	0.0000000	0.0000000
7495.0028544	7549.9879301	7549.9728027	0.0000000	0.0000000	0.0088488	0.1922363	0.1239077	0.0000000	0.0000000
7495.0028544	7544.9851198	7544.9533008	0.0000000	0.0000000	0.0112213	0.1910820	0.1249363	0.0000000	0.0000000
7495.0028544	7539.9872981	7539.9337988	0.0000000	0.0000000	0.0106086	0.1909869	0.1238654	0.0000000	0.0000000
7495.0028544	7534.9837341	7534.9142969	0.0000000	0.0000000	0.0105979	0.1911937	0.1240020	0.0000000	0.0000000
7495.0028544	7529.9830707	7529.8947949	0.0000000	0.0000000	0.0127089	0.1920553	0.1239502	0.0000000	0.0000000
7495.0028544	7524.9882086	7524.9299316	0.0000000	0.0000000	0.0149646	0.1925325	0.1231414	0.0000000	0.0000000
7495.0028544	7519.9904459	7519.9705322	0.0000000	0.0000000	0.0129954	0.1935350	0.1240675	0.0000000	0.0000000
7495.0028544	7514.9839813	7514.5602783	0.0000000	0.0000000	0.0144366	0.1927599	0.1223977	0.0000000	0.0000000
7495.0028544	7509.9862185	7509.6008789	0.0000000	0.0000000	0.0265704	0.1926294	0.1225062	0.0000000	0.0000000
7495.0028544	7504.9855552	7504.6414795	0.0000000	0.0000000	0.0612441	0.1926475	0.1238479	0.0000000	0.0000000
7495.0028544	7499.9877924	7499.6820801	0.0000000	0.0000000	0.0920786	0.1922345	0.1230144	0.0000000	0.0000000
7495.0028544	7494.9871291	7494.7226807	0.0000000	0.0000000	0.1059150	0.1929338	0.1232208	0.0000000	0.0000000
7495.0028544	7489.9871487	7489.7632813	0.0000000	0.0000000	0.0779971	0.1931870	0.1230170	0.0000000	0.0000000
7495.0028544	7484.9872274	7484.8038818	0.0000000	0.0000000	0.0446195	0.1928911	0.1226082	0.0000000	0.0000000
7495.0028544	7479.9873061	7479.8981445	0.0000000	0.0000000	0.0141871	0.1923105	0.1241326	0.0000000	0.0000000
7495.0028544	7474.9845391	7474.9977734	0.0000000	0.0000000	0.0093390	0.1910934	0.1245839	0.0000000	0.0000000
7495.0028544	7469.9846178	7469.6519141	0.0000000	0.0000000	0.0047772	0.1917964	0.1245112	0.0000000	0.0000000
7495.0028544	7464.9875422	7464.7515430	0.0000000	0.0000000	0.0065125	0.1915212	0.1250319	0.0000000	0.0000000
7495.0028544	7459.9819294	7459.8511719	0.0000000	0.0000000	0.0047594	0.1921028	0.1237158	0.0000000	0.0000000
7495.0028544	7454.9820081	7454.9508008	0.0000000	0.0000000	0.0056584	0.1920383	0.1237112	0.0000000	0.0000000
7495.0028544	7449.9877783	7449.6049414	0.0000000	0.0000000	0.0047859	0.1929283	0.1234823	0.0000000	0.0000000
7495.0028544	7444.9878570	7444.7045703	0.0000000	0.0000000	0.0060441	0.1924178	0.1230361	0.0000000	0.0000000
7495.0028544	7439.9879357	7439.8041992	0.0000000	0.0000000	0.0074030	0.1926595	0.1227417	0.0000000	0.0000000
7495.0028544	7434.9851686	7434.9618359	0.0000000	0.0000000	0.0069963	0.1925690	0.1205676	0.0000000	0.0000000
7495.0028544	7429.9872294	7429.6792578	0.0000000	0.0000000	0.0070750	0.1924681	0.1209033	0.0000000	0.0000000
7495.0028544	7424.9918312	7424.8368945	0.0000000	0.0000000	0.0089509	0.1925658	0.1210160	0.0000000	0.0000000
7495.0028544	7419.9883932	7419.9945313	0.0000000	0.0000000	0.0079437	0.1932152	0.1199808	0.0000000	0.0000000
7495.0028544	7414.9849553	7414.7119531	0.0000000	0.0000000	0.0076145	0.1925020	0.1207400	0.0000000	0.0000000
7495.0028544	7409.9868772	7409.8695898	0.0000000	0.0000000	0.0063104	0.1932958	0.1191539	0.0000000	0.0000000
7495.0028544	7404.9861191	7404.5870117	0.0000000	0.0000000	0.0065280	0.1932068	0.1180134	0.0000000	0.0000000
7495.0028544	7399.9853611	7399.7446484	0.0000000	0.0000000	0.0065302	0.1921548	0.1184288	0.0000000	0.0000000
7495.0028544	7394.9872830	7394.9126367	0.0000000	0.0000000	0.0065507	0.1918721	0.1184131	0.0000000	0.0000000
7495.0028544	7389.9865249	7389.6921680	0.0000000	0.0000000	0.0046519	0.1926545	0.1173759	0.0000000	0.0000000
7495.0028544	7384.9857669	7384.9067383	0.0000000	0.0000000	0.0051829	0.1927150	0.1165519	0.0000000	0.0000000
7495.0028544	7379.9820701	7379.6862695	0.0000000	0.0000000	0.0042455	0.1921985	0.1156051	0.0000000	0.0000000
7495.0028544	7374.9860639	7374.9008398	0.0000000	0.0000000	0.0049344	0.1913345	0.1152062	0.0000000	0.0000000
7495.0028544	7369.9868136	7369.6803711	0.0000000	0.0000000	0.0050844	0.1912539	0.1155944	0.0000000	0.0000000
7495.0028544	7364.9810749	7364.8949414	0.0000000	0.0000000	0.0054270	0.1914559	0.1152566	0.0000000	0.0000000
7495.0028544	7359.9850687	7359.6744727	0.0000000	0.0000000	0.0071091	0.1932262	0.1154791	0.0000000	0.0000000
7495.0028544	7354.9890626	7354.8890430	0.0000000	0.0000000	0.0069684	0.1928099	0.1132142	0.0000000	0.0000000
7495.0028544	7349.9865681	7349.6991016	0.0000000	0.0000000	0.0056206	0.1932020	0.1108068	0.0000000	0.0000000
7495.0028544	7344.9840736	7344.9696387	0.0000000	0.0000000	0.0050964	0.1926962	0.1088413	0.0000000	0.0000000
7495.0028544	7339.9848232	7339.8102246	0.0000000	0.0000000	0.0031965	0.1926530	0.1080994	0.0000000	0.0000000
7495.0028544	7334.9823288	7334.6508105	0.0000000	0.0000000	0.0036399	0.1940369	0.1088276	0.0000000	0.0000000
7495.0028544	7329.9863226	7329.9213477	0.0000000	0.0000000	0.0047284	0.1915629	0.1100780	0.0000000	0.0000000
7495.0028544	7324.9878543	7324.7619336	0.0000000	0.0000000	0.0038929	0.1921377	0.1094861	0.0000000	0.0000000
7495.0028544	7319.9843593	7319.6025195	0.0000000	0.0000000	0.0048611	0.1914916	0.1089630	0.0000000	0.0000000
7495.0028544	7314.9864987	7314.8730566	0.0000000	0.0000000	0.0050764	0.1918838	0.1092157	0.0000000	0.0000000
7495.0028544	7309.9886382	7309.7136426	0.0000000	0.0000000	0.0048235	0.1918446	0.1078398	0.0000000	0.0000000
7495.0028544	7304.9879604	7304.6092822	0.0000000	0.0000000	0.0042798	0.1925092	0.1086555	0.0000000	0.0000000
7495.0028544	7299.9816481	7299.9348730	0.0000000	0.0000000	0.0052250	0.1935204	0.1081805	0.0000000	0.0000000
7495.0028544	7294.9837875	7294.8355176	0.0000000	0.0000000	0.0052589	0.1929581	0.1085715	0.0000000	0.0000000
7495.0028544	7289.9831097	7289.7361621	0.0000000	0.0000000	0.0047620	0.1921980	0.1086063	0.0000000	0.0000000
7495.0028544	7284.9852492	7284.6368066	0.0000000	0.0000000	0.0045117	0.1925665	0.1096265	0.0000000	0.0000000
7495.0028544	7279.9847963	7279.9623975	0.0000000	0.0000000	0.0055624	0.1908739	0.1103644	0.0000000	0.0000000
7495.0028544	7274.9809045	7274.8630420	0.0000000	0.0000000	0.0050404	0.1918807	0.1093116	0.0000000	0.0000000
7495.0028544	7269.9866356	7269.7636865	0.0000000	0.0000000	0.0045168	0.1922126	0.1092792	0.0000000	0.0000000
7495.0028544	7264.9859514	7264.6888672	0.0000000	0.0000000	0.0041851	0.1926731	0.1101013	0.0000000	0.0000000
7495.0028544	7259.9820596	7259.6483984	0.0000000	0.0000000	0.0034944	0.1924125	0.1077151	0.0000000	0.0000000
7495.0028544	7254.9845830	7254.6079297	0.0000000	0.0000000	0.0031035	0.1924454	0.1064768	0.0000000	0.0000000
7495.0028544	7249.9871065	7249.9875000	0.0000000	0.0000000	0.0027893	0.1930397	0.1053185	0.0000000	0.0000000
7495.0028544	7244.9832147	7244.9470313	0.0000000	0.0000000	0.0015789	0.1925669	0.1029724	0.0000000	0.0000000
7495.0028544	7239.9857381	7239.9065625	0.0000000	0.0000000	0.0012632	0.1918081	0.1026294	0.0000000	0.0000000
7495.0028544	7234.9850540	7234.8660938	0.0000000	0.0000000	0.0013047	0.1919844	0.1025098	0.0000000	0.0000000
7495.0028544	7229.9811622	7229.8256250	0.0000000	0.0000000	0.0007103	0.1930814	0.1011923	0.0000000	0.0000000
7495.0028544	7224.9838216	7224.7851563	0.0000000	0.0000000	0.0009771	0.1932908	0.1015208	0.0000000	0.0000000
7495.0028544	7219.9853736	7219.8026367	0.0000000	0.0000000	0.0011733	0.1926212	0.1036349	0.0000000	0.0000000
7495.0028544	7214.9869255	7214.8201172	0.0000000	0.0000000	0.0013550	0.1931829	0.1056261	0.0000000	0.0000000
7495.0028544	7209.9852169	7209.8375977	0.0000000	0.0000000	0.0014453	0.1930006	0.1061992	0.0000000	0.0000000
7495.0028544	7204.9867688	7204.8550781	0.0000000	0.0000000	0.0013344	0.1926952	0.1074891	0.0000000	0.0000000
7495.0028544	7199.9850602	7199.8725586	0.0000000	0.0000000	0.0011575	0.1927153	0.1082247	0.0000000	0.0000000
7495.0028544	7194.9833516	7194.8900391	0.0000000	0.0000000	0.0012383	0.1938231	0.1090146	0.0000000	0.0000000
7495.0028544	7189.9881641	7189.9075195	0.0000000	0.0000000	0.0011542	0.1923345	0.1094185	0.0000000	0.0000000
7495.0028544	7184.9831949	7184.9250000	0.0000000	0.0000000	0.0010684	0.1924064	0.1088120	0.0000000	0.0000000
7495.0028544	7179.9814863	7179.9804492	0.0000000	0.0000000	0.0008448	0.1920242	0.1099147	0.0000000	0.0000000
7495.0028544	7174.9862988	7174.6444189	0.0000000	0.0000000	0.0010129	0.1927042	0.1082596	0.0000000	0.0000000
7495.0028544	7169.9845902	7169.7188525	0.0000000	0.0000000	0.0007034	0.1927390	0.1062710	0.0000000	0.0000000
7495.0028544	7164.9879166	7164.7932861	0.0000000	0.0000000	0.0004946	0.1914865	0.1055410	0.0000000	0.0000000
7495.0028544	7159.9890091	7159.8677197	0.0000000	0.0000000	0.0003859	0.1920833	0.1045443	0.0000000	0.0000000
7495.0028544	7154.9870938	7154.9421533	0.0000000	0.0000000	0.0005955	0.1923845	0.1065111	0.0000000	0.0000000
7495.0028544	7149.9851785	7149.6061230	0.0000000	0.0000000	0.0004380	0.1932931	0.1052651	0.0000000	0.0000000
7495.0028544	7144.9892787	7144.6805566	0.0000000	0.0000000	0.0005145	0.1927610	0.1046290	0.0000000	0.0000000
7495.0028544	7139.9873635	7139.7829688	0.0000000	0.0000000	0.0002603	0.1929417	0.1033091	0.0000000	0.0000000
7495.0028544	7134.9854482	7134.9133594	0.0000000	0.0000000	0.0002059	0.1926453	0.1047888	0.0000000	0.0000000
7495.0028544	7129.9865407	7129.6379492	0.0000000	0.0000000	0.0004114	0.1925884	0.1061848	0.0000000	0.0000000
7495.0028544	7124.9906409	7124.7683398	0.0000000	0.0000000	0.0004578	0.1929910	0.1054452	0.0000000	0.0000000
7495.0028544	7119.9857178	7119.8987305	0.0000000	0.0000000	0.0001998	0.1933346	0.1033257	0.0000000	0.0000000
7495.0028544	7114.9843181	7114.6233203	0.0000000	0.0000000	0.0003102	0.1940800	0.1037863	0.0000000	0.0000000
7495.0028544	7109.9822896	7109.7537109	0.0000000	0.0000000	0.0002723	0.1937847	0.1026876	0.0000000	0.0000000
7495.0028544	7104.9837419	7104.8841016	0.0000000	0.0000000	0.0001879	0.1937904	0.1021654	0.0000000	0.0000000
7495.0028544	7099.9851943	7099.6316406	0.0000000	0.0000000	0.0002274	0.1922384	0.1044269	0.0000000	0.0000000
7495.0028544	7094.9866467	7094.8171094	0.0000000	0.0000000	0.0002153	0.1917386	0.1030712	0.0000000	0.0000000
7495.0028544	7089.9846182	7089.6013672	0.0000000	0.0000000	0.0001395	0.1920336	0.1018409	0.0000000	0.0000000
7495.0028544	7084.9895515	7084.7868359	0.0000000	0.0000000	0.0001658	0.1914122	0.1029425	0.0000000	0.0000000
7495.0028544	7079.9875230	7079.9723047	0.0000000	0.0000000	0.0000757	0.1916957	0.1014161	0.0000000	0.0000000
7495.0028544	7074.9889754	7074.7565625	0.0000000	0.0000000	0.0000526	0.1925872	0.0994559	0.0000000	0.0000000
7495.0028544	7069.9869469	7069.9420313	0.0000000	0.0000000	0.0000520	0.1919690	0.1005155	0.0000000	0.0000000
7495.0028544	7064.9883993	7064.7262891	0.0000000	0.0000000	0.0000408	0.1925964	0.0995612	0.0000000	0.0000000
7495.0028544	7059.9863559	7059.9297656	0.0000000	0.0000000	0.0000507	0.1922705	0.0988215	0.0000000	0.0000000
7495.0028544	7054.9841606	7054.7725488	0.0000000	0.0000000	0.0000652	0.1920205	0.0984282	0.0000000	0.0000000
7495.0028544	7049.9858703	7049.6153320	0.0000000	0.0000000	0.0000858	0.1913510	0.1001571	0.0000000	0.0000000
7495.0028544	7044.9875799	7044.8548242	0.0000000	0.0000000	0.0000612	0.1919385	0.0997104	0.0000000	0.0000000
7495.0028544	7039.9814797	7039.6976074	0.0000000	0.0000000	0.0001222	0.1918840	0.1014883	0.0000000	0.0000000
7495.0028544	7034.9831894	7034.9370996	0.0000000	0.0000000	0.0001047	0.1911688	0.1016904	0.0000000	0.0000000
7495.0028544	7029.9809941	7029.7798828	0.0000000	0.0000000	0.0001440	0.1909167	0.1009196	0.0000000	0.0000000
7495.0028544	7024.9827038	7024.6226660	0.0000000	0.0000000	0.0000763	0.1928429	0.1001698	0.0000000	0.0000000
7495.0028544	7019.9805085	7019.8843262	0.0000000	0.0000000	0.0000919	0.1920680	0.1008875	0.0000000	0.0000000
7495.0028544	7014.9822181	7014.7847461	0.0000000	0.0000000	0.0000548	0.1916493	0.1008950	0.0000000	0.0000000
7495.0028544	7009.9839278	7009.6851660	0.0000000	0.0000000	0.0001014	0.1923738	0.1025499	0.0000000	0.0000000
7495.0028544	7004.9817325	7004.9778613	0.0000000	0.0000000	0.0000645	0.1931058	0.1004009	0.0000000	0.0000000
