7524.9966799	7599.9977245	7599.5502051	0.0000000	0.0000000	0.0066248	0.1863643	0.1251001	0.0000000	7525.0000000
7524.9966799	7594.9867234	7594.9313574	0.0000000	0.0000000	0.0065844	0.1873245	0.1239290	0.0000000	0.0000000
7524.9966799	7589.9849267	7589.8506250	0.0000000	0.0000000	0.0100537	0.1871932	0.1249896	0.0000000	0.0000000
7524.9966799	7584.9923107	7584.7698926	0.0000000	0.0000000	0.0113811	0.1852772	0.1246013	0.0000000	0.0000000
7524.9966799	7579.9869519	7579.6891602	0.0000000	0.0000000	0.0129768	0.1870951	0.1253734	0.0000000	0.0000000
7524.9966799	7574.9866901	7574.6139941	0.0000000	0.0000000	0.0107400	0.1855721	0.1250408	0.0000000	0.0000000
7524.9966799	7569.9889770	7569.5944922	0.0000000	0.0000000	0.0129258	0.1858560	0.1243770	0.0000000	0.0000000
7524.9966799	7564.9887153	7564.5749902	0.0000000	0.0000000	0.0115532	0.1867490	0.1252568	0.0000000	0.0000000
7524.9966799	7559.9859050	7559.5554883	0.0000000	0.0000000	0.0112666	0.1853322	0.1258479	0.0000000	0.0000000
7524.9966799	7554.9856433	7554.9923047	0.0000000	0.0000000	0.0123674	0.1858444	0.1261349	0.0000000	0.0000000
7524.9966799	7549.9879301	7549.9728027	0.0000000	0.0000000	0.0129150	0.1870322	0.1250906	0.0000000	0.0000000
7524.9966799	7544.9851198	7544.9533008	0.0000000	0.0000000	0.0170348	0.1870443	0.1254419	0.0000000	0.0000000
7524.9966799	7539.9872981	7539.9337988	0.0000000	0.0000000	0.0361055	0.1863234	0.1254618	0.0000000	0.0000000
7524.9966799	7534.9866347	7534.9142969	0.0000000	0.0000000	0.0743948	0.1859695	0.1257371	0.0000000	0.0000000
7524.9966799	7529.9830707	7529.8947949	0.0000000	0.0000000	0.1134008	0.1863508	0.1251099	0.0000000	0.0000000
7524.9966799	7524.9853080	7524.9299316	0.0000000	0.0000000	0.1178097	0.1862427	0.1244138	0.0000000	0.0000000
7524.9966799	7519.9875452	7519.9705322	0.0000000	0.0000000	0.0880858	0.1869222	0.1239370	0.0000000	0.0000000
7524.9966799	7514.9839813	7514.5602783	0.0000000	0.0000000	0.0467301	0.1872312	0.1238575	0.0000000	0.0000000
7524.9966799	7509.9833179	7509.6008789	0.0000000	0.0000000	0.0279218	0.1865436	0.1245480	0.0000000	0.0000000
7524.9966799	7504.9826546	7504.6414795	0.0000000	0.0000000	0.0180106	0.1860328	0.1248214	0.0000000	0.0000000
7524.9966799	7499.9848918	7499.6820801	0.0000000	0.0000000	0.0138237	0.1862792	0.1233989	0.0000000	0.0000000
7524.9966799	7494.9842285	7494.7226807	0.0000000	0.0000000	0.0155658	0.1871946	0.1244325	0.0000000	0.0000000
7524.9966799	7489.9871487	7489.7632813	0.0000000	0.0000000	0.0127072	0.1868323	0.1226622	0.0000000	0.0000000
7524.9966799	7484.9872274	7484.8038818	0.0000000	0.0000000	0.0104348	0.1868208	0.1239299	0.0000000	0.0000000
7524.9966799	7479.9844604	7479.8981445	0.0000000	0.0000000	0.0120360	0.1863977	0.1247001	0.0000000	0.0000000
7524.9966799	7474.9845391	7474.9977734	0.0000000	0.0000000	0.0098726	0.1870524	0.1251545	0.0000000	0.0000000
7524.9966799	7469.9846178	7469.6519141	0.0000000	0.0000000	0.0100782	0.1873470	0.1242092	0.0000000	0.0000000
7524.9966799	7464.9875422	7464.7515430	0.0000000	0.0000000	0.0090691	0.1869899	0.1254404	0.0000000	0.0000000
7524.9966799	7459.9847751	7459.8511719	0.0000000	0.0000000	0.0099225	0.1865040	0.1246844	0.0000000	0.0000000
7524.9966799	7454.9848538	7454.9508008	0.0000000	0.0000000	0.0076971	0.1859968	0.1253351	0.0000000	0.0000000
7524.9966799	7449.9849325	7449.6049414	0.0000000	0.0000000	0.0084548	0.1861318	0.1243951	0.0000000	0.0000000
7524.9966799	7444.9850112	7444.7045703	0.0000000	0.0000000	0.0105332	0.1860493	0.1238348	0.0000000	0.0000000
7524.9966799	7439.9850899	7439.8041992	0.0000000	0.0000000	0.0101658	0.1864906	0.1214734	0.0000000	0.0000000
7524.9966799	7434.9851686	7434.9618359	0.0000000	0.0000000	0.0131320	0.1862502	0.1230880	0.0000000	0.0000000
7524.9966799	7429.9872294	7429.6792578	0.0000000	0.0000000	0.0101461	0.1862750	0.1217146	0.0000000	0.0000000
7524.9966799	7424.9864714	7424.8368945	0.0000000	0.0000000	0.0129877	0.1869496	0.1209836	0.0000000	0.0000000
7524.9966799	7419.9857133	7419.9945313	0.0000000	0.0000000	0.0153641	0.1878721	0.1196060	0.0000000	0.0000000
7524.9966799	7414.9849553	7414.7119531	0.0000000	0.0000000	0.0128386	0.1872155	0.1192031	0.0000000	0.0000000
7524.9966799	7409.9868772	7409.8695898	0.0000000	0.0000000	0.0140177	0.1868474	0.1189706	0.0000000	0.0000000
7524.9966799	7404.9861191	7404.5870117	0.0000000	0.0000000	0.0069723	0.1866615	0.1195725	0.0000000	0.0000000
7524.9966799	7399.9880410	7399.7446484	0.0000000	0.0000000	0.0073844	0.1870375	0.1208251	0.0000000	0.0000000
7524.9966799	7394.9872830	7394.9126367	0.0000000	0.0000000	0.0072371	0.1863291	0.1186458	0.0000000	0.0000000
7524.9966799	7389.9892049	7389.6921680	0.0000000	0.0000000	0.0070121	0.1859183	0.1192482	0.0000000	0.0000000
7524.9966799	7384.9857669	7384.9067383	0.0000000	0.0000000	0.0069061	0.1865022	0.1182695	0.0000000	0.0000000
7524.9966799	7379.9820701	7379.6862695	0.0000000	0.0000000	0.0075289	0.1870090	0.1175875	0.0000000	0.0000000
7524.9966799	7374.9893081	7374.9008398	0.0000000	0.0000000	0.0069690	0.1862258	0.1162555	0.0000000	0.0000000
7524.9966799	7369.9868136	7369.6803711	0.0000000	0.0000000	0.0080675	0.1876039	0.1165123	0.0000000	0.0000000
7524.9966799	7364.9810749	7364.8949414	0.0000000	0.0000000	0.0077765	0.1872053	0.1157290	0.0000000	0.0000000
7524.9966799	7359.9850687	7359.6744727	0.0000000	0.0000000	0.0095210	0.1863721	0.1145801	0.0000000	0.0000000
7524.9966799	7354.9858184	7354.8890430	0.0000000	0.0000000	0.0081686	0.1864017	0.1122533	0.0000000	0.0000000
7524.9966799	7349.9865681	7349.6991016	0.0000000	0.0000000	0.0079296	0.1869318	0.1107306	0.0000000	0.0000000
7524.9966799	7344.9840736	7344.9696387	0.0000000	0.0000000	0.0060631	0.1864495	0.1090748	0.0000000	0.0000000
7524.9966799	7339.9848232	7339.8102246	0.0000000	0.0000000	0.0057799	0.1864896	0.1072728	0.0000000	0.0000000
7524.9966799	7334.9823288	7334.6508105	0.0000000	0.0000000	0.0068181	0.1869978	0.1080505	0.0000000	0.0000000
7524.9966799	7329.9830784	7329.9213477	0.0000000	0.0000000	0.0087037	0.1866021	0.1083267	0.0000000	0.0000000
7524.9966799	7324.9878543	7324.7619336	0.0000000	0.0000000	0.0064104	0.1871825	0.1078047	0.0000000	0.0000000
7524.9966799	7319.9843593	7319.6025195	0.0000000	0.0000000	0.0063593	0.1868163	0.1073221	0.0000000	0.0000000
7524.9966799	7314.9864987	7314.8730566	0.0000000	0.0000000	0.0078517	0.1874552	0.1069523	0.0000000	0.0000000
7524.9966799	7309.9886382	7309.7136426	0.0000000	0.0000000	0.0087047	0.1875798	0.1077302	0.0000000	0.0000000
7524.9966799	7304.9907777	7304.6092822	0.0000000	0.0000000	0.0044403	0.1878567	0.1072223	0.0000000	0.0000000
7524.9966799	7299.9844653	7299.9348730	0.0000000	0.0000000	0.0048055	0.1867953	0.1075321	0.0000000	0.0000000
7524.9966799	7294.9866048	7294.8355176	0.0000000	0.0000000	0.0045349	0.1868392	0.1078462	0.0000000	0.0000000
7524.9966799	7289.9859270	7289.7361621	0.0000000	0.0000000	0.0053458	0.1870585	0.1097244	0.0000000	0.0000000
7524.9966799	7284.9852492	7284.6368066	0.0000000	0.0000000	0.0065917	0.1873840	0.1093461	0.0000000	0.0000000
7524.9966799	7279.9815887	7279.9623975	0.0000000	0.0000000	0.0056786	0.1869254	0.1099919	0.0000000	0.0000000
7524.9966799	7274.9809045	7274.8630420	0.0000000	0.0000000	0.0046632	0.1870731	0.1091718	0.0000000	0.0000000
7524.9966799	7269.9834279	7269.7636865	0.0000000	0.0000000	0.0052687	0.1860562	0.1096819	0.0000000	0.0000000
7524.9966799	7264.9859514	7264.6888672	0.0000000	0.0000000	0.0158303	0.1873506	0.1082903	0.0000000	0.0000000
7524.9966799	7259.9852672	7259.6483984	0.0000000	0.0000000	0.0046195	0.1866947	0.1083484	0.0000000	0.0000000
7524.9966799	7254.9845830	7254.6079297	0.0000000	0.0000000	0.0032500	0.1867970	0.1074858	0.0000000	0.0000000
7524.9966799	7249.9838989	7249.9875000	0.0000000	0.0000000	0.0027402	0.1870995	0.1068372	0.0000000	0.0000000
7524.9966799	7244.9864223	7244.9470313	0.0000000	0.0000000	0.0018318	0.1857053	0.1047966	0.0000000	0.0000000
7524.9966799	7239.9857381	7239.9065625	0.0000000	0.0000000	0.0011379	0.1869961	0.1052438	0.0000000	0.0000000
7524.9966799	7234.9850540	7234.8660938	0.0000000	0.0000000	0.0010466	0.1875059	0.1017578	0.0000000	0.0000000
7524.9966799	7229.9843698	7229.8256250	0.0000000	0.0000000	0.0010017	0.1865852	0.1012206	0.0000000	0.0000000
7524.9966799	7224.9870822	7224.7851563	0.0000000	0.0000000	0.0011738	0.1873853	0.1022375	0.0000000	0.0000000
7524.9966799	7219.9853736	7219.8026367	0.0000000	0.0000000	0.0013890	0.1877705	0.1045413	0.0000000	0.0000000
7524.9966799	7214.9869255	7214.8201172	0.0000000	0.0000000	0.0009486	0.1880034	0.1054802	0.0000000	0.0000000
7524.9966799	7209.9884774	7209.8375977	0.0000000	0.0000000	0.0018105	0.1880570	0.1065509	0.0000000	0.0000000
7524.9966799	7204.9867688	7204.8550781	0.0000000	0.0000000	0.0014565	0.1886799	0.1083083	0.0000000	0.0000000
7524.9966799	7199.9850602	7199.8725586	0.0000000	0.0000000	0.0011947	0.1873821	0.1087783	0.0000000	0.0000000
7524.9966799	7194.9866121	7194.8900391	0.0000000	0.0000000	0.0013857	0.1868219	0.1094540	0.0000000	0.0000000
7524.9966799	7189.9849035	7189.9075195	0.0000000	0.0000000	0.0010933	0.1872208	0.1099409	0.0000000	0.0000000
7524.9966799	7184.9864555	7184.9250000	0.0000000	0.0000000	0.0010757	0.1866882	0.1096060	0.0000000	0.0000000
7524.9966799	7179.9847469	7179.9804492	0.0000000	0.0000000	0.0006617	0.1871034	0.1081437	0.0000000	0.0000000
7524.9966799	7174.9862988	7174.6444189	0.0000000	0.0000000	0.0005435	0.1865159	0.1073938	0.0000000	0.0000000
7524.9966799	7169.9845902	7169.7188525	0.0000000	0.0000000	0.0004830	0.1854069	0.1072151	0.0000000	0.0000000
7524.9966799	7164.9879166	7164.7932861	0.0000000	0.0000000	0.0004343	0.1850291	0.1069546	0.0000000	0.0000000
7524.9966799	7159.9860013	7159.8677197	0.0000000	0.0000000	0.0002148	0.1855890	0.1071185	0.0000000	0.0000000
7524.9966799	7154.9870938	7154.9421533	0.0000000	0.0000000	0.0004019	0.1858583	0.1074896	0.0000000	0.0000000
7524.9966799	7149.9851785	7149.6061230	0.0000000	0.0000000	0.0002594	0.1862048	0.1069277	0.0000000	0.0000000
7524.9966799	7144.9892787	7144.6805566	0.0000000	0.0000000	0.0002039	0.1859935	0.1058253	0.0000000	0.0000000
7524.9966799	7139.9903712	7139.7829688	0.0000000	0.0000000	0.0002456	0.1864955	0.1046624	0.0000000	0.0000000
7524.9966799	7134.9854482	7134.9133594	0.0000000	0.0000000	0.0001051	0.1861870	0.1052556	0.0000000	0.0000000
7524.9966799	7129.9895484	7129.6379492	0.0000000	0.0000000	0.0002157	0.1862726	0.1051150	0.0000000	0.0000000
7524.9966799	7124.9906409	7124.7683398	0.0000000	0.0000000	0.0001504	0.1870728	0.1034963	0.0000000	0.0000000
7524.9966799	7119.9857178	7119.8987305	0.0000000	0.0000000	0.0001514	0.1856571	0.1032339	0.0000000	0.0000000
7524.9966799	7114.9843181	7114.6233203	0.0000000	0.0000000	0.0001385	0.1862484	0.1032419	0.0000000	0.0000000
7524.9966799	7109.9857704	7109.7537109	0.0000000	0.0000000	0.0001970	0.1869983	0.1058844	0.0000000	0.0000000
7524.9966799	7104.9837419	7104.8841016	0.0000000	0.0000000	0.0003235	0.1866636	0.1042651	0.0000000	0.0000000
7524.9966799	7099.9851943	7099.6316406	0.0000000	0.0000000	0.0002166	0.1860051	0.1047065	0.0000000	0.0000000
7524.9966799	7094.9831658	7094.8171094	0.0000000	0.0000000	0.0001389	0.1862208	0.1030322	0.0000000	0.0000000
7524.9966799	7089.9846182	7089.6013672	0.0000000	0.0000000	0.0001653	0.1866654	0.1028373	0.0000000	0.0000000
7524.9966799	7084.9895515	7084.7868359	0.0000000	0.0000000	0.0002028	0.1865359	0.1037395	0.0000000	0.0000000
7524.9966799	7079.9875230	7079.9723047	0.0000000	0.0000000	0.0001136	0.1871268	0.1029720	0.0000000	0.0000000
7524.9966799	7074.9889754	7074.7565625	0.0000000	0.0000000	0.0000541	0.1858986	0.1018568	0.0000000	0.0000000
7524.9966799	7069.9869469	7069.9420313	0.0000000	0.0000000	0.0000609	0.1860112	0.1024734	0.0000000	0.0000000
7524.9966799	7064.9883993	7064.7262891	0.0000000	0.0000000	0.0000416	0.1860361	0.1026387	0.0000000	0.0000000
7524.9966799	7059.9863559	7059.9297656	0.0000000	0.0000000	0.0000781	0.1873942	0.1004352	0.0000000	0.0000000
7524.9966799	7054.9880656	7054.7725488	0.0000000	0.0000000	0.0000455	0.1868569	0.1007731	0.0000000	0.0000000
7524.9966799	7049.9819654	7049.6153320	0.0000000	0.0000000	0.0000448	0.1876646	0.0991675	0.0000000	0.0000000
7524.9966799	7044.9875799	7044.8548242	0.0000000	0.0000000	0.0000770	0.1878558	0.0992242	0.0000000	0.0000000
7524.9966799	7039.9814797	7039.6976074	0.0000000	0.0000000	0.0000588	0.1865350	0.1007007	0.0000000	0.0000000
7524.9966799	7034.9831894	7034.9370996	0.0000000	0.0000000	0.0000693	0.1864811	0.1003845	0.0000000	0.0000000
7524.9966799	7029.9809941	7029.7798828	0.0000000	0.0000000	0.0000602	0.1861058	0.1011470	0.0000000	0.0000000
7524.9966799	7024.9827038	7024.6226660	0.0000000	0.0000000	0.0000782	0.1879893	0.1009827	0.0000000	0.0000000
7524.9966799	7019.9805085	7019.8843262	0.0000000	0.0000000	0.0000917	0.1872932	0.1002792	0.0000000	0.0000000
7524.9966799	7014.9861230	7014.7847461	0.0000000	0.0000000	0.0000691	0.1872013	0.1012802	0.0000000	0.0000000
7524.9966799	7009.9839278	7009.6851660	0.0000000	0.0000000	0.0000634	0.1879608	0.1010540	0.0000000	0.0000000
7524.9966799	7004.9817325	7004.9778613	0.0000000	0.0000000	0.0000555	0.1881622	0.1005128	0.0000000	0.0000000
