7164.9940563	7599.9977245	7599.5502051	0.0000000	0.0000000	0.0172996	0.1571123	0.1233845	0.0000000	7165.0000000
7164.9940563	7594.9867234	7594.9313574	0.0000000	0.0000000	0.0216841	0.1570215	0.1225742	0.0000000	0.0000000
7164.9940563	7589.9849267	7589.8506250	0.0000000	0.0000000	0.0209758	0.1562438	0.1254042	0.0000000	0.0000000
7164.9940563	7584.9897621	7584.7698926	0.0000000	0.0000000	0.0199796	0.1551694	0.1240847	0.0000000	0.0000000
7164.9940563	7579.9895004	7579.6891602	0.0000000	0.0000000	0.0185127	0.1565247	0.1232181	0.0000000	0.0000000
7164.9940563	7574.9866901	7574.6139941	0.0000000	0.0000000	0.0208197	0.1563484	0.1245110	0.0000000	0.0000000
7164.9940563	7569.9889770	7569.5944922	0.0000000	0.0000000	0.0182128	0.1572021	0.1250468	0.0000000	0.0000000
7164.9940563	7564.9861667	7564.5749902	0.0000000	0.0000000	0.0211262	0.1550785	0.1249703	0.0000000	0.0000000
7164.9940563	7559.9859050	7559.5554883	0.0000000	0.0000000	0.0192158	0.1555968	0.1236475	0.0000000	0.0000000
7164.9940563	7554.9856433	7554.9923047	0.0000000	0.0000000	0.0178651	0.1565693	0.1232787	0.0000000	0.0000000
7164.9940563	7549.9853816	7549.9728027	0.0000000	0.0000000	0.0162621	0.1577606	0.1222542	0.0000000	0.0000000
7164.9940563	7544.9876684	7544.9533008	0.0000000	0.0000000	0.0141620	0.1573666	0.1246389	0.0000000	0.0000000
7164.9940563	7539.9901987	7539.9337988	0.0000000	0.0000000	0.0168818	0.1577448	0.1253203	0.0000000	0.0000000
7164.9940563	7534.9837341	7534.9142969	0.0000000	0.0000000	0.0189929	0.1559824	0.1249917	0.0000000	0.0000000
7164.9940563	7529.9859713	7529.8947949	0.0000000	0.0000000	0.0212755	0.1561699	0.1240276	0.0000000	0.0000000
7164.9940563	7525.0317179	7524.9299316	0.0000000	0.0000000	0.0196703	0.1554338	0.1233206	0.0000000	0.0000000
7164.9940563	7519.9875452	7519.9705322	0.0000000	0.0000000	0.0195801	0.1554514	0.1224851	0.0000000	0.0000000
7164.9940563	7515.0332918	7514.5602783	0.0000000	0.0000000	0.0177302	0.1553711	0.1210070	0.0000000	0.0000000
7164.9940563	7509.9833179	7509.6008789	0.0000000	0.0000000	0.0165579	0.1569854	0.1207078	0.0000000	0.0000000
7164.9940563	7504.9855552	7504.6414795	0.0000000	0.0000000	0.0170706	0.1570181	0.1204022	0.0000000	0.0000000
7164.9940563	7500.0342023	7499.6820801	0.0000000	0.0000000	0.0158525	0.1556072	0.1232178	0.0000000	0.0000000
7164.9940563	7494.9871291	7494.7226807	0.0000000	0.0000000	0.0155812	0.1563497	0.1234883	0.0000000	0.0000000
7164.9940563	7489.9843030	7489.7632813	0.0000000	0.0000000	0.0175901	0.1558632	0.1231302	0.0000000	0.0000000
7164.9940563	7485.0356045	7484.8038818	0.0000000	0.0000000	0.0180823	0.1576978	0.1214021	0.0000000	0.0000000
7164.9940563	7480.0328375	7479.8981445	0.0000000	0.0000000	0.0152220	0.1569613	0.1210981	0.0000000	0.0000000
7164.9940563	7474.9845391	7474.9977734	0.0000000	0.0000000	0.0137574	0.1574492	0.1233264	0.0000000	0.0000000
7164.9940563	7469.9846178	7469.6519141	0.0000000	0.0000000	0.0119106	0.1571774	0.1229011	0.0000000	0.0000000
7164.9940563	7464.9875422	7464.7515430	0.0000000	0.0000000	0.0116598	0.1571920	0.1269650	0.0000000	0.0000000
7164.9940563	7459.9876209	7459.8511719	0.0000000	0.0000000	0.0109346	0.1564263	0.1252952	0.0000000	0.0000000
7164.9940563	7454.9848538	7454.9508008	0.0000000	0.0000000	0.0118011	0.1563815	0.1225410	0.0000000	0.0000000
7164.9940563	7449.9877783	7449.6049414	0.0000000	0.0000000	0.0107953	0.1573080	0.1199183	0.0000000	0.0000000
7164.9940563	7444.9878570	7444.7045703	0.0000000	0.0000000	0.0090323	0.1573804	0.1187341	0.0000000	0.0000000
7164.9940563	7440.0391585	7439.8041992	0.0000000	0.0000000	0.0097421	0.1567758	0.1197913	0.0000000	0.0000000
7164.9940563	7434.9851686	7434.9618359	0.0000000	0.0000000	0.0104684	0.1545189	0.1195311	0.0000000	0.0000000
7164.9940563	7429.9872294	7429.6792578	0.0000000	0.0000000	0.0095603	0.1562399	0.1178578	0.0000000	0.0000000
7164.9940563	7424.9864714	7424.8368945	0.0000000	0.0000000	0.0109963	0.1563058	0.1220465	0.0000000	0.0000000
7164.9940563	7419.9857133	7419.9945313	0.0000000	0.0000000	0.0088276	0.1567426	0.1237876	0.0000000	0.0000000
7164.9940563	7414.9876352	7414.7119531	0.0000000	0.0000000	0.0083396	0.1570546	0.1191450	0.0000000	0.0000000
7164.9940563	7409.9841972	7409.8695898	0.0000000	0.0000000	0.0077974	0.1562942	0.1181478	0.0000000	0.0000000
7164.9940563	7404.9887990	7404.5870117	0.0000000	0.0000000	0.0078812	0.1584214	0.1202814	0.0000000	0.0000000
7164.9940563	7399.9880410	7399.7446484	0.0000000	0.0000000	0.0081930	0.1590448	0.1203918	0.0000000	0.0000000
7164.9940563	7394.9846030	7394.9126367	0.0000000	0.0000000	0.0073313	0.1586498	0.1186173	0.0000000	0.0000000
7164.9940563	7389.9865249	7389.6921680	0.0000000	0.0000000	0.0096289	0.1577203	0.1174032	0.0000000	0.0000000
7164.9940563	7384.9884468	7384.9067383	0.0000000	0.0000000	0.0097906	0.1564302	0.1168634	0.0000000	0.0000000
7164.9940563	7379.9820701	7379.6862695	0.0000000	0.0000000	0.0093008	0.1570297	0.1151582	0.0000000	0.0000000
7164.9940563	7375.0120172	7374.9008398	0.0000000	0.0000000	0.0089464	0.1558619	0.1131326	0.0000000	0.0000000
7164.9940563	7370.0030344	7369.6803711	0.0000000	0.0000000	0.0102814	0.1577233	0.1120217	0.0000000	0.0000000
7164.9940563	7365.0037840	7364.8949414	0.0000000	0.0000000	0.0117458	0.1567512	0.1125084	0.0000000	0.0000000
7164.9940563	7360.0110220	7359.6744727	0.0000000	0.0000000	0.0153403	0.1561788	0.1116436	0.0000000	0.0000000
7164.9940563	7355.0117717	7354.8890430	0.0000000	0.0000000	0.0165542	0.1572196	0.1119199	0.0000000	0.0000000
7164.9940563	7349.9995447	7349.6991016	0.0000000	0.0000000	0.0174279	0.1573627	0.1108789	0.0000000	0.0000000
7164.9940563	7345.0002944	7344.9696387	0.0000000	0.0000000	0.0176840	0.1571493	0.1109415	0.0000000	0.0000000
7164.9940563	7340.0075324	7339.8102246	0.0000000	0.0000000	0.0160791	0.1571606	0.1090190	0.0000000	0.0000000
7164.9940563	7335.0017937	7334.6508105	0.0000000	0.0000000	0.0202894	0.1560156	0.1068860	0.0000000	0.0000000
7164.9940563	7329.9960551	7329.9213477	0.0000000	0.0000000	0.0196396	0.1584354	0.1046039	0.0000000	0.0000000
7164.9940563	7325.0160272	7324.7619336	0.0000000	0.0000000	0.0227012	0.1584154	0.1057683	0.0000000	0.0000000
7164.9940563	7319.9871765	7319.6025195	0.0000000	0.0000000	0.0234021	0.1584454	0.1066508	0.0000000	0.0000000
7164.9940563	7315.0343926	7314.8730566	0.0000000	0.0000000	0.0296565	0.1574849	0.1078582	0.0000000	0.0000000
7164.9940563	7309.9886382	7309.7136426	0.0000000	0.0000000	0.0329001	0.1569965	0.1075369	0.0000000	0.0000000
7164.9940563	7304.9851431	7304.6092822	0.0000000	0.0000000	0.0297202	0.1565800	0.1043395	0.0000000	0.0000000
7164.9940563	7299.9816481	7299.9348730	0.0000000	0.0000000	0.0349740	0.1563771	0.1043422	0.0000000	0.0000000
7164.9940563	7294.9837875	7294.8355176	0.0000000	0.0000000	0.0405601	0.1558793	0.1057432	0.0000000	0.0000000
7164.9940563	7289.9859270	7289.7361621	0.0000000	0.0000000	0.0442347	0.1552992	0.1072446	0.0000000	0.0000000
7164.9940563	7284.9880665	7284.6368066	0.0000000	0.0000000	0.0457573	0.1549760	0.1059003	0.0000000	0.0000000
7164.9940563	7279.9783810	7279.9623975	0.0000000	0.0000000	0.0526357	0.1563365	0.1087555	0.0000000	0.0000000
7164.9940563	7275.0033579	7274.8630420	0.0000000	0.0000000	0.0619640	0.1551368	0.1109563	0.0000000	0.0000000
7164.9940563	7270.0090889	7269.7636865	0.0000000	0.0000000	0.0569856	0.1558369	0.1074574	0.0000000	0.0000000
7164.9940563	7265.0084048	7264.6888672	0.0000000	0.0000000	0.0556146	0.1544551	0.1068340	0.0000000	0.0000000
7164.9940563	7260.0077206	7259.6483984	0.0000000	0.0000000	0.0528790	0.1555502	0.1058632	0.0000000	0.0000000
7164.9940563	7255.0006212	7254.6079297	0.0000000	0.0000000	0.0567656	0.1558193	0.1032942	0.0000000	0.0000000
7164.9940563	7250.0095598	7249.9875000	0.0000000	0.0000000	0.0547725	0.1554994	0.1025414	0.0000000	0.0000000
7164.9940563	7245.0152909	7244.9470313	0.0000000	0.0000000	0.0547687	0.1562211	0.1004412	0.0000000	0.0000000
7164.9940563	7240.0081915	7239.9065625	0.0000000	0.0000000	0.0476652	0.1570876	0.0983062	0.0000000	0.0000000
7164.9940563	7234.9978845	7234.8660938	0.0000000	0.0000000	0.0524741	0.1567789	0.0970175	0.0000000	0.0000000
7164.9940563	7230.0132384	7229.8256250	0.0000000	0.0000000	0.0546882	0.1576090	0.0983414	0.0000000	0.0000000
7164.9940563	7225.0033850	7224.7851563	0.0000000	0.0000000	0.0589972	0.1573002	0.0985280	0.0000000	0.0000000
7164.9940563	7220.0016764	7219.8026367	0.0000000	0.0000000	0.0732107	0.1569268	0.0997297	0.0000000	0.0000000
7164.9940563	7215.0097495	7214.8201172	0.0000000	0.0000000	0.0861542	0.1574255	0.1015577	0.0000000	0.0000000
7164.9940563	7210.0047803	7209.8375977	0.0000000	0.0000000	0.1009263	0.1569995	0.1025956	0.0000000	0.0000000
7164.9940563	7204.9998111	7204.8550781	0.0000000	0.0000000	0.1149325	0.1562081	0.1047886	0.0000000	0.0000000
7164.9940563	7200.0111447	7199.8725586	0.0000000	0.0000000	0.1177721	0.1552091	0.1104702	0.0000000	0.0000000
7164.9940563	7195.0029150	7194.8900391	0.0000000	0.0000000	0.1278932	0.1560203	0.1121102	0.0000000	0.0000000
7164.9940563	7189.9946852	7189.9075195	0.0000000	0.0000000	0.1361888	0.1556669	0.1098933	0.0000000	0.0000000
7164.9940563	7185.0092794	7184.9250000	0.0000000	0.0000000	0.1320531	0.1558079	0.1071782	0.0000000	0.0000000
7164.9940563	7180.0010497	7179.9804492	0.0000000	0.0000000	0.1441395	0.1565372	0.1028984	0.0000000	0.0000000
7164.9940563	7174.9993411	7174.6444189	0.0000000	0.0000000	0.2314518	0.1566317	0.1043779	0.0000000	0.0000000
7164.9940563	7169.9976324	7169.7188525	0.0000000	0.0000000	0.3199686	0.1561382	0.1032601	0.0000000	0.0000000
7164.9940563	7165.0300253	7164.7932861	0.0000000	0.0000000	0.2880017	0.1565193	0.1014547	0.0000000	0.0000000
7164.9940563	7160.0220945	7159.8677197	0.0000000	0.0000000	0.2094600	0.1562444	0.1026025	0.0000000	0.0000000
7164.9940563	7155.0292025	7154.9421533	0.0000000	0.0000000	0.1413656	0.1562705	0.1034507	0.0000000	0.0000000
7164.9940563	7150.0212717	7149.6061230	0.0000000	0.0000000	0.1160966	0.1561976	0.1027000	0.0000000	0.0000000
7164.9940563	7145.0223642	7144.6805566	0.0000000	0.0000000	0.0967006	0.1570549	0.1000295	0.0000000	0.0000000
7164.9940563	7140.0354877	7139.7829688	0.0000000	0.0000000	0.0820999	0.1569167	0.1012504	0.0000000	0.0000000
7164.9940563	7135.0245491	7134.9133594	0.0000000	0.0000000	0.0779562	0.1572845	0.1008090	0.0000000	0.0000000
7164.9940563	7130.0256416	7129.6379492	0.0000000	0.0000000	0.0939247	0.1578787	0.1021038	0.0000000	0.0000000
7164.9940563	7125.0297419	7124.7683398	0.0000000	0.0000000	0.0919071	0.1567632	0.1011279	0.0000000	0.0000000
7164.9940563	7120.0218110	7119.8987305	0.0000000	0.0000000	0.0747184	0.1565466	0.1004113	0.0000000	0.0000000
7164.9940563	7114.9843181	7114.6233203	0.0000000	0.0000000	0.0808468	0.1571057	0.1000374	0.0000000	0.0000000
7164.9940563	7109.9857704	7109.7537109	0.0000000	0.0000000	0.0905216	0.1576902	0.1016733	0.0000000	0.0000000
7164.9940563	7104.9837419	7104.8841016	0.0000000	0.0000000	0.0846525	0.1570397	0.1017861	0.0000000	0.0000000
7164.9940563	7099.9921561	7099.6316406	0.0000000	0.0000000	0.0861298	0.1557277	0.1026750	0.0000000	0.0000000
7164.9940563	7094.9831658	7094.8171094	0.0000000	0.0000000	0.0735295	0.1560349	0.1011913	0.0000000	0.0000000
7164.9940563	7089.9811373	7089.6013672	0.0000000	0.0000000	0.0716727	0.1555564	0.1016903	0.0000000	0.0000000
7164.9940563	7084.9860706	7084.7868359	0.0000000	0.0000000	0.0641343	0.1572855	0.0993602	0.0000000	0.0000000
7164.9940563	7079.9875230	7079.9723047	0.0000000	0.0000000	0.0534974	0.1579712	0.0991377	0.0000000	0.0000000
7164.9940563	7074.9889754	7074.7565625	0.0000000	0.0000000	0.0441519	0.1571534	0.1016508	0.0000000	0.0000000
7164.9940563	7069.9973895	7069.9420313	0.0000000	0.0000000	0.0305006	0.1555892	0.0989818	0.0000000	0.0000000
7164.9940563	7064.9883993	7064.7262891	0.0000000	0.0000000	0.0313446	0.1556118	0.0969893	0.0000000	0.0000000
7164.9940563	7059.9863559	7059.9297656	0.0000000	0.0000000	0.0358628	0.1559038	0.0980911	0.0000000	0.0000000
7164.9940563	7054.9841606	7054.7725488	0.0000000	0.0000000	0.0387030	0.1554126	0.0983939	0.0000000	0.0000000
7164.9940563	7049.9819654	7049.6153320	0.0000000	0.0000000	0.0418435	0.1556580	0.0993226	0.0000000	0.0000000
7164.9940563	7044.9836750	7044.8548242	0.0000000	0.0000000	0.0436929	0.1564895	0.0986184	0.0000000	0.0000000
7164.9940563	7039.9814797	7039.6976074	0.0000000	0.0000000	0.0471858	0.1566697	0.0999821	0.0000000	0.0000000
7164.9940563	7034.9831894	7034.9370996	0.0000000	0.0000000	0.0512477	0.1557325	0.0996304	0.0000000	0.0000000
7164.9940563	7029.9809941	7029.7798828	0.0000000	0.0000000	0.0541426	0.1561803	0.0991101	0.0000000	0.0000000
7164.9940563	7024.9827038	7024.6226660	0.0000000	0.0000000	0.0595034	0.1567695	0.0983774	0.0000000	0.0000000
7164.9940563	7019.9766036	7019.8843262	0.0000000	0.0000000	0.0539813	0.1552885	0.0991493	0.0000000	0.0000000
7164.9940563	7014.9822181	7014.7847461	0.0000000	0.0000000	0.0600038	0.1570610	0.0964775	0.0000000	0.0000000
7164.9940563	7009.9839278	7009.6851660	0.0000000	0.0000000	0.0575731	0.1575425	0.0964207	0.0000000	0.0000000
7164.9940563	7004.9856374	7004.9778613	0.0000000	0.0000000	0.0567693	0.1574606	0.0962504	0.0000000	0.0000000
