7434.9985274	7599.9977245	7599.5502051	0.0000000	0.0000000	0.0063411	0.1921687	0.1241578	0.0000000	7435.0000000
7434.9985274	7594.9867234	7594.9313574	0.0000000	0.0000000	0.0076686	0.1924122	0.1229884	0.0000000	0.0000000
7434.9985274	7589.9849267	7589.8506250	0.0000000	0.0000000	0.0094745	0.1910969	0.1235221	0.0000000	0.0000000
7434.9985274	7584.9897621	7584.7698926	0.0000000	0.0000000	0.0092897	0.1917686	0.1233682	0.0000000	0.0000000
7434.9985274	7579.9920490	7579.6891602	0.0000000	0.0000000	0.0092877	0.1922456	0.1234783	0.0000000	0.0000000
7434.9985274	7574.9866901	7574.6139941	0.0000000	0.0000000	0.0099968	0.1922959	0.1227734	0.0000000	0.0000000
7434.9985274	7569.9864284	7569.5944922	0.0000000	0.0000000	0.0115476	0.1928915	0.1243645	0.0000000	0.0000000
7434.9985274	7564.9912638	7564.5749902	0.0000000	0.0000000	0.0108597	0.1921486	0.1244473	0.0000000	0.0000000
7434.9985274	7559.9910021	7559.5554883	0.0000000	0.0000000	0.0114314	0.1915800	0.1253939	0.0000000	0.0000000
7434.9985274	7554.9881918	7554.9923047	0.0000000	0.0000000	0.0104427	0.1929049	0.1252769	0.0000000	0.0000000
7434.9985274	7549.9853816	7549.9728027	0.0000000	0.0000000	0.0092925	0.1933014	0.1239911	0.0000000	0.0000000
7434.9985274	7544.9851198	7544.9533008	0.0000000	0.0000000	0.0105765	0.1926292	0.1247167	0.0000000	0.0000000
7434.9985274	7539.9843974	7539.9337988	0.0000000	0.0000000	0.0118062	0.1924115	0.1258739	0.0000000	0.0000000
7434.9985274	7534.9866347	7534.9142969	0.0000000	0.0000000	0.0124144	0.1921854	0.1251470	0.0000000	0.0000000
7434.9985274	7529.9830707	7529.8947949	0.0000000	0.0000000	0.0122483	0.1921735	0.1250006	0.0000000	0.0000000
7434.9985274	7524.9853080	7524.9299316	0.0000000	0.0000000	0.0137372	0.1931963	0.1233193	0.0000000	0.0000000
7434.9985274	7519.9875452	7519.9705322	0.0000000	0.0000000	0.0123381	0.1930315	0.1229889	0.0000000	0.0000000
7434.9985274	7514.9839813	7514.5602783	0.0000000	0.0000000	0.0119701	0.1936477	0.1220190	0.0000000	0.0000000
7434.9985274	7509.9833179	7509.6008789	0.0000000	0.0000000	0.0132985	0.1928203	0.1231481	0.0000000	0.0000000
7434.9985274	7504.9826546	7504.6414795	0.0000000	0.0000000	0.0130084	0.1931865	0.1234998	0.0000000	0.0000000
7434.9985274	7499.9877924	7499.6820801	0.0000000	0.0000000	0.0114469	0.1927300	0.1235845	0.0000000	0.0000000
7434.9985274	7494.9842285	7494.7226807	0.0000000	0.0000000	0.0098025	0.1930900	0.1230375	0.0000000	0.0000000
7434.9985274	7489.9871487	7489.7632813	0.0000000	0.0000000	0.0108235	0.1926521	0.1231980	0.0000000	0.0000000
7434.9985274	7484.9872274	7484.8038818	0.0000000	0.0000000	0.0092631	0.1921399	0.1242698	0.0000000	0.0000000
7434.9985274	7479.9873061	7479.8981445	0.0000000	0.0000000	0.0096409	0.1922894	0.1247797	0.0000000	0.0000000
7434.9985274	7474.9845391	7474.9977734	0.0000000	0.0000000	0.0073223	0.1924348	0.1247051	0.0000000	0.0000000
7434.9985274	7469.9846178	7469.6519141	0.0000000	0.0000000	0.0092408	0.1927001	0.1244982	0.0000000	0.0000000
7434.9985274	7464.9875422	7464.7515430	0.0000000	0.0000000	0.0063591	0.1923361	0.1244934	0.0000000	0.0000000
7434.9985274	7459.9904666	7459.8511719	0.0000000	0.0000000	0.0070958	0.1936927	0.1233627	0.0000000	0.0000000
7434.9985274	7454.9848538	7454.9508008	0.0000000	0.0000000	0.0093987	0.1923926	0.1237468	0.0000000	0.0000000
7434.9985274	7449.9877783	7449.6049414	0.0000000	0.0000000	0.0158568	0.1927653	0.1231305	0.0000000	0.0000000
7434.9985274	7444.9878570	7444.7045703	0.0000000	0.0000000	0.0411407	0.1934022	0.1226514	0.0000000	0.0000000
7434.9985274	7439.9879357	7439.8041992	0.0000000	0.0000000	0.0786403	0.1938115	0.1229110	0.0000000	0.0000000
7434.9985274	7434.9851686	7434.9618359	0.0000000	0.0000000	0.0950109	0.1927759	0.1216510	0.0000000	0.0000000
7434.9985274	7429.9872294	7429.6792578	0.0000000	0.0000000	0.0671638	0.1925918	0.1215480	0.0000000	0.0000000
7434.9985274	7424.9864714	7424.8368945	0.0000000	0.0000000	0.0354056	0.1918560	0.1219674	0.0000000	0.0000000
7434.9985274	7419.9857133	7419.9945313	0.0000000	0.0000000	0.0132903	0.1919509	0.1205443	0.0000000	0.0000000
7434.9985274	7414.9849553	7414.7119531	0.0000000	0.0000000	0.0085016	0.1917375	0.1201676	0.0000000	0.0000000
7434.9985274	7409.9841972	7409.8695898	0.0000000	0.0000000	0.0071744	0.1920742	0.1201045	0.0000000	0.0000000
7434.9985274	7404.9861191	7404.5870117	0.0000000	0.0000000	0.0068876	0.1923313	0.1196542	0.0000000	0.0000000
7434.9985274	7399.9880410	7399.7446484	0.0000000	0.0000000	0.0059053	0.1932953	0.1189362	0.0000000	0.0000000
7434.9985274	7394.9872830	7394.9126367	0.0000000	0.0000000	0.0069961	0.1930117	0.1174038	0.0000000	0.0000000
7434.9985274	7389.9865249	7389.6921680	0.0000000	0.0000000	0.0055472	0.1929529	0.1178983	0.0000000	0.0000000
7434.9985274	7384.9884468	7384.9067383	0.0000000	0.0000000	0.0073069	0.1926813	0.1170767	0.0000000	0.0000000
7434.9985274	7379.9853142	7379.6862695	0.0000000	0.0000000	0.0059840	0.1927107	0.1160758	0.0000000	0.0000000
7434.9985274	7375.0087730	7374.9008398	0.0000000	0.0000000	0.0058293	0.1930028	0.1142080	0.0000000	0.0000000
7434.9985274	7370.0160110	7369.6803711	0.0000000	0.0000000	0.0070011	0.1929063	0.1138271	0.0000000	0.0000000
7434.9985274	7365.0102724	7364.8949414	0.0000000	0.0000000	0.0065353	0.1929021	0.1142031	0.0000000	0.0000000
7434.9985274	7360.0142662	7359.6744727	0.0000000	0.0000000	0.0076433	0.1927490	0.1137230	0.0000000	0.0000000
7434.9985274	7355.0215042	7354.8890430	0.0000000	0.0000000	0.0072153	0.1937317	0.1120614	0.0000000	0.0000000
7434.9985274	7350.0125214	7349.6991016	0.0000000	0.0000000	0.0084493	0.1921279	0.1097571	0.0000000	0.0000000
7434.9985274	7345.0067827	7344.9696387	0.0000000	0.0000000	0.0069543	0.1912323	0.1089142	0.0000000	0.0000000
7434.9985274	7340.0042882	7339.8102246	0.0000000	0.0000000	0.0058080	0.1918518	0.1079077	0.0000000	0.0000000
7434.9985274	7335.0115262	7334.6508105	0.0000000	0.0000000	0.0069553	0.1915254	0.1078247	0.0000000	0.0000000
7434.9985274	7330.0025434	7329.9213477	0.0000000	0.0000000	0.0093604	0.1918246	0.1079144	0.0000000	0.0000000
7434.9985274	7325.0244790	7324.7619336	0.0000000	0.0000000	0.0098271	0.1907664	0.1092789	0.0000000	0.0000000
7434.9985274	7319.9843593	7319.6025195	0.0000000	0.0000000	0.0071740	0.1920928	0.1076323	0.0000000	0.0000000
7434.9985274	7314.9864987	7314.8730566	0.0000000	0.0000000	0.0082629	0.1924828	0.1070117	0.0000000	0.0000000
7434.9985274	7309.9886382	7309.7136426	0.0000000	0.0000000	0.0079943	0.1921268	0.1065458	0.0000000	0.0000000
7434.9985274	7304.9851431	7304.6092822	0.0000000	0.0000000	0.0058967	0.1918920	0.1072592	0.0000000	0.0000000
7434.9985274	7299.9844653	7299.9348730	0.0000000	0.0000000	0.0100627	0.1924377	0.1094402	0.0000000	0.0000000
7434.9985274	7294.9837875	7294.8355176	0.0000000	0.0000000	0.0089109	0.1929199	0.1089569	0.0000000	0.0000000
7434.9985274	7289.9831097	7289.7361621	0.0000000	0.0000000	0.0079249	0.1923629	0.1085800	0.0000000	0.0000000
7434.9985274	7284.9852492	7284.6368066	0.0000000	0.0000000	0.0092163	0.1915305	0.1096195	0.0000000	0.0000000
7434.9985274	7279.9847963	7279.9623975	0.0000000	0.0000000	0.0097665	0.1926799	0.1100388	0.0000000	0.0000000
7434.9985274	7275.0033579	7274.8630420	0.0000000	0.0000000	0.0095782	0.1913245	0.1104292	0.0000000	0.0000000
7434.9985274	7270.0122966	7269.7636865	0.0000000	0.0000000	0.0077554	0.1921094	0.1101375	0.0000000	0.0000000
7434.9985274	7265.0051971	7264.6888672	0.0000000	0.0000000	0.0082415	0.1921730	0.1101808	0.0000000	0.0000000
7434.9985274	7260.0109282	7259.6483984	0.0000000	0.0000000	0.0077202	0.1916003	0.1089792	0.0000000	0.0000000
7434.9985274	7255.0038288	7254.6079297	0.0000000	0.0000000	0.0064137	0.1914871	0.1091232	0.0000000	0.0000000
7434.9985274	7250.0127675	7249.9875000	0.0000000	0.0000000	0.0060222	0.1911815	0.1068671	0.0000000	0.0000000
7434.9985274	7245.0024604	7244.9470313	0.0000000	0.0000000	0.0047916	0.1910923	0.1049507	0.0000000	0.0000000
7434.9985274	7240.0178144	7239.9065625	0.0000000	0.0000000	0.0032313	0.1915096	0.1024039	0.0000000	0.0000000
7434.9985274	7235.0042997	7234.8660938	0.0000000	0.0000000	0.0029816	0.1910310	0.1022036	0.0000000	0.0000000
7434.9985274	7230.0068231	7229.8256250	0.0000000	0.0000000	0.0027085	0.1909795	0.1020243	0.0000000	0.0000000
7434.9985274	7225.0099061	7224.7851563	0.0000000	0.0000000	0.0032554	0.1934095	0.1024514	0.0000000	0.0000000
7434.9985274	7220.0147186	7219.8026367	0.0000000	0.0000000	0.0038290	0.1928018	0.1040558	0.0000000	0.0000000
7434.9985274	7215.0130100	7214.8201172	0.0000000	0.0000000	0.0037433	0.1919185	0.1053790	0.0000000	0.0000000
7434.9985274	7210.0080408	7209.8375977	0.0000000	0.0000000	0.0037620	0.1923667	0.1050844	0.0000000	0.0000000
7434.9985274	7205.0095928	7204.8550781	0.0000000	0.0000000	0.0036277	0.1915393	0.1074370	0.0000000	0.0000000
7434.9985274	7200.0046236	7199.8725586	0.0000000	0.0000000	0.0029199	0.1917357	0.1084017	0.0000000	0.0000000
7434.9985274	7195.0126967	7194.8900391	0.0000000	0.0000000	0.0033939	0.1916144	0.1095068	0.0000000	0.0000000
7434.9985274	7190.0142486	7189.9075195	0.0000000	0.0000000	0.0039673	0.1917711	0.1096531	0.0000000	0.0000000
7434.9985274	7185.0125400	7184.9250000	0.0000000	0.0000000	0.0028182	0.1918267	0.1090820	0.0000000	0.0000000
7434.9985274	7180.0010497	7179.9804492	0.0000000	0.0000000	0.0025560	0.1920513	0.1080403	0.0000000	0.0000000
7434.9985274	7174.9993411	7174.6444189	0.0000000	0.0000000	0.0020885	0.1928717	0.1064869	0.0000000	0.0000000
7434.9985274	7170.0074141	7169.7188525	0.0000000	0.0000000	0.0021501	0.1916199	0.1053774	0.0000000	0.0000000
7434.9985274	7165.0270176	7164.7932861	0.0000000	0.0000000	0.0014629	0.1914913	0.1047397	0.0000000	0.0000000
7434.9985274	7160.0281100	7159.8677197	0.0000000	0.0000000	0.0009346	0.1926714	0.1044249	0.0000000	0.0000000
7434.9985274	7155.0261947	7154.9421533	0.0000000	0.0000000	0.0011925	0.1924926	0.1056544	0.0000000	0.0000000
7434.9985274	7150.0212717	7149.6061230	0.0000000	0.0000000	0.0016450	0.1913691	0.1060674	0.0000000	0.0000000
7434.9985274	7145.0283797	7144.6805566	0.0000000	0.0000000	0.0009423	0.1917366	0.1056681	0.0000000	0.0000000
7434.9985274	7140.0354877	7139.7829688	0.0000000	0.0000000	0.0006079	0.1920710	0.1040389	0.0000000	0.0000000
7434.9985274	7135.0275569	7134.9133594	0.0000000	0.0000000	0.0004713	0.1923103	0.1056874	0.0000000	0.0000000
7434.9985274	7130.0316571	7129.6379492	0.0000000	0.0000000	0.0009882	0.1911758	0.1063662	0.0000000	0.0000000
7434.9985274	7125.0267341	7124.7683398	0.0000000	0.0000000	0.0006608	0.1911393	0.1044257	0.0000000	0.0000000
7434.9985274	7120.0338421	7119.8987305	0.0000000	0.0000000	0.0005026	0.1924641	0.1031398	0.0000000	0.0000000
7434.9985274	7115.0052033	7114.6233203	0.0000000	0.0000000	0.0005005	0.1937385	0.1029851	0.0000000	0.0000000
7434.9985274	7109.9857704	7109.7537109	0.0000000	0.0000000	0.0005209	0.1923260	0.1035115	0.0000000	0.0000000
7434.9985274	7104.9837419	7104.8841016	0.0000000	0.0000000	0.0005293	0.1929077	0.1041097	0.0000000	0.0000000
7434.9985274	7099.9991179	7099.6316406	0.0000000	0.0000000	0.0003253	0.1927906	0.1025605	0.0000000	0.0000000
7434.9985274	7094.9936085	7094.8171094	0.0000000	0.0000000	0.0004266	0.1918149	0.1039213	0.0000000	0.0000000
7434.9985274	7089.9846182	7089.6013672	0.0000000	0.0000000	0.0003829	0.1922646	0.1031848	0.0000000	0.0000000
7434.9985274	7084.9895515	7084.7868359	0.0000000	0.0000000	0.0002120	0.1928507	0.1024740	0.0000000	0.0000000
7434.9985274	7079.9910039	7079.9723047	0.0000000	0.0000000	0.0002456	0.1920839	0.1022168	0.0000000	0.0000000
7434.9985274	7074.9889754	7074.7565625	0.0000000	0.0000000	0.0000599	0.1928346	0.1004745	0.0000000	0.0000000
7434.9985274	7069.9834660	7069.9420313	0.0000000	0.0000000	0.0000797	0.1927356	0.1013655	0.0000000	0.0000000
7434.9985274	7064.9883993	7064.7262891	0.0000000	0.0000000	0.0000684	0.1924989	0.1013898	0.0000000	0.0000000
7434.9985274	7059.9863559	7059.9297656	0.0000000	0.0000000	0.0000532	0.1926133	0.1006578	0.0000000	0.0000000
7434.9985274	7054.9841606	7054.7725488	0.0000000	0.0000000	0.0000906	0.1923254	0.1006720	0.0000000	0.0000000
7434.9985274	7049.9819654	7049.6153320	0.0000000	0.0000000	0.0001071	0.1923608	0.0996742	0.0000000	0.0000000
7434.9985274	7044.9875799	7044.8548242	0.0000000	0.0000000	0.0001034	0.1921387	0.1001563	0.0000000	0.0000000
7434.9985274	7039.9814797	7039.6976074	0.0000000	0.0000000	0.0001205	0.1923678	0.1010004	0.0000000	0.0000000
7434.9985274	7034.9831894	7034.9370996	0.0000000	0.0000000	0.0001080	0.1915319	0.1018389	0.0000000	0.0000000
7434.9985274	7029.9809941	7029.7798828	0.0000000	0.0000000	0.0002223	0.1917042	0.1026001	0.0000000	0.0000000
7434.9985274	7024.9827038	7024.6226660	0.0000000	0.0000000	0.0001337	0.1919415	0.1009395	0.0000000	0.0000000
7434.9985274	7019.9805085	7019.8843262	0.0000000	0.0000000	0.0001146	0.1916401	0.1008331	0.0000000	0.0000000
7434.9985274	7014.9861230	7014.7847461	0.0000000	0.0000000	0.0000657	0.1915298	0.1007003	0.0000000	0.0000000
7434.9985274	7009.9878327	7009.6851660	0.0000000	0.0000000	0.0001332	0.1923055	0.1005537	0.0000000	0.0000000
7434.9985274	7004.9856374	7004.9778613	0.0000000	0.0000000	0.0001415	0.1917185	0.1025148	0.0000000	0.0000000
