7259.9960129	7599.9977245	7599.5502051	0.0000000	0.0000000	0.0160231	0.1868817	0.1241069	0.0000000	7260.0000000
7259.9960129	7594.9867234	7594.9313574	0.0000000	0.0000000	0.0184453	0.1873116	0.1221886	0.0000000	0.0000000
7259.9960129	7589.9874753	7589.8506250	0.0000000	0.0000000	0.0164681	0.1871022	0.1208491	0.0000000	0.0000000
7259.9960129	7584.9897621	7584.7698926	0.0000000	0.0000000	0.0202736	0.1873561	0.1213052	0.0000000	0.0000000
7259.9960129	7579.9895004	7579.6891602	0.0000000	0.0000000	0.0175773	0.1862347	0.1215824	0.0000000	0.0000000
7259.9960129	7574.9866901	7574.6139941	0.0000000	0.0000000	0.0146228	0.1864312	0.1202131	0.0000000	0.0000000
7259.9960129	7569.9889770	7569.5944922	0.0000000	0.0000000	0.0154707	0.1861514	0.1210120	0.0000000	0.0000000
7259.9960129	7564.9887153	7564.5749902	0.0000000	0.0000000	0.0150596	0.1865256	0.1206652	0.0000000	0.0000000
7259.9960129	7559.9859050	7559.5554883	0.0000000	0.0000000	0.0150125	0.1850443	0.1221989	0.0000000	0.0000000
7259.9960129	7554.9907404	7554.9923047	0.0000000	0.0000000	0.0159672	0.1871102	0.1227023	0.0000000	0.0000000
7259.9960129	7549.9853816	7549.9728027	0.0000000	0.0000000	0.0170732	0.1872701	0.1218073	0.0000000	0.0000000
7259.9960129	7544.9851198	7544.9533008	0.0000000	0.0000000	0.0162402	0.1873269	0.1219542	0.0000000	0.0000000
7259.9960129	7539.9872981	7539.9337988	0.0000000	0.0000000	0.0153403	0.1869481	0.1214288	0.0000000	0.0000000
7259.9960129	7535.0272433	7534.9142969	0.0000000	0.0000000	0.0167920	0.1864741	0.1207119	0.0000000	0.0000000
7259.9960129	7530.0323812	7529.8947949	0.0000000	0.0000000	0.0199003	0.1864049	0.1216654	0.0000000	0.0000000
7259.9960129	7524.9853080	7524.9299316	0.0000000	0.0000000	0.0185110	0.1868687	0.1212216	0.0000000	0.0000000
7259.9960129	7519.9875452	7519.9705322	0.0000000	0.0000000	0.0216827	0.1864857	0.1207460	0.0000000	0.0000000
7259.9960129	7514.9868819	7514.5602783	0.0000000	0.0000000	0.0202845	0.1868038	0.1199723	0.0000000	0.0000000
7259.9960129	7509.9833179	7509.6008789	0.0000000	0.0000000	0.0190472	0.1860751	0.1200677	0.0000000	0.0000000
7259.9960129	7505.0261638	7504.6414795	0.0000000	0.0000000	0.0177722	0.1871600	0.1197107	0.0000000	0.0000000
7259.9960129	7499.9848918	7499.6820801	0.0000000	0.0000000	0.0175745	0.1866445	0.1199293	0.0000000	0.0000000
7259.9960129	7494.9871291	7494.7226807	0.0000000	0.0000000	0.0178682	0.1875815	0.1201760	0.0000000	0.0000000
7259.9960129	7490.0326801	7489.7632813	0.0000000	0.0000000	0.0172994	0.1870441	0.1195583	0.0000000	0.0000000
7259.9960129	7484.9872274	7484.8038818	0.0000000	0.0000000	0.0189761	0.1865243	0.1224434	0.0000000	0.0000000
7259.9960129	7479.9844604	7479.8981445	0.0000000	0.0000000	0.0174055	0.1865845	0.1210699	0.0000000	0.0000000
7259.9960129	7474.9845391	7474.9977734	0.0000000	0.0000000	0.0176094	0.1875774	0.1206786	0.0000000	0.0000000
7259.9960129	7469.9846178	7469.6519141	0.0000000	0.0000000	0.0168491	0.1866224	0.1204856	0.0000000	0.0000000
7259.9960129	7464.9875422	7464.7515430	0.0000000	0.0000000	0.0149271	0.1875784	0.1199692	0.0000000	0.0000000
7259.9960129	7459.9847751	7459.8511719	0.0000000	0.0000000	0.0149264	0.1866411	0.1207145	0.0000000	0.0000000
7259.9960129	7454.9820081	7454.9508008	0.0000000	0.0000000	0.0137910	0.1870917	0.1196478	0.0000000	0.0000000
7259.9960129	7449.9877783	7449.6049414	0.0000000	0.0000000	0.0159991	0.1863350	0.1195150	0.0000000	0.0000000
7259.9960129	7444.9850112	7444.7045703	0.0000000	0.0000000	0.0154336	0.1859586	0.1203558	0.0000000	0.0000000
7259.9960129	7439.9822442	7439.8041992	0.0000000	0.0000000	0.0143939	0.1870026	0.1195123	0.0000000	0.0000000
7259.9960129	7434.9851686	7434.9618359	0.0000000	0.0000000	0.0147030	0.1856372	0.1198507	0.0000000	0.0000000
7259.9960129	7429.9872294	7429.6792578	0.0000000	0.0000000	0.0170759	0.1857754	0.1207728	0.0000000	0.0000000
7259.9960129	7424.9864714	7424.8368945	0.0000000	0.0000000	0.0170686	0.1858816	0.1225165	0.0000000	0.0000000
7259.9960129	7419.9883932	7419.9945313	0.0000000	0.0000000	0.0153531	0.1871245	0.1206471	0.0000000	0.0000000
7259.9960129	7414.9849553	7414.7119531	0.0000000	0.0000000	0.0109081	0.1874436	0.1161610	0.0000000	0.0000000
7259.9960129	7409.9868772	7409.8695898	0.0000000	0.0000000	0.0113118	0.1883228	0.1163107	0.0000000	0.0000000
7259.9960129	7404.9861191	7404.5870117	0.0000000	0.0000000	0.0152206	0.1882330	0.1173149	0.0000000	0.0000000
7259.9960129	7399.9853611	7399.7446484	0.0000000	0.0000000	0.0148903	0.1875210	0.1174446	0.0000000	0.0000000
7259.9960129	7394.9846030	7394.9126367	0.0000000	0.0000000	0.0167087	0.1875555	0.1162596	0.0000000	0.0000000
7259.9960129	7389.9865249	7389.6921680	0.0000000	0.0000000	0.0153757	0.1870887	0.1144282	0.0000000	0.0000000
7259.9960129	7384.9857669	7384.9067383	0.0000000	0.0000000	0.0162366	0.1877196	0.1137933	0.0000000	0.0000000
7259.9960129	7379.9820701	7379.6862695	0.0000000	0.0000000	0.0220264	0.1871884	0.1121904	0.0000000	0.0000000
7259.9960129	7375.0055289	7374.9008398	0.0000000	0.0000000	0.0143914	0.1898036	0.1102657	0.0000000	0.0000000
7259.9960129	7370.0062785	7369.6803711	0.0000000	0.0000000	0.0198237	0.1880426	0.1125281	0.0000000	0.0000000
7259.9960129	7364.9972957	7364.8949414	0.0000000	0.0000000	0.0234080	0.1862209	0.1131707	0.0000000	0.0000000
7259.9960129	7360.0175103	7359.6744727	0.0000000	0.0000000	0.0294296	0.1858733	0.1118765	0.0000000	0.0000000
7259.9960129	7355.0150158	7354.8890430	0.0000000	0.0000000	0.0283993	0.1858219	0.1090182	0.0000000	0.0000000
7259.9960129	7350.0092772	7349.6991016	0.0000000	0.0000000	0.0285475	0.1851193	0.1065455	0.0000000	0.0000000
7259.9960129	7345.0100269	7344.9696387	0.0000000	0.0000000	0.0282073	0.1859757	0.1053314	0.0000000	0.0000000
7259.9960129	7340.0010440	7339.8102246	0.0000000	0.0000000	0.0265964	0.1855863	0.1041768	0.0000000	0.0000000
7259.9960129	7335.0050379	7334.6508105	0.0000000	0.0000000	0.0287129	0.1854556	0.1039320	0.0000000	0.0000000
7259.9960129	7330.0187642	7329.9213477	0.0000000	0.0000000	0.0377760	0.1852557	0.1040995	0.0000000	0.0000000
7259.9960129	7325.0272963	7324.7619336	0.0000000	0.0000000	0.0393143	0.1858374	0.1044149	0.0000000	0.0000000
7259.9960129	7319.9843593	7319.6025195	0.0000000	0.0000000	0.0395549	0.1858616	0.1048881	0.0000000	0.0000000
7259.9960129	7314.9836815	7314.8730566	0.0000000	0.0000000	0.0452516	0.1875360	0.1047942	0.0000000	0.0000000
7259.9960129	7309.9886382	7309.7136426	0.0000000	0.0000000	0.0485487	0.1871400	0.1037312	0.0000000	0.0000000
7259.9960129	7304.9851431	7304.6092822	0.0000000	0.0000000	0.0461595	0.1864910	0.1046116	0.0000000	0.0000000
7259.9960129	7299.9844653	7299.9348730	0.0000000	0.0000000	0.0558054	0.1856486	0.1050573	0.0000000	0.0000000
7259.9960129	7294.9837875	7294.8355176	0.0000000	0.0000000	0.0661504	0.1850453	0.1072307	0.0000000	0.0000000
7259.9960129	7289.9859270	7289.7361621	0.0000000	0.0000000	0.0673525	0.1856770	0.1078827	0.0000000	0.0000000
7259.9960129	7284.9852492	7284.6368066	0.0000000	0.0000000	0.0679965	0.1847345	0.1081860	0.0000000	0.0000000
7259.9960129	7279.9815887	7279.9623975	0.0000000	0.0000000	0.0725437	0.1855482	0.1086549	0.0000000	0.0000000
7259.9960129	7275.0065655	7274.8630420	0.0000000	0.0000000	0.0874287	0.1865162	0.1058254	0.0000000	0.0000000
7259.9960129	7270.0026737	7269.7636865	0.0000000	0.0000000	0.1449519	0.1871653	0.1058954	0.0000000	0.0000000
7259.9960129	7265.0148200	7264.6888672	0.0000000	0.0000000	0.1989215	0.1853182	0.1052825	0.0000000	0.0000000
7259.9960129	7260.0173434	7259.6483984	0.0000000	0.0000000	0.2140823	0.1864381	0.1049878	0.0000000	0.0000000
7259.9960129	7255.0038288	7254.6079297	0.0000000	0.0000000	0.1860750	0.1862616	0.1046755	0.0000000	0.0000000
7259.9960129	7250.0095598	7249.9875000	0.0000000	0.0000000	0.1258872	0.1854075	0.1017719	0.0000000	0.0000000
7259.9960129	7245.0088757	7244.9470313	0.0000000	0.0000000	0.0829622	0.1853577	0.1014258	0.0000000	0.0000000
7259.9960129	7240.0113991	7239.9065625	0.0000000	0.0000000	0.0512164	0.1871777	0.0981403	0.0000000	0.0000000
7259.9960129	7235.0139226	7234.8660938	0.0000000	0.0000000	0.0534063	0.1871893	0.0980209	0.0000000	0.0000000
7259.9960129	7230.0100308	7229.8256250	0.0000000	0.0000000	0.0536237	0.1870396	0.0982262	0.0000000	0.0000000
7259.9960129	7225.0066456	7224.7851563	0.0000000	0.0000000	0.0576720	0.1872159	0.0993184	0.0000000	0.0000000
7259.9960129	7220.0049369	7219.8026367	0.0000000	0.0000000	0.0704846	0.1862103	0.1011187	0.0000000	0.0000000
7259.9960129	7214.9999678	7214.8201172	0.0000000	0.0000000	0.0800304	0.1844443	0.1018436	0.0000000	0.0000000
7259.9960129	7210.0047803	7209.8375977	0.0000000	0.0000000	0.0868544	0.1840341	0.1023501	0.0000000	0.0000000
7259.9960129	7205.0030717	7204.8550781	0.0000000	0.0000000	0.0954039	0.1846436	0.1048573	0.0000000	0.0000000
7259.9960129	7199.9981025	7199.8725586	0.0000000	0.0000000	0.0900363	0.1858973	0.1056538	0.0000000	0.0000000
7259.9960129	7195.0029150	7194.8900391	0.0000000	0.0000000	0.0945911	0.1857148	0.1054568	0.0000000	0.0000000
7259.9960129	7190.0175092	7189.9075195	0.0000000	0.0000000	0.1008683	0.1863181	0.1058735	0.0000000	0.0000000
7259.9960129	7185.0060189	7184.9250000	0.0000000	0.0000000	0.0989858	0.1862025	0.1063768	0.0000000	0.0000000
7259.9960129	7180.0043103	7179.9804492	0.0000000	0.0000000	0.0852900	0.1864558	0.1054231	0.0000000	0.0000000
7259.9960129	7175.0026016	7174.6444189	0.0000000	0.0000000	0.0877614	0.1860566	0.1043568	0.0000000	0.0000000
7259.9960129	7170.0008930	7169.7188525	0.0000000	0.0000000	0.0869863	0.1851372	0.1034834	0.0000000	0.0000000
7259.9960129	7165.0270176	7164.7932861	0.0000000	0.0000000	0.0659813	0.1842770	0.1011915	0.0000000	0.0000000
7259.9960129	7160.0251023	7159.8677197	0.0000000	0.0000000	0.0615114	0.1867334	0.1005387	0.0000000	0.0000000
7259.9960129	7155.0292025	7154.9421533	0.0000000	0.0000000	0.0638701	0.1855397	0.1015708	0.0000000	0.0000000
7259.9960129	7150.0242795	7149.6061230	0.0000000	0.0000000	0.0706134	0.1854525	0.1027931	0.0000000	0.0000000
7259.9960129	7145.0253719	7144.6805566	0.0000000	0.0000000	0.0615773	0.1863628	0.1008270	0.0000000	0.0000000
7259.9960129	7140.0204489	7139.7829688	0.0000000	0.0000000	0.0411854	0.1854659	0.1008550	0.0000000	0.0000000
7259.9960129	7135.0275569	7134.9133594	0.0000000	0.0000000	0.0429933	0.1848698	0.1034620	0.0000000	0.0000000
7259.9960129	7130.0286494	7129.6379492	0.0000000	0.0000000	0.0516765	0.1833712	0.1042373	0.0000000	0.0000000
7259.9960129	7125.0237263	7124.7683398	0.0000000	0.0000000	0.0480416	0.1845916	0.1014513	0.0000000	0.0000000
7259.9960129	7120.0157955	7119.8987305	0.0000000	0.0000000	0.0385747	0.1841733	0.1014260	0.0000000	0.0000000
7259.9960129	7114.9877989	7114.6233203	0.0000000	0.0000000	0.0386924	0.1843373	0.1013733	0.0000000	0.0000000
7259.9960129	7109.9857704	7109.7537109	0.0000000	0.0000000	0.0421440	0.1850822	0.1029390	0.0000000	0.0000000
7259.9960129	7104.9907037	7104.8841016	0.0000000	0.0000000	0.0363522	0.1839178	0.1043948	0.0000000	0.0000000
7259.9960129	7099.9817134	7099.6316406	0.0000000	0.0000000	0.0355736	0.1845305	0.1031125	0.0000000	0.0000000
7259.9960129	7094.9831658	7094.8171094	0.0000000	0.0000000	0.0285015	0.1849633	0.1010841	0.0000000	0.0000000
7259.9960129	7089.9846182	7089.6013672	0.0000000	0.0000000	0.0242637	0.1850115	0.0991865	0.0000000	0.0000000
7259.9960129	7084.9860706	7084.7868359	0.0000000	0.0000000	0.0215021	0.1847792	0.1004386	0.0000000	0.0000000
7259.9960129	7079.9840421	7079.9723047	0.0000000	0.0000000	0.0163928	0.1867025	0.0983845	0.0000000	0.0000000
7259.9960129	7074.9889754	7074.7565625	0.0000000	0.0000000	0.0111013	0.1863715	0.0938715	0.0000000	0.0000000
7259.9960129	7069.9869469	7069.9420313	0.0000000	0.0000000	0.0093862	0.1870232	0.0956510	0.0000000	0.0000000
7259.9960129	7064.9849184	7064.7262891	0.0000000	0.0000000	0.0104413	0.1879012	0.0959779	0.0000000	0.0000000
7259.9960129	7059.9863559	7059.9297656	0.0000000	0.0000000	0.0101216	0.1866968	0.0966443	0.0000000	0.0000000
7259.9960129	7054.9880656	7054.7725488	0.0000000	0.0000000	0.0114883	0.1872675	0.0966821	0.0000000	0.0000000
7259.9960129	7049.9819654	7049.6153320	0.0000000	0.0000000	0.0127681	0.1875060	0.0950038	0.0000000	0.0000000
7259.9960129	7044.9875799	7044.8548242	0.0000000	0.0000000	0.0126212	0.1873575	0.0974070	0.0000000	0.0000000
7259.9960129	7039.9814797	7039.6976074	0.0000000	0.0000000	0.0124580	0.1859020	0.0975735	0.0000000	0.0000000
7259.9960129	7034.9831894	7034.9370996	0.0000000	0.0000000	0.0138684	0.1847347	0.0978320	0.0000000	0.0000000
7259.9960129	7029.9809941	7029.7798828	0.0000000	0.0000000	0.0142211	0.1847065	0.0968521	0.0000000	0.0000000
7259.9960129	7024.9827038	7024.6226660	0.0000000	0.0000000	0.0142233	0.1851090	0.0986149	0.0000000	0.0000000
7259.9960129	7019.9805085	7019.8843262	0.0000000	0.0000000	0.0133545	0.1853199	0.0964946	0.0000000	0.0000000
7259.9960129	7014.9861230	7014.7847461	0.0000000	0.0000000	0.0137144	0.1855985	0.0964978	0.0000000	0.0000000
7259.9960129	7009.9839278	7009.6851660	0.0000000	0.0000000	0.0136648	0.1853555	0.0962301	0.0000000	0.0000000
7259.9960129	7004.9817325	7004.9778613	0.0000000	0.0000000	0.0134656	0.1851135	0.0982175	0.0000000	0.0000000
