7189.9937050	7599.9977245	7599.5502051	0.0000000	0.0000000	0.0205289	0.1758927	0.1248820	0.0000000	7190.0000000
7189.9937050	7594.9867234	7594.9313574	0.0000000	0.0000000	0.0217229	0.1755144	0.1233516	0.0000000	0.0000000
7189.9937050	7589.9874753	7589.8506250	0.0000000	0.0000000	0.0206372	0.1745283	0.1224226	0.0000000	0.0000000
7189.9937050	7584.9897621	7584.7698926	0.0000000	0.0000000	0.0225833	0.1755430	0.1229586	0.0000000	0.0000000
7189.9937050	7579.9895004	7579.6891602	0.0000000	0.0000000	0.0217767	0.1748649	0.1228103	0.0000000	0.0000000
7189.9937050	7574.9866901	7574.6139941	0.0000000	0.0000000	0.0238517	0.1743209	0.1249027	0.0000000	0.0000000
7189.9937050	7569.9889770	7569.5944922	0.0000000	0.0000000	0.0239746	0.1746232	0.1242854	0.0000000	0.0000000
7189.9937050	7564.9861667	7564.5749902	0.0000000	0.0000000	0.0218402	0.1739794	0.1243361	0.0000000	0.0000000
7189.9937050	7559.9859050	7559.5554883	0.0000000	0.0000000	0.0217233	0.1748334	0.1245465	0.0000000	0.0000000
7189.9937050	7554.9881918	7554.9923047	0.0000000	0.0000000	0.0180376	0.1746136	0.1260414	0.0000000	0.0000000
7189.9937050	7549.9853816	7549.9728027	0.0000000	0.0000000	0.0186426	0.1752421	0.1251068	0.0000000	0.0000000
7189.9937050	7544.9876684	7544.9533008	0.0000000	0.0000000	0.0174391	0.1753213	0.1239891	0.0000000	0.0000000
7189.9937050	7539.9843974	7539.9337988	0.0000000	0.0000000	0.0162061	0.1750618	0.1231768	0.0000000	0.0000000
7189.9937050	7535.0330446	7534.9142969	0.0000000	0.0000000	0.0194644	0.1746177	0.1236029	0.0000000	0.0000000
7189.9937050	7529.9830707	7529.8947949	0.0000000	0.0000000	0.0173832	0.1746351	0.1223569	0.0000000	0.0000000
7189.9937050	7525.0375191	7524.9299316	0.0000000	0.0000000	0.0170361	0.1753154	0.1239879	0.0000000	0.0000000
7189.9937050	7519.9875452	7519.9705322	0.0000000	0.0000000	0.0171639	0.1740610	0.1233976	0.0000000	0.0000000
7189.9937050	7515.0274905	7514.5602783	0.0000000	0.0000000	0.0164336	0.1752073	0.1229943	0.0000000	0.0000000
7189.9937050	7510.0181253	7509.6008789	0.0000000	0.0000000	0.0180836	0.1747994	0.1238994	0.0000000	0.0000000
7189.9937050	7504.9826546	7504.6414795	0.0000000	0.0000000	0.0173387	0.1742141	0.1229767	0.0000000	0.0000000
7189.9937050	7500.0255005	7499.6820801	0.0000000	0.0000000	0.0172225	0.1739810	0.1241764	0.0000000	0.0000000
7189.9937050	7495.0277377	7494.7226807	0.0000000	0.0000000	0.0170612	0.1741815	0.1229985	0.0000000	0.0000000
7189.9937050	7490.0212973	7489.7632813	0.0000000	0.0000000	0.0156801	0.1748033	0.1221172	0.0000000	0.0000000
7189.9937050	7484.9843817	7484.8038818	0.0000000	0.0000000	0.0157935	0.1747511	0.1208778	0.0000000	0.0000000
7189.9937050	7479.9873061	7479.8981445	0.0000000	0.0000000	0.0135605	0.1747429	0.1205114	0.0000000	0.0000000
7189.9937050	7474.9873848	7474.9977734	0.0000000	0.0000000	0.0180055	0.1750422	0.1221801	0.0000000	0.0000000
7189.9937050	7469.9817720	7469.6519141	0.0000000	0.0000000	0.0138883	0.1747454	0.1215416	0.0000000	0.0000000
7189.9937050	7464.9846965	7464.7515430	0.0000000	0.0000000	0.0115093	0.1751403	0.1224823	0.0000000	0.0000000
7189.9937050	7459.9819294	7459.8511719	0.0000000	0.0000000	0.0114335	0.1740712	0.1234038	0.0000000	0.0000000
7189.9937050	7454.9820081	7454.9508008	0.0000000	0.0000000	0.0124641	0.1734360	0.1246198	0.0000000	0.0000000
7189.9937050	7449.9877783	7449.6049414	0.0000000	0.0000000	0.0090436	0.1729384	0.1236678	0.0000000	0.0000000
7189.9937050	7444.9850112	7444.7045703	0.0000000	0.0000000	0.0117816	0.1719944	0.1238989	0.0000000	0.0000000
7189.9937050	7439.9822442	7439.8041992	0.0000000	0.0000000	0.0126970	0.1730972	0.1230952	0.0000000	0.0000000
7189.9937050	7434.9851686	7434.9618359	0.0000000	0.0000000	0.0099423	0.1751603	0.1223640	0.0000000	0.0000000
7189.9937050	7429.9899093	7429.6792578	0.0000000	0.0000000	0.0091642	0.1752375	0.1202538	0.0000000	0.0000000
7189.9937050	7424.9864714	7424.8368945	0.0000000	0.0000000	0.0087561	0.1751820	0.1198075	0.0000000	0.0000000
7189.9937050	7419.9857133	7419.9945313	0.0000000	0.0000000	0.0080881	0.1752327	0.1199396	0.0000000	0.0000000
7189.9937050	7414.9849553	7414.7119531	0.0000000	0.0000000	0.0100566	0.1731891	0.1211748	0.0000000	0.0000000
7189.9937050	7409.9841972	7409.8695898	0.0000000	0.0000000	0.0112362	0.1738127	0.1235792	0.0000000	0.0000000
7189.9937050	7404.9861191	7404.5870117	0.0000000	0.0000000	0.0108622	0.1724015	0.1215195	0.0000000	0.0000000
7189.9937050	7399.9853611	7399.7446484	0.0000000	0.0000000	0.0107415	0.1717853	0.1197839	0.0000000	0.0000000
7189.9937050	7394.9872830	7394.9126367	0.0000000	0.0000000	0.0112804	0.1728894	0.1188563	0.0000000	0.0000000
7189.9937050	7389.9865249	7389.6921680	0.0000000	0.0000000	0.0118407	0.1732159	0.1205913	0.0000000	0.0000000
7189.9937050	7384.9857669	7384.9067383	0.0000000	0.0000000	0.0099602	0.1748328	0.1188810	0.0000000	0.0000000
7189.9937050	7379.9853142	7379.6862695	0.0000000	0.0000000	0.0108862	0.1754941	0.1162977	0.0000000	0.0000000
7189.9937050	7375.0152613	7374.9008398	0.0000000	0.0000000	0.0095951	0.1754099	0.1134110	0.0000000	0.0000000
7189.9937050	7370.0127668	7369.6803711	0.0000000	0.0000000	0.0116818	0.1749369	0.1123152	0.0000000	0.0000000
7189.9937050	7365.0037840	7364.8949414	0.0000000	0.0000000	0.0138850	0.1749351	0.1125768	0.0000000	0.0000000
7189.9937050	7360.0045337	7359.6744727	0.0000000	0.0000000	0.0194570	0.1734264	0.1150033	0.0000000	0.0000000
7189.9937050	7355.0117717	7354.8890430	0.0000000	0.0000000	0.0238026	0.1735089	0.1137101	0.0000000	0.0000000
7189.9937050	7350.0060330	7349.6991016	0.0000000	0.0000000	0.0270879	0.1745337	0.1117365	0.0000000	0.0000000
7189.9937050	7345.0132710	7344.9696387	0.0000000	0.0000000	0.0238909	0.1741306	0.1101357	0.0000000	0.0000000
7189.9937050	7340.0042882	7339.8102246	0.0000000	0.0000000	0.0216432	0.1736102	0.1081112	0.0000000	0.0000000
7189.9937050	7335.0017937	7334.6508105	0.0000000	0.0000000	0.0249852	0.1744310	0.1072709	0.0000000	0.0000000
7189.9937050	7330.0090317	7329.9213477	0.0000000	0.0000000	0.0327498	0.1742864	0.1075897	0.0000000	0.0000000
7189.9937050	7325.0301136	7324.7619336	0.0000000	0.0000000	0.0318740	0.1754940	0.1077970	0.0000000	0.0000000
7189.9937050	7319.9843593	7319.6025195	0.0000000	0.0000000	0.0335010	0.1740537	0.1078059	0.0000000	0.0000000
7189.9937050	7314.9864987	7314.8730566	0.0000000	0.0000000	0.0393525	0.1735039	0.1060764	0.0000000	0.0000000
7189.9937050	7309.9886382	7309.7136426	0.0000000	0.0000000	0.0444913	0.1742637	0.1069135	0.0000000	0.0000000
7189.9937050	7304.9851431	7304.6092822	0.0000000	0.0000000	0.0447543	0.1742860	0.1080094	0.0000000	0.0000000
7189.9937050	7299.9816481	7299.9348730	0.0000000	0.0000000	0.0523516	0.1735083	0.1088104	0.0000000	0.0000000
7189.9937050	7294.9837875	7294.8355176	0.0000000	0.0000000	0.0603698	0.1734723	0.1088062	0.0000000	0.0000000
7189.9937050	7289.9831097	7289.7361621	0.0000000	0.0000000	0.0588346	0.1747378	0.1083865	0.0000000	0.0000000
7189.9937050	7284.9852492	7284.6368066	0.0000000	0.0000000	0.0585233	0.1743820	0.1089049	0.0000000	0.0000000
7189.9937050	7279.9815887	7279.9623975	0.0000000	0.0000000	0.0682009	0.1744169	0.1103892	0.0000000	0.0000000
7189.9937050	7275.0097731	7274.8630420	0.0000000	0.0000000	0.0701763	0.1754456	0.1104174	0.0000000	0.0000000
7189.9937050	7270.0026737	7269.7636865	0.0000000	0.0000000	0.0730680	0.1749680	0.1090378	0.0000000	0.0000000
7189.9937050	7265.0019895	7264.6888672	0.0000000	0.0000000	0.0676306	0.1749551	0.1068455	0.0000000	0.0000000
7189.9937050	7260.0077206	7259.6483984	0.0000000	0.0000000	0.0682876	0.1746030	0.1066591	0.0000000	0.0000000
7189.9937050	7255.0102440	7254.6079297	0.0000000	0.0000000	0.0728152	0.1747080	0.1051534	0.0000000	0.0000000
7189.9937050	7250.0063522	7249.9875000	0.0000000	0.0000000	0.0789918	0.1746022	0.1054220	0.0000000	0.0000000
7189.9937050	7245.0056680	7244.9470313	0.0000000	0.0000000	0.0846272	0.1740861	0.1052682	0.0000000	0.0000000
7189.9937050	7240.0178144	7239.9065625	0.0000000	0.0000000	0.0764545	0.1739624	0.1027793	0.0000000	0.0000000
7189.9937050	7235.0107149	7234.8660938	0.0000000	0.0000000	0.0829231	0.1745090	0.1013237	0.0000000	0.0000000
7189.9937050	7230.0068231	7229.8256250	0.0000000	0.0000000	0.0849830	0.1745823	0.1006469	0.0000000	0.0000000
7189.9937050	7225.0164273	7224.7851563	0.0000000	0.0000000	0.0953259	0.1747152	0.1027988	0.0000000	0.0000000
7189.9937050	7220.0081975	7219.8026367	0.0000000	0.0000000	0.1148557	0.1742850	0.1056357	0.0000000	0.0000000
7189.9937050	7215.0064889	7214.8201172	0.0000000	0.0000000	0.1253063	0.1734077	0.1070306	0.0000000	0.0000000
7189.9937050	7209.9982591	7209.8375977	0.0000000	0.0000000	0.1375002	0.1743013	0.1072178	0.0000000	0.0000000
7189.9937050	7205.0030717	7204.8550781	0.0000000	0.0000000	0.1805300	0.1731733	0.1075005	0.0000000	0.0000000
7189.9937050	7200.0078842	7199.8725586	0.0000000	0.0000000	0.2592268	0.1738104	0.1075413	0.0000000	0.0000000
7189.9937050	7195.0061755	7194.8900391	0.0000000	0.0000000	0.3632492	0.1736659	0.1090819	0.0000000	0.0000000
7189.9937050	7190.0109881	7189.9075195	0.0000000	0.0000000	0.4076254	0.1735875	0.1091416	0.0000000	0.0000000
7189.9937050	7185.0027583	7184.9250000	0.0000000	0.0000000	0.3331660	0.1737329	0.1073032	0.0000000	0.0000000
7189.9937050	7180.0075708	7179.9804492	0.0000000	0.0000000	0.2231997	0.1741940	0.1071575	0.0000000	0.0000000
7189.9937050	7175.0091228	7174.6444189	0.0000000	0.0000000	0.1603157	0.1744884	0.1063506	0.0000000	0.0000000
7189.9937050	7170.0074141	7169.7188525	0.0000000	0.0000000	0.1469204	0.1741367	0.1061433	0.0000000	0.0000000
7189.9937050	7165.0270176	7164.7932861	0.0000000	0.0000000	0.1207704	0.1747407	0.1043540	0.0000000	0.0000000
7189.9937050	7160.0190867	7159.8677197	0.0000000	0.0000000	0.1046908	0.1743527	0.1039645	0.0000000	0.0000000
7189.9937050	7155.0292025	7154.9421533	0.0000000	0.0000000	0.1172494	0.1747780	0.1043781	0.0000000	0.0000000
7189.9937050	7150.0272872	7149.6061230	0.0000000	0.0000000	0.1292327	0.1749695	0.1038301	0.0000000	0.0000000
7189.9937050	7145.0253719	7144.6805566	0.0000000	0.0000000	0.1133247	0.1750024	0.1021979	0.0000000	0.0000000
7189.9937050	7140.0234567	7139.7829688	0.0000000	0.0000000	0.0924755	0.1742157	0.1017249	0.0000000	0.0000000
7189.9937050	7135.0245491	7134.9133594	0.0000000	0.0000000	0.0888042	0.1747720	0.1016140	0.0000000	0.0000000
7189.9937050	7130.0316571	7129.6379492	0.0000000	0.0000000	0.1125710	0.1749783	0.1024102	0.0000000	0.0000000
7189.9937050	7125.0357574	7124.7683398	0.0000000	0.0000000	0.1088401	0.1736324	0.1029980	0.0000000	0.0000000
7189.9937050	7120.0218110	7119.8987305	0.0000000	0.0000000	0.0919406	0.1745498	0.1034548	0.0000000	0.0000000
7189.9937050	7114.9843181	7114.6233203	0.0000000	0.0000000	0.0953341	0.1738895	0.1036938	0.0000000	0.0000000
7189.9937050	7109.9857704	7109.7537109	0.0000000	0.0000000	0.1043087	0.1734622	0.1038759	0.0000000	0.0000000
7189.9937050	7104.9837419	7104.8841016	0.0000000	0.0000000	0.0942305	0.1728798	0.1031316	0.0000000	0.0000000
7189.9937050	7099.9817134	7099.6316406	0.0000000	0.0000000	0.0972896	0.1736780	0.1030499	0.0000000	0.0000000
7189.9937050	7094.9936085	7094.8171094	0.0000000	0.0000000	0.0847543	0.1743845	0.1011093	0.0000000	0.0000000
7189.9937050	7089.9846182	7089.6013672	0.0000000	0.0000000	0.0809453	0.1745406	0.1013694	0.0000000	0.0000000
7189.9937050	7084.9860706	7084.7868359	0.0000000	0.0000000	0.0722009	0.1747322	0.1008265	0.0000000	0.0000000
7189.9937050	7079.9840421	7079.9723047	0.0000000	0.0000000	0.0595388	0.1740476	0.1001248	0.0000000	0.0000000
7189.9937050	7074.9959372	7074.7565625	0.0000000	0.0000000	0.0472554	0.1736918	0.0995465	0.0000000	0.0000000
7189.9937050	7069.9834660	7069.9420313	0.0000000	0.0000000	0.0403542	0.1737329	0.1002195	0.0000000	0.0000000
7189.9937050	7064.9849184	7064.7262891	0.0000000	0.0000000	0.0412500	0.1728035	0.0998549	0.0000000	0.0000000
7189.9937050	7059.9863559	7059.9297656	0.0000000	0.0000000	0.0435964	0.1743695	0.0987820	0.0000000	0.0000000
7189.9937050	7054.9841606	7054.7725488	0.0000000	0.0000000	0.0478655	0.1740154	0.0985508	0.0000000	0.0000000
7189.9937050	7049.9858703	7049.6153320	0.0000000	0.0000000	0.0487131	0.1738114	0.0986364	0.0000000	0.0000000
7189.9937050	7044.9875799	7044.8548242	0.0000000	0.0000000	0.0461969	0.1732128	0.0983646	0.0000000	0.0000000
7189.9937050	7039.9814797	7039.6976074	0.0000000	0.0000000	0.0530855	0.1729532	0.0999370	0.0000000	0.0000000
7189.9937050	7034.9831894	7034.9370996	0.0000000	0.0000000	0.0527657	0.1733990	0.0982787	0.0000000	0.0000000
7189.9937050	7029.9809941	7029.7798828	0.0000000	0.0000000	0.0610088	0.1741201	0.0988175	0.0000000	0.0000000
7189.9937050	7024.9827038	7024.6226660	0.0000000	0.0000000	0.0605532	0.1753608	0.0966909	0.0000000	0.0000000
7189.9937050	7019.9766036	7019.8843262	0.0000000	0.0000000	0.0559325	0.1739255	0.0986213	0.0000000	0.0000000
7189.9937050	7014.9900280	7014.7847461	0.0000000	0.0000000	0.0587596	0.1747302	0.0985095	0.0000000	0.0000000
7189.9937050	7009.9839278	7009.6851660	0.0000000	0.0000000	0.0524657	0.1733822	0.0982932	0.0000000	0.0000000
7189.9937050	7004.9817325	7004.9778613	0.0000000	0.0000000	0.0504963	0.1733164	0.1003472	0.0000000	0.0000000
