7539.9929455	7599.9977245	7599.5502051	0.0000000	0.0000000	0.0081598	0.1811230	0.1248557	0.0000000	7540.0000000
7539.9929455	7594.9892152	7594.9313574	0.0000000	0.0000000	0.0098291	0.1811553	0.1244114	0.0000000	0.0000000
7539.9929455	7589.9849267	7589.8506250	0.0000000	0.0000000	0.0105636	0.1814156	0.1228398	0.0000000	0.0000000
7539.9929455	7584.9897621	7584.7698926	0.0000000	0.0000000	0.0144771	0.1814896	0.1253523	0.0000000	0.0000000
7539.9929455	7579.9895004	7579.6891602	0.0000000	0.0000000	0.0132175	0.1820278	0.1254691	0.0000000	0.0000000
7539.9929455	7574.9866901	7574.6139941	0.0000000	0.0000000	0.0128359	0.1820354	0.1247814	0.0000000	0.0000000
7539.9929455	7569.9889770	7569.5944922	0.0000000	0.0000000	0.0169536	0.1820710	0.1260409	0.0000000	0.0000000
7539.9929455	7564.9887153	7564.5749902	0.0000000	0.0000000	0.0144735	0.1813657	0.1260657	0.0000000	0.0000000
7539.9929455	7559.9910021	7559.5554883	0.0000000	0.0000000	0.0179708	0.1813209	0.1247915	0.0000000	0.0000000
7539.9929455	7554.9881918	7554.9923047	0.0000000	0.0000000	0.0310139	0.1825526	0.1260250	0.0000000	0.0000000
7539.9929455	7549.9853816	7549.9728027	0.0000000	0.0000000	0.0597441	0.1822433	0.1259786	0.0000000	0.0000000
7539.9929455	7544.9851198	7544.9533008	0.0000000	0.0000000	0.1051168	0.1820869	0.1264207	0.0000000	0.0000000
7539.9929455	7539.9872981	7539.9337988	0.0000000	0.0000000	0.1175514	0.1824390	0.1251143	0.0000000	0.0000000
7539.9929455	7534.9866347	7534.9142969	0.0000000	0.0000000	0.1053560	0.1820986	0.1261141	0.0000000	0.0000000
7539.9929455	7529.9830707	7529.8947949	0.0000000	0.0000000	0.0541455	0.1824542	0.1250371	0.0000000	0.0000000
7539.9929455	7524.9853080	7524.9299316	0.0000000	0.0000000	0.0274054	0.1821743	0.1250695	0.0000000	0.0000000
7539.9929455	7519.9875452	7519.9705322	0.0000000	0.0000000	0.0181688	0.1826083	0.1243088	0.0000000	0.0000000
7539.9929455	7514.9868819	7514.5602783	0.0000000	0.0000000	0.0155051	0.1825790	0.1245286	0.0000000	0.0000000
7539.9929455	7509.9833179	7509.6008789	0.0000000	0.0000000	0.0146257	0.1824891	0.1230659	0.0000000	0.0000000
7539.9929455	7504.9826546	7504.6414795	0.0000000	0.0000000	0.0130928	0.1828002	0.1242965	0.0000000	0.0000000
7539.9929455	7499.9848918	7499.6820801	0.0000000	0.0000000	0.0137039	0.1817938	0.1237457	0.0000000	0.0000000
7539.9929455	7494.9871291	7494.7226807	0.0000000	0.0000000	0.0152751	0.1821650	0.1241298	0.0000000	0.0000000
7539.9929455	7489.9843030	7489.7632813	0.0000000	0.0000000	0.0121195	0.1828324	0.1235739	0.0000000	0.0000000
7539.9929455	7484.9872274	7484.8038818	0.0000000	0.0000000	0.0095208	0.1830748	0.1239785	0.0000000	0.0000000
7539.9929455	7479.9873061	7479.8981445	0.0000000	0.0000000	0.0104363	0.1824341	0.1238096	0.0000000	0.0000000
7539.9929455	7474.9873848	7474.9977734	0.0000000	0.0000000	0.0097332	0.1829497	0.1224946	0.0000000	0.0000000
7539.9929455	7469.9846178	7469.6519141	0.0000000	0.0000000	0.0088237	0.1811572	0.1233296	0.0000000	0.0000000
7539.9929455	7464.9875422	7464.7515430	0.0000000	0.0000000	0.0076785	0.1816382	0.1237877	0.0000000	0.0000000
7539.9929455	7459.9876209	7459.8511719	0.0000000	0.0000000	0.0079960	0.1818055	0.1240944	0.0000000	0.0000000
7539.9929455	7454.9848538	7454.9508008	0.0000000	0.0000000	0.0079288	0.1825087	0.1237408	0.0000000	0.0000000
7539.9929455	7449.9877783	7449.6049414	0.0000000	0.0000000	0.0083003	0.1822618	0.1220529	0.0000000	0.0000000
7539.9929455	7444.9878570	7444.7045703	0.0000000	0.0000000	0.0081768	0.1827024	0.1229578	0.0000000	0.0000000
7539.9929455	7439.9879357	7439.8041992	0.0000000	0.0000000	0.0074572	0.1835443	0.1223955	0.0000000	0.0000000
7539.9929455	7434.9851686	7434.9618359	0.0000000	0.0000000	0.0088914	0.1823730	0.1212502	0.0000000	0.0000000
7539.9929455	7429.9845495	7429.6792578	0.0000000	0.0000000	0.0070842	0.1815204	0.1211367	0.0000000	0.0000000
7539.9929455	7424.9864714	7424.8368945	0.0000000	0.0000000	0.0075590	0.1828574	0.1205326	0.0000000	0.0000000
7539.9929455	7419.9857133	7419.9945313	0.0000000	0.0000000	0.0069792	0.1830356	0.1199550	0.0000000	0.0000000
7539.9929455	7414.9876352	7414.7119531	0.0000000	0.0000000	0.0060961	0.1828467	0.1191704	0.0000000	0.0000000
7539.9929455	7409.9868772	7409.8695898	0.0000000	0.0000000	0.0051525	0.1829410	0.1174227	0.0000000	0.0000000
7539.9929455	7404.9861191	7404.5870117	0.0000000	0.0000000	0.0056699	0.1826060	0.1188890	0.0000000	0.0000000
7539.9929455	7399.9880410	7399.7446484	0.0000000	0.0000000	0.0068674	0.1821960	0.1189919	0.0000000	0.0000000
7539.9929455	7394.9872830	7394.9126367	0.0000000	0.0000000	0.0057386	0.1815751	0.1194111	0.0000000	0.0000000
7539.9929455	7389.9892049	7389.6921680	0.0000000	0.0000000	0.0061035	0.1818671	0.1194790	0.0000000	0.0000000
7539.9929455	7384.9857669	7384.9067383	0.0000000	0.0000000	0.0060668	0.1818853	0.1170830	0.0000000	0.0000000
7539.9929455	7379.9820701	7379.6862695	0.0000000	0.0000000	0.0058215	0.1822073	0.1150459	0.0000000	0.0000000
7539.9929455	7374.9860639	7374.9008398	0.0000000	0.0000000	0.0053986	0.1813958	0.1163394	0.0000000	0.0000000
7539.9929455	7369.9868136	7369.6803711	0.0000000	0.0000000	0.0060712	0.1824618	0.1153439	0.0000000	0.0000000
7539.9929455	7364.9810749	7364.8949414	0.0000000	0.0000000	0.0064086	0.1818768	0.1148029	0.0000000	0.0000000
7539.9929455	7359.9850687	7359.6744727	0.0000000	0.0000000	0.0067372	0.1819971	0.1148920	0.0000000	0.0000000
7539.9929455	7354.9890626	7354.8890430	0.0000000	0.0000000	0.0058911	0.1823739	0.1125912	0.0000000	0.0000000
7539.9929455	7349.9865681	7349.6991016	0.0000000	0.0000000	0.0056771	0.1810653	0.1118988	0.0000000	0.0000000
7539.9929455	7344.9840736	7344.9696387	0.0000000	0.0000000	0.0049264	0.1819987	0.1092554	0.0000000	0.0000000
7539.9929455	7339.9880674	7339.8102246	0.0000000	0.0000000	0.0035068	0.1825402	0.1067357	0.0000000	0.0000000
7539.9929455	7334.9855729	7334.6508105	0.0000000	0.0000000	0.0037756	0.1826226	0.1054666	0.0000000	0.0000000
7539.9929455	7329.9863226	7329.9213477	0.0000000	0.0000000	0.0055781	0.1827267	0.1065106	0.0000000	0.0000000
7539.9929455	7324.9878543	7324.7619336	0.0000000	0.0000000	0.0060072	0.1823972	0.1083036	0.0000000	0.0000000
7539.9929455	7319.9871765	7319.6025195	0.0000000	0.0000000	0.0060803	0.1821539	0.1080759	0.0000000	0.0000000
7539.9929455	7314.9864987	7314.8730566	0.0000000	0.0000000	0.0056875	0.1823490	0.1080598	0.0000000	0.0000000
7539.9929455	7309.9886382	7309.7136426	0.0000000	0.0000000	0.0044437	0.1828727	0.1077267	0.0000000	0.0000000
7539.9929455	7304.9851431	7304.6092822	0.0000000	0.0000000	0.0030984	0.1821534	0.1080243	0.0000000	0.0000000
7539.9929455	7299.9844653	7299.9348730	0.0000000	0.0000000	0.0035734	0.1817902	0.1088457	0.0000000	0.0000000
7539.9929455	7294.9866048	7294.8355176	0.0000000	0.0000000	0.0037587	0.1831061	0.1080730	0.0000000	0.0000000
7539.9929455	7289.9859270	7289.7361621	0.0000000	0.0000000	0.0033087	0.1816575	0.1090243	0.0000000	0.0000000
7539.9929455	7284.9852492	7284.6368066	0.0000000	0.0000000	0.0037007	0.1828511	0.1091262	0.0000000	0.0000000
7539.9929455	7279.9815887	7279.9623975	0.0000000	0.0000000	0.0042009	0.1822495	0.1113036	0.0000000	0.0000000
7539.9929455	7274.9809045	7274.8630420	0.0000000	0.0000000	0.0035247	0.1815513	0.1104326	0.0000000	0.0000000
7539.9929455	7269.9834279	7269.7636865	0.0000000	0.0000000	0.0030365	0.1821206	0.1108547	0.0000000	0.0000000
7539.9929455	7264.9827438	7264.6888672	0.0000000	0.0000000	0.0029608	0.1816714	0.1098440	0.0000000	0.0000000
7539.9929455	7259.9820596	7259.6483984	0.0000000	0.0000000	0.0024946	0.1834264	0.1077284	0.0000000	0.0000000
7539.9929455	7254.9845830	7254.6079297	0.0000000	0.0000000	0.0023842	0.1835713	0.1064323	0.0000000	0.0000000
7539.9929455	7249.9838989	7249.9875000	0.0000000	0.0000000	0.0026750	0.1825504	0.1068555	0.0000000	0.0000000
7539.9929455	7244.9864223	7244.9470313	0.0000000	0.0000000	0.0013826	0.1830551	0.1040007	0.0000000	0.0000000
7539.9929455	7239.9857381	7239.9065625	0.0000000	0.0000000	0.0010674	0.1821040	0.1025878	0.0000000	0.0000000
7539.9929455	7234.9850540	7234.8660938	0.0000000	0.0000000	0.0009161	0.1824879	0.1016915	0.0000000	0.0000000
7539.9929455	7229.9843698	7229.8256250	0.0000000	0.0000000	0.0008289	0.1830425	0.1019221	0.0000000	0.0000000
7539.9929455	7224.9838216	7224.7851563	0.0000000	0.0000000	0.0006729	0.1827290	0.1029095	0.0000000	0.0000000
7539.9929455	7219.9853736	7219.8026367	0.0000000	0.0000000	0.0011068	0.1817528	0.1031173	0.0000000	0.0000000
7539.9929455	7214.9869255	7214.8201172	0.0000000	0.0000000	0.0008768	0.1825514	0.1052194	0.0000000	0.0000000
7539.9929455	7209.9884774	7209.8375977	0.0000000	0.0000000	0.0011118	0.1819834	0.1066086	0.0000000	0.0000000
7539.9929455	7204.9867688	7204.8550781	0.0000000	0.0000000	0.0010002	0.1825299	0.1072705	0.0000000	0.0000000
7539.9929455	7199.9850602	7199.8725586	0.0000000	0.0000000	0.0006156	0.1819805	0.1080221	0.0000000	0.0000000
7539.9929455	7194.9833516	7194.8900391	0.0000000	0.0000000	0.0010189	0.1813981	0.1103167	0.0000000	0.0000000
7539.9929455	7189.9849035	7189.9075195	0.0000000	0.0000000	0.0010463	0.1813407	0.1092236	0.0000000	0.0000000
7539.9929455	7184.9864555	7184.9250000	0.0000000	0.0000000	0.0008821	0.1812999	0.1082922	0.0000000	0.0000000
7539.9929455	7179.9847469	7179.9804492	0.0000000	0.0000000	0.0005446	0.1813734	0.1076992	0.0000000	0.0000000
7539.9929455	7174.9895594	7174.6444189	0.0000000	0.0000000	0.0005812	0.1824412	0.1067485	0.0000000	0.0000000
7539.9929455	7169.9845902	7169.7188525	0.0000000	0.0000000	0.0004929	0.1821354	0.1050496	0.0000000	0.0000000
7539.9929455	7164.9879166	7164.7932861	0.0000000	0.0000000	0.0002190	0.1830249	0.1035551	0.0000000	0.0000000
7539.9929455	7159.9890091	7159.8677197	0.0000000	0.0000000	0.0002813	0.1826505	0.1055983	0.0000000	0.0000000
7539.9929455	7154.9870938	7154.9421533	0.0000000	0.0000000	0.0001807	0.1830249	0.1055408	0.0000000	0.0000000
7539.9929455	7149.9881863	7149.6061230	0.0000000	0.0000000	0.0003363	0.1819579	0.1058291	0.0000000	0.0000000
7539.9929455	7144.9892787	7144.6805566	0.0000000	0.0000000	0.0002555	0.1822365	0.1053701	0.0000000	0.0000000
7539.9929455	7139.9873635	7139.7829688	0.0000000	0.0000000	0.0001492	0.1832767	0.1040608	0.0000000	0.0000000
7539.9929455	7134.9854482	7134.9133594	0.0000000	0.0000000	0.0001006	0.1827969	0.1057344	0.0000000	0.0000000
7539.9929455	7129.9895484	7129.6379492	0.0000000	0.0000000	0.0001986	0.1822607	0.1065116	0.0000000	0.0000000
7539.9929455	7124.9906409	7124.7683398	0.0000000	0.0000000	0.0001193	0.1814805	0.1057179	0.0000000	0.0000000
7539.9929455	7119.9857178	7119.8987305	0.0000000	0.0000000	0.0000903	0.1826138	0.1052732	0.0000000	0.0000000
7539.9929455	7114.9843181	7114.6233203	0.0000000	0.0000000	0.0001002	0.1827374	0.1045741	0.0000000	0.0000000
7539.9929455	7109.9857704	7109.7537109	0.0000000	0.0000000	0.0001990	0.1823512	0.1048569	0.0000000	0.0000000
7539.9929455	7104.9837419	7104.8841016	0.0000000	0.0000000	0.0001558	0.1815446	0.1047102	0.0000000	0.0000000
7539.9929455	7099.9851943	7099.6316406	0.0000000	0.0000000	0.0001672	0.1815280	0.1037570	0.0000000	0.0000000
7539.9929455	7094.9866467	7094.8171094	0.0000000	0.0000000	0.0001768	0.1815289	0.1033972	0.0000000	0.0000000
7539.9929455	7089.9846182	7089.6013672	0.0000000	0.0000000	0.0001919	0.1819781	0.1040249	0.0000000	0.0000000
7539.9929455	7084.9895515	7084.7868359	0.0000000	0.0000000	0.0000469	0.1824489	0.1027352	0.0000000	0.0000000
7539.9929455	7079.9875230	7079.9723047	0.0000000	0.0000000	0.0000607	0.1814270	0.1015083	0.0000000	0.0000000
7539.9929455	7074.9924563	7074.7565625	0.0000000	0.0000000	0.0000420	0.1817665	0.1007667	0.0000000	0.0000000
7539.9929455	7069.9904278	7069.9420313	0.0000000	0.0000000	0.0000947	0.1825566	0.1009539	0.0000000	0.0000000
7539.9929455	7064.9883993	7064.7262891	0.0000000	0.0000000	0.0000405	0.1814691	0.1014647	0.0000000	0.0000000
7539.9929455	7059.9863559	7059.9297656	0.0000000	0.0000000	0.0000441	0.1821027	0.1005864	0.0000000	0.0000000
7539.9929455	7054.9880656	7054.7725488	0.0000000	0.0000000	0.0000389	0.1811389	0.1009026	0.0000000	0.0000000
7539.9929455	7049.9858703	7049.6153320	0.0000000	0.0000000	0.0000516	0.1813224	0.1002244	0.0000000	0.0000000
7539.9929455	7044.9914848	7044.8548242	0.0000000	0.0000000	0.0000815	0.1819869	0.1001521	0.0000000	0.0000000
7539.9929455	7039.9853847	7039.6976074	0.0000000	0.0000000	0.0000615	0.1823109	0.1001956	0.0000000	0.0000000
7539.9929455	7034.9831894	7034.9370996	0.0000000	0.0000000	0.0000750	0.1820050	0.1011968	0.0000000	0.0000000
7539.9929455	7029.9848990	7029.7798828	0.0000000	0.0000000	0.0001074	0.1821658	0.1000605	0.0000000	0.0000000
7539.9929455	7024.9827038	7024.6226660	0.0000000	0.0000000	0.0000620	0.1823495	0.1005720	0.0000000	0.0000000
7539.9929455	7019.9805085	7019.8843262	0.0000000	0.0000000	0.0001730	0.1824512	0.1015989	0.0000000	0.0000000
7539.9929455	7014.9822181	7014.7847461	0.0000000	0.0000000	0.0000607	0.1822114	0.1012831	0.0000000	0.0000000
7539.9929455	7009.9839278	7009.6851660	0.0000000	0.0000000	0.0000460	0.1821821	0.1013566	0.0000000	0.0000000
7539.9929455	7004.9856374	7004.9778613	0.0000000	0.0000000	0.0001056	0.1820000	0.0998694	0.0000000	0.0000000
