7505.0010598	7599.9977245	7599.5502051	0.0000000	0.0000000	0.0057767	0.1914341	0.1246167	0.0000000	7505.0000000
7505.0010598	7594.9867234	7594.9313574	0.0000000	0.0000000	0.0088618	0.1908776	0.1243347	0.0000000	0.0000000
7505.0010598	7589.9849267	7589.8506250	0.0000000	0.0000000	0.0078387	0.1923149	0.1258168	0.0000000	0.0000000
7505.0010598	7584.9923107	7584.7698926	0.0000000	0.0000000	0.0093307	0.1912893	0.1248497	0.0000000	0.0000000
7505.0010598	7579.9895004	7579.6891602	0.0000000	0.0000000	0.0106580	0.1908448	0.1238054	0.0000000	0.0000000
7505.0010598	7574.9892387	7574.6139941	0.0000000	0.0000000	0.0106039	0.1907919	0.1247976	0.0000000	0.0000000
7505.0010598	7569.9889770	7569.5944922	0.0000000	0.0000000	0.0123606	0.1904476	0.1252528	0.0000000	0.0000000
7505.0010598	7564.9887153	7564.5749902	0.0000000	0.0000000	0.0089695	0.1911591	0.1247234	0.0000000	0.0000000
7505.0010598	7559.9910021	7559.5554883	0.0000000	0.0000000	0.0090377	0.1917358	0.1245387	0.0000000	0.0000000
7505.0010598	7554.9856433	7554.9923047	0.0000000	0.0000000	0.0113761	0.1928597	0.1265807	0.0000000	0.0000000
7505.0010598	7549.9853816	7549.9728027	0.0000000	0.0000000	0.0107151	0.1927225	0.1253185	0.0000000	0.0000000
7505.0010598	7544.9851198	7544.9533008	0.0000000	0.0000000	0.0113088	0.1920197	0.1256395	0.0000000	0.0000000
7505.0010598	7539.9843974	7539.9337988	0.0000000	0.0000000	0.0124624	0.1911248	0.1250704	0.0000000	0.0000000
7505.0010598	7534.9866347	7534.9142969	0.0000000	0.0000000	0.0116079	0.1916393	0.1257740	0.0000000	0.0000000
7505.0010598	7529.9830707	7529.8947949	0.0000000	0.0000000	0.0131919	0.1911030	0.1258309	0.0000000	0.0000000
7505.0010598	7524.9853080	7524.9299316	0.0000000	0.0000000	0.0182770	0.1915399	0.1259910	0.0000000	0.0000000
7505.0010598	7519.9875452	7519.9705322	0.0000000	0.0000000	0.0347990	0.1912532	0.1250801	0.0000000	0.0000000
7505.0010598	7514.9868819	7514.5602783	0.0000000	0.0000000	0.0705066	0.1914301	0.1245911	0.0000000	0.0000000
7505.0010598	7509.9833179	7509.6008789	0.0000000	0.0000000	0.1027411	0.1915146	0.1249839	0.0000000	0.0000000
7505.0010598	7504.9826546	7504.6414795	0.0000000	0.0000000	0.1060472	0.1907642	0.1240459	0.0000000	0.0000000
7505.0010598	7499.9906931	7499.6820801	0.0000000	0.0000000	0.0814240	0.1903179	0.1248860	0.0000000	0.0000000
7505.0010598	7494.9842285	7494.7226807	0.0000000	0.0000000	0.0452198	0.1905311	0.1251100	0.0000000	0.0000000
7505.0010598	7489.9871487	7489.7632813	0.0000000	0.0000000	0.0193793	0.1904054	0.1254951	0.0000000	0.0000000
7505.0010598	7484.9872274	7484.8038818	0.0000000	0.0000000	0.0118761	0.1915470	0.1254038	0.0000000	0.0000000
7505.0010598	7479.9873061	7479.8981445	0.0000000	0.0000000	0.0092010	0.1915024	0.1245165	0.0000000	0.0000000
7505.0010598	7474.9873848	7474.9977734	0.0000000	0.0000000	0.0083733	0.1914530	0.1241626	0.0000000	0.0000000
7505.0010598	7469.9846178	7469.6519141	0.0000000	0.0000000	0.0069298	0.1913568	0.1239183	0.0000000	0.0000000
7505.0010598	7464.9875422	7464.7515430	0.0000000	0.0000000	0.0061526	0.1916595	0.1238983	0.0000000	0.0000000
7505.0010598	7459.9847751	7459.8511719	0.0000000	0.0000000	0.0066997	0.1904863	0.1246099	0.0000000	0.0000000
7505.0010598	7454.9820081	7454.9508008	0.0000000	0.0000000	0.0055901	0.1916761	0.1240171	0.0000000	0.0000000
7505.0010598	7449.9877783	7449.6049414	0.0000000	0.0000000	0.0068219	0.1911708	0.1246580	0.0000000	0.0000000
7505.0010598	7444.9850112	7444.7045703	0.0000000	0.0000000	0.0060168	0.1913750	0.1231694	0.0000000	0.0000000
7505.0010598	7439.9879357	7439.8041992	0.0000000	0.0000000	0.0079468	0.1920050	0.1230084	0.0000000	0.0000000
7505.0010598	7434.9851686	7434.9618359	0.0000000	0.0000000	0.0122754	0.1910127	0.1240815	0.0000000	0.0000000
7505.0010598	7429.9899093	7429.6792578	0.0000000	0.0000000	0.0097262	0.1910308	0.1229355	0.0000000	0.0000000
7505.0010598	7424.9864714	7424.8368945	0.0000000	0.0000000	0.0083358	0.1914495	0.1225464	0.0000000	0.0000000
7505.0010598	7419.9883932	7419.9945313	0.0000000	0.0000000	0.0103313	0.1921646	0.1223287	0.0000000	0.0000000
7505.0010598	7414.9849553	7414.7119531	0.0000000	0.0000000	0.0076715	0.1918888	0.1205988	0.0000000	0.0000000
7505.0010598	7409.9868772	7409.8695898	0.0000000	0.0000000	0.0083870	0.1913145	0.1214828	0.0000000	0.0000000
7505.0010598	7404.9861191	7404.5870117	0.0000000	0.0000000	0.0083199	0.1908646	0.1218673	0.0000000	0.0000000
7505.0010598	7399.9853611	7399.7446484	0.0000000	0.0000000	0.0073469	0.1913070	0.1201243	0.0000000	0.0000000
7505.0010598	7394.9872830	7394.9126367	0.0000000	0.0000000	0.0083315	0.1909976	0.1198419	0.0000000	0.0000000
7505.0010598	7389.9892049	7389.6921680	0.0000000	0.0000000	0.0083041	0.1909906	0.1199236	0.0000000	0.0000000
7505.0010598	7384.9857669	7384.9067383	0.0000000	0.0000000	0.0073708	0.1906492	0.1184789	0.0000000	0.0000000
7505.0010598	7379.9820701	7379.6862695	0.0000000	0.0000000	0.0070210	0.1915453	0.1175022	0.0000000	0.0000000
7505.0010598	7374.9860639	7374.9008398	0.0000000	0.0000000	0.0049769	0.1908900	0.1162341	0.0000000	0.0000000
7505.0010598	7369.9868136	7369.6803711	0.0000000	0.0000000	0.0069303	0.1907874	0.1152659	0.0000000	0.0000000
7505.0010598	7364.9810749	7364.8949414	0.0000000	0.0000000	0.0078337	0.1911234	0.1149760	0.0000000	0.0000000
7505.0010598	7359.9850687	7359.6744727	0.0000000	0.0000000	0.0090920	0.1922870	0.1144717	0.0000000	0.0000000
7505.0010598	7354.9890626	7354.8890430	0.0000000	0.0000000	0.0080706	0.1925819	0.1125544	0.0000000	0.0000000
7505.0010598	7349.9865681	7349.6991016	0.0000000	0.0000000	0.0064573	0.1921337	0.1109478	0.0000000	0.0000000
7505.0010598	7344.9840736	7344.9696387	0.0000000	0.0000000	0.0078705	0.1914955	0.1087383	0.0000000	0.0000000
7505.0010598	7339.9848232	7339.8102246	0.0000000	0.0000000	0.0054755	0.1915569	0.1077947	0.0000000	0.0000000
7505.0010598	7334.9855729	7334.6508105	0.0000000	0.0000000	0.0055979	0.1915145	0.1076763	0.0000000	0.0000000
7505.0010598	7329.9863226	7329.9213477	0.0000000	0.0000000	0.0068010	0.1900784	0.1088990	0.0000000	0.0000000
7505.0010598	7324.9906716	7324.7619336	0.0000000	0.0000000	0.0064236	0.1916588	0.1092615	0.0000000	0.0000000
7505.0010598	7319.9843593	7319.6025195	0.0000000	0.0000000	0.0066641	0.1919148	0.1087737	0.0000000	0.0000000
7505.0010598	7314.9864987	7314.8730566	0.0000000	0.0000000	0.0074232	0.1905791	0.1082585	0.0000000	0.0000000
7505.0010598	7309.9886382	7309.7136426	0.0000000	0.0000000	0.0058876	0.1913878	0.1087742	0.0000000	0.0000000
7505.0010598	7304.9879604	7304.6092822	0.0000000	0.0000000	0.0047155	0.1917079	0.1086383	0.0000000	0.0000000
7505.0010598	7299.9844653	7299.9348730	0.0000000	0.0000000	0.0057958	0.1912025	0.1085022	0.0000000	0.0000000
7505.0010598	7294.9837875	7294.8355176	0.0000000	0.0000000	0.0051394	0.1903422	0.1094751	0.0000000	0.0000000
7505.0010598	7289.9831097	7289.7361621	0.0000000	0.0000000	0.0069590	0.1900507	0.1099637	0.0000000	0.0000000
7505.0010598	7284.9852492	7284.6368066	0.0000000	0.0000000	0.0056661	0.1910836	0.1101475	0.0000000	0.0000000
7505.0010598	7279.9880039	7279.9623975	0.0000000	0.0000000	0.0087205	0.1908522	0.1105653	0.0000000	0.0000000
7505.0010598	7274.9809045	7274.8630420	0.0000000	0.0000000	0.0080999	0.1915901	0.1111412	0.0000000	0.0000000
7505.0010598	7269.9866356	7269.7636865	0.0000000	0.0000000	0.0073569	0.1905334	0.1113231	0.0000000	0.0000000
7505.0010598	7264.9859514	7264.6888672	0.0000000	0.0000000	0.0066946	0.1896877	0.1112173	0.0000000	0.0000000
7505.0010598	7259.9820596	7259.6483984	0.0000000	0.0000000	0.0059991	0.1907113	0.1096558	0.0000000	0.0000000
7505.0010598	7254.9845830	7254.6079297	0.0000000	0.0000000	0.0099740	0.1901796	0.1089063	0.0000000	0.0000000
7505.0010598	7249.9838989	7249.9875000	0.0000000	0.0000000	0.0070027	0.1916106	0.1070706	0.0000000	0.0000000
7505.0010598	7244.9832147	7244.9470313	0.0000000	0.0000000	0.0034476	0.1913558	0.1059896	0.0000000	0.0000000
7505.0010598	7239.9857381	7239.9065625	0.0000000	0.0000000	0.0017448	0.1911184	0.1045453	0.0000000	0.0000000
7505.0010598	7234.9818463	7234.8660938	0.0000000	0.0000000	0.0013823	0.1894773	0.1028202	0.0000000	0.0000000
7505.0010598	7229.9811622	7229.8256250	0.0000000	0.0000000	0.0013889	0.1911260	0.1022928	0.0000000	0.0000000
7505.0010598	7224.9805610	7224.7851563	0.0000000	0.0000000	0.0012769	0.1913865	0.1037363	0.0000000	0.0000000
7505.0010598	7219.9853736	7219.8026367	0.0000000	0.0000000	0.0014875	0.1919303	0.1042325	0.0000000	0.0000000
7505.0010598	7214.9869255	7214.8201172	0.0000000	0.0000000	0.0017212	0.1915316	0.1069503	0.0000000	0.0000000
7505.0010598	7209.9884774	7209.8375977	0.0000000	0.0000000	0.0020341	0.1912749	0.1086140	0.0000000	0.0000000
7505.0010598	7204.9867688	7204.8550781	0.0000000	0.0000000	0.0015887	0.1912155	0.1095043	0.0000000	0.0000000
7505.0010598	7199.9850602	7199.8725586	0.0000000	0.0000000	0.0012257	0.1902406	0.1107560	0.0000000	0.0000000
7505.0010598	7194.9866121	7194.8900391	0.0000000	0.0000000	0.0014602	0.1903008	0.1107297	0.0000000	0.0000000
7505.0010598	7189.9849035	7189.9075195	0.0000000	0.0000000	0.0013646	0.1911243	0.1111740	0.0000000	0.0000000
7505.0010598	7184.9831949	7184.9250000	0.0000000	0.0000000	0.0014467	0.1901666	0.1098975	0.0000000	0.0000000
7505.0010598	7179.9847469	7179.9804492	0.0000000	0.0000000	0.0008213	0.1898365	0.1079343	0.0000000	0.0000000
7505.0010598	7174.9862988	7174.6444189	0.0000000	0.0000000	0.0010073	0.1909087	0.1089436	0.0000000	0.0000000
7505.0010598	7169.9845902	7169.7188525	0.0000000	0.0000000	0.0006655	0.1913679	0.1072216	0.0000000	0.0000000
7505.0010598	7164.9909244	7164.7932861	0.0000000	0.0000000	0.0004178	0.1925521	0.1054988	0.0000000	0.0000000
7505.0010598	7159.9860013	7159.8677197	0.0000000	0.0000000	0.0004707	0.1913833	0.1060000	0.0000000	0.0000000
7505.0010598	7154.9840860	7154.9421533	0.0000000	0.0000000	0.0003872	0.1915316	0.1069697	0.0000000	0.0000000
7505.0010598	7149.9851785	7149.6061230	0.0000000	0.0000000	0.0005602	0.1910377	0.1077889	0.0000000	0.0000000
7505.0010598	7144.9892787	7144.6805566	0.0000000	0.0000000	0.0005005	0.1902402	0.1065557	0.0000000	0.0000000
7505.0010598	7139.9873635	7139.7829688	0.0000000	0.0000000	0.0003276	0.1902217	0.1059164	0.0000000	0.0000000
7505.0010598	7134.9854482	7134.9133594	0.0000000	0.0000000	0.0002855	0.1910305	0.1077454	0.0000000	0.0000000
7505.0010598	7129.9865407	7129.6379492	0.0000000	0.0000000	0.0004082	0.1909004	0.1077471	0.0000000	0.0000000
7505.0010598	7124.9846254	7124.7683398	0.0000000	0.0000000	0.0003356	0.1902184	0.1068910	0.0000000	0.0000000
7505.0010598	7119.9827101	7119.8987305	0.0000000	0.0000000	0.0001508	0.1899229	0.1048080	0.0000000	0.0000000
7505.0010598	7114.9843181	7114.6233203	0.0000000	0.0000000	0.0002167	0.1900427	0.1056974	0.0000000	0.0000000
7505.0010598	7109.9857704	7109.7537109	0.0000000	0.0000000	0.0002476	0.1895635	0.1049399	0.0000000	0.0000000
7505.0010598	7104.9837419	7104.8841016	0.0000000	0.0000000	0.0002391	0.1906099	0.1058058	0.0000000	0.0000000
7505.0010598	7099.9851943	7099.6316406	0.0000000	0.0000000	0.0002759	0.1910129	0.1051842	0.0000000	0.0000000
7505.0010598	7094.9831658	7094.8171094	0.0000000	0.0000000	0.0003016	0.1898502	0.1058564	0.0000000	0.0000000
7505.0010598	7089.9811373	7089.6013672	0.0000000	0.0000000	0.0001953	0.1904437	0.1058558	0.0000000	0.0000000
7505.0010598	7084.9860706	7084.7868359	0.0000000	0.0000000	0.0004174	0.1904399	0.1060707	0.0000000	0.0000000
7505.0010598	7079.9875230	7079.9723047	0.0000000	0.0000000	0.0001133	0.1905220	0.1041689	0.0000000	0.0000000
7505.0010598	7074.9889754	7074.7565625	0.0000000	0.0000000	0.0000851	0.1904526	0.1032079	0.0000000	0.0000000
7505.0010598	7069.9904278	7069.9420313	0.0000000	0.0000000	0.0000718	0.1894580	0.1029364	0.0000000	0.0000000
7505.0010598	7064.9883993	7064.7262891	0.0000000	0.0000000	0.0001138	0.1905115	0.1032625	0.0000000	0.0000000
7505.0010598	7059.9863559	7059.9297656	0.0000000	0.0000000	0.0000729	0.1913815	0.1030929	0.0000000	0.0000000
7505.0010598	7054.9841606	7054.7725488	0.0000000	0.0000000	0.0000898	0.1908837	0.1004423	0.0000000	0.0000000
7505.0010598	7049.9819654	7049.6153320	0.0000000	0.0000000	0.0001552	0.1908524	0.1013282	0.0000000	0.0000000
7505.0010598	7044.9875799	7044.8548242	0.0000000	0.0000000	0.0001187	0.1905267	0.1016117	0.0000000	0.0000000
7505.0010598	7039.9814797	7039.6976074	0.0000000	0.0000000	0.0000812	0.1902526	0.1025688	0.0000000	0.0000000
7505.0010598	7034.9831894	7034.9370996	0.0000000	0.0000000	0.0001167	0.1905669	0.1026321	0.0000000	0.0000000
7505.0010598	7029.9809941	7029.7798828	0.0000000	0.0000000	0.0000657	0.1907893	0.1027073	0.0000000	0.0000000
7505.0010598	7024.9827038	7024.6226660	0.0000000	0.0000000	0.0001633	0.1914924	0.1024454	0.0000000	0.0000000
7505.0010598	7019.9805085	7019.8843262	0.0000000	0.0000000	0.0001431	0.1906986	0.1035894	0.0000000	0.0000000
7505.0010598	7014.9822181	7014.7847461	0.0000000	0.0000000	0.0001234	0.1894565	0.1026475	0.0000000	0.0000000
7505.0010598	7009.9878327	7009.6851660	0.0000000	0.0000000	0.0000676	0.1907657	0.1030162	0.0000000	0.0000000
7505.0010598	7004.9817325	7004.9778613	0.0000000	0.0000000	0.0000975	0.1914841	0.1035872	0.0000000	0.0000000
