7489.9921729	7599.9977245	7599.5502051	0.0000000	0.0000000	0.0049768	0.1932184	0.1232059	0.0000000	7490.0000000
7489.9921729	7594.9867234	7594.9313574	0.0000000	0.0000000	0.0074506	0.1919161	0.1238011	0.0000000	0.0000000
7489.9921729	7589.9849267	7589.8506250	0.0000000	0.0000000	0.0075903	0.1924182	0.1247391	0.0000000	0.0000000
7489.9921729	7584.9923107	7584.7698926	0.0000000	0.0000000	0.0085540	0.1923193	0.1231409	0.0000000	0.0000000
7489.9921729	7579.9895004	7579.6891602	0.0000000	0.0000000	0.0087576	0.1921462	0.1232645	0.0000000	0.0000000
7489.9921729	7574.9866901	7574.6139941	0.0000000	0.0000000	0.0093767	0.1920831	0.1237965	0.0000000	0.0000000
7489.9921729	7569.9889770	7569.5944922	0.0000000	0.0000000	0.0083557	0.1929125	0.1234854	0.0000000	0.0000000
7489.9921729	7564.9887153	7564.5749902	0.0000000	0.0000000	0.0081581	0.1927428	0.1236366	0.0000000	0.0000000
7489.9921729	7559.9884535	7559.5554883	0.0000000	0.0000000	0.0074420	0.1922233	0.1246082	0.0000000	0.0000000
7489.9921729	7554.9856433	7554.9923047	0.0000000	0.0000000	0.0098225	0.1917728	0.1252205	0.0000000	0.0000000
7489.9921729	7549.9853816	7549.9728027	0.0000000	0.0000000	0.0082672	0.1920618	0.1240424	0.0000000	0.0000000
7489.9921729	7544.9851198	7544.9533008	0.0000000	0.0000000	0.0087361	0.1923739	0.1237660	0.0000000	0.0000000
7489.9921729	7539.9872981	7539.9337988	0.0000000	0.0000000	0.0105614	0.1918157	0.1257942	0.0000000	0.0000000
7489.9921729	7534.9866347	7534.9142969	0.0000000	0.0000000	0.0109015	0.1925358	0.1253687	0.0000000	0.0000000
7489.9921729	7530.0352818	7529.8947949	0.0000000	0.0000000	0.0107213	0.1929222	0.1241545	0.0000000	0.0000000
7489.9921729	7524.9882086	7524.9299316	0.0000000	0.0000000	0.0110554	0.1932269	0.1240560	0.0000000	0.0000000
7489.9921729	7519.9875452	7519.9705322	0.0000000	0.0000000	0.0134280	0.1909917	0.1244855	0.0000000	0.0000000
7489.9921729	7515.0390930	7514.5602783	0.0000000	0.0000000	0.0117925	0.1924249	0.1230641	0.0000000	0.0000000
7489.9921729	7509.9862185	7509.6008789	0.0000000	0.0000000	0.0165214	0.1930131	0.1235426	0.0000000	0.0000000
7489.9921729	7505.0319651	7504.6414795	0.0000000	0.0000000	0.0297207	0.1928857	0.1230245	0.0000000	0.0000000
7489.9921729	7499.9877924	7499.6820801	0.0000000	0.0000000	0.0652145	0.1923201	0.1254985	0.0000000	0.0000000
7489.9921729	7495.0364396	7494.7226807	0.0000000	0.0000000	0.0893208	0.1925135	0.1247988	0.0000000	0.0000000
7489.9921729	7490.0326801	7489.7632813	0.0000000	0.0000000	0.0974469	0.1925825	0.1226100	0.0000000	0.0000000
7489.9921729	7484.9872274	7484.8038818	0.0000000	0.0000000	0.0777916	0.1925651	0.1239347	0.0000000	0.0000000
7489.9921729	7479.9873061	7479.8981445	0.0000000	0.0000000	0.0412350	0.1924254	0.1241326	0.0000000	0.0000000
7489.9921729	7474.9873848	7474.9977734	0.0000000	0.0000000	0.0185881	0.1929073	0.1240801	0.0000000	0.0000000
7489.9921729	7469.9846178	7469.6519141	0.0000000	0.0000000	0.0061121	0.1937399	0.1230935	0.0000000	0.0000000
7489.9921729	7464.9875422	7464.7515430	0.0000000	0.0000000	0.0050850	0.1932618	0.1238711	0.0000000	0.0000000
7489.9921729	7460.0359980	7459.8511719	0.0000000	0.0000000	0.0056139	0.1928954	0.1234415	0.0000000	0.0000000
7489.9921729	7454.9820081	7454.9508008	0.0000000	0.0000000	0.0058795	0.1929082	0.1225421	0.0000000	0.0000000
7489.9921729	7449.9906240	7449.6049414	0.0000000	0.0000000	0.0054546	0.1929756	0.1231088	0.0000000	0.0000000
7489.9921729	7444.9850112	7444.7045703	0.0000000	0.0000000	0.0054547	0.1915560	0.1240706	0.0000000	0.0000000
7489.9921729	7439.9879357	7439.8041992	0.0000000	0.0000000	0.0046892	0.1915493	0.1222803	0.0000000	0.0000000
7489.9921729	7434.9880144	7434.9618359	0.0000000	0.0000000	0.0059591	0.1920026	0.1229949	0.0000000	0.0000000
7489.9921729	7429.9899093	7429.6792578	0.0000000	0.0000000	0.0051255	0.1925023	0.1223564	0.0000000	0.0000000
7489.9921729	7424.9864714	7424.8368945	0.0000000	0.0000000	0.0062803	0.1932958	0.1220764	0.0000000	0.0000000
7489.9921729	7419.9857133	7419.9945313	0.0000000	0.0000000	0.0065933	0.1929315	0.1210045	0.0000000	0.0000000
7489.9921729	7414.9849553	7414.7119531	0.0000000	0.0000000	0.0055245	0.1923816	0.1206283	0.0000000	0.0000000
7489.9921729	7409.9868772	7409.8695898	0.0000000	0.0000000	0.0047664	0.1922354	0.1206777	0.0000000	0.0000000
7489.9921729	7404.9861191	7404.5870117	0.0000000	0.0000000	0.0049727	0.1927593	0.1191766	0.0000000	0.0000000
7489.9921729	7399.9853611	7399.7446484	0.0000000	0.0000000	0.0059550	0.1928379	0.1198427	0.0000000	0.0000000
7489.9921729	7394.9846030	7394.9126367	0.0000000	0.0000000	0.0052090	0.1928102	0.1188242	0.0000000	0.0000000
7489.9921729	7389.9865249	7389.6921680	0.0000000	0.0000000	0.0056121	0.1925146	0.1187043	0.0000000	0.0000000
7489.9921729	7384.9857669	7384.9067383	0.0000000	0.0000000	0.0055706	0.1919200	0.1187316	0.0000000	0.0000000
7489.9921729	7379.9853142	7379.6862695	0.0000000	0.0000000	0.0049711	0.1919667	0.1167516	0.0000000	0.0000000
7489.9921729	7375.0120172	7374.9008398	0.0000000	0.0000000	0.0049766	0.1926593	0.1163213	0.0000000	0.0000000
7489.9921729	7370.0095227	7369.6803711	0.0000000	0.0000000	0.0044230	0.1923650	0.1155627	0.0000000	0.0000000
7489.9921729	7365.0102724	7364.8949414	0.0000000	0.0000000	0.0051819	0.1932522	0.1149534	0.0000000	0.0000000
7489.9921729	7360.0077779	7359.6744727	0.0000000	0.0000000	0.0060542	0.1937566	0.1152244	0.0000000	0.0000000
7489.9921729	7355.0052834	7354.8890430	0.0000000	0.0000000	0.0066520	0.1926753	0.1135435	0.0000000	0.0000000
7489.9921729	7350.0092772	7349.6991016	0.0000000	0.0000000	0.0070453	0.1927217	0.1127319	0.0000000	0.0000000
7489.9921729	7345.0035385	7344.9696387	0.0000000	0.0000000	0.0053204	0.1934923	0.1089210	0.0000000	0.0000000
7489.9921729	7340.0042882	7339.8102246	0.0000000	0.0000000	0.0047426	0.1924233	0.1081576	0.0000000	0.0000000
7489.9921729	7335.0147704	7334.6508105	0.0000000	0.0000000	0.0062067	0.1936307	0.1082617	0.0000000	0.0000000
7489.9921729	7329.9992992	7329.9213477	0.0000000	0.0000000	0.0067209	0.1931265	0.1092448	0.0000000	0.0000000
7489.9921729	7325.0160272	7324.7619336	0.0000000	0.0000000	0.0039818	0.1933960	0.1073655	0.0000000	0.0000000
7489.9921729	7319.9843593	7319.6025195	0.0000000	0.0000000	0.0043402	0.1925581	0.1069351	0.0000000	0.0000000
7489.9921729	7314.9836815	7314.8730566	0.0000000	0.0000000	0.0058304	0.1924680	0.1092557	0.0000000	0.0000000
7489.9921729	7309.9886382	7309.7136426	0.0000000	0.0000000	0.0043282	0.1933459	0.1080475	0.0000000	0.0000000
7489.9921729	7304.9851431	7304.6092822	0.0000000	0.0000000	0.0039843	0.1930846	0.1069858	0.0000000	0.0000000
7489.9921729	7299.9844653	7299.9348730	0.0000000	0.0000000	0.0049375	0.1921561	0.1084752	0.0000000	0.0000000
7489.9921729	7294.9866048	7294.8355176	0.0000000	0.0000000	0.0042203	0.1919684	0.1081223	0.0000000	0.0000000
7489.9921729	7289.9859270	7289.7361621	0.0000000	0.0000000	0.0038746	0.1921267	0.1096144	0.0000000	0.0000000
7489.9921729	7284.9852492	7284.6368066	0.0000000	0.0000000	0.0056398	0.1917614	0.1093276	0.0000000	0.0000000
7489.9921729	7279.9912115	7279.9623975	0.0000000	0.0000000	0.0053260	0.1907471	0.1106997	0.0000000	0.0000000
7489.9921729	7275.0065655	7274.8630420	0.0000000	0.0000000	0.0058308	0.1918926	0.1110629	0.0000000	0.0000000
7489.9921729	7270.0090889	7269.7636865	0.0000000	0.0000000	0.0043505	0.1928654	0.1104386	0.0000000	0.0000000
7489.9921729	7265.0084048	7264.6888672	0.0000000	0.0000000	0.0039536	0.1925408	0.1081785	0.0000000	0.0000000
7489.9921729	7260.0077206	7259.6483984	0.0000000	0.0000000	0.0029753	0.1924829	0.1094956	0.0000000	0.0000000
7489.9921729	7255.0070364	7254.6079297	0.0000000	0.0000000	0.0028984	0.1932323	0.1078521	0.0000000	0.0000000
7489.9921729	7250.0063522	7249.9875000	0.0000000	0.0000000	0.0024307	0.1932386	0.1050739	0.0000000	0.0000000
7489.9921729	7245.0088757	7244.9470313	0.0000000	0.0000000	0.0021973	0.1923977	0.1044663	0.0000000	0.0000000
7489.9921729	7240.0146067	7239.9065625	0.0000000	0.0000000	0.0018702	0.1916249	0.1043016	0.0000000	0.0000000
7489.9921729	7235.0107149	7234.8660938	0.0000000	0.0000000	0.0012865	0.1918414	0.1027297	0.0000000	0.0000000
7489.9921729	7230.0036155	7229.8256250	0.0000000	0.0000000	0.0009119	0.1923119	0.1020022	0.0000000	0.0000000
7489.9921729	7225.0033850	7224.7851563	0.0000000	0.0000000	0.0010793	0.1922424	0.1021143	0.0000000	0.0000000
7489.9921729	7220.0081975	7219.8026367	0.0000000	0.0000000	0.0017769	0.1925485	0.1045822	0.0000000	0.0000000
7489.9921729	7215.0064889	7214.8201172	0.0000000	0.0000000	0.0014941	0.1917706	0.1069026	0.0000000	0.0000000
7489.9921729	7210.0113014	7209.8375977	0.0000000	0.0000000	0.0013766	0.1926527	0.1073114	0.0000000	0.0000000
7489.9921729	7205.0030717	7204.8550781	0.0000000	0.0000000	0.0012048	0.1934155	0.1078947	0.0000000	0.0000000
7489.9921729	7200.0013630	7199.8725586	0.0000000	0.0000000	0.0008542	0.1926178	0.1079679	0.0000000	0.0000000
7489.9921729	7195.0061755	7194.8900391	0.0000000	0.0000000	0.0011470	0.1931370	0.1095696	0.0000000	0.0000000
7489.9921729	7190.0044669	7189.9075195	0.0000000	0.0000000	0.0014099	0.1934418	0.1100247	0.0000000	0.0000000
7489.9921729	7185.0027583	7184.9250000	0.0000000	0.0000000	0.0013000	0.1915713	0.1095193	0.0000000	0.0000000
7489.9921729	7179.9945286	7179.9804492	0.0000000	0.0000000	0.0008213	0.1933146	0.1073257	0.0000000	0.0000000
7489.9921729	7174.9862988	7174.6444189	0.0000000	0.0000000	0.0009799	0.1927539	0.1069548	0.0000000	0.0000000
7489.9921729	7170.0041536	7169.7188525	0.0000000	0.0000000	0.0008097	0.1923406	0.1054022	0.0000000	0.0000000
7489.9921729	7165.0240098	7164.7932861	0.0000000	0.0000000	0.0004966	0.1929558	0.1059612	0.0000000	0.0000000
7489.9921729	7160.0281100	7159.8677197	0.0000000	0.0000000	0.0004186	0.1929666	0.1043195	0.0000000	0.0000000
7489.9921729	7155.0231870	7154.9421533	0.0000000	0.0000000	0.0005294	0.1930819	0.1056467	0.0000000	0.0000000
7489.9921729	7150.0333028	7149.6061230	0.0000000	0.0000000	0.0005665	0.1931611	0.1052039	0.0000000	0.0000000
7489.9921729	7145.0193564	7144.6805566	0.0000000	0.0000000	0.0004565	0.1922997	0.1062441	0.0000000	0.0000000
7489.9921729	7140.0294722	7139.7829688	0.0000000	0.0000000	0.0003289	0.1926924	0.1035792	0.0000000	0.0000000
7489.9921729	7135.0245491	7134.9133594	0.0000000	0.0000000	0.0002550	0.1914517	0.1049297	0.0000000	0.0000000
7489.9921729	7130.0226338	7129.6379492	0.0000000	0.0000000	0.0003502	0.1930468	0.1052937	0.0000000	0.0000000
7489.9921729	7125.0267341	7124.7683398	0.0000000	0.0000000	0.0002722	0.1928121	0.1040975	0.0000000	0.0000000
7489.9921729	7120.0188033	7119.8987305	0.0000000	0.0000000	0.0001859	0.1926873	0.1040558	0.0000000	0.0000000
7489.9921729	7115.0017225	7114.6233203	0.0000000	0.0000000	0.0002312	0.1928173	0.1042017	0.0000000	0.0000000
7489.9921729	7109.9857704	7109.7537109	0.0000000	0.0000000	0.0003370	0.1939253	0.1050375	0.0000000	0.0000000
7489.9921729	7104.9941846	7104.8841016	0.0000000	0.0000000	0.0002729	0.1928440	0.1045536	0.0000000	0.0000000
7489.9921729	7099.9817134	7099.6316406	0.0000000	0.0000000	0.0003271	0.1926509	0.1045538	0.0000000	0.0000000
7489.9921729	7094.9831658	7094.8171094	0.0000000	0.0000000	0.0002036	0.1928477	0.1039254	0.0000000	0.0000000
7489.9921729	7089.9846182	7089.6013672	0.0000000	0.0000000	0.0002308	0.1927239	0.1038896	0.0000000	0.0000000
7489.9921729	7084.9895515	7084.7868359	0.0000000	0.0000000	0.0001765	0.1925940	0.1029846	0.0000000	0.0000000
7489.9921729	7079.9875230	7079.9723047	0.0000000	0.0000000	0.0001803	0.1915061	0.1030631	0.0000000	0.0000000
7489.9921729	7074.9889754	7074.7565625	0.0000000	0.0000000	0.0001084	0.1918973	0.1010596	0.0000000	0.0000000
7489.9921729	7069.9973895	7069.9420313	0.0000000	0.0000000	0.0000311	0.1922360	0.1016714	0.0000000	0.0000000
7489.9921729	7064.9849184	7064.7262891	0.0000000	0.0000000	0.0000643	0.1918599	0.1012701	0.0000000	0.0000000
7489.9921729	7059.9863559	7059.9297656	0.0000000	0.0000000	0.0001335	0.1922847	0.1010577	0.0000000	0.0000000
7489.9921729	7054.9841606	7054.7725488	0.0000000	0.0000000	0.0000756	0.1917466	0.1013689	0.0000000	0.0000000
7489.9921729	7049.9819654	7049.6153320	0.0000000	0.0000000	0.0001029	0.1928846	0.1004829	0.0000000	0.0000000
7489.9921729	7044.9836750	7044.8548242	0.0000000	0.0000000	0.0000508	0.1923571	0.1008589	0.0000000	0.0000000
7489.9921729	7039.9814797	7039.6976074	0.0000000	0.0000000	0.0000973	0.1924247	0.1002207	0.0000000	0.0000000
7489.9921729	7034.9831894	7034.9370996	0.0000000	0.0000000	0.0001232	0.1923241	0.1016449	0.0000000	0.0000000
7489.9921729	7029.9809941	7029.7798828	0.0000000	0.0000000	0.0001389	0.1930675	0.1003353	0.0000000	0.0000000
7489.9921729	7024.9827038	7024.6226660	0.0000000	0.0000000	0.0001132	0.1935852	0.0995725	0.0000000	0.0000000
7489.9921729	7019.9805085	7019.8843262	0.0000000	0.0000000	0.0000469	0.1935726	0.0998209	0.0000000	0.0000000
7489.9921729	7014.9822181	7014.7847461	0.0000000	0.0000000	0.0000752	0.1935282	0.1006278	0.0000000	0.0000000
7489.9921729	7009.9839278	7009.6851660	0.0000000	0.0000000	0.0000723	0.1928307	0.1017063	0.0000000	0.0000000
7489.9921729	7004.9817325	7004.9778613	0.0000000	0.0000000	0.0000642	0.1931287	0.0999620	0.0000000	0.0000000
