7209.9968368	7599.9977245	7599.5502051	0.0000000	0.0000000	0.0185656	0.1750865	0.1226340	0.0000000	7210.0000000
7209.9968368	7594.9867234	7594.9313574	0.0000000	0.0000000	0.0227318	0.1764897	0.1219678	0.0000000	0.0000000
7209.9968368	7589.9849267	7589.8506250	0.0000000	0.0000000	0.0221898	0.1751067	0.1214453	0.0000000	0.0000000
7209.9968368	7584.9897621	7584.7698926	0.0000000	0.0000000	0.0236979	0.1761580	0.1228040	0.0000000	0.0000000
7209.9968368	7579.9895004	7579.6891602	0.0000000	0.0000000	0.0217993	0.1752135	0.1224958	0.0000000	0.0000000
7209.9968368	7574.9866901	7574.6139941	0.0000000	0.0000000	0.0257263	0.1749838	0.1236926	0.0000000	0.0000000
7209.9968368	7569.9889770	7569.5944922	0.0000000	0.0000000	0.0235754	0.1762924	0.1235468	0.0000000	0.0000000
7209.9968368	7564.9861667	7564.5749902	0.0000000	0.0000000	0.0206672	0.1756460	0.1229731	0.0000000	0.0000000
7209.9968368	7559.9884535	7559.5554883	0.0000000	0.0000000	0.0167941	0.1757122	0.1234885	0.0000000	0.0000000
7209.9968368	7554.9856433	7554.9923047	0.0000000	0.0000000	0.0171521	0.1753046	0.1227439	0.0000000	0.0000000
7209.9968368	7549.9853816	7549.9728027	0.0000000	0.0000000	0.0168700	0.1754969	0.1223489	0.0000000	0.0000000
7209.9968368	7544.9825713	7544.9533008	0.0000000	0.0000000	0.0203716	0.1759755	0.1240005	0.0000000	0.0000000
7209.9968368	7539.9872981	7539.9337988	0.0000000	0.0000000	0.0173599	0.1748324	0.1220791	0.0000000	0.0000000
7209.9968368	7534.9866347	7534.9142969	0.0000000	0.0000000	0.0174094	0.1746135	0.1230060	0.0000000	0.0000000
7209.9968368	7529.9830707	7529.8947949	0.0000000	0.0000000	0.0163463	0.1755824	0.1233596	0.0000000	0.0000000
7209.9968368	7524.9853080	7524.9299316	0.0000000	0.0000000	0.0174198	0.1753622	0.1248654	0.0000000	0.0000000
7209.9968368	7519.9875452	7519.9705322	0.0000000	0.0000000	0.0159701	0.1755215	0.1240674	0.0000000	0.0000000
7209.9968368	7514.9868819	7514.5602783	0.0000000	0.0000000	0.0194515	0.1750350	0.1238477	0.0000000	0.0000000
7209.9968368	7510.0355290	7509.6008789	0.0000000	0.0000000	0.0222670	0.1762830	0.1248783	0.0000000	0.0000000
7209.9968368	7504.9826546	7504.6414795	0.0000000	0.0000000	0.0183314	0.1746335	0.1230529	0.0000000	0.0000000
7209.9968368	7500.0371029	7499.6820801	0.0000000	0.0000000	0.0199524	0.1758912	0.1223937	0.0000000	0.0000000
7209.9968368	7494.9842285	7494.7226807	0.0000000	0.0000000	0.0184900	0.1747916	0.1213564	0.0000000	0.0000000
7209.9968368	7490.0269887	7489.7632813	0.0000000	0.0000000	0.0180990	0.1758191	0.1221418	0.0000000	0.0000000
7209.9968368	7484.9843817	7484.8038818	0.0000000	0.0000000	0.0169583	0.1767164	0.1221692	0.0000000	0.0000000
7209.9968368	7480.0356832	7479.8981445	0.0000000	0.0000000	0.0172363	0.1768064	0.1222723	0.0000000	0.0000000
7209.9968368	7474.9845391	7474.9977734	0.0000000	0.0000000	0.0181235	0.1757404	0.1236624	0.0000000	0.0000000
7209.9968368	7469.9846178	7469.6519141	0.0000000	0.0000000	0.0147114	0.1759008	0.1231642	0.0000000	0.0000000
7209.9968368	7464.9846965	7464.7515430	0.0000000	0.0000000	0.0140273	0.1746837	0.1237494	0.0000000	0.0000000
7209.9968368	7459.9847751	7459.8511719	0.0000000	0.0000000	0.0120531	0.1750504	0.1241075	0.0000000	0.0000000
7209.9968368	7455.0360767	7454.9508008	0.0000000	0.0000000	0.0121516	0.1746370	0.1227776	0.0000000	0.0000000
7209.9968368	7450.0333097	7449.6049414	0.0000000	0.0000000	0.0120847	0.1747081	0.1210161	0.0000000	0.0000000
7209.9968368	7445.0333884	7444.7045703	0.0000000	0.0000000	0.0133125	0.1758668	0.1215393	0.0000000	0.0000000
7209.9968368	7439.9850899	7439.8041992	0.0000000	0.0000000	0.0123607	0.1749822	0.1202445	0.0000000	0.0000000
7209.9968368	7434.9823229	7434.9618359	0.0000000	0.0000000	0.0152123	0.1755743	0.1216123	0.0000000	0.0000000
7209.9968368	7429.9872294	7429.6792578	0.0000000	0.0000000	0.0120438	0.1759095	0.1203517	0.0000000	0.0000000
7209.9968368	7424.9918312	7424.8368945	0.0000000	0.0000000	0.0123678	0.1757424	0.1224976	0.0000000	0.0000000
7209.9968368	7419.9857133	7419.9945313	0.0000000	0.0000000	0.0120065	0.1766219	0.1219192	0.0000000	0.0000000
7209.9968368	7414.9849553	7414.7119531	0.0000000	0.0000000	0.0088636	0.1766180	0.1192728	0.0000000	0.0000000
7209.9968368	7409.9841972	7409.8695898	0.0000000	0.0000000	0.0096906	0.1755018	0.1204794	0.0000000	0.0000000
7209.9968368	7404.9861191	7404.5870117	0.0000000	0.0000000	0.0100294	0.1757260	0.1185901	0.0000000	0.0000000
7209.9968368	7399.9880410	7399.7446484	0.0000000	0.0000000	0.0100634	0.1765890	0.1178535	0.0000000	0.0000000
7209.9968368	7394.9872830	7394.9126367	0.0000000	0.0000000	0.0104265	0.1763696	0.1164027	0.0000000	0.0000000
7209.9968368	7389.9865249	7389.6921680	0.0000000	0.0000000	0.0114813	0.1761384	0.1161063	0.0000000	0.0000000
7209.9968368	7384.9857669	7384.9067383	0.0000000	0.0000000	0.0129232	0.1759044	0.1161145	0.0000000	0.0000000
7209.9968368	7379.9820701	7379.6862695	0.0000000	0.0000000	0.0142185	0.1752841	0.1165299	0.0000000	0.0000000
7209.9968368	7374.9990405	7374.9008398	0.0000000	0.0000000	0.0138741	0.1764846	0.1151534	0.0000000	0.0000000
7209.9968368	7370.0095227	7369.6803711	0.0000000	0.0000000	0.0172867	0.1754808	0.1150530	0.0000000	0.0000000
7209.9968368	7365.0102724	7364.8949414	0.0000000	0.0000000	0.0194978	0.1756365	0.1140022	0.0000000	0.0000000
7209.9968368	7360.0077779	7359.6744727	0.0000000	0.0000000	0.0216937	0.1751021	0.1142109	0.0000000	0.0000000
7209.9968368	7355.0052834	7354.8890430	0.0000000	0.0000000	0.0231860	0.1753232	0.1134404	0.0000000	0.0000000
7209.9968368	7350.0092772	7349.6991016	0.0000000	0.0000000	0.0210636	0.1754500	0.1098004	0.0000000	0.0000000
7209.9968368	7345.0002944	7344.9696387	0.0000000	0.0000000	0.0203225	0.1755950	0.1080430	0.0000000	0.0000000
7209.9968368	7340.0172648	7339.8102246	0.0000000	0.0000000	0.0179288	0.1771664	0.1067581	0.0000000	0.0000000
7209.9968368	7335.0115262	7334.6508105	0.0000000	0.0000000	0.0217906	0.1767747	0.1058838	0.0000000	0.0000000
7209.9968368	7329.9992992	7329.9213477	0.0000000	0.0000000	0.0307992	0.1749391	0.1063157	0.0000000	0.0000000
7209.9968368	7325.0244790	7324.7619336	0.0000000	0.0000000	0.0350112	0.1750590	0.1075448	0.0000000	0.0000000
7209.9968368	7319.9843593	7319.6025195	0.0000000	0.0000000	0.0404038	0.1753594	0.1097743	0.0000000	0.0000000
7209.9968368	7314.9836815	7314.8730566	0.0000000	0.0000000	0.0485270	0.1742733	0.1093839	0.0000000	0.0000000
7209.9968368	7309.9886382	7309.7136426	0.0000000	0.0000000	0.0530990	0.1745182	0.1092990	0.0000000	0.0000000
7209.9968368	7304.9907777	7304.6092822	0.0000000	0.0000000	0.0448751	0.1753715	0.1080525	0.0000000	0.0000000
7209.9968368	7299.9844653	7299.9348730	0.0000000	0.0000000	0.0475476	0.1758158	0.1076542	0.0000000	0.0000000
7209.9968368	7294.9837875	7294.8355176	0.0000000	0.0000000	0.0511877	0.1754224	0.1077179	0.0000000	0.0000000
7209.9968368	7289.9831097	7289.7361621	0.0000000	0.0000000	0.0496171	0.1764471	0.1080760	0.0000000	0.0000000
7209.9968368	7284.9880665	7284.6368066	0.0000000	0.0000000	0.0553807	0.1769431	0.1081395	0.0000000	0.0000000
7209.9968368	7279.9847963	7279.9623975	0.0000000	0.0000000	0.0608066	0.1767578	0.1079550	0.0000000	0.0000000
7209.9968368	7275.0161883	7274.8630420	0.0000000	0.0000000	0.0666389	0.1763988	0.1080569	0.0000000	0.0000000
7209.9968368	7270.0122966	7269.7636865	0.0000000	0.0000000	0.0727992	0.1754598	0.1093912	0.0000000	0.0000000
7209.9968368	7265.0116124	7264.6888672	0.0000000	0.0000000	0.0779274	0.1755204	0.1105533	0.0000000	0.0000000
7209.9968368	7260.0141358	7259.6483984	0.0000000	0.0000000	0.0779366	0.1737614	0.1107506	0.0000000	0.0000000
7209.9968368	7255.0070364	7254.6079297	0.0000000	0.0000000	0.0834757	0.1751808	0.1081753	0.0000000	0.0000000
7209.9968368	7250.0223903	7249.9875000	0.0000000	0.0000000	0.0808583	0.1753976	0.1066633	0.0000000	0.0000000
7209.9968368	7245.0056680	7244.9470313	0.0000000	0.0000000	0.0773604	0.1756689	0.1036956	0.0000000	0.0000000
7209.9968368	7240.0146067	7239.9065625	0.0000000	0.0000000	0.0658528	0.1761022	0.1006672	0.0000000	0.0000000
7209.9968368	7235.0107149	7234.8660938	0.0000000	0.0000000	0.0703129	0.1754634	0.1004634	0.0000000	0.0000000
7209.9968368	7230.0068231	7229.8256250	0.0000000	0.0000000	0.0719957	0.1760383	0.1002524	0.0000000	0.0000000
7209.9968368	7225.0066456	7224.7851563	0.0000000	0.0000000	0.1133302	0.1758616	0.1015463	0.0000000	0.0000000
7209.9968368	7220.0049369	7219.8026367	0.0000000	0.0000000	0.1987792	0.1749565	0.1031058	0.0000000	0.0000000
7209.9968368	7215.0097495	7214.8201172	0.0000000	0.0000000	0.2865530	0.1759819	0.1059526	0.0000000	0.0000000
7209.9968368	7210.0080408	7209.8375977	0.0000000	0.0000000	0.3281719	0.1741881	0.1074969	0.0000000	0.0000000
7209.9968368	7205.0063322	7204.8550781	0.0000000	0.0000000	0.3024152	0.1743387	0.1091559	0.0000000	0.0000000
7209.9968368	7200.0013630	7199.8725586	0.0000000	0.0000000	0.2211244	0.1748654	0.1096263	0.0000000	0.0000000
7209.9968368	7195.0061755	7194.8900391	0.0000000	0.0000000	0.1579921	0.1758943	0.1090884	0.0000000	0.0000000
7209.9968368	7190.0044669	7189.9075195	0.0000000	0.0000000	0.1465531	0.1765565	0.1105544	0.0000000	0.0000000
7209.9968368	7185.0190611	7184.9250000	0.0000000	0.0000000	0.1310153	0.1758523	0.1075829	0.0000000	0.0000000
7209.9968368	7180.0075708	7179.9804492	0.0000000	0.0000000	0.1126127	0.1763365	0.1059449	0.0000000	0.0000000
7209.9968368	7175.0058622	7174.6444189	0.0000000	0.0000000	0.1159906	0.1759937	0.1058730	0.0000000	0.0000000
7209.9968368	7169.9976324	7169.7188525	0.0000000	0.0000000	0.1099281	0.1762722	0.1043712	0.0000000	0.0000000
7209.9968368	7165.0270176	7164.7932861	0.0000000	0.0000000	0.0910494	0.1760867	0.1032866	0.0000000	0.0000000
7209.9968368	7160.0251023	7159.8677197	0.0000000	0.0000000	0.0884989	0.1758247	0.1047717	0.0000000	0.0000000
7209.9968368	7155.0231870	7154.9421533	0.0000000	0.0000000	0.0974251	0.1750524	0.1079459	0.0000000	0.0000000
7209.9968368	7150.0242795	7149.6061230	0.0000000	0.0000000	0.1088707	0.1754292	0.1067550	0.0000000	0.0000000
7209.9968368	7144.9862710	7144.6805566	0.0000000	0.0000000	0.0931846	0.1760465	0.1037207	0.0000000	0.0000000
7209.9968368	7140.0264644	7139.7829688	0.0000000	0.0000000	0.0723962	0.1746702	0.1030177	0.0000000	0.0000000
7209.9968368	7135.0245491	7134.9133594	0.0000000	0.0000000	0.0745962	0.1752655	0.1049885	0.0000000	0.0000000
7209.9968368	7130.0226338	7129.6379492	0.0000000	0.0000000	0.0897213	0.1750457	0.1040795	0.0000000	0.0000000
7209.9968368	7125.0297419	7124.7683398	0.0000000	0.0000000	0.0849152	0.1748912	0.1029468	0.0000000	0.0000000
7209.9968368	7120.0278266	7119.8987305	0.0000000	0.0000000	0.0702474	0.1754711	0.1024086	0.0000000	0.0000000
7209.9968368	7114.9843181	7114.6233203	0.0000000	0.0000000	0.0766511	0.1759215	0.1025210	0.0000000	0.0000000
7209.9968368	7109.9857704	7109.7537109	0.0000000	0.0000000	0.0809408	0.1757809	0.1020714	0.0000000	0.0000000
7209.9968368	7104.9837419	7104.8841016	0.0000000	0.0000000	0.0776324	0.1762457	0.1041033	0.0000000	0.0000000
7209.9968368	7099.9851943	7099.6316406	0.0000000	0.0000000	0.0739889	0.1753011	0.1034006	0.0000000	0.0000000
7209.9968368	7094.9831658	7094.8171094	0.0000000	0.0000000	0.0658562	0.1756042	0.1031570	0.0000000	0.0000000
7209.9968368	7089.9811373	7089.6013672	0.0000000	0.0000000	0.0599124	0.1742261	0.1038387	0.0000000	0.0000000
7209.9968368	7084.9965133	7084.7868359	0.0000000	0.0000000	0.0543467	0.1756161	0.1035966	0.0000000	0.0000000
7209.9968368	7079.9910039	7079.9723047	0.0000000	0.0000000	0.0402670	0.1744087	0.1008727	0.0000000	0.0000000
7209.9968368	7074.9889754	7074.7565625	0.0000000	0.0000000	0.0310851	0.1757435	0.0994581	0.0000000	0.0000000
7209.9968368	7069.9904278	7069.9420313	0.0000000	0.0000000	0.0245450	0.1757915	0.0983652	0.0000000	0.0000000
7209.9968368	7064.9883993	7064.7262891	0.0000000	0.0000000	0.0246256	0.1752260	0.0972487	0.0000000	0.0000000
7209.9968368	7059.9863559	7059.9297656	0.0000000	0.0000000	0.0279912	0.1764281	0.0988383	0.0000000	0.0000000
7209.9968368	7054.9841606	7054.7725488	0.0000000	0.0000000	0.0307490	0.1768135	0.0980651	0.0000000	0.0000000
7209.9968368	7049.9819654	7049.6153320	0.0000000	0.0000000	0.0320463	0.1762023	0.0977889	0.0000000	0.0000000
7209.9968368	7044.9875799	7044.8548242	0.0000000	0.0000000	0.0316150	0.1751899	0.0979048	0.0000000	0.0000000
7209.9968368	7039.9814797	7039.6976074	0.0000000	0.0000000	0.0341823	0.1751920	0.0991055	0.0000000	0.0000000
7209.9968368	7034.9831894	7034.9370996	0.0000000	0.0000000	0.0368895	0.1745967	0.0993672	0.0000000	0.0000000
7209.9968368	7029.9848990	7029.7798828	0.0000000	0.0000000	0.0378696	0.1745554	0.0994594	0.0000000	0.0000000
7209.9968368	7024.9827038	7024.6226660	0.0000000	0.0000000	0.0383036	0.1754263	0.0989436	0.0000000	0.0000000
7209.9968368	7019.9805085	7019.8843262	0.0000000	0.0000000	0.0362655	0.1752911	0.0991860	0.0000000	0.0000000
7209.9968368	7014.9861230	7014.7847461	0.0000000	0.0000000	0.0360084	0.1750492	0.0989281	0.0000000	0.0000000
7209.9968368	7009.9839278	7009.6851660	0.0000000	0.0000000	0.0336178	0.1755504	0.0996675	0.0000000	0.0000000
7209.9968368	7004.9856374	7004.9778613	0.0000000	0.0000000	0.0310356	0.1761121	0.0986514	0.0000000	0.0000000
