7204.9942837	7600.0002163	7599.5502051	0.0000000	0.0000000	0.0180898	0.1744601	0.1244967	0.0000000	7205.0000000
7204.9942837	7594.9867234	7594.9313574	0.0000000	0.0000000	0.0216456	0.1741071	0.1232294	0.0000000	0.0000000
7204.9942837	7589.9849267	7589.8506250	0.0000000	0.0000000	0.0221423	0.1740061	0.1231390	0.0000000	0.0000000
7204.9942837	7584.9897621	7584.7698926	0.0000000	0.0000000	0.0243275	0.1740769	0.1230273	0.0000000	0.0000000
7204.9942837	7579.9895004	7579.6891602	0.0000000	0.0000000	0.0223053	0.1751447	0.1223308	0.0000000	0.0000000
7204.9942837	7574.9866901	7574.6139941	0.0000000	0.0000000	0.0211157	0.1751736	0.1208210	0.0000000	0.0000000
7204.9942837	7569.9889770	7569.5944922	0.0000000	0.0000000	0.0223640	0.1748077	0.1222471	0.0000000	0.0000000
7204.9942837	7564.9861667	7564.5749902	0.0000000	0.0000000	0.0189624	0.1744666	0.1232988	0.0000000	0.0000000
7204.9942837	7559.9884535	7559.5554883	0.0000000	0.0000000	0.0191648	0.1749802	0.1235225	0.0000000	0.0000000
7204.9942837	7554.9856433	7554.9923047	0.0000000	0.0000000	0.0184038	0.1748660	0.1234852	0.0000000	0.0000000
7204.9942837	7549.9853816	7549.9728027	0.0000000	0.0000000	0.0217277	0.1739382	0.1241426	0.0000000	0.0000000
7204.9942837	7544.9851198	7544.9533008	0.0000000	0.0000000	0.0218092	0.1738043	0.1230551	0.0000000	0.0000000
7204.9942837	7539.9872981	7539.9337988	0.0000000	0.0000000	0.0193516	0.1750833	0.1228416	0.0000000	0.0000000
7204.9942837	7535.0330446	7534.9142969	0.0000000	0.0000000	0.0157361	0.1757734	0.1207196	0.0000000	0.0000000
7204.9942837	7530.0265800	7529.8947949	0.0000000	0.0000000	0.0169904	0.1749595	0.1212003	0.0000000	0.0000000
7204.9942837	7524.9853080	7524.9299316	0.0000000	0.0000000	0.0174437	0.1749874	0.1215002	0.0000000	0.0000000
7204.9942837	7520.0368557	7519.9705322	0.0000000	0.0000000	0.0174176	0.1748694	0.1212838	0.0000000	0.0000000
7204.9942837	7514.9839813	7514.5602783	0.0000000	0.0000000	0.0173160	0.1743579	0.1223960	0.0000000	0.0000000
7204.9942837	7510.0326284	7509.6008789	0.0000000	0.0000000	0.0174781	0.1739768	0.1236594	0.0000000	0.0000000
7204.9942837	7504.9826546	7504.6414795	0.0000000	0.0000000	0.0158269	0.1741373	0.1235945	0.0000000	0.0000000
7204.9942837	7500.0342023	7499.6820801	0.0000000	0.0000000	0.0167494	0.1723589	0.1245947	0.0000000	0.0000000
7204.9942837	7495.0277377	7494.7226807	0.0000000	0.0000000	0.0155366	0.1729541	0.1245249	0.0000000	0.0000000
7204.9942837	7490.0355258	7489.7632813	0.0000000	0.0000000	0.0154010	0.1728822	0.1230869	0.0000000	0.0000000
7204.9942837	7485.0299131	7484.8038818	0.0000000	0.0000000	0.0165804	0.1735186	0.1227360	0.0000000	0.0000000
7204.9942837	7479.9844604	7479.8981445	0.0000000	0.0000000	0.0141293	0.1744237	0.1214410	0.0000000	0.0000000
7204.9942837	7474.9845391	7474.9977734	0.0000000	0.0000000	0.0144581	0.1743898	0.1213536	0.0000000	0.0000000
7204.9942837	7469.9846178	7469.6519141	0.0000000	0.0000000	0.0129304	0.1743154	0.1214463	0.0000000	0.0000000
7204.9942837	7465.0359193	7464.7515430	0.0000000	0.0000000	0.0142950	0.1740227	0.1234973	0.0000000	0.0000000
7204.9942837	7460.0359980	7459.8511719	0.0000000	0.0000000	0.0122098	0.1722770	0.1232819	0.0000000	0.0000000
7204.9942837	7454.9820081	7454.9508008	0.0000000	0.0000000	0.0133546	0.1732355	0.1245483	0.0000000	0.0000000
7204.9942837	7449.9849325	7449.6049414	0.0000000	0.0000000	0.0118358	0.1734757	0.1237074	0.0000000	0.0000000
7204.9942837	7444.9850112	7444.7045703	0.0000000	0.0000000	0.0112811	0.1731455	0.1243866	0.0000000	0.0000000
7204.9942837	7439.9850899	7439.8041992	0.0000000	0.0000000	0.0114434	0.1726207	0.1248597	0.0000000	0.0000000
7204.9942837	7434.9823229	7434.9618359	0.0000000	0.0000000	0.0105823	0.1714117	0.1240651	0.0000000	0.0000000
7204.9942837	7429.9872294	7429.6792578	0.0000000	0.0000000	0.0116500	0.1720432	0.1240608	0.0000000	0.0000000
7204.9942837	7424.9864714	7424.8368945	0.0000000	0.0000000	0.0116895	0.1731432	0.1235896	0.0000000	0.0000000
7204.9942837	7419.9857133	7419.9945313	0.0000000	0.0000000	0.0091796	0.1733315	0.1221530	0.0000000	0.0000000
7204.9942837	7414.9876352	7414.7119531	0.0000000	0.0000000	0.0078057	0.1737578	0.1198969	0.0000000	0.0000000
7204.9942837	7409.9841972	7409.8695898	0.0000000	0.0000000	0.0083978	0.1735374	0.1187864	0.0000000	0.0000000
7204.9942837	7404.9861191	7404.5870117	0.0000000	0.0000000	0.0091775	0.1732844	0.1190072	0.0000000	0.0000000
7204.9942837	7399.9853611	7399.7446484	0.0000000	0.0000000	0.0089456	0.1719359	0.1177084	0.0000000	0.0000000
7204.9942837	7394.9872830	7394.9126367	0.0000000	0.0000000	0.0095428	0.1741523	0.1160757	0.0000000	0.0000000
7204.9942837	7389.9865249	7389.6921680	0.0000000	0.0000000	0.0098625	0.1732495	0.1169067	0.0000000	0.0000000
7204.9942837	7384.9857669	7384.9067383	0.0000000	0.0000000	0.0099238	0.1742834	0.1167273	0.0000000	0.0000000
7204.9942837	7379.9820701	7379.6862695	0.0000000	0.0000000	0.0124684	0.1725397	0.1178303	0.0000000	0.0000000
7204.9942837	7375.0120172	7374.9008398	0.0000000	0.0000000	0.0130736	0.1724655	0.1173365	0.0000000	0.0000000
7204.9942837	7369.9997902	7369.6803711	0.0000000	0.0000000	0.0139854	0.1732449	0.1148704	0.0000000	0.0000000
7204.9942837	7365.0005399	7364.8949414	0.0000000	0.0000000	0.0156769	0.1733644	0.1140616	0.0000000	0.0000000
7204.9942837	7360.0077779	7359.6744727	0.0000000	0.0000000	0.0179985	0.1733208	0.1139102	0.0000000	0.0000000
7204.9942837	7355.0052834	7354.8890430	0.0000000	0.0000000	0.0199659	0.1730747	0.1115116	0.0000000	0.0000000
7204.9942837	7350.0092772	7349.6991016	0.0000000	0.0000000	0.0214072	0.1731221	0.1098184	0.0000000	0.0000000
7204.9942837	7345.0035385	7344.9696387	0.0000000	0.0000000	0.0210208	0.1730869	0.1075433	0.0000000	0.0000000
7204.9942837	7340.0075324	7339.8102246	0.0000000	0.0000000	0.0199679	0.1735482	0.1074254	0.0000000	0.0000000
7204.9942837	7335.0050379	7334.6508105	0.0000000	0.0000000	0.0234592	0.1728635	0.1083951	0.0000000	0.0000000
7204.9942837	7330.0090317	7329.9213477	0.0000000	0.0000000	0.0335377	0.1714709	0.1086543	0.0000000	0.0000000
7204.9942837	7325.0301136	7324.7619336	0.0000000	0.0000000	0.0353145	0.1722507	0.1074681	0.0000000	0.0000000
7204.9942837	7319.9871765	7319.6025195	0.0000000	0.0000000	0.0367018	0.1720873	0.1078679	0.0000000	0.0000000
7204.9942837	7314.9864987	7314.8730566	0.0000000	0.0000000	0.0452999	0.1727538	0.1090449	0.0000000	0.0000000
7204.9942837	7309.9886382	7309.7136426	0.0000000	0.0000000	0.0483973	0.1728521	0.1104193	0.0000000	0.0000000
7204.9942837	7304.9879604	7304.6092822	0.0000000	0.0000000	0.0472828	0.1721135	0.1083734	0.0000000	0.0000000
7204.9942837	7299.9816481	7299.9348730	0.0000000	0.0000000	0.0509176	0.1732419	0.1073296	0.0000000	0.0000000
7204.9942837	7294.9837875	7294.8355176	0.0000000	0.0000000	0.0564688	0.1729559	0.1082523	0.0000000	0.0000000
7204.9942837	7289.9831097	7289.7361621	0.0000000	0.0000000	0.0556692	0.1725939	0.1091930	0.0000000	0.0000000
7204.9942837	7284.9852492	7284.6368066	0.0000000	0.0000000	0.0587833	0.1724019	0.1096992	0.0000000	0.0000000
7204.9942837	7279.9815887	7279.9623975	0.0000000	0.0000000	0.0634719	0.1723904	0.1081036	0.0000000	0.0000000
7204.9942837	7275.0129807	7274.8630420	0.0000000	0.0000000	0.0667167	0.1734755	0.1086282	0.0000000	0.0000000
7204.9942837	7270.0090889	7269.7636865	0.0000000	0.0000000	0.0705651	0.1728276	0.1103479	0.0000000	0.0000000
7204.9942837	7265.0051971	7264.6888672	0.0000000	0.0000000	0.0692480	0.1735488	0.1096647	0.0000000	0.0000000
7204.9942837	7260.0173434	7259.6483984	0.0000000	0.0000000	0.0720388	0.1740071	0.1100491	0.0000000	0.0000000
7204.9942837	7255.0102440	7254.6079297	0.0000000	0.0000000	0.0815828	0.1723109	0.1099316	0.0000000	0.0000000
7204.9942837	7250.0031446	7249.9875000	0.0000000	0.0000000	0.0754893	0.1721055	0.1068606	0.0000000	0.0000000
7204.9942837	7245.0120833	7244.9470313	0.0000000	0.0000000	0.0803693	0.1726948	0.1054672	0.0000000	0.0000000
7204.9942837	7240.0178144	7239.9065625	0.0000000	0.0000000	0.0701667	0.1725049	0.1037131	0.0000000	0.0000000
7204.9942837	7235.0107149	7234.8660938	0.0000000	0.0000000	0.0753063	0.1721633	0.1024965	0.0000000	0.0000000
7204.9942837	7230.0132384	7229.8256250	0.0000000	0.0000000	0.0727548	0.1725977	0.1013373	0.0000000	0.0000000
7204.9942837	7225.0131667	7224.7851563	0.0000000	0.0000000	0.0842701	0.1740164	0.1023678	0.0000000	0.0000000
7204.9942837	7220.0016764	7219.8026367	0.0000000	0.0000000	0.1295710	0.1743407	0.1026318	0.0000000	0.0000000
7204.9942837	7215.0097495	7214.8201172	0.0000000	0.0000000	0.2093776	0.1739788	0.1043466	0.0000000	0.0000000
7204.9942837	7210.0113014	7209.8375977	0.0000000	0.0000000	0.3044946	0.1721696	0.1057797	0.0000000	0.0000000
7204.9942837	7205.0128534	7204.8550781	0.0000000	0.0000000	0.3441376	0.1728094	0.1062500	0.0000000	0.0000000
7204.9942837	7200.0046236	7199.8725586	0.0000000	0.0000000	0.2914779	0.1740536	0.1061597	0.0000000	0.0000000
7204.9942837	7195.0094361	7194.8900391	0.0000000	0.0000000	0.2064845	0.1741075	0.1080869	0.0000000	0.0000000
7204.9942837	7190.0077275	7189.9075195	0.0000000	0.0000000	0.1623179	0.1732806	0.1092040	0.0000000	0.0000000
7204.9942837	7185.0027583	7184.9250000	0.0000000	0.0000000	0.1428640	0.1728678	0.1083954	0.0000000	0.0000000
7204.9942837	7180.0140920	7179.9804492	0.0000000	0.0000000	0.1192102	0.1732174	0.1069027	0.0000000	0.0000000
7204.9942837	7175.0123833	7174.6444189	0.0000000	0.0000000	0.1177429	0.1733240	0.1047295	0.0000000	0.0000000
7204.9942837	7170.0074141	7169.7188525	0.0000000	0.0000000	0.1154496	0.1745024	0.1035818	0.0000000	0.0000000
7204.9942837	7165.0300253	7164.7932861	0.0000000	0.0000000	0.0922919	0.1724542	0.1031895	0.0000000	0.0000000
7204.9942837	7160.0311178	7159.8677197	0.0000000	0.0000000	0.0818628	0.1718184	0.1050325	0.0000000	0.0000000
7204.9942837	7154.9840860	7154.9421533	0.0000000	0.0000000	0.0904097	0.1721210	0.1047365	0.0000000	0.0000000
7204.9942837	7150.0272872	7149.6061230	0.0000000	0.0000000	0.1015908	0.1720092	0.1043439	0.0000000	0.0000000
7204.9942837	7145.0283797	7144.6805566	0.0000000	0.0000000	0.0882804	0.1718381	0.1013788	0.0000000	0.0000000
7204.9942837	7140.0264644	7139.7829688	0.0000000	0.0000000	0.0708954	0.1730988	0.1008387	0.0000000	0.0000000
7204.9942837	7135.0185336	7134.9133594	0.0000000	0.0000000	0.0709746	0.1730205	0.1017378	0.0000000	0.0000000
7204.9942837	7130.0256416	7129.6379492	0.0000000	0.0000000	0.0912870	0.1735535	0.1031057	0.0000000	0.0000000
7204.9942837	7125.0297419	7124.7683398	0.0000000	0.0000000	0.0880731	0.1729023	0.1018046	0.0000000	0.0000000
7204.9942837	7120.0308343	7119.8987305	0.0000000	0.0000000	0.0694581	0.1741512	0.1014377	0.0000000	0.0000000
7204.9942837	7114.9843181	7114.6233203	0.0000000	0.0000000	0.0752952	0.1740995	0.1019698	0.0000000	0.0000000
7204.9942837	7109.9822896	7109.7537109	0.0000000	0.0000000	0.0806417	0.1731531	0.1010575	0.0000000	0.0000000
7204.9942837	7104.9837419	7104.8841016	0.0000000	0.0000000	0.0738636	0.1721123	0.1026458	0.0000000	0.0000000
7204.9942837	7099.9817134	7099.6316406	0.0000000	0.0000000	0.0751682	0.1713367	0.1019646	0.0000000	0.0000000
7204.9942837	7094.9831658	7094.8171094	0.0000000	0.0000000	0.0613662	0.1714799	0.1009751	0.0000000	0.0000000
7204.9942837	7089.9846182	7089.6013672	0.0000000	0.0000000	0.0591648	0.1709706	0.1011661	0.0000000	0.0000000
7204.9942837	7084.9895515	7084.7868359	0.0000000	0.0000000	0.0554464	0.1715831	0.1027177	0.0000000	0.0000000
7204.9942837	7079.9875230	7079.9723047	0.0000000	0.0000000	0.0414696	0.1726301	0.1001331	0.0000000	0.0000000
7204.9942837	7074.9889754	7074.7565625	0.0000000	0.0000000	0.0320311	0.1725283	0.0998799	0.0000000	0.0000000
7204.9942837	7069.9834660	7069.9420313	0.0000000	0.0000000	0.0262068	0.1728010	0.0980569	0.0000000	0.0000000
7204.9942837	7064.9849184	7064.7262891	0.0000000	0.0000000	0.0249283	0.1715431	0.0980930	0.0000000	0.0000000
7204.9942837	7059.9863559	7059.9297656	0.0000000	0.0000000	0.0281775	0.1737698	0.0969037	0.0000000	0.0000000
7204.9942837	7054.9841606	7054.7725488	0.0000000	0.0000000	0.0306862	0.1740524	0.0961151	0.0000000	0.0000000
7204.9942837	7049.9819654	7049.6153320	0.0000000	0.0000000	0.0327786	0.1726863	0.0975331	0.0000000	0.0000000
7204.9942837	7044.9875799	7044.8548242	0.0000000	0.0000000	0.0309829	0.1726632	0.0989561	0.0000000	0.0000000
7204.9942837	7039.9775748	7039.6976074	0.0000000	0.0000000	0.0347485	0.1736851	0.0975074	0.0000000	0.0000000
7204.9942837	7034.9792845	7034.9370996	0.0000000	0.0000000	0.0390768	0.1728925	0.0994667	0.0000000	0.0000000
7204.9942837	7029.9809941	7029.7798828	0.0000000	0.0000000	0.0412587	0.1730126	0.0991681	0.0000000	0.0000000
7204.9942837	7024.9827038	7024.6226660	0.0000000	0.0000000	0.0413527	0.1724847	0.0987343	0.0000000	0.0000000
7204.9942837	7019.9766036	7019.8843262	0.0000000	0.0000000	0.0373528	0.1724532	0.0968073	0.0000000	0.0000000
7204.9942837	7014.9861230	7014.7847461	0.0000000	0.0000000	0.0419604	0.1732346	0.0980994	0.0000000	0.0000000
7204.9942837	7009.9839278	7009.6851660	0.0000000	0.0000000	0.0388384	0.1737058	0.0970327	0.0000000	0.0000000
7204.9942837	7004.9817325	7004.9778613	0.0000000	0.0000000	0.0343733	0.1726685	0.0986532	0.0000000	0.0000000
