7229.9939125	7600.0002163	7599.5502051	0.0000000	0.0000000	0.0196561	0.1708330	0.1214961	0.0000000	7230.0000000
7229.9939125	7594.9867234	7594.9313574	0.0000000	0.0000000	0.0208210	0.1714487	0.1205752	0.0000000	0.0000000
7229.9939125	7589.9874753	7589.8506250	0.0000000	0.0000000	0.0222677	0.1712981	0.1207943	0.0000000	0.0000000
7229.9939125	7584.9897621	7584.7698926	0.0000000	0.0000000	0.0232999	0.1712991	0.1210872	0.0000000	0.0000000
7229.9939125	7579.9895004	7579.6891602	0.0000000	0.0000000	0.0245590	0.1710356	0.1218989	0.0000000	0.0000000
7229.9939125	7574.9866901	7574.6139941	0.0000000	0.0000000	0.0228190	0.1711097	0.1227892	0.0000000	0.0000000
7229.9939125	7569.9864284	7569.5944922	0.0000000	0.0000000	0.0204415	0.1705918	0.1224423	0.0000000	0.0000000
7229.9939125	7564.9912638	7564.5749902	0.0000000	0.0000000	0.0252827	0.1704689	0.1232844	0.0000000	0.0000000
7229.9939125	7559.9859050	7559.5554883	0.0000000	0.0000000	0.0227841	0.1712117	0.1249032	0.0000000	0.0000000
7229.9939125	7554.9856433	7554.9923047	0.0000000	0.0000000	0.0243746	0.1705580	0.1253076	0.0000000	0.0000000
7229.9939125	7549.9853816	7549.9728027	0.0000000	0.0000000	0.0186129	0.1706604	0.1224202	0.0000000	0.0000000
7229.9939125	7544.9851198	7544.9533008	0.0000000	0.0000000	0.0201486	0.1706914	0.1223915	0.0000000	0.0000000
7229.9939125	7539.9872981	7539.9337988	0.0000000	0.0000000	0.0176476	0.1710251	0.1210574	0.0000000	0.0000000
7229.9939125	7534.9866347	7534.9142969	0.0000000	0.0000000	0.0216041	0.1697327	0.1228514	0.0000000	0.0000000
7229.9939125	7530.0294806	7529.8947949	0.0000000	0.0000000	0.0186046	0.1705588	0.1230542	0.0000000	0.0000000
7229.9939125	7524.9853080	7524.9299316	0.0000000	0.0000000	0.0191456	0.1713345	0.1218839	0.0000000	0.0000000
7229.9939125	7519.9875452	7519.9705322	0.0000000	0.0000000	0.0193870	0.1708917	0.1220139	0.0000000	0.0000000
7229.9939125	7515.0390930	7514.5602783	0.0000000	0.0000000	0.0168917	0.1713485	0.1228666	0.0000000	0.0000000
7229.9939125	7510.0326284	7509.6008789	0.0000000	0.0000000	0.0181655	0.1709949	0.1219797	0.0000000	0.0000000
7229.9939125	7505.0232632	7504.6414795	0.0000000	0.0000000	0.0178300	0.1706542	0.1216327	0.0000000	0.0000000
7229.9939125	7499.9877924	7499.6820801	0.0000000	0.0000000	0.0182448	0.1706277	0.1212185	0.0000000	0.0000000
7229.9939125	7495.0306383	7494.7226807	0.0000000	0.0000000	0.0203610	0.1701514	0.1218231	0.0000000	0.0000000
7229.9939125	7489.9843030	7489.7632813	0.0000000	0.0000000	0.0188213	0.1709587	0.1209016	0.0000000	0.0000000
7229.9939125	7484.9872274	7484.8038818	0.0000000	0.0000000	0.0160579	0.1708374	0.1192269	0.0000000	0.0000000
7229.9939125	7479.9844604	7479.8981445	0.0000000	0.0000000	0.0156344	0.1698934	0.1207266	0.0000000	0.0000000
7229.9939125	7474.9845391	7474.9977734	0.0000000	0.0000000	0.0172234	0.1699008	0.1210046	0.0000000	0.0000000
7229.9939125	7469.9846178	7469.6519141	0.0000000	0.0000000	0.0158151	0.1689990	0.1208983	0.0000000	0.0000000
7229.9939125	7464.9846965	7464.7515430	0.0000000	0.0000000	0.0173650	0.1698005	0.1215017	0.0000000	0.0000000
7229.9939125	7459.9847751	7459.8511719	0.0000000	0.0000000	0.0154810	0.1707931	0.1216320	0.0000000	0.0000000
7229.9939125	7455.0360767	7454.9508008	0.0000000	0.0000000	0.0149364	0.1710067	0.1227412	0.0000000	0.0000000
7229.9939125	7449.9849325	7449.6049414	0.0000000	0.0000000	0.0146705	0.1698690	0.1225729	0.0000000	0.0000000
7229.9939125	7444.9850112	7444.7045703	0.0000000	0.0000000	0.0158645	0.1699878	0.1208837	0.0000000	0.0000000
7229.9939125	7439.9850899	7439.8041992	0.0000000	0.0000000	0.0142922	0.1701832	0.1199890	0.0000000	0.0000000
7229.9939125	7434.9851686	7434.9618359	0.0000000	0.0000000	0.0122405	0.1704292	0.1198229	0.0000000	0.0000000
7229.9939125	7429.9899093	7429.6792578	0.0000000	0.0000000	0.0110394	0.1706398	0.1181985	0.0000000	0.0000000
7229.9939125	7424.9864714	7424.8368945	0.0000000	0.0000000	0.0135806	0.1712808	0.1189463	0.0000000	0.0000000
7229.9939125	7419.9857133	7419.9945313	0.0000000	0.0000000	0.0108948	0.1702410	0.1178414	0.0000000	0.0000000
7229.9939125	7414.9876352	7414.7119531	0.0000000	0.0000000	0.0098262	0.1697439	0.1177290	0.0000000	0.0000000
7229.9939125	7409.9841972	7409.8695898	0.0000000	0.0000000	0.0102637	0.1702258	0.1181741	0.0000000	0.0000000
7229.9939125	7404.9887990	7404.5870117	0.0000000	0.0000000	0.0103463	0.1701187	0.1173376	0.0000000	0.0000000
7229.9939125	7399.9853611	7399.7446484	0.0000000	0.0000000	0.0119377	0.1710349	0.1190957	0.0000000	0.0000000
7229.9939125	7394.9846030	7394.9126367	0.0000000	0.0000000	0.0101339	0.1702756	0.1172853	0.0000000	0.0000000
7229.9939125	7389.9865249	7389.6921680	0.0000000	0.0000000	0.0141271	0.1697534	0.1184755	0.0000000	0.0000000
7229.9939125	7384.9857669	7384.9067383	0.0000000	0.0000000	0.0124183	0.1693450	0.1146606	0.0000000	0.0000000
7229.9939125	7379.9853142	7379.6862695	0.0000000	0.0000000	0.0132660	0.1696412	0.1140502	0.0000000	0.0000000
7229.9939125	7375.0055289	7374.9008398	0.0000000	0.0000000	0.0122676	0.1704722	0.1122841	0.0000000	0.0000000
7229.9939125	7370.0062785	7369.6803711	0.0000000	0.0000000	0.0130477	0.1693699	0.1111410	0.0000000	0.0000000
7229.9939125	7365.0135165	7364.8949414	0.0000000	0.0000000	0.0148684	0.1702028	0.1100021	0.0000000	0.0000000
7229.9939125	7360.0077779	7359.6744727	0.0000000	0.0000000	0.0154589	0.1713491	0.1094264	0.0000000	0.0000000
7229.9939125	7355.0117717	7354.8890430	0.0000000	0.0000000	0.0171417	0.1706968	0.1083306	0.0000000	0.0000000
7229.9939125	7350.0060330	7349.6991016	0.0000000	0.0000000	0.0185699	0.1706451	0.1075468	0.0000000	0.0000000
7229.9939125	7345.0002944	7344.9696387	0.0000000	0.0000000	0.0198578	0.1702122	0.1072465	0.0000000	0.0000000
7229.9939125	7340.0140207	7339.8102246	0.0000000	0.0000000	0.0193730	0.1697159	0.1075109	0.0000000	0.0000000
7229.9939125	7335.0082820	7334.6508105	0.0000000	0.0000000	0.0231581	0.1682449	0.1072380	0.0000000	0.0000000
7229.9939125	7330.0090317	7329.9213477	0.0000000	0.0000000	0.0269880	0.1694241	0.1053396	0.0000000	0.0000000
7229.9939125	7324.9850371	7324.7619336	0.0000000	0.0000000	0.0249755	0.1703092	0.1038838	0.0000000	0.0000000
7229.9939125	7319.9843593	7319.6025195	0.0000000	0.0000000	0.0296570	0.1700901	0.1054569	0.0000000	0.0000000
7229.9939125	7314.9864987	7314.8730566	0.0000000	0.0000000	0.0360814	0.1699633	0.1045549	0.0000000	0.0000000
7229.9939125	7309.9914555	7309.7136426	0.0000000	0.0000000	0.0370037	0.1700724	0.1051770	0.0000000	0.0000000
7229.9939125	7304.9851431	7304.6092822	0.0000000	0.0000000	0.0379935	0.1699003	0.1061505	0.0000000	0.0000000
7229.9939125	7299.9844653	7299.9348730	0.0000000	0.0000000	0.0423750	0.1702737	0.1071978	0.0000000	0.0000000
7229.9939125	7294.9837875	7294.8355176	0.0000000	0.0000000	0.0486196	0.1697958	0.1086079	0.0000000	0.0000000
7229.9939125	7289.9859270	7289.7361621	0.0000000	0.0000000	0.0499229	0.1700167	0.1091232	0.0000000	0.0000000
7229.9939125	7284.9880665	7284.6368066	0.0000000	0.0000000	0.0516119	0.1700493	0.1077312	0.0000000	0.0000000
7229.9939125	7279.9815887	7279.9623975	0.0000000	0.0000000	0.0532952	0.1701382	0.1081217	0.0000000	0.0000000
7229.9939125	7275.0001502	7274.8630420	0.0000000	0.0000000	0.0554272	0.1702563	0.1084857	0.0000000	0.0000000
7229.9939125	7270.0058813	7269.7636865	0.0000000	0.0000000	0.0540756	0.1704955	0.1072908	0.0000000	0.0000000
7229.9939125	7265.0019895	7264.6888672	0.0000000	0.0000000	0.0540094	0.1705690	0.1068334	0.0000000	0.0000000
7229.9939125	7260.0109282	7259.6483984	0.0000000	0.0000000	0.0492496	0.1705728	0.1053448	0.0000000	0.0000000
7229.9939125	7255.0070364	7254.6079297	0.0000000	0.0000000	0.0544696	0.1705387	0.1046128	0.0000000	0.0000000
7229.9939125	7250.0159751	7249.9875000	0.0000000	0.0000000	0.0571892	0.1689810	0.1040699	0.0000000	0.0000000
7229.9939125	7245.0088757	7244.9470313	0.0000000	0.0000000	0.0765459	0.1691536	0.1033844	0.0000000	0.0000000
7229.9939125	7240.0049839	7239.9065625	0.0000000	0.0000000	0.1147448	0.1694576	0.1014019	0.0000000	0.0000000
7229.9939125	7235.0042997	7234.8660938	0.0000000	0.0000000	0.1735375	0.1698667	0.1013657	0.0000000	0.0000000
7229.9939125	7230.0068231	7229.8256250	0.0000000	0.0000000	0.1876440	0.1698865	0.0998950	0.0000000	0.0000000
7229.9939125	7225.0033850	7224.7851563	0.0000000	0.0000000	0.1658833	0.1699318	0.1001665	0.0000000	0.0000000
7229.9939125	7220.0114581	7219.8026367	0.0000000	0.0000000	0.1332819	0.1706377	0.1018440	0.0000000	0.0000000
7229.9939125	7215.0064889	7214.8201172	0.0000000	0.0000000	0.0964648	0.1698075	0.1034163	0.0000000	0.0000000
7229.9939125	7210.0080408	7209.8375977	0.0000000	0.0000000	0.0823726	0.1694506	0.1028831	0.0000000	0.0000000
7229.9939125	7205.0030717	7204.8550781	0.0000000	0.0000000	0.0859974	0.1702963	0.1049858	0.0000000	0.0000000
7229.9939125	7200.0046236	7199.8725586	0.0000000	0.0000000	0.0841936	0.1701000	0.1068156	0.0000000	0.0000000
7229.9939125	7194.9996544	7194.8900391	0.0000000	0.0000000	0.0881655	0.1698264	0.1094739	0.0000000	0.0000000
7229.9939125	7190.0044669	7189.9075195	0.0000000	0.0000000	0.0950461	0.1690598	0.1103075	0.0000000	0.0000000
7229.9939125	7185.0027583	7184.9250000	0.0000000	0.0000000	0.0908716	0.1684796	0.1074221	0.0000000	0.0000000
7229.9939125	7180.0043103	7179.9804492	0.0000000	0.0000000	0.0743524	0.1688627	0.1059636	0.0000000	0.0000000
7229.9939125	7175.0026016	7174.6444189	0.0000000	0.0000000	0.0730852	0.1681639	0.1068290	0.0000000	0.0000000
7229.9939125	7170.0008930	7169.7188525	0.0000000	0.0000000	0.0747870	0.1692015	0.1055824	0.0000000	0.0000000
7229.9939125	7165.0270176	7164.7932861	0.0000000	0.0000000	0.0593068	0.1701055	0.1038634	0.0000000	0.0000000
7229.9939125	7160.0251023	7159.8677197	0.0000000	0.0000000	0.0494601	0.1700345	0.1018531	0.0000000	0.0000000
7229.9939125	7155.0201792	7154.9421533	0.0000000	0.0000000	0.0565232	0.1699565	0.1047296	0.0000000	0.0000000
7229.9939125	7150.0242795	7149.6061230	0.0000000	0.0000000	0.0661512	0.1691235	0.1055134	0.0000000	0.0000000
7229.9939125	7145.0253719	7144.6805566	0.0000000	0.0000000	0.0559695	0.1674823	0.1044045	0.0000000	0.0000000
7229.9939125	7140.0294722	7139.7829688	0.0000000	0.0000000	0.0424528	0.1685200	0.1038125	0.0000000	0.0000000
7229.9939125	7135.0215414	7134.9133594	0.0000000	0.0000000	0.0417760	0.1698859	0.1026263	0.0000000	0.0000000
7229.9939125	7130.0226338	7129.6379492	0.0000000	0.0000000	0.0553450	0.1696917	0.1041428	0.0000000	0.0000000
7229.9939125	7125.0237263	7124.7683398	0.0000000	0.0000000	0.0519852	0.1693687	0.1035520	0.0000000	0.0000000
7229.9939125	7120.0278266	7119.8987305	0.0000000	0.0000000	0.0399889	0.1695513	0.1027787	0.0000000	0.0000000
7229.9939125	7114.9843181	7114.6233203	0.0000000	0.0000000	0.0414574	0.1695820	0.1025574	0.0000000	0.0000000
7229.9939125	7109.9857704	7109.7537109	0.0000000	0.0000000	0.0419789	0.1698625	0.1014022	0.0000000	0.0000000
7229.9939125	7104.9837419	7104.8841016	0.0000000	0.0000000	0.0366398	0.1698528	0.0995576	0.0000000	0.0000000
7229.9939125	7099.9817134	7099.6316406	0.0000000	0.0000000	0.0380363	0.1696331	0.1000991	0.0000000	0.0000000
7229.9939125	7094.9831658	7094.8171094	0.0000000	0.0000000	0.0326324	0.1699429	0.0998951	0.0000000	0.0000000
7229.9939125	7089.9811373	7089.6013672	0.0000000	0.0000000	0.0303152	0.1690226	0.1009858	0.0000000	0.0000000
7229.9939125	7084.9895515	7084.7868359	0.0000000	0.0000000	0.0259149	0.1690675	0.1015348	0.0000000	0.0000000
7229.9939125	7079.9875230	7079.9723047	0.0000000	0.0000000	0.0198805	0.1685272	0.1002325	0.0000000	0.0000000
7229.9939125	7074.9889754	7074.7565625	0.0000000	0.0000000	0.0120508	0.1686848	0.0994138	0.0000000	0.0000000
7229.9939125	7069.9834660	7069.9420313	0.0000000	0.0000000	0.0097395	0.1694895	0.0992592	0.0000000	0.0000000
7229.9939125	7064.9883993	7064.7262891	0.0000000	0.0000000	0.0096770	0.1691742	0.0987123	0.0000000	0.0000000
7229.9939125	7059.9863559	7059.9297656	0.0000000	0.0000000	0.0105988	0.1695314	0.0984073	0.0000000	0.0000000
7229.9939125	7054.9841606	7054.7725488	0.0000000	0.0000000	0.0124552	0.1705924	0.0976011	0.0000000	0.0000000
7229.9939125	7049.9819654	7049.6153320	0.0000000	0.0000000	0.0123492	0.1703696	0.0964625	0.0000000	0.0000000
7229.9939125	7044.9875799	7044.8548242	0.0000000	0.0000000	0.0133243	0.1705179	0.0964834	0.0000000	0.0000000
7229.9939125	7039.9814797	7039.6976074	0.0000000	0.0000000	0.0150715	0.1691504	0.0979545	0.0000000	0.0000000
7229.9939125	7034.9831894	7034.9370996	0.0000000	0.0000000	0.0154821	0.1696434	0.0984493	0.0000000	0.0000000
7229.9939125	7029.9848990	7029.7798828	0.0000000	0.0000000	0.0174281	0.1697950	0.0986985	0.0000000	0.0000000
7229.9939125	7024.9827038	7024.6226660	0.0000000	0.0000000	0.0197163	0.1694398	0.0993892	0.0000000	0.0000000
7229.9939125	7019.9805085	7019.8843262	0.0000000	0.0000000	0.0165289	0.1690352	0.0995369	0.0000000	0.0000000
7229.9939125	7014.9822181	7014.7847461	0.0000000	0.0000000	0.0146797	0.1692423	0.0982816	0.0000000	0.0000000
7229.9939125	7009.9878327	7009.6851660	0.0000000	0.0000000	0.0145460	0.1693901	0.0982872	0.0000000	0.0000000
7229.9939125	7004.9817325	7004.9778613	0.0000000	0.0000000	0.0156497	0.1707557	0.0981785	0.0000000	0.0000000
