7544.9989366	7599.9977245	7599.5502051	0.0000000	0.0000000	0.0091274	0.1775397	0.1241410	0.0000000	7545.0000000
7544.9989366	7594.9867234	7594.9313574	0.0000000	0.0000000	0.0078953	0.1786604	0.1225892	0.0000000	0.0000000
7544.9989366	7589.9849267	7589.8506250	0.0000000	0.0000000	0.0102740	0.1794541	0.1235049	0.0000000	0.0000000
7544.9989366	7584.9923107	7584.7698926	0.0000000	0.0000000	0.0112784	0.1784200	0.1233782	0.0000000	0.0000000
7544.9989366	7579.9869519	7579.6891602	0.0000000	0.0000000	0.0115306	0.1791610	0.1231033	0.0000000	0.0000000
7544.9989366	7574.9866901	7574.6139941	0.0000000	0.0000000	0.0132334	0.1790602	0.1226061	0.0000000	0.0000000
7544.9989366	7569.9889770	7569.5944922	0.0000000	0.0000000	0.0138182	0.1792853	0.1239283	0.0000000	0.0000000
7544.9989366	7564.9887153	7564.5749902	0.0000000	0.0000000	0.0162164	0.1786486	0.1240479	0.0000000	0.0000000
7544.9989366	7559.9859050	7559.5554883	0.0000000	0.0000000	0.0296996	0.1784578	0.1252914	0.0000000	0.0000000
7544.9989366	7554.9881918	7554.9923047	0.0000000	0.0000000	0.0579822	0.1784323	0.1249792	0.0000000	0.0000000
7544.9989366	7549.9853816	7549.9728027	0.0000000	0.0000000	0.0966323	0.1785266	0.1255970	0.0000000	0.0000000
7544.9989366	7544.9876684	7544.9533008	0.0000000	0.0000000	0.1073517	0.1785328	0.1251395	0.0000000	0.0000000
7544.9989366	7539.9843974	7539.9337988	0.0000000	0.0000000	0.0851790	0.1788322	0.1251639	0.0000000	0.0000000
7544.9989366	7534.9866347	7534.9142969	0.0000000	0.0000000	0.0472399	0.1775824	0.1247019	0.0000000	0.0000000
7544.9989366	7529.9859713	7529.8947949	0.0000000	0.0000000	0.0244290	0.1781433	0.1240887	0.0000000	0.0000000
7544.9989366	7524.9853080	7524.9299316	0.0000000	0.0000000	0.0160739	0.1777063	0.1241837	0.0000000	0.0000000
7544.9989366	7519.9904459	7519.9705322	0.0000000	0.0000000	0.0162268	0.1771073	0.1242263	0.0000000	0.0000000
7544.9989366	7514.9868819	7514.5602783	0.0000000	0.0000000	0.0144604	0.1783756	0.1230825	0.0000000	0.0000000
7544.9989366	7509.9862185	7509.6008789	0.0000000	0.0000000	0.0143881	0.1777516	0.1231013	0.0000000	0.0000000
7544.9989366	7504.9855552	7504.6414795	0.0000000	0.0000000	0.0141296	0.1785920	0.1236260	0.0000000	0.0000000
7544.9989366	7499.9877924	7499.6820801	0.0000000	0.0000000	0.0149895	0.1780359	0.1238114	0.0000000	0.0000000
7544.9989366	7494.9842285	7494.7226807	0.0000000	0.0000000	0.0135262	0.1787993	0.1234934	0.0000000	0.0000000
7544.9989366	7489.9871487	7489.7632813	0.0000000	0.0000000	0.0143704	0.1784840	0.1237251	0.0000000	0.0000000
7544.9989366	7484.9872274	7484.8038818	0.0000000	0.0000000	0.0117782	0.1790577	0.1223442	0.0000000	0.0000000
7544.9989366	7479.9844604	7479.8981445	0.0000000	0.0000000	0.0126433	0.1798760	0.1227948	0.0000000	0.0000000
7544.9989366	7474.9845391	7474.9977734	0.0000000	0.0000000	0.0128547	0.1806642	0.1237202	0.0000000	0.0000000
7544.9989366	7469.9846178	7469.6519141	0.0000000	0.0000000	0.0119850	0.1804181	0.1237053	0.0000000	0.0000000
7544.9989366	7464.9875422	7464.7515430	0.0000000	0.0000000	0.0096415	0.1792996	0.1238665	0.0000000	0.0000000
7544.9989366	7459.9876209	7459.8511719	0.0000000	0.0000000	0.0099712	0.1795074	0.1239720	0.0000000	0.0000000
7544.9989366	7454.9820081	7454.9508008	0.0000000	0.0000000	0.0090626	0.1798589	0.1227207	0.0000000	0.0000000
7544.9989366	7449.9849325	7449.6049414	0.0000000	0.0000000	0.0087057	0.1796150	0.1229417	0.0000000	0.0000000
7544.9989366	7444.9878570	7444.7045703	0.0000000	0.0000000	0.0086748	0.1785956	0.1232385	0.0000000	0.0000000
7544.9989366	7439.9879357	7439.8041992	0.0000000	0.0000000	0.0107529	0.1792201	0.1226041	0.0000000	0.0000000
7544.9989366	7434.9880144	7434.9618359	0.0000000	0.0000000	0.0092134	0.1788475	0.1211920	0.0000000	0.0000000
7544.9989366	7429.9872294	7429.6792578	0.0000000	0.0000000	0.0087278	0.1794149	0.1219133	0.0000000	0.0000000
7544.9989366	7424.9918312	7424.8368945	0.0000000	0.0000000	0.0097638	0.1782434	0.1209752	0.0000000	0.0000000
7544.9989366	7419.9883932	7419.9945313	0.0000000	0.0000000	0.0067886	0.1792723	0.1197704	0.0000000	0.0000000
7544.9989366	7414.9903151	7414.7119531	0.0000000	0.0000000	0.0083721	0.1789991	0.1198976	0.0000000	0.0000000
7544.9989366	7409.9868772	7409.8695898	0.0000000	0.0000000	0.0092637	0.1787040	0.1199661	0.0000000	0.0000000
7544.9989366	7404.9861191	7404.5870117	0.0000000	0.0000000	0.0080627	0.1789403	0.1193593	0.0000000	0.0000000
7544.9989366	7399.9853611	7399.7446484	0.0000000	0.0000000	0.0065620	0.1787194	0.1202378	0.0000000	0.0000000
7544.9989366	7394.9846030	7394.9126367	0.0000000	0.0000000	0.0065831	0.1789005	0.1190813	0.0000000	0.0000000
7544.9989366	7389.9892049	7389.6921680	0.0000000	0.0000000	0.0063938	0.1783361	0.1202343	0.0000000	0.0000000
7544.9989366	7384.9884468	7384.9067383	0.0000000	0.0000000	0.0064825	0.1788966	0.1207526	0.0000000	0.0000000
7544.9989366	7379.9820701	7379.6862695	0.0000000	0.0000000	0.0066163	0.1786384	0.1185952	0.0000000	0.0000000
7544.9989366	7374.9860639	7374.9008398	0.0000000	0.0000000	0.0057896	0.1790708	0.1168711	0.0000000	0.0000000
7544.9989366	7369.9868136	7369.6803711	0.0000000	0.0000000	0.0077688	0.1791335	0.1147799	0.0000000	0.0000000
7544.9989366	7364.9843191	7364.8949414	0.0000000	0.0000000	0.0075889	0.1788630	0.1145151	0.0000000	0.0000000
7544.9989366	7359.9883129	7359.6744727	0.0000000	0.0000000	0.0076609	0.1794376	0.1140516	0.0000000	0.0000000
7544.9989366	7354.9890626	7354.8890430	0.0000000	0.0000000	0.0074972	0.1784263	0.1129972	0.0000000	0.0000000
7544.9989366	7349.9865681	7349.6991016	0.0000000	0.0000000	0.0069872	0.1777847	0.1110795	0.0000000	0.0000000
7544.9989366	7344.9840736	7344.9696387	0.0000000	0.0000000	0.0059077	0.1780405	0.1089330	0.0000000	0.0000000
7544.9989366	7339.9848232	7339.8102246	0.0000000	0.0000000	0.0040822	0.1781891	0.1076235	0.0000000	0.0000000
7544.9989366	7334.9855729	7334.6508105	0.0000000	0.0000000	0.0060260	0.1790530	0.1075420	0.0000000	0.0000000
7544.9989366	7329.9863226	7329.9213477	0.0000000	0.0000000	0.0073868	0.1785177	0.1081954	0.0000000	0.0000000
7544.9989366	7324.9878543	7324.7619336	0.0000000	0.0000000	0.0062883	0.1790327	0.1083845	0.0000000	0.0000000
7544.9989366	7319.9843593	7319.6025195	0.0000000	0.0000000	0.0048943	0.1796993	0.1075137	0.0000000	0.0000000
7544.9989366	7314.9864987	7314.8730566	0.0000000	0.0000000	0.0058837	0.1794078	0.1079918	0.0000000	0.0000000
7544.9989366	7309.9886382	7309.7136426	0.0000000	0.0000000	0.0049011	0.1788604	0.1089742	0.0000000	0.0000000
7544.9989366	7304.9879604	7304.6092822	0.0000000	0.0000000	0.0039677	0.1794462	0.1086837	0.0000000	0.0000000
7544.9989366	7299.9872826	7299.9348730	0.0000000	0.0000000	0.0042412	0.1786099	0.1101036	0.0000000	0.0000000
7544.9989366	7294.9837875	7294.8355176	0.0000000	0.0000000	0.0045730	0.1787103	0.1093265	0.0000000	0.0000000
7544.9989366	7289.9859270	7289.7361621	0.0000000	0.0000000	0.0038556	0.1792758	0.1081086	0.0000000	0.0000000
7544.9989366	7284.9880665	7284.6368066	0.0000000	0.0000000	0.0031611	0.1790371	0.1084423	0.0000000	0.0000000
7544.9989366	7279.9815887	7279.9623975	0.0000000	0.0000000	0.0034376	0.1788945	0.1102885	0.0000000	0.0000000
7544.9989366	7274.9841121	7274.8630420	0.0000000	0.0000000	0.0041313	0.1786189	0.1114788	0.0000000	0.0000000
7544.9989366	7269.9834279	7269.7636865	0.0000000	0.0000000	0.0043583	0.1778359	0.1096438	0.0000000	0.0000000
7544.9989366	7264.9859514	7264.6888672	0.0000000	0.0000000	0.0025990	0.1788080	0.1088148	0.0000000	0.0000000
7544.9989366	7259.9852672	7259.6483984	0.0000000	0.0000000	0.0022079	0.1796547	0.1080378	0.0000000	0.0000000
7544.9989366	7254.9813754	7254.6079297	0.0000000	0.0000000	0.0024991	0.1795886	0.1080665	0.0000000	0.0000000
7544.9989366	7249.9838989	7249.9875000	0.0000000	0.0000000	0.0022762	0.1801523	0.1058148	0.0000000	0.0000000
7544.9989366	7244.9832147	7244.9470313	0.0000000	0.0000000	0.0012902	0.1798312	0.1036047	0.0000000	0.0000000
7544.9989366	7239.9857381	7239.9065625	0.0000000	0.0000000	0.0010465	0.1786307	0.1021973	0.0000000	0.0000000
7544.9989366	7234.9850540	7234.8660938	0.0000000	0.0000000	0.0007638	0.1794789	0.0999421	0.0000000	0.0000000
7544.9989366	7229.9843698	7229.8256250	0.0000000	0.0000000	0.0006847	0.1790476	0.1011824	0.0000000	0.0000000
7544.9989366	7224.9838216	7224.7851563	0.0000000	0.0000000	0.0008066	0.1789275	0.1011136	0.0000000	0.0000000
7544.9989366	7219.9886341	7219.8026367	0.0000000	0.0000000	0.0007153	0.1786564	0.1035067	0.0000000	0.0000000
7544.9989366	7214.9869255	7214.8201172	0.0000000	0.0000000	0.0010287	0.1795269	0.1052546	0.0000000	0.0000000
7544.9989366	7209.9884774	7209.8375977	0.0000000	0.0000000	0.0011464	0.1787566	0.1067555	0.0000000	0.0000000
7544.9989366	7204.9867688	7204.8550781	0.0000000	0.0000000	0.0012922	0.1792087	0.1073445	0.0000000	0.0000000
7544.9989366	7199.9850602	7199.8725586	0.0000000	0.0000000	0.0009653	0.1791162	0.1076821	0.0000000	0.0000000
7544.9989366	7194.9866121	7194.8900391	0.0000000	0.0000000	0.0008552	0.1787418	0.1089076	0.0000000	0.0000000
7544.9989366	7189.9849035	7189.9075195	0.0000000	0.0000000	0.0007986	0.1790890	0.1091023	0.0000000	0.0000000
7544.9989366	7184.9864555	7184.9250000	0.0000000	0.0000000	0.0008835	0.1796934	0.1093658	0.0000000	0.0000000
7544.9989366	7179.9814863	7179.9804492	0.0000000	0.0000000	0.0004475	0.1790757	0.1091061	0.0000000	0.0000000
7544.9989366	7174.9895594	7174.6444189	0.0000000	0.0000000	0.0003573	0.1784105	0.1071971	0.0000000	0.0000000
7544.9989366	7169.9845902	7169.7188525	0.0000000	0.0000000	0.0004629	0.1797659	0.1054993	0.0000000	0.0000000
7544.9989366	7164.9879166	7164.7932861	0.0000000	0.0000000	0.0004841	0.1786393	0.1049979	0.0000000	0.0000000
7544.9989366	7159.9860013	7159.8677197	0.0000000	0.0000000	0.0002849	0.1789598	0.1056960	0.0000000	0.0000000
7544.9989366	7154.9870938	7154.9421533	0.0000000	0.0000000	0.0003112	0.1780642	0.1061086	0.0000000	0.0000000
7544.9989366	7149.9851785	7149.6061230	0.0000000	0.0000000	0.0003101	0.1790784	0.1053763	0.0000000	0.0000000
7544.9989366	7144.9862710	7144.6805566	0.0000000	0.0000000	0.0001965	0.1782385	0.1040973	0.0000000	0.0000000
7544.9989366	7139.9873635	7139.7829688	0.0000000	0.0000000	0.0001541	0.1790858	0.1036057	0.0000000	0.0000000
7544.9989366	7134.9884559	7134.9133594	0.0000000	0.0000000	0.0001331	0.1789711	0.1041190	0.0000000	0.0000000
7544.9989366	7129.9895484	7129.6379492	0.0000000	0.0000000	0.0002015	0.1788872	0.1060450	0.0000000	0.0000000
7544.9989366	7124.9906409	7124.7683398	0.0000000	0.0000000	0.0001954	0.1793434	0.1045070	0.0000000	0.0000000
7544.9989366	7119.9857178	7119.8987305	0.0000000	0.0000000	0.0001344	0.1788077	0.1050205	0.0000000	0.0000000
7544.9989366	7114.9843181	7114.6233203	0.0000000	0.0000000	0.0002646	0.1790813	0.1051136	0.0000000	0.0000000
7544.9989366	7109.9857704	7109.7537109	0.0000000	0.0000000	0.0001956	0.1799847	0.1054855	0.0000000	0.0000000
7544.9989366	7104.9837419	7104.8841016	0.0000000	0.0000000	0.0002013	0.1792723	0.1039133	0.0000000	0.0000000
7544.9989366	7099.9851943	7099.6316406	0.0000000	0.0000000	0.0001857	0.1791884	0.1036183	0.0000000	0.0000000
7544.9989366	7094.9831658	7094.8171094	0.0000000	0.0000000	0.0001415	0.1794906	0.1048623	0.0000000	0.0000000
7544.9989366	7089.9880991	7089.6013672	0.0000000	0.0000000	0.0001625	0.1790981	0.1058193	0.0000000	0.0000000
7544.9989366	7084.9930324	7084.7868359	0.0000000	0.0000000	0.0001085	0.1796636	0.1031150	0.0000000	0.0000000
7544.9989366	7079.9910039	7079.9723047	0.0000000	0.0000000	0.0000795	0.1789393	0.1019562	0.0000000	0.0000000
7544.9989366	7074.9889754	7074.7565625	0.0000000	0.0000000	0.0000695	0.1790084	0.1007168	0.0000000	0.0000000
7544.9989366	7069.9869469	7069.9420313	0.0000000	0.0000000	0.0000594	0.1796879	0.1013121	0.0000000	0.0000000
7544.9989366	7064.9883993	7064.7262891	0.0000000	0.0000000	0.0000522	0.1801069	0.1000015	0.0000000	0.0000000
7544.9989366	7059.9863559	7059.9297656	0.0000000	0.0000000	0.0000916	0.1784252	0.1008162	0.0000000	0.0000000
7544.9989366	7054.9841606	7054.7725488	0.0000000	0.0000000	0.0000294	0.1774867	0.1007109	0.0000000	0.0000000
7544.9989366	7049.9819654	7049.6153320	0.0000000	0.0000000	0.0000249	0.1789540	0.0995909	0.0000000	0.0000000
7544.9989366	7044.9875799	7044.8548242	0.0000000	0.0000000	0.0000219	0.1789830	0.1006747	0.0000000	0.0000000
7544.9989366	7039.9814797	7039.6976074	0.0000000	0.0000000	0.0001053	0.1797583	0.1015299	0.0000000	0.0000000
7544.9989366	7034.9831894	7034.9370996	0.0000000	0.0000000	0.0000441	0.1797610	0.1004601	0.0000000	0.0000000
7544.9989366	7029.9848990	7029.7798828	0.0000000	0.0000000	0.0000613	0.1801715	0.1003981	0.0000000	0.0000000
7544.9989366	7024.9866087	7024.6226660	0.0000000	0.0000000	0.0000586	0.1797076	0.0999097	0.0000000	0.0000000
7544.9989366	7019.9844134	7019.8843262	0.0000000	0.0000000	0.0000962	0.1798411	0.1008413	0.0000000	0.0000000
7544.9989366	7014.9861230	7014.7847461	0.0000000	0.0000000	0.0000775	0.1791626	0.1012419	0.0000000	0.0000000
7544.9989366	7009.9878327	7009.6851660	0.0000000	0.0000000	0.0000605	0.1795820	0.1013204	0.0000000	0.0000000
7544.9989366	7004.9817325	7004.9778613	0.0000000	0.0000000	0.0001042	0.1801996	0.1011830	0.0000000	0.0000000
