6950.0054985	8650.0009853	8649.8120117	2.0000667	-4.5998866	0.0000140	3.4120490	1.0344342	0.0000000	-4.6000000
6950.0054985	8650.0009853	8649.8120117	1.7999266	-4.6000000	0.2523157	3.3375952	1.0464117	0.0000000	0.0000000
6950.0054985	8650.0009853	8649.8120117	1.6001201	-4.6000000	0.0000647	3.3897614	1.0287292	0.0000000	0.0000000
6950.0054985	8650.0009853	8649.8120117	1.3999800	-4.6000000	0.4147046	3.3687323	1.0307349	0.0000000	0.0000000
6950.0054985	8650.0009853	8649.8120117	1.1998399	-4.6000000	0.0000000	3.3458868	1.0306592	0.0000000	0.0000000
6950.0054985	8650.0009853	8649.8120117	1.0000334	-4.6000000	0.0000000	3.3721136	1.0345374	0.0000000	0.0000000
6950.0054985	8650.0009853	8649.8120117	0.7998933	-4.6000000	0.0000000	3.3466553	1.0442932	0.0000000	0.0000000
6950.0054985	8650.0009853	8649.8120117	0.6000867	-4.6000000	0.0000000	3.3480194	1.0395563	0.0000000	0.0000000
6950.0054985	8650.0009853	8649.8120117	0.3999466	-4.6000000	0.0000000	3.3551575	1.0249115	0.0000000	0.0000000
6950.0054985	8650.0009853	8649.8120117	0.2001401	-4.6000000	0.4987878	3.3406274	1.0433057	0.0000000	0.0000000
6950.0054985	8650.0009853	8649.8120117	0.0000000	-4.6000000	0.0000018	3.3609979	1.0224792	0.0000000	0.0000000
6950.0054985	8650.0009853	8649.8120117	-0.2001401	-4.6000000	0.0000000	3.3306000	1.0311926	0.0000000	0.0000000
6950.0054985	8650.0009853	8649.8120117	-0.3999466	-4.6000000	0.0000073	3.3345551	1.0477032	0.0000000	0.0000000
6950.0054985	8650.0009853	8649.8120117	-0.6000867	-4.6000000	0.0000000	3.3587708	1.0277307	0.0000000	0.0000000
6950.0054985	8650.0009853	8649.8120117	-0.7998933	-4.6000000	0.0000000	3.3504956	1.0228821	0.0000000	0.0000000
6950.0054985	8650.0009853	8649.8120117	-1.0000334	-4.6000000	0.0000494	3.3731604	1.0316180	0.0000000	0.0000000
6950.0054985	8650.0009853	8649.8120117	-1.1998399	-4.6000000	0.0768390	3.3506628	1.0398987	0.0000000	0.0000000
6950.0054985	8650.0009853	8649.8120117	-1.3999800	-4.6000000	0.1366492	3.3429565	1.0191687	0.0000000	0.0000000
6950.0054985	8650.0009853	8649.8120117	-1.6001201	-4.6000000	0.0000000	3.3641870	1.0122144	0.0000000	0.0000000
6950.0054985	8650.0009853	8649.8120117	-1.7999266	-4.6000000	0.2838171	3.3691443	1.0256909	0.0000000	0.0000000
6950.0054985	8650.0009853	8649.8120117	-2.0000667	-4.6000000	0.0000000	3.3674451	1.0305341	0.0000000	0.0000000
6950.0054985	8650.0009853	8649.8120117	-2.1998732	-4.6000000	0.0000049	3.3274445	1.0202258	0.0000000	0.0000000
6950.0054985	8650.0009853	8649.8120117	-2.4000133	-4.6000000	0.0000177	3.3099115	1.0333942	0.0000000	0.0000000
6950.0054985	8650.0009853	8649.8120117	-2.6001534	-4.6000000	0.1532764	3.3611810	1.0265222	0.0000000	0.0000000
6950.0054985	8650.0009853	8649.8120117	-2.7999600	-4.6000000	0.0157928	3.3538593	1.0298590	0.0000000	0.0000000
6950.0054985	8650.0009853	8649.8120117	-3.0001001	-4.6000000	0.1467310	3.3419012	1.0267560	0.0000000	0.0000000
6950.0054985	8650.0009853	8649.8120117	-3.1999066	-4.6000000	0.7605084	3.3177692	1.0242847	0.0000000	0.0000000
6950.0054985	8650.0009853	8649.8120117	-3.4000467	-4.6000000	1.2135559	3.3538129	0.9984290	0.0000000	0.0000000
6950.0054985	8650.0009853	8649.8120117	-3.5998532	-4.6000000	2.4332385	3.3985706	1.0227155	0.0000000	0.0000000
6950.0054985	8650.0009853	8649.8120117	-3.7999933	-4.6000000	3.1286670	3.3552832	1.0204517	0.0000000	0.0000000
6950.0054985	8650.0009853	8649.8120117	-4.0001334	-4.6000000	4.1695587	3.3346893	1.0174756	0.0000000	0.0000000
6950.0054985	8650.0009853	8649.8120117	-4.1999400	-4.6000000	4.9771649	3.3037451	1.0257037	0.0000000	0.0000000
6950.0054985	8650.0009853	8649.8120117	-4.4000801	-4.6000000	6.2559607	3.3418018	1.0039325	0.0000000	0.0000000
6950.0054985	8650.0009853	8649.8120117	-4.5998866	-4.6000000	8.2256012	3.3622595	1.0100232	0.0000000	0.0000000
6950.0054985	8650.0009853	8649.8120117	-4.8000267	-4.6000000	5.4521210	3.3159625	1.0155280	0.0000000	0.0000000
6950.0054985	8650.0009853	8649.8120117	-5.0001668	-4.6000000	4.7095813	3.2853748	1.0247369	0.0000000	0.0000000
