6950.0054985	8650.0009853	8649.8120117	2.0000667	-5.0001668	0.4779364	3.3109656	0.9933453	0.0000000	-5.0000000
6950.0054985	8650.0009853	8649.8120117	1.7999266	-5.0000000	0.0000000	3.2929926	1.0097278	0.0000000	0.0000000
6950.0054985	8650.0009853	8649.8120117	1.6001201	-5.0000000	0.0553613	3.3066553	1.0015808	0.0000000	0.0000000
6950.0054985	8650.0009853	8649.8120117	1.3999800	-5.0000000	0.0000000	3.3073639	0.9926398	0.0000000	0.0000000
6950.0054985	8650.0009853	8649.8120117	1.1998399	-5.0000000	0.0000000	3.3282745	0.9923267	0.0000000	0.0000000
6950.0054985	8650.0009853	8649.8120117	1.0000334	-5.0000000	0.1500311	3.3533533	1.0075220	0.0000000	0.0000000
6950.0054985	8650.0009853	8649.8120117	0.7998933	-5.0000000	0.0000000	3.3229681	1.0002747	0.0000000	0.0000000
6950.0054985	8650.0009853	8649.8120117	0.6000867	-5.0000000	0.0000000	3.3165363	1.0128418	0.0000000	0.0000000
6950.0054985	8650.0009853	8649.8120117	0.3999466	-5.0000000	0.0000000	3.2883740	1.0041516	0.0000000	0.0000000
6950.0054985	8650.0009853	8649.8120117	0.2001401	-5.0000000	0.0000000	3.3231744	1.0005609	0.0000000	0.0000000
6950.0054985	8650.0009853	8649.8120117	0.0000000	-5.0000000	0.0000000	3.3319238	0.9923322	0.0000000	0.0000000
6950.0054985	8650.0009853	8649.8120117	-0.2001401	-5.0000000	0.0206604	3.3398462	0.9989679	0.0000000	0.0000000
6950.0054985	8650.0009853	8649.8120117	-0.3999466	-5.0000000	0.1876111	3.3152661	0.9887585	0.0000000	0.0000000
6950.0054985	8650.0009853	8649.8120117	-0.6000867	-5.0000000	0.0000000	3.3277655	0.9991711	0.0000000	0.0000000
6950.0054985	8650.0009853	8649.8120117	-0.7998933	-5.0000000	0.0000098	3.3096387	1.0112225	0.0000000	0.0000000
6950.0054985	8650.0009853	8649.8120117	-1.0000334	-5.0000000	0.0000000	3.3362756	0.9970306	0.0000000	0.0000000
6950.0054985	8650.0009853	8649.8120117	-1.1998399	-5.0000000	0.0000000	3.3472028	1.0089624	0.0000000	0.0000000
6950.0054985	8650.0009853	8649.8120117	-1.3999800	-5.0000000	0.0000104	3.2995190	1.0033765	0.0000000	0.0000000
6950.0054985	8650.0009853	8649.8120117	-1.6001201	-5.0000000	0.7658643	3.2966046	1.0022235	0.0000000	0.0000000
6950.0054985	8650.0009853	8649.8120117	-1.7999266	-5.0000000	0.1747772	3.3046881	1.0131189	0.0000000	0.0000000
6950.0054985	8650.0009853	8649.8120117	-2.0000667	-5.0000000	0.0000000	3.3309900	1.0161029	0.0000000	0.0000000
6950.0054985	8650.0009853	8649.8120117	-2.1998732	-5.0000000	0.0000000	3.3553455	1.0198529	0.0000000	0.0000000
6950.0054985	8650.0009853	8649.8120117	-2.4000133	-5.0000000	0.0000000	3.3378870	1.0058728	0.0000000	0.0000000
6950.0054985	8650.0009853	8649.8120117	-2.6001534	-5.0000000	0.0049933	3.3161987	1.0062903	0.0000000	0.0000000
6950.0054985	8650.0009853	8649.8120117	-2.7999600	-5.0000000	0.0000739	3.3193506	1.0029944	0.0000000	0.0000000
6950.0054985	8650.0009853	8649.8120117	-3.0001001	-5.0000000	0.0000061	3.3539868	1.0012073	0.0000000	0.0000000
6950.0054985	8650.0009853	8649.8120117	-3.1999066	-5.0000000	0.1384821	3.3339166	1.0154938	0.0000000	0.0000000
6950.0054985	8650.0009853	8649.8120117	-3.4000467	-5.0000000	0.0463879	3.3213477	1.0116711	0.0000000	0.0000000
6950.0054985	8650.0009853	8649.8120117	-3.5998532	-5.0000000	0.9996808	3.3216284	1.0068103	0.0000000	0.0000000
6950.0054985	8650.0009853	8649.8120117	-3.7999933	-5.0000000	1.6940735	3.3111627	1.0106818	0.0000000	0.0000000
6950.0054985	8650.0009853	8649.8120117	-4.0001334	-5.0000000	2.3823755	3.2912958	1.0113098	0.0000000	0.0000000
6950.0054985	8650.0009853	8649.8120117	-4.1999400	-5.0000000	2.9560443	3.3133691	1.0166498	0.0000000	0.0000000
6950.0054985	8650.0009853	8649.8120117	-4.4000801	-5.0000000	3.3827216	3.3196490	1.0070447	0.0000000	0.0000000
6950.0054985	8650.0009853	8649.8120117	-4.5998866	-5.0000000	6.1752423	3.3310706	1.0240729	0.0000000	0.0000000
6950.0054985	8650.0009853	8649.8120117	-4.8000267	-5.0000000	6.8929077	3.3395972	1.0174969	0.0000000	0.0000000
6950.0054985	8650.0009853	8649.8120117	-5.0001668	-5.0000000	5.9611896	3.3218982	1.0408490	0.0000000	0.0000000
