6950.0054985	8650.0009853	8649.8120117	2.0000667	-1.0000334	0.0145068	3.3862286	1.0904919	0.0000000	-1.0000000
6950.0054985	8650.0009853	8649.8120117	1.7999266	-1.0000000	0.0000000	3.3542810	1.0906879	0.0000000	0.0000000
6950.0054985	8650.0009853	8649.8120117	1.6001201	-1.0000000	0.0000000	3.3211578	1.1135315	0.0000000	0.0000000
6950.0054985	8650.0009853	8649.8120117	1.3999800	-1.0000000	0.0000000	3.3347693	1.1085480	0.0000000	0.0000000
6950.0054985	8650.0009853	8649.8120117	1.1998399	-1.0000000	0.0000134	3.3784290	1.0989105	0.0000000	0.0000000
6950.0054985	8650.0009853	8649.8120117	1.0000334	-1.0000000	0.0564691	3.3965131	1.0974274	0.0000000	0.0000000
6950.0054985	8650.0009853	8649.8120117	0.7998933	-1.0000000	0.2041187	3.3929041	1.0913922	0.0000000	0.0000000
6950.0054985	8650.0009853	8649.8120117	0.6000867	-1.0000000	0.0067456	3.3915729	1.0818970	0.0000000	0.0000000
6950.0054985	8650.0009853	8649.8120117	0.3999466	-1.0000000	0.0908728	3.3884290	1.0980212	0.0000000	0.0000000
6950.0054985	8650.0009853	8649.8120117	0.2001401	-1.0000000	1.5848145	3.3212866	1.1076733	0.0000000	0.0000000
6950.0054985	8650.0009853	8649.8120117	0.0000000	-1.0000000	0.9344739	3.3277484	1.1197766	0.0000000	0.0000000
6950.0054985	8650.0009853	8649.8120117	-0.2001401	-1.0000000	2.6115729	3.3583655	1.0967371	0.0000000	0.0000000
6950.0054985	8650.0009853	8649.8120117	-0.3999466	-1.0000000	3.7270746	3.3942725	1.0898181	0.0000000	0.0000000
6950.0054985	8650.0009853	8649.8120117	-0.6000867	-1.0000000	4.3838983	3.4012622	1.0844562	0.0000000	0.0000000
6950.0054985	8650.0009853	8649.8120117	-0.7998933	-1.0000000	5.1252032	3.3732294	1.0924762	0.0000000	0.0000000
6950.0054985	8650.0009853	8649.8120117	-1.0000334	-1.0000000	5.3558533	3.3839496	1.1085284	0.0000000	0.0000000
6950.0054985	8650.0009853	8649.8120117	-1.1998399	-1.0000000	6.0604883	3.3831256	1.0863147	0.0000000	0.0000000
6950.0054985	8650.0009853	8649.8120117	-1.3999800	-1.0000000	5.9255035	3.3595398	1.1014667	0.0000000	0.0000000
6950.0054985	8650.0009853	8649.8120117	-1.6001201	-1.0000000	4.2409113	3.3219000	1.0863593	0.0000000	0.0000000
6950.0054985	8650.0009853	8649.8120117	-1.7999266	-1.0000000	3.8124664	3.3668805	1.0970660	0.0000000	0.0000000
6950.0054985	8650.0009853	8649.8120117	-2.0000667	-1.0000000	2.8650763	3.3482269	1.0893225	0.0000000	0.0000000
6950.0054985	8650.0009853	8649.8120117	-2.1998732	-1.0000000	1.2961523	3.3724811	1.0973352	0.0000000	0.0000000
6950.0054985	8650.0009853	8649.8120117	-2.4000133	-1.0000000	0.4318329	3.3461108	1.0899396	0.0000000	0.0000000
6950.0054985	8650.0009853	8649.8120117	-2.6001534	-1.0000000	0.1644849	3.3580841	1.0851459	0.0000000	0.0000000
6950.0054985	8650.0009853	8649.8120117	-2.7999600	-1.0000000	0.2515234	3.3756818	1.0882379	0.0000000	0.0000000
6950.0054985	8650.0009853	8649.8120117	-3.0001001	-1.0000000	0.0105304	3.3568054	1.0914105	0.0000000	0.0000000
6950.0054985	8650.0009853	8649.8120117	-3.1999066	-1.0000000	0.0043994	3.3193701	1.1241406	0.0000000	0.0000000
6950.0054985	8650.0009853	8649.8120117	-3.4000467	-1.0000000	0.0166803	3.3408331	1.0975098	0.0000000	0.0000000
6950.0054985	8650.0009853	8649.8120117	-3.5998532	-1.0000000	0.0000000	3.3982098	1.0866180	0.0000000	0.0000000
6950.0054985	8650.0009853	8649.8120117	-3.7999933	-1.0000000	0.0000000	3.3807391	1.0907666	0.0000000	0.0000000
6950.0054985	8650.0009853	8649.8120117	-4.0001334	-1.0000000	0.0008533	3.3415106	1.1056055	0.0000000	0.0000000
6950.0054985	8650.0009853	8649.8120117	-4.1999400	-1.0000000	0.0000183	3.3420483	1.0836206	0.0000000	0.0000000
6950.0054985	8650.0009853	8649.8120117	-4.4000801	-1.0000000	0.0000000	3.3113025	1.1099768	0.0000000	0.0000000
6950.0054985	8650.0009853	8649.8120117	-4.5998866	-1.0000000	0.0000000	3.3637476	1.0869775	0.0000000	0.0000000
6950.0054985	8650.0009853	8649.8120117	-4.8000267	-1.0000000	0.8060132	3.3648804	1.0884869	0.0000000	0.0000000
6950.0054985	8650.0009853	8649.8120117	-5.0001668	-1.0000000	0.0000000	3.3372632	1.1111847	0.0000000	0.0000000
