6950.0054985	8650.0009853	8649.8120117	2.0000667	-4.4000801	0.0000812	3.3622333	1.0705157	0.0000000	-4.4000000
6950.0054985	8650.0009853	8649.8120117	1.7999266	-4.4000000	0.0000000	3.4174731	1.0675055	0.0000000	0.0000000
6950.0054985	8650.0009853	8649.8120117	1.6001201	-4.4000000	0.4070734	3.3786737	1.0867285	0.0000000	0.0000000
6950.0054985	8650.0009853	8649.8120117	1.3999800	-4.4000000	0.0000000	3.3546185	1.0865723	0.0000000	0.0000000
6950.0054985	8650.0009853	8649.8120117	1.1998399	-4.4000000	0.0000000	3.3683600	1.0950201	0.0000000	0.0000000
6950.0054985	8650.0009853	8649.8120117	1.0000334	-4.4000000	0.0000000	3.4004376	1.0809937	0.0000000	0.0000000
6950.0054985	8650.0009853	8649.8120117	0.7998933	-4.4000000	0.0009039	3.3682031	1.0783185	0.0000000	0.0000000
6950.0054985	8650.0009853	8649.8120117	0.6000867	-4.4000000	0.0000049	3.3537579	1.0892859	0.0000000	0.0000000
6950.0054985	8650.0009853	8649.8120117	0.3999466	-4.4000000	0.0087592	3.3789532	1.0730884	0.0000000	0.0000000
6950.0054985	8650.0009853	8649.8120117	0.2001401	-4.4000000	0.2932922	3.3580511	1.0903217	0.0000000	0.0000000
6950.0054985	8650.0009853	8649.8120117	0.0000000	-4.4000000	0.0000000	3.3746039	1.0761511	0.0000000	0.0000000
6950.0054985	8650.0009853	8649.8120117	-0.2001401	-4.4000000	0.0000000	3.3623047	1.0818018	0.0000000	0.0000000
6950.0054985	8650.0009853	8649.8120117	-0.3999466	-4.4000000	0.0000000	3.3651178	1.0755298	0.0000000	0.0000000
6950.0054985	8650.0009853	8649.8120117	-0.6000867	-4.4000000	0.0000543	3.3828528	1.0659857	0.0000000	0.0000000
6950.0054985	8650.0009853	8649.8120117	-0.7998933	-4.4000000	0.0007745	3.3876013	1.0750177	0.0000000	0.0000000
6950.0054985	8650.0009853	8649.8120117	-1.0000334	-4.4000000	0.0000000	3.3882776	1.0576624	0.0000000	0.0000000
6950.0054985	8650.0009853	8649.8120117	-1.1998399	-4.4000000	0.3494843	3.3304004	1.0812250	0.0000000	0.0000000
6950.0054985	8650.0009853	8649.8120117	-1.3999800	-4.4000000	0.0000000	3.3522662	1.0887854	0.0000000	0.0000000
6950.0054985	8650.0009853	8649.8120117	-1.6001201	-4.4000000	0.0003381	3.3914618	1.0573999	0.0000000	0.0000000
6950.0054985	8650.0009853	8649.8120117	-1.7999266	-4.4000000	0.0000000	3.4017236	1.0830255	0.0000000	0.0000000
6950.0054985	8650.0009853	8649.8120117	-2.0000667	-4.4000000	0.0726666	3.3487628	1.0736285	0.0000000	0.0000000
6950.0054985	8650.0009853	8649.8120117	-2.1998732	-4.4000000	0.0000055	3.3866736	1.0633295	0.0000000	0.0000000
6950.0054985	8650.0009853	8649.8120117	-2.4000133	-4.4000000	0.0013892	3.3678973	1.0610107	0.0000000	0.0000000
6950.0054985	8650.0009853	8649.8120117	-2.6001534	-4.4000000	0.0101794	3.3991248	1.0682471	0.0000000	0.0000000
6950.0054985	8650.0009853	8649.8120117	-2.7999600	-4.4000000	0.1665961	3.3886890	1.0584180	0.0000000	0.0000000
6950.0054985	8650.0009853	8649.8120117	-3.0001001	-4.4000000	1.0297742	3.3491785	1.0609283	0.0000000	0.0000000
6950.0054985	8650.0009853	8649.8120117	-3.1999066	-4.4000000	0.9424774	3.3546094	1.0705969	0.0000000	0.0000000
6950.0054985	8650.0009853	8649.8120117	-3.4000467	-4.4000000	2.8835095	3.3966547	1.0528870	0.0000000	0.0000000
6950.0054985	8650.0009853	8649.8120117	-3.5998532	-4.4000000	2.7074512	3.4025201	1.0611884	0.0000000	0.0000000
6950.0054985	8650.0009853	8649.8120117	-3.7999933	-4.4000000	3.9196948	3.3686902	1.0718500	0.0000000	0.0000000
6950.0054985	8650.0009853	8649.8120117	-4.0001334	-4.4000000	5.4106482	3.3615326	1.0692914	0.0000000	0.0000000
6950.0054985	8650.0009853	8649.8120117	-4.1999400	-4.4000000	6.7878418	3.3371503	1.0583191	0.0000000	0.0000000
6950.0054985	8650.0009853	8649.8120117	-4.4000801	-4.4000000	8.2016528	3.3855328	1.0586798	0.0000000	0.0000000
6950.0054985	8650.0009853	8649.8120117	-4.5998866	-4.4000000	7.0046594	3.3417511	1.0683118	0.0000000	0.0000000
6950.0054985	8650.0009853	8649.8120117	-4.8000267	-4.4000000	4.4867535	3.3562396	1.0616956	0.0000000	0.0000000
6950.0054985	8650.0009853	8649.8120117	-5.0001668	-4.4000000	3.9173132	3.3835986	1.0348376	0.0000000	0.0000000
