6950.0054985	8650.0009853	8649.8120117	2.0000667	-3.4000467	0.0000000	3.3304681	1.0755725	0.0000000	-3.4000000
6950.0054985	8650.0009853	8649.8120117	1.7999266	-3.4000000	0.0000098	3.3542041	1.0615942	0.0000000	0.0000000
6950.0054985	8650.0009853	8649.8120117	1.6001201	-3.4000000	0.0003931	3.3386572	1.0481409	0.0000000	0.0000000
6950.0054985	8650.0009853	8649.8120117	1.3999800	-3.4000000	0.0001581	3.3969226	1.0372906	0.0000000	0.0000000
6950.0054985	8650.0009853	8649.8120117	1.1998399	-3.4000000	0.0000000	3.4029016	1.0570044	0.0000000	0.0000000
6950.0054985	8650.0009853	8649.8120117	1.0000334	-3.4000000	0.0017004	3.3721259	1.0505652	0.0000000	0.0000000
6950.0054985	8650.0009853	8649.8120117	0.7998933	-3.4000000	0.0000000	3.3657050	1.0532623	0.0000000	0.0000000
6950.0054985	8650.0009853	8649.8120117	0.6000867	-3.4000000	0.0000000	3.3829797	1.0499921	0.0000000	0.0000000
6950.0054985	8650.0009853	8649.8120117	0.3999466	-3.4000000	0.0000000	3.3735046	1.0463556	0.0000000	0.0000000
6950.0054985	8650.0009853	8649.8120117	0.2001401	-3.4000000	0.0004724	3.4390631	1.0481573	0.0000000	0.0000000
6950.0054985	8650.0009853	8649.8120117	0.0000000	-3.4000000	0.0000000	3.3886206	1.0531134	0.0000000	0.0000000
6950.0054985	8650.0009853	8649.8120117	-0.2001401	-3.4000000	0.0000110	3.3604987	1.0442242	0.0000000	0.0000000
6950.0054985	8650.0009853	8649.8120117	-0.3999466	-3.4000000	0.0000000	3.3659052	1.0432013	0.0000000	0.0000000
6950.0054985	8650.0009853	8649.8120117	-0.6000867	-3.4000000	0.0014874	3.3913287	1.0311218	0.0000000	0.0000000
6950.0054985	8650.0009853	8649.8120117	-0.7998933	-3.4000000	0.0022437	3.3887976	1.0397760	0.0000000	0.0000000
6950.0054985	8650.0009853	8649.8120117	-1.0000334	-3.4000000	0.0003912	3.3608301	1.0381708	0.0000000	0.0000000
6950.0054985	8650.0009853	8649.8120117	-1.1998399	-3.4000000	0.0000104	3.3491919	1.0543695	0.0000000	0.0000000
6950.0054985	8650.0009853	8649.8120117	-1.3999800	-3.4000000	0.0017041	3.3540240	1.0449866	0.0000000	0.0000000
6950.0054985	8650.0009853	8649.8120117	-1.6001201	-3.4000000	0.1194977	3.3661279	1.0300623	0.0000000	0.0000000
6950.0054985	8650.0009853	8649.8120117	-1.7999266	-3.4000000	0.6592328	3.3739319	1.0251825	0.0000000	0.0000000
6950.0054985	8650.0009853	8649.8120117	-2.0000667	-3.4000000	0.4533826	3.3967236	1.0220715	0.0000000	0.0000000
6950.0054985	8650.0009853	8649.8120117	-2.1998732	-3.4000000	1.1243036	3.3641125	1.0358472	0.0000000	0.0000000
6950.0054985	8650.0009853	8649.8120117	-2.4000133	-3.4000000	2.6439032	3.3505627	1.0366779	0.0000000	0.0000000
6950.0054985	8650.0009853	8649.8120117	-2.6001534	-3.4000000	3.8310406	3.3538287	1.0460358	0.0000000	0.0000000
6950.0054985	8650.0009853	8649.8120117	-2.7999600	-3.4000000	4.0537201	3.4073236	1.0484796	0.0000000	0.0000000
6950.0054985	8650.0009853	8649.8120117	-3.0001001	-3.4000000	5.9689160	3.3458167	1.0403198	0.0000000	0.0000000
6950.0054985	8650.0009853	8649.8120117	-3.1999066	-3.4000000	7.4158990	3.3397211	1.0345911	0.0000000	0.0000000
6950.0054985	8650.0009853	8649.8120117	-3.4000467	-3.4000000	8.0777142	3.3590405	1.0365869	0.0000000	0.0000000
6950.0054985	8650.0009853	8649.8120117	-3.5998532	-3.4000000	6.6413013	3.3490186	1.0437061	0.0000000	0.0000000
6950.0054985	8650.0009853	8649.8120117	-3.7999933	-3.4000000	5.1189716	3.3771558	1.0407520	0.0000000	0.0000000
6950.0054985	8650.0009853	8649.8120117	-4.0001334	-3.4000000	3.6074866	3.3359802	1.0310669	0.0000000	0.0000000
6950.0054985	8650.0009853	8649.8120117	-4.1999400	-3.4000000	2.3273859	3.3285199	1.0343341	0.0000000	0.0000000
6950.0054985	8650.0009853	8649.8120117	-4.4000801	-3.4000000	1.5222675	3.3782440	1.0133264	0.0000000	0.0000000
6950.0054985	8650.0009853	8649.8120117	-4.5998866	-3.4000000	1.5204578	3.3331030	1.0187885	0.0000000	0.0000000
6950.0054985	8650.0009853	8649.8120117	-4.8000267	-3.4000000	0.1616736	3.3641522	1.0158569	0.0000000	0.0000000
6950.0054985	8650.0009853	8649.8120117	-5.0001668	-3.4000000	0.0940546	3.3343427	1.0247296	0.0000000	0.0000000
