6950.0054985	8650.0009853	8649.8120117	2.0000667	-0.7998933	0.0000000	3.3374487	1.0895721	0.0000000	-0.8000000
6950.0054985	8650.0009853	8649.8120117	1.7999266	-0.8000000	0.0362555	3.3315784	1.0843256	0.0000000	0.0000000
6950.0054985	8650.0009853	8649.8120117	1.6001201	-0.8000000	0.0000000	3.3426489	1.0915228	0.0000000	0.0000000
6950.0054985	8650.0009853	8649.8120117	1.3999800	-0.8000000	0.0000000	3.3284204	1.0831012	0.0000000	0.0000000
6950.0054985	8650.0009853	8649.8120117	1.1998399	-0.8000000	0.0000140	3.3453003	1.0906305	0.0000000	0.0000000
6950.0054985	8650.0009853	8649.8120117	1.0000334	-0.8000000	0.0024677	3.3632587	1.0748633	0.0000000	0.0000000
6950.0054985	8650.0009853	8649.8120117	0.7998933	-0.8000000	0.4586786	3.3556622	1.0843298	0.0000000	0.0000000
6950.0054985	8650.0009853	8649.8120117	0.6000867	-0.8000000	0.1644141	3.3538892	1.0885358	0.0000000	0.0000000
6950.0054985	8650.0009853	8649.8120117	0.3999466	-0.8000000	0.6482214	3.3337439	1.0958319	0.0000000	0.0000000
6950.0054985	8650.0009853	8649.8120117	0.2001401	-0.8000000	0.6013239	3.3359631	1.0885712	0.0000000	0.0000000
6950.0054985	8650.0009853	8649.8120117	0.0000000	-0.8000000	1.9318506	3.3276605	1.0716827	0.0000000	0.0000000
6950.0054985	8650.0009853	8649.8120117	-0.2001401	-0.8000000	1.8262787	3.3817871	1.0790997	0.0000000	0.0000000
6950.0054985	8650.0009853	8649.8120117	-0.3999466	-0.8000000	3.2481598	3.3748572	1.0769659	0.0000000	0.0000000
6950.0054985	8650.0009853	8649.8120117	-0.6000867	-0.8000000	4.6887122	3.3389203	1.0878796	0.0000000	0.0000000
6950.0054985	8650.0009853	8649.8120117	-0.7998933	-0.8000000	5.8693201	3.3142078	1.1040320	0.0000000	0.0000000
6950.0054985	8650.0009853	8649.8120117	-1.0000334	-0.8000000	5.6832819	3.3103857	1.0822778	0.0000000	0.0000000
6950.0054985	8650.0009853	8649.8120117	-1.1998399	-0.8000000	3.7946393	3.3749231	1.0801959	0.0000000	0.0000000
6950.0054985	8650.0009853	8649.8120117	-1.3999800	-0.8000000	3.7503308	3.3768903	1.1059064	0.0000000	0.0000000
6950.0054985	8650.0009853	8649.8120117	-1.6001201	-0.8000000	3.5936597	3.3668713	1.1001483	0.0000000	0.0000000
6950.0054985	8650.0009853	8649.8120117	-1.7999266	-0.8000000	2.0668842	3.3322821	1.1049384	0.0000000	0.0000000
6950.0054985	8650.0009853	8649.8120117	-2.0000667	-0.8000000	2.8323859	3.3275220	1.1049286	0.0000000	0.0000000
6950.0054985	8650.0009853	8649.8120117	-2.1998732	-0.8000000	0.7236737	3.3288641	1.0777655	0.0000000	0.0000000
6950.0054985	8650.0009853	8649.8120117	-2.4000133	-0.8000000	0.2595898	3.3588782	1.1003705	0.0000000	0.0000000
6950.0054985	8650.0009853	8649.8120117	-2.6001534	-0.8000000	0.0010144	3.3619568	1.0677887	0.0000000	0.0000000
6950.0054985	8650.0009853	8649.8120117	-2.7999600	-0.8000000	0.0000006	3.3502008	1.0894281	0.0000000	0.0000000
6950.0054985	8650.0009853	8649.8120117	-3.0001001	-0.8000000	0.0064777	3.3444287	1.0803882	0.0000000	0.0000000
6950.0054985	8650.0009853	8649.8120117	-3.1999066	-0.8000000	0.0000000	3.3176959	1.0988763	0.0000000	0.0000000
6950.0054985	8650.0009853	8649.8120117	-3.4000467	-0.8000000	0.0533331	3.3690497	1.0803455	0.0000000	0.0000000
6950.0054985	8650.0009853	8649.8120117	-3.5998532	-0.8000000	0.0000079	3.3343945	1.0811566	0.0000000	0.0000000
6950.0054985	8650.0009853	8649.8120117	-3.7999933	-0.8000000	0.0000000	3.3780450	1.0771918	0.0000000	0.0000000
6950.0054985	8650.0009853	8649.8120117	-4.0001334	-0.8000000	0.0271576	3.3337207	1.1127173	0.0000000	0.0000000
6950.0054985	8650.0009853	8649.8120117	-4.1999400	-0.8000000	0.0000000	3.3566864	1.1033417	0.0000000	0.0000000
6950.0054985	8650.0009853	8649.8120117	-4.4000801	-0.8000000	0.0005664	3.3306622	1.1117706	0.0000000	0.0000000
6950.0054985	8650.0009853	8649.8120117	-4.5998866	-0.8000000	0.0998663	3.3480463	1.0897784	0.0000000	0.0000000
6950.0054985	8650.0009853	8649.8120117	-4.8000267	-0.8000000	0.0026880	3.3625128	1.0910132	0.0000000	0.0000000
6950.0054985	8650.0009853	8649.8120117	-5.0001668	-0.8000000	0.0000000	3.3397162	1.1097778	0.0000000	0.0000000
