6950.0054985	8650.0009853	8649.8120117	2.0000667	-2.6001534	0.0000085	3.3589172	1.0931818	0.0000000	-2.6000000
6950.0054985	8650.0009853	8649.8120117	1.7999266	-2.6000000	0.0010309	3.3607458	1.0942749	0.0000000	0.0000000
6950.0054985	8650.0009853	8649.8120117	1.6001201	-2.6000000	0.0000000	3.3500159	1.0877844	0.0000000	0.0000000
6950.0054985	8650.0009853	8649.8120117	1.3999800	-2.6000000	0.0015125	3.3499860	1.1033618	0.0000000	0.0000000
6950.0054985	8650.0009853	8649.8120117	1.1998399	-2.6000000	0.0000000	3.3403223	1.1073981	0.0000000	0.0000000
6950.0054985	8650.0009853	8649.8120117	1.0000334	-2.6000000	0.0815210	3.3673804	1.0957306	0.0000000	0.0000000
6950.0054985	8650.0009853	8649.8120117	0.7998933	-2.6000000	0.0000000	3.3543665	1.1057367	0.0000000	0.0000000
6950.0054985	8650.0009853	8649.8120117	0.6000867	-2.6000000	0.0002344	3.3436066	1.1085016	0.0000000	0.0000000
6950.0054985	8650.0009853	8649.8120117	0.3999466	-2.6000000	0.0000000	3.3233087	1.1006110	0.0000000	0.0000000
6950.0054985	8650.0009853	8649.8120117	0.2001401	-2.6000000	0.0000000	3.3593597	1.0965002	0.0000000	0.0000000
6950.0054985	8650.0009853	8649.8120117	0.0000000	-2.6000000	0.0000000	3.3752197	1.0949738	0.0000000	0.0000000
6950.0054985	8650.0009853	8649.8120117	-0.2001401	-2.6000000	0.0000085	3.3671295	1.0952209	0.0000000	0.0000000
6950.0054985	8650.0009853	8649.8120117	-0.3999466	-2.6000000	0.0000293	3.3560583	1.1058118	0.0000000	0.0000000
6950.0054985	8650.0009853	8649.8120117	-0.6000867	-2.6000000	0.3950732	3.3255981	1.0979761	0.0000000	0.0000000
6950.0054985	8650.0009853	8649.8120117	-0.7998933	-2.6000000	0.1345129	3.3527844	1.1017664	0.0000000	0.0000000
6950.0054985	8650.0009853	8649.8120117	-1.0000334	-2.6000000	0.5857617	3.3337946	1.1023108	0.0000000	0.0000000
6950.0054985	8650.0009853	8649.8120117	-1.1998399	-2.6000000	0.5490326	3.3327795	1.1034247	0.0000000	0.0000000
6950.0054985	8650.0009853	8649.8120117	-1.3999800	-2.6000000	1.4958398	3.3411157	1.0954004	0.0000000	0.0000000
6950.0054985	8650.0009853	8649.8120117	-1.6001201	-2.6000000	2.7138141	3.3422870	1.0988837	0.0000000	0.0000000
6950.0054985	8650.0009853	8649.8120117	-1.7999266	-2.6000000	2.5907251	3.3404736	1.0825659	0.0000000	0.0000000
6950.0054985	8650.0009853	8649.8120117	-2.0000667	-2.6000000	5.0000000	3.3350000	1.0915000	0.0000000	0.0000000
6950.0054985	8650.0009853	8649.8120117	-2.1998732	-2.6000000	6.9780933	3.3295148	1.1013086	0.0000000	0.0000000
6950.0054985	8650.0009853	8649.8120117	-2.4000133	-2.6000000	7.7334125	3.3482635	1.0751807	0.0000000	0.0000000
6950.0054985	8650.0009853	8649.8120117	-2.6001534	-2.6000000	7.5047607	3.3410730	1.0979480	0.0000000	0.0000000
6950.0054985	8650.0009853	8649.8120117	-2.7999600	-2.6000000	6.0536108	3.3506696	1.0934436	0.0000000	0.0000000
6950.0054985	8650.0009853	8649.8120117	-3.0001001	-2.6000000	6.4267419	3.3798846	1.0873895	0.0000000	0.0000000
6950.0054985	8650.0009853	8649.8120117	-3.1999066	-2.6000000	3.4293835	3.3353265	1.1001709	0.0000000	0.0000000
6950.0054985	8650.0009853	8649.8120117	-3.4000467	-2.6000000	3.3343475	3.3590436	1.0759167	0.0000000	0.0000000
6950.0054985	8650.0009853	8649.8120117	-3.5998532	-2.6000000	1.7009723	3.3473236	1.1122144	0.0000000	0.0000000
6950.0054985	8650.0009853	8649.8120117	-3.7999933	-2.6000000	0.7221130	3.3434583	1.0731995	0.0000000	0.0000000
6950.0054985	8650.0009853	8649.8120117	-4.0001334	-2.6000000	0.3926379	3.3441669	1.0724036	0.0000000	0.0000000
6950.0054985	8650.0009853	8649.8120117	-4.1999400	-2.6000000	0.0250439	3.3845239	1.0830554	0.0000000	0.0000000
6950.0054985	8650.0009853	8649.8120117	-4.4000801	-2.6000000	1.6963550	3.3576862	1.0758765	0.0000000	0.0000000
6950.0054985	8650.0009853	8649.8120117	-4.5998866	-2.6000000	0.0000000	3.3535016	1.0821332	0.0000000	0.0000000
6950.0054985	8650.0009853	8649.8120117	-4.8000267	-2.6000000	0.0075464	3.3571478	1.1116492	0.0000000	0.0000000
6950.0054985	8650.0009853	8649.8120117	-5.0001668	-2.6000000	0.0000000	3.3357343	1.0740930	0.0000000	0.0000000
