6950.0054985	8650.0009853	8649.8120117	2.0000667	-1.6001201	0.0000720	3.4173523	1.0303326	0.0000000	-1.6000000
6950.0054985	8650.0009853	8649.8120117	1.7999266	-1.6000000	0.0000000	3.3791162	1.0491455	0.0000000	0.0000000
6950.0054985	8650.0009853	8649.8120117	1.6001201	-1.6000000	0.0000000	3.3560626	1.0508789	0.0000000	0.0000000
6950.0054985	8650.0009853	8649.8120117	1.3999800	-1.6000000	0.0000000	3.3920349	1.0443536	0.0000000	0.0000000
6950.0054985	8650.0009853	8649.8120117	1.1998399	-1.6000000	0.0000000	3.3923224	1.0527863	0.0000000	0.0000000
6950.0054985	8650.0009853	8649.8120117	1.0000334	-1.6000000	0.6134528	3.3595544	1.0413953	0.0000000	0.0000000
6950.0054985	8650.0009853	8649.8120117	0.7998933	-1.6000000	0.0000031	3.3958057	1.0262714	0.0000000	0.0000000
6950.0054985	8650.0009853	8649.8120117	0.6000867	-1.6000000	0.0000018	3.3607086	1.0477753	0.0000000	0.0000000
6950.0054985	8650.0009853	8649.8120117	0.3999466	-1.6000000	0.0030975	3.3533630	1.0400903	0.0000000	0.0000000
6950.0054985	8650.0009853	8649.8120117	0.2001401	-1.6000000	0.0311493	3.3576263	1.0571753	0.0000000	0.0000000
6950.0054985	8650.0009853	8649.8120117	0.0000000	-1.6000000	0.5577594	3.3517792	1.0319995	0.0000000	0.0000000
6950.0054985	8650.0009853	8649.8120117	-0.2001401	-1.6000000	0.3415271	3.3584479	1.0328857	0.0000000	0.0000000
6950.0054985	8650.0009853	8649.8120117	-0.3999466	-1.6000000	1.2989703	3.3354480	1.0269037	0.0000000	0.0000000
6950.0054985	8650.0009853	8649.8120117	-0.6000867	-1.6000000	2.3295532	3.3453442	1.0068579	0.0000000	0.0000000
6950.0054985	8650.0009853	8649.8120117	-0.7998933	-1.6000000	3.9357410	3.3486206	1.0031799	0.0000000	0.0000000
6950.0054985	8650.0009853	8649.8120117	-1.0000334	-1.6000000	5.7501404	3.4089252	1.0315576	0.0000000	0.0000000
6950.0054985	8650.0009853	8649.8120117	-1.1998399	-1.6000000	5.9317639	3.3697540	1.0227283	0.0000000	0.0000000
6950.0054985	8650.0009853	8649.8120117	-1.3999800	-1.6000000	6.6705115	3.3573859	1.0297913	0.0000000	0.0000000
6950.0054985	8650.0009853	8649.8120117	-1.6001201	-1.6000000	8.5160767	3.3422034	1.0146820	0.0000000	0.0000000
6950.0054985	8650.0009853	8649.8120117	-1.7999266	-1.6000000	6.2384802	3.3445721	1.0272858	0.0000000	0.0000000
6950.0054985	8650.0009853	8649.8120117	-2.0000667	-1.6000000	4.5745844	3.3880951	1.0186383	0.0000000	0.0000000
6950.0054985	8650.0009853	8649.8120117	-2.1998732	-1.6000000	4.2654639	3.3261365	1.0129565	0.0000000	0.0000000
6950.0054985	8650.0009853	8649.8120117	-2.4000133	-1.6000000	3.4043982	3.3150488	1.0140558	0.0000000	0.0000000
6950.0054985	8650.0009853	8649.8120117	-2.6001534	-1.6000000	1.9154272	3.3141138	1.0121008	0.0000000	0.0000000
6950.0054985	8650.0009853	8649.8120117	-2.7999600	-1.6000000	0.7440961	3.3309540	1.0127411	0.0000000	0.0000000
6950.0054985	8650.0009853	8649.8120117	-3.0001001	-1.6000000	1.4271271	3.3276489	1.0014868	0.0000000	0.0000000
6950.0054985	8650.0009853	8649.8120117	-3.1999066	-1.6000000	0.0577277	3.3863672	1.0248035	0.0000000	0.0000000
6950.0054985	8650.0009853	8649.8120117	-3.4000467	-1.6000000	0.0158154	3.3365204	1.0217120	0.0000000	0.0000000
6950.0054985	8650.0009853	8649.8120117	-3.5998532	-1.6000000	0.0909802	3.3163000	1.0071143	0.0000000	0.0000000
6950.0054985	8650.0009853	8649.8120117	-3.7999933	-1.6000000	0.0000000	3.3318091	1.0052386	0.0000000	0.0000000
6950.0054985	8650.0009853	8649.8120117	-4.0001334	-1.6000000	0.0000000	3.3485364	1.0037842	0.0000000	0.0000000
6950.0054985	8650.0009853	8649.8120117	-4.1999400	-1.6000000	0.0000140	3.3515973	1.0086365	0.0000000	0.0000000
6950.0054985	8650.0009853	8649.8120117	-4.4000801	-1.6000000	0.0016003	3.3553497	1.0153326	0.0000000	0.0000000
6950.0054985	8650.0009853	8649.8120117	-4.5998866	-1.6000000	0.0053888	3.3581659	1.0114038	0.0000000	0.0000000
6950.0054985	8650.0009853	8649.8120117	-4.8000267	-1.6000000	0.1185614	3.3294763	1.0214172	0.0000000	0.0000000
6950.0054985	8650.0009853	8649.8120117	-5.0001668	-1.6000000	0.0000000	3.3155029	1.0316760	0.0000000	0.0000000
