6950.0054985	8650.0009853	8649.8120117	2.0000667	-3.7999933	0.0000000	3.3346814	1.0452936	0.0000000	-3.8000000
6950.0054985	8650.0009853	8649.8120117	1.7999266	-3.8000000	0.0000000	3.3642853	1.0428674	0.0000000	0.0000000
6950.0054985	8650.0009853	8649.8120117	1.6001201	-3.8000000	0.0000000	3.3405756	1.0553607	0.0000000	0.0000000
6950.0054985	8650.0009853	8649.8120117	1.3999800	-3.8000000	0.0000110	3.3146112	1.0549030	0.0000000	0.0000000
6950.0054985	8650.0009853	8649.8120117	1.1998399	-3.8000000	0.0000397	3.3240131	1.0579327	0.0000000	0.0000000
6950.0054985	8650.0009853	8649.8120117	1.0000334	-3.8000000	0.0000000	3.3446820	1.0403766	0.0000000	0.0000000
6950.0054985	8650.0009853	8649.8120117	0.7998933	-3.8000000	0.0000079	3.3198615	1.0561182	0.0000000	0.0000000
6950.0054985	8650.0009853	8649.8120117	0.6000867	-3.8000000	0.0000000	3.3844299	1.0575745	0.0000000	0.0000000
6950.0054985	8650.0009853	8649.8120117	0.3999466	-3.8000000	0.0000000	3.3320435	1.0587335	0.0000000	0.0000000
6950.0054985	8650.0009853	8649.8120117	0.2001401	-3.8000000	0.0000000	3.3247302	1.0577600	0.0000000	0.0000000
6950.0054985	8650.0009853	8649.8120117	0.0000000	-3.8000000	0.0000000	3.3796057	1.0469574	0.0000000	0.0000000
6950.0054985	8650.0009853	8649.8120117	-0.2001401	-3.8000000	0.0000000	3.3469843	1.0573047	0.0000000	0.0000000
6950.0054985	8650.0009853	8649.8120117	-0.3999466	-3.8000000	0.0000000	3.3426526	1.0511060	0.0000000	0.0000000
6950.0054985	8650.0009853	8649.8120117	-0.6000867	-3.8000000	0.1455493	3.3339020	1.0576447	0.0000000	0.0000000
6950.0054985	8650.0009853	8649.8120117	-0.7998933	-3.8000000	0.0011353	3.3303583	1.0532843	0.0000000	0.0000000
6950.0054985	8650.0009853	8649.8120117	-1.0000334	-3.8000000	0.0000000	3.3203577	1.0397308	0.0000000	0.0000000
6950.0054985	8650.0009853	8649.8120117	-1.1998399	-3.8000000	0.0084552	3.3181573	1.0334692	0.0000000	0.0000000
6950.0054985	8650.0009853	8649.8120117	-1.3999800	-3.8000000	0.0000000	3.3635181	1.0482874	0.0000000	0.0000000
6950.0054985	8650.0009853	8649.8120117	-1.6001201	-3.8000000	0.0097119	3.3450934	1.0658307	0.0000000	0.0000000
6950.0054985	8650.0009853	8649.8120117	-1.7999266	-3.8000000	0.0000446	3.3381195	1.0611774	0.0000000	0.0000000
6950.0054985	8650.0009853	8649.8120117	-2.0000667	-3.8000000	0.0560840	3.3214490	1.0640924	0.0000000	0.0000000
6950.0054985	8650.0009853	8649.8120117	-2.1998732	-3.8000000	1.0883044	3.3045215	1.0403754	0.0000000	0.0000000
6950.0054985	8650.0009853	8649.8120117	-2.4000133	-3.8000000	0.4839868	3.3151080	1.0432465	0.0000000	0.0000000
6950.0054985	8650.0009853	8649.8120117	-2.6001534	-3.8000000	0.9444904	3.3729541	1.0578076	0.0000000	0.0000000
6950.0054985	8650.0009853	8649.8120117	-2.7999600	-3.8000000	2.4204559	3.3502496	1.0715253	0.0000000	0.0000000
6950.0054985	8650.0009853	8649.8120117	-3.0001001	-3.8000000	3.5515265	3.3363422	1.0677087	0.0000000	0.0000000
6950.0054985	8650.0009853	8649.8120117	-3.1999066	-3.8000000	4.3688080	3.2988116	1.0594586	0.0000000	0.0000000
6950.0054985	8650.0009853	8649.8120117	-3.4000467	-3.8000000	5.9401459	3.3196857	1.0313110	0.0000000	0.0000000
6950.0054985	8650.0009853	8649.8120117	-3.5998532	-3.8000000	6.1923431	3.3477374	1.0703723	0.0000000	0.0000000
6950.0054985	8650.0009853	8649.8120117	-3.7999933	-3.8000000	7.1294916	3.3481311	1.0489154	0.0000000	0.0000000
6950.0054985	8650.0009853	8649.8120117	-4.0001334	-3.8000000	6.0971887	3.3134418	1.0546808	0.0000000	0.0000000
6950.0054985	8650.0009853	8649.8120117	-4.1999400	-3.8000000	5.5155511	3.3290137	1.0651184	0.0000000	0.0000000
6950.0054985	8650.0009853	8649.8120117	-4.4000801	-3.8000000	4.2895459	3.3164569	1.0743872	0.0000000	0.0000000
6950.0054985	8650.0009853	8649.8120117	-4.5998866	-3.8000000	2.3680286	3.3360303	1.0691400	0.0000000	0.0000000
6950.0054985	8650.0009853	8649.8120117	-4.8000267	-3.8000000	2.0061713	3.3477649	1.0776782	0.0000000	0.0000000
6950.0054985	8650.0009853	8649.8120117	-5.0001668	-3.8000000	1.5750690	3.3512274	1.0838043	0.0000000	0.0000000
