6950.0054985	8650.0009853	8649.8120117	2.0000667	-0.6000867	0.0000153	3.3647382	1.0560260	0.0000000	-0.6000000
6950.0054985	8650.0009853	8649.8120117	1.7999266	-0.6000000	0.0000024	3.3443622	1.0626416	0.0000000	0.0000000
6950.0054985	8650.0009853	8649.8120117	1.6001201	-0.6000000	0.1635089	3.3438354	1.0536945	0.0000000	0.0000000
6950.0054985	8650.0009853	8649.8120117	1.3999800	-0.6000000	0.0065332	3.3256610	1.0619116	0.0000000	0.0000000
6950.0054985	8650.0009853	8649.8120117	1.1998399	-0.6000000	0.0000348	3.3105072	1.0689172	0.0000000	0.0000000
6950.0054985	8650.0009853	8649.8120117	1.0000334	-0.6000000	0.0101147	3.3263873	1.0540576	0.0000000	0.0000000
6950.0054985	8650.0009853	8649.8120117	0.7998933	-0.6000000	0.0765540	3.3339252	1.0562793	0.0000000	0.0000000
6950.0054985	8650.0009853	8649.8120117	0.6000867	-0.6000000	0.2996503	3.3205414	1.0455090	0.0000000	0.0000000
6950.0054985	8650.0009853	8649.8120117	0.3999466	-0.6000000	0.1747504	3.3348895	1.0632684	0.0000000	0.0000000
6950.0054985	8650.0009853	8649.8120117	0.2001401	-0.6000000	1.4293024	3.3447064	1.0640271	0.0000000	0.0000000
6950.0054985	8650.0009853	8649.8120117	0.0000000	-0.6000000	1.2692975	3.3540411	1.0628064	0.0000000	0.0000000
6950.0054985	8650.0009853	8649.8120117	-0.2001401	-0.6000000	3.3602606	3.3768048	1.0483374	0.0000000	0.0000000
6950.0054985	8650.0009853	8649.8120117	-0.3999466	-0.6000000	3.4038574	3.3120258	1.0683130	0.0000000	0.0000000
6950.0054985	8650.0009853	8649.8120117	-0.6000867	-0.6000000	3.8487054	3.3246649	1.0500226	0.0000000	0.0000000
6950.0054985	8650.0009853	8649.8120117	-0.7998933	-0.6000000	3.6508624	3.3508038	1.0609521	0.0000000	0.0000000
6950.0054985	8650.0009853	8649.8120117	-1.0000334	-0.6000000	2.9894299	3.3286884	1.0605402	0.0000000	0.0000000
6950.0054985	8650.0009853	8649.8120117	-1.1998399	-0.6000000	4.7353015	3.3126678	1.0589923	0.0000000	0.0000000
6950.0054985	8650.0009853	8649.8120117	-1.3999800	-0.6000000	2.9768481	3.3105127	1.0467841	0.0000000	0.0000000
6950.0054985	8650.0009853	8649.8120117	-1.6001201	-0.6000000	2.3397772	3.3250806	1.0632782	0.0000000	0.0000000
6950.0054985	8650.0009853	8649.8120117	-1.7999266	-0.6000000	1.5625354	3.3455194	1.0713788	0.0000000	0.0000000
6950.0054985	8650.0009853	8649.8120117	-2.0000667	-0.6000000	0.9453149	3.3587439	1.0594635	0.0000000	0.0000000
6950.0054985	8650.0009853	8649.8120117	-2.1998732	-0.6000000	0.1195880	3.3482098	1.0841571	0.0000000	0.0000000
6950.0054985	8650.0009853	8649.8120117	-2.4000133	-0.6000000	0.0000360	3.3754639	1.0777881	0.0000000	0.0000000
6950.0054985	8650.0009853	8649.8120117	-2.6001534	-0.6000000	0.0000134	3.3705627	1.0819019	0.0000000	0.0000000
6950.0054985	8650.0009853	8649.8120117	-2.7999600	-0.6000000	0.0006836	3.3536353	1.0732703	0.0000000	0.0000000
6950.0054985	8650.0009853	8649.8120117	-3.0001001	-0.6000000	0.1411218	3.3584344	1.0695636	0.0000000	0.0000000
6950.0054985	8650.0009853	8649.8120117	-3.1999066	-0.6000000	0.0000000	3.3238226	1.0840613	0.0000000	0.0000000
6950.0054985	8650.0009853	8649.8120117	-3.4000467	-0.6000000	0.1510034	3.3257953	1.0837518	0.0000000	0.0000000
6950.0054985	8650.0009853	8649.8120117	-3.5998532	-0.6000000	0.0000000	3.3670599	1.0745996	0.0000000	0.0000000
6950.0054985	8650.0009853	8649.8120117	-3.7999933	-0.6000000	0.2652740	3.3823047	1.0735498	0.0000000	0.0000000
6950.0054985	8650.0009853	8649.8120117	-4.0001334	-0.6000000	0.0197168	3.3643567	1.0794781	0.0000000	0.0000000
6950.0054985	8650.0009853	8649.8120117	-4.1999400	-0.6000000	0.0000000	3.3477948	1.0679388	0.0000000	0.0000000
6950.0054985	8650.0009853	8649.8120117	-4.4000801	-0.6000000	0.0244641	3.3501538	1.0741968	0.0000000	0.0000000
6950.0054985	8650.0009853	8649.8120117	-4.5998866	-0.6000000	0.0000000	3.3556110	1.0661230	0.0000000	0.0000000
6950.0054985	8650.0009853	8649.8120117	-4.8000267	-0.6000000	0.0055066	3.3166425	1.0772565	0.0000000	0.0000000
6950.0054985	8650.0009853	8649.8120117	-5.0001668	-0.6000000	0.0000000	3.3303986	1.0890247	0.0000000	0.0000000
