6950.0054985	8650.0009853	8649.8120117	2.0000667	-2.1998732	0.0000391	3.3491888	1.0618286	0.0000000	-2.2000000
6950.0054985	8650.0009853	8649.8120117	1.7999266	-2.2000000	0.0000604	3.3449261	1.0585114	0.0000000	0.0000000
6950.0054985	8650.0009853	8649.8120117	1.6001201	-2.2000000	0.0000000	3.3220532	1.0570868	0.0000000	0.0000000
6950.0054985	8650.0009853	8649.8120117	1.3999800	-2.2000000	0.0000000	3.3282764	1.0416901	0.0000000	0.0000000
6950.0054985	8650.0009853	8649.8120117	1.1998399	-2.2000000	0.0000000	3.3659070	1.0608612	0.0000000	0.0000000
6950.0054985	8650.0009853	8649.8120117	1.0000334	-2.2000000	0.0000128	3.3571722	1.0749384	0.0000000	0.0000000
6950.0054985	8650.0009853	8649.8120117	0.7998933	-2.2000000	0.2061499	3.3413580	1.0710333	0.0000000	0.0000000
6950.0054985	8650.0009853	8649.8120117	0.6000867	-2.2000000	0.0000000	3.3438531	1.0690344	0.0000000	0.0000000
6950.0054985	8650.0009853	8649.8120117	0.3999466	-2.2000000	0.0000000	3.3432025	1.0641266	0.0000000	0.0000000
6950.0054985	8650.0009853	8649.8120117	0.2001401	-2.2000000	0.0000110	3.3295807	1.0639075	0.0000000	0.0000000
6950.0054985	8650.0009853	8649.8120117	0.0000000	-2.2000000	0.0000287	3.3184558	1.0629846	0.0000000	0.0000000
6950.0054985	8650.0009853	8649.8120117	-0.2001401	-2.2000000	0.0012134	3.3269067	1.0720886	0.0000000	0.0000000
6950.0054985	8650.0009853	8649.8120117	-0.3999466	-2.2000000	0.0034991	3.3404895	1.0764825	0.0000000	0.0000000
6950.0054985	8650.0009853	8649.8120117	-0.6000867	-2.2000000	0.1377875	3.3501807	1.0774121	0.0000000	0.0000000
6950.0054985	8650.0009853	8649.8120117	-0.7998933	-2.2000000	0.7027972	3.3428156	1.0660449	0.0000000	0.0000000
6950.0054985	8650.0009853	8649.8120117	-1.0000334	-2.2000000	1.7460651	3.3643408	1.0671893	0.0000000	0.0000000
6950.0054985	8650.0009853	8649.8120117	-1.1998399	-2.2000000	3.2691589	3.3327191	1.0633209	0.0000000	0.0000000
6950.0054985	8650.0009853	8649.8120117	-1.3999800	-2.2000000	2.6727850	3.3358997	1.0753516	0.0000000	0.0000000
6950.0054985	8650.0009853	8649.8120117	-1.6001201	-2.2000000	5.2440015	3.3539423	1.0763782	0.0000000	0.0000000
6950.0054985	8650.0009853	8649.8120117	-1.7999266	-2.2000000	6.7539014	3.3489014	1.0772314	0.0000000	0.0000000
6950.0054985	8650.0009853	8649.8120117	-2.0000667	-2.2000000	7.1204376	3.3475189	1.0855273	0.0000000	0.0000000
6950.0054985	8650.0009853	8649.8120117	-2.1998732	-2.2000000	7.3126575	3.3706714	1.0740430	0.0000000	0.0000000
6950.0054985	8650.0009853	8649.8120117	-2.4000133	-2.2000000	7.8589154	3.3477887	1.0835156	0.0000000	0.0000000
6950.0054985	8650.0009853	8649.8120117	-2.6001534	-2.2000000	5.6751495	3.3431079	1.0732697	0.0000000	0.0000000
6950.0054985	8650.0009853	8649.8120117	-2.7999600	-2.2000000	3.3440192	3.3233905	1.0815497	0.0000000	0.0000000
6950.0054985	8650.0009853	8649.8120117	-3.0001001	-2.2000000	2.7384485	3.3750055	1.0563416	0.0000000	0.0000000
6950.0054985	8650.0009853	8649.8120117	-3.1999066	-2.2000000	1.8370013	3.3491510	1.0769299	0.0000000	0.0000000
6950.0054985	8650.0009853	8649.8120117	-3.4000467	-2.2000000	1.3959991	3.3369324	1.0805023	0.0000000	0.0000000
6950.0054985	8650.0009853	8649.8120117	-3.5998532	-2.2000000	0.4526923	3.3445325	1.0799371	0.0000000	0.0000000
6950.0054985	8650.0009853	8649.8120117	-3.7999933	-2.2000000	0.0503400	3.3173755	1.0826587	0.0000000	0.0000000
6950.0054985	8650.0009853	8649.8120117	-4.0001334	-2.2000000	0.0003912	3.3195459	1.0795013	0.0000000	0.0000000
6950.0054985	8650.0009853	8649.8120117	-4.1999400	-2.2000000	0.0000000	3.3667682	1.0776953	0.0000000	0.0000000
6950.0054985	8650.0009853	8649.8120117	-4.4000801	-2.2000000	0.0013049	3.3527600	1.0792389	0.0000000	0.0000000
6950.0054985	8650.0009853	8649.8120117	-4.5998866	-2.2000000	0.0000000	3.3447687	1.0734656	0.0000000	0.0000000
6950.0054985	8650.0009853	8649.8120117	-4.8000267	-2.2000000	0.0000000	3.3438287	1.0873645	0.0000000	0.0000000
6950.0054985	8650.0009853	8649.8120117	-5.0001668	-2.2000000	0.0011310	3.3448688	1.0850226	0.0000000	0.0000000
