6950.0054985	8650.0009853	8649.8120117	2.0000667	-3.0001001	0.0001215	3.3418628	1.0503088	0.0000000	-3.0000000
6950.0054985	8650.0009853	8649.8120117	1.7999266	-3.0000000	0.0000745	3.3462128	1.0553662	0.0000000	0.0000000
6950.0054985	8650.0009853	8649.8120117	1.6001201	-3.0000000	0.0014038	3.3636328	1.0711578	0.0000000	0.0000000
6950.0054985	8650.0009853	8649.8120117	1.3999800	-3.0000000	0.0000000	3.3398450	1.0867859	0.0000000	0.0000000
6950.0054985	8650.0009853	8649.8120117	1.1998399	-3.0000000	0.0000000	3.3164844	1.0849536	0.0000000	0.0000000
6950.0054985	8650.0009853	8649.8120117	1.0000334	-3.0000000	0.0000000	3.3020538	1.0864972	0.0000000	0.0000000
6950.0054985	8650.0009853	8649.8120117	0.7998933	-3.0000000	0.0000067	3.3596448	1.0590729	0.0000000	0.0000000
6950.0054985	8650.0009853	8649.8120117	0.6000867	-3.0000000	0.0000000	3.3559393	1.0529431	0.0000000	0.0000000
6950.0054985	8650.0009853	8649.8120117	0.3999466	-3.0000000	0.0000043	3.3630334	1.0588507	0.0000000	0.0000000
6950.0054985	8650.0009853	8649.8120117	0.2001401	-3.0000000	0.0000000	3.3373547	1.0357172	0.0000000	0.0000000
6950.0054985	8650.0009853	8649.8120117	0.0000000	-3.0000000	0.1646509	3.3766840	1.0492450	0.0000000	0.0000000
6950.0054985	8650.0009853	8649.8120117	-0.2001401	-3.0000000	0.0000000	3.3622040	1.0503906	0.0000000	0.0000000
6950.0054985	8650.0009853	8649.8120117	-0.3999466	-3.0000000	0.0000000	3.3890466	1.0205194	0.0000000	0.0000000
6950.0054985	8650.0009853	8649.8120117	-0.6000867	-3.0000000	0.0004016	3.3144897	1.0913885	0.0000000	0.0000000
6950.0054985	8650.0009853	8649.8120117	-0.7998933	-3.0000000	0.0016516	3.3971204	1.0289471	0.0000000	0.0000000
6950.0054985	8650.0009853	8649.8120117	-1.0000334	-3.0000000	0.0002094	3.3411011	1.0453693	0.0000000	0.0000000
6950.0054985	8650.0009853	8649.8120117	-1.1998399	-3.0000000	0.3798560	3.3794904	1.0484485	0.0000000	0.0000000
6950.0054985	8650.0009853	8649.8120117	-1.3999800	-3.0000000	0.4358258	3.3291229	1.0686127	0.0000000	0.0000000
6950.0054985	8650.0009853	8649.8120117	-1.6001201	-3.0000000	0.5349023	3.3539191	1.0753906	0.0000000	0.0000000
6950.0054985	8650.0009853	8649.8120117	-1.7999266	-3.0000000	1.4503064	3.3635876	1.0673102	0.0000000	0.0000000
6950.0054985	8650.0009853	8649.8120117	-2.0000667	-3.0000000	2.7408118	3.3776593	1.0558350	0.0000000	0.0000000
6950.0054985	8650.0009853	8649.8120117	-2.1998732	-3.0000000	3.9696838	3.4183368	1.0469055	0.0000000	0.0000000
6950.0054985	8650.0009853	8649.8120117	-2.4000133	-3.0000000	4.0013214	3.3841602	1.0459576	0.0000000	0.0000000
6950.0054985	8650.0009853	8649.8120117	-2.6001534	-3.0000000	6.1152051	3.3839465	1.0706610	0.0000000	0.0000000
6950.0054985	8650.0009853	8649.8120117	-2.7999600	-3.0000000	8.2327704	3.3652002	1.0493298	0.0000000	0.0000000
6950.0054985	8650.0009853	8649.8120117	-3.0001001	-3.0000000	7.9033093	3.4295013	1.0510309	0.0000000	0.0000000
6950.0054985	8650.0009853	8649.8120117	-3.1999066	-3.0000000	6.7385175	3.3744397	1.0439355	0.0000000	0.0000000
6950.0054985	8650.0009853	8649.8120117	-3.4000467	-3.0000000	5.2038562	3.3521997	1.0888184	0.0000000	0.0000000
6950.0054985	8650.0009853	8649.8120117	-3.5998532	-3.0000000	3.6055292	3.3878638	1.0589307	0.0000000	0.0000000
6950.0054985	8650.0009853	8649.8120117	-3.7999933	-3.0000000	2.9943231	3.4229584	1.0639331	0.0000000	0.0000000
6950.0054985	8650.0009853	8649.8120117	-4.0001334	-3.0000000	2.0845471	3.3577063	1.0658337	0.0000000	0.0000000
6950.0054985	8650.0009853	8649.8120117	-4.1999400	-3.0000000	1.6936646	3.3820160	1.0438568	0.0000000	0.0000000
6950.0054985	8650.0009853	8649.8120117	-4.4000801	-3.0000000	0.5810211	3.3562360	1.0469928	0.0000000	0.0000000
6950.0054985	8650.0009853	8649.8120117	-4.5998866	-3.0000000	0.0039441	3.3890869	1.0683496	0.0000000	0.0000000
6950.0054985	8650.0009853	8649.8120117	-4.8000267	-3.0000000	0.0017981	3.4143774	1.0519647	0.0000000	0.0000000
6950.0054985	8650.0009853	8649.8120117	-5.0001668	-3.0000000	0.0185663	3.3965900	1.0634387	0.0000000	0.0000000
