6950.0054985	8650.0009853	8649.8120117	2.0000667	-4.0001334	0.2097168	3.3463470	1.0929309	0.0000000	-4.0000000
6950.0054985	8650.0009853	8649.8120117	1.7999266	-4.0000000	0.0000000	3.3453302	1.0668420	0.0000000	0.0000000
6950.0054985	8650.0009853	8649.8120117	1.6001201	-4.0000000	0.0000000	3.3287073	1.0733380	0.0000000	0.0000000
6950.0054985	8650.0009853	8649.8120117	1.3999800	-4.0000000	0.0066266	3.3346436	1.0671576	0.0000000	0.0000000
6950.0054985	8650.0009853	8649.8120117	1.1998399	-4.0000000	0.0000000	3.3293524	1.0607532	0.0000000	0.0000000
6950.0054985	8650.0009853	8649.8120117	1.0000334	-4.0000000	0.0005432	3.3177771	1.0868854	0.0000000	0.0000000
6950.0054985	8650.0009853	8649.8120117	0.7998933	-4.0000000	0.0000000	3.3385638	1.0911957	0.0000000	0.0000000
6950.0054985	8650.0009853	8649.8120117	0.6000867	-4.0000000	0.0000000	3.3321576	1.0577087	0.0000000	0.0000000
6950.0054985	8650.0009853	8649.8120117	0.3999466	-4.0000000	0.0000000	3.3329529	1.0614978	0.0000000	0.0000000
6950.0054985	8650.0009853	8649.8120117	0.2001401	-4.0000000	0.1344360	3.3306464	1.0870502	0.0000000	0.0000000
6950.0054985	8650.0009853	8649.8120117	0.0000000	-4.0000000	0.0000000	3.3518866	1.0735803	0.0000000	0.0000000
6950.0054985	8650.0009853	8649.8120117	-0.2001401	-4.0000000	0.0000000	3.3633997	1.0721759	0.0000000	0.0000000
6950.0054985	8650.0009853	8649.8120117	-0.3999466	-4.0000000	0.0459296	3.2921484	1.1095654	0.0000000	0.0000000
6950.0054985	8650.0009853	8649.8120117	-0.6000867	-4.0000000	0.0000000	3.3124683	1.1010522	0.0000000	0.0000000
6950.0054985	8650.0009853	8649.8120117	-0.7998933	-4.0000000	0.0000201	3.3167773	1.0808917	0.0000000	0.0000000
6950.0054985	8650.0009853	8649.8120117	-1.0000334	-4.0000000	0.0000000	3.3548383	1.0823846	0.0000000	0.0000000
6950.0054985	8650.0009853	8649.8120117	-1.1998399	-4.0000000	0.0000159	3.3717542	1.0946545	0.0000000	0.0000000
6950.0054985	8650.0009853	8649.8120117	-1.3999800	-4.0000000	0.0000000	3.3626416	1.0785699	0.0000000	0.0000000
6950.0054985	8650.0009853	8649.8120117	-1.6001201	-4.0000000	0.3848401	3.3370386	1.0939148	0.0000000	0.0000000
6950.0054985	8650.0009853	8649.8120117	-1.7999266	-4.0000000	0.0001068	3.3209015	1.0925928	0.0000000	0.0000000
6950.0054985	8650.0009853	8649.8120117	-2.0000667	-4.0000000	0.0000812	3.3454034	1.0794330	0.0000000	0.0000000
6950.0054985	8650.0009853	8649.8120117	-2.1998732	-4.0000000	0.0254095	3.3599243	1.0885492	0.0000000	0.0000000
6950.0054985	8650.0009853	8649.8120117	-2.4000133	-4.0000000	0.4877185	3.3581311	1.0905859	0.0000000	0.0000000
6950.0054985	8650.0009853	8649.8120117	-2.6001534	-4.0000000	1.0357800	3.3675568	1.1008063	0.0000000	0.0000000
6950.0054985	8650.0009853	8649.8120117	-2.7999600	-4.0000000	1.2235413	3.3539368	1.0969580	0.0000000	0.0000000
6950.0054985	8650.0009853	8649.8120117	-3.0001001	-4.0000000	1.9376697	3.3657263	1.0790265	0.0000000	0.0000000
6950.0054985	8650.0009853	8649.8120117	-3.1999066	-4.0000000	3.3899744	3.3788684	1.0876013	0.0000000	0.0000000
6950.0054985	8650.0009853	8649.8120117	-3.4000467	-4.0000000	4.3393414	3.3823230	1.0785687	0.0000000	0.0000000
6950.0054985	8650.0009853	8649.8120117	-3.5998532	-4.0000000	6.8397290	3.3980951	1.0804248	0.0000000	0.0000000
6950.0054985	8650.0009853	8649.8120117	-3.7999933	-4.0000000	7.3090765	3.3896667	1.0899445	0.0000000	0.0000000
6950.0054985	8650.0009853	8649.8120117	-4.0001334	-4.0000000	7.5680792	3.3443420	1.0821912	0.0000000	0.0000000
6950.0054985	8650.0009853	8649.8120117	-4.1999400	-4.0000000	5.8816345	3.3411005	1.0787830	0.0000000	0.0000000
6950.0054985	8650.0009853	8649.8120117	-4.4000801	-4.0000000	4.7835217	3.3317285	1.0827234	0.0000000	0.0000000
6950.0054985	8650.0009853	8649.8120117	-4.5998866	-4.0000000	4.5419788	3.3444318	1.0726288	0.0000000	0.0000000
6950.0054985	8650.0009853	8649.8120117	-4.8000267	-4.0000000	2.7222839	3.3836438	1.0816071	0.0000000	0.0000000
6950.0054985	8650.0009853	8649.8120117	-5.0001668	-4.0000000	1.7785657	3.3317395	1.1023022	0.0000000	0.0000000
