6950.0054985	8650.0009853	8649.8120117	2.0000667	-2.7999600	0.0000092	3.3605536	1.1036505	0.0000000	-2.8000000
6950.0054985	8650.0009853	8649.8120117	1.7999266	-2.8000000	0.0001025	3.3395587	1.1057855	0.0000000	0.0000000
6950.0054985	8650.0009853	8649.8120117	1.6001201	-2.8000000	0.0075616	3.3664636	1.0705029	0.0000000	0.0000000
6950.0054985	8650.0009853	8649.8120117	1.3999800	-2.8000000	0.0000000	3.3959424	1.0899414	0.0000000	0.0000000
6950.0054985	8650.0009853	8649.8120117	1.1998399	-2.8000000	0.0000000	3.3426654	1.0740826	0.0000000	0.0000000
6950.0054985	8650.0009853	8649.8120117	1.0000334	-2.8000000	0.0007068	3.3498407	1.0905298	0.0000000	0.0000000
6950.0054985	8650.0009853	8649.8120117	0.7998933	-2.8000000	0.0000000	3.3284558	1.0923437	0.0000000	0.0000000
6950.0054985	8650.0009853	8649.8120117	0.6000867	-2.8000000	0.0589703	3.3493402	1.0832623	0.0000000	0.0000000
6950.0054985	8650.0009853	8649.8120117	0.3999466	-2.8000000	0.0000000	3.3544482	1.0849072	0.0000000	0.0000000
6950.0054985	8650.0009853	8649.8120117	0.2001401	-2.8000000	0.0000000	3.3581415	1.0761694	0.0000000	0.0000000
6950.0054985	8650.0009853	8649.8120117	0.0000000	-2.8000000	0.1941998	3.3273999	1.0831018	0.0000000	0.0000000
6950.0054985	8650.0009853	8649.8120117	-0.2001401	-2.8000000	0.0010175	3.3172766	1.0880853	0.0000000	0.0000000
6950.0054985	8650.0009853	8649.8120117	-0.3999466	-2.8000000	1.1813074	3.3270703	1.0549902	0.0000000	0.0000000
6950.0054985	8650.0009853	8649.8120117	-0.6000867	-2.8000000	0.0000000	3.3596655	1.0638788	0.0000000	0.0000000
6950.0054985	8650.0009853	8649.8120117	-0.7998933	-2.8000000	0.0000433	3.3657825	1.0676758	0.0000000	0.0000000
6950.0054985	8650.0009853	8649.8120117	-1.0000334	-2.8000000	0.0283466	3.3377795	1.0745020	0.0000000	0.0000000
6950.0054985	8650.0009853	8649.8120117	-1.1998399	-2.8000000	0.5776996	3.3478046	1.0693518	0.0000000	0.0000000
6950.0054985	8650.0009853	8649.8120117	-1.3999800	-2.8000000	1.0470728	3.3537128	1.0718115	0.0000000	0.0000000
6950.0054985	8650.0009853	8649.8120117	-1.6001201	-2.8000000	1.1820453	3.3386261	1.0875690	0.0000000	0.0000000
6950.0054985	8650.0009853	8649.8120117	-1.7999266	-2.8000000	2.6429742	3.3616589	1.0664453	0.0000000	0.0000000
6950.0054985	8650.0009853	8649.8120117	-2.0000667	-2.8000000	3.4226593	3.3550769	1.0521094	0.0000000	0.0000000
6950.0054985	8650.0009853	8649.8120117	-2.1998732	-2.8000000	4.0562451	3.3590704	1.0669861	0.0000000	0.0000000
6950.0054985	8650.0009853	8649.8120117	-2.4000133	-2.8000000	6.1674597	3.3366425	1.0757715	0.0000000	0.0000000
6950.0054985	8650.0009853	8649.8120117	-2.6001534	-2.8000000	8.1504572	3.3838623	1.0536145	0.0000000	0.0000000
6950.0054985	8650.0009853	8649.8120117	-2.7999600	-2.8000000	7.8009808	3.3603241	1.0613495	0.0000000	0.0000000
6950.0054985	8650.0009853	8649.8120117	-3.0001001	-2.8000000	5.7913940	3.3641437	1.0716168	0.0000000	0.0000000
6950.0054985	8650.0009853	8649.8120117	-3.1999066	-2.8000000	6.3558728	3.3393951	1.0722858	0.0000000	0.0000000
6950.0054985	8650.0009853	8649.8120117	-3.4000467	-2.8000000	3.5296893	3.3200079	1.0772638	0.0000000	0.0000000
6950.0054985	8650.0009853	8649.8120117	-3.5998532	-2.8000000	3.6993915	3.3351544	1.0701624	0.0000000	0.0000000
6950.0054985	8650.0009853	8649.8120117	-3.7999933	-2.8000000	3.1178711	3.3429712	1.0628058	0.0000000	0.0000000
6950.0054985	8650.0009853	8649.8120117	-4.0001334	-2.8000000	1.4389185	3.3308899	1.0647504	0.0000000	0.0000000
6950.0054985	8650.0009853	8649.8120117	-4.1999400	-2.8000000	0.4243884	3.3499261	1.0771484	0.0000000	0.0000000
6950.0054985	8650.0009853	8649.8120117	-4.4000801	-2.8000000	0.0037848	3.3414661	1.0637067	0.0000000	0.0000000
6950.0054985	8650.0009853	8649.8120117	-4.5998866	-2.8000000	0.0030530	3.3275140	1.0605396	0.0000000	0.0000000
6950.0054985	8650.0009853	8649.8120117	-4.8000267	-2.8000000	0.0026263	3.3565259	1.0573523	0.0000000	0.0000000
6950.0054985	8650.0009853	8649.8120117	-5.0001668	-2.8000000	0.0000000	3.3517377	1.0498773	0.0000000	0.0000000
