6950.0054985	8650.0009853	8649.8120117	2.0000667	-4.8000267	0.0002917	3.3404541	1.0074615	0.0000000	-4.8000000
6950.0054985	8650.0009853	8649.8120117	1.7999266	-4.8000000	0.0000000	3.3486279	1.0110724	0.0000000	0.0000000
6950.0054985	8650.0009853	8649.8120117	1.6001201	-4.8000000	0.0000000	3.3469409	1.0086694	0.0000000	0.0000000
6950.0054985	8650.0009853	8649.8120117	1.3999800	-4.8000000	0.0000000	3.3139771	0.9978705	0.0000000	0.0000000
6950.0054985	8650.0009853	8649.8120117	1.1998399	-4.8000000	0.0001196	3.3378357	1.0199835	0.0000000	0.0000000
6950.0054985	8650.0009853	8649.8120117	1.0000334	-4.8000000	0.0000000	3.3618518	1.0082922	0.0000000	0.0000000
6950.0054985	8650.0009853	8649.8120117	0.7998933	-4.8000000	0.0002362	3.3465295	0.9826257	0.0000000	0.0000000
6950.0054985	8650.0009853	8649.8120117	0.6000867	-4.8000000	0.0000299	3.3571063	0.9900684	0.0000000	0.0000000
6950.0054985	8650.0009853	8649.8120117	0.3999466	-4.8000000	0.0000000	3.3244159	1.0152087	0.0000000	0.0000000
6950.0054985	8650.0009853	8649.8120117	0.2001401	-4.8000000	0.0000000	3.3759424	1.0144342	0.0000000	0.0000000
6950.0054985	8650.0009853	8649.8120117	0.0000000	-4.8000000	0.1611218	3.3373322	0.9993347	0.0000000	0.0000000
6950.0054985	8650.0009853	8649.8120117	-0.2001401	-4.8000000	0.0000000	3.3402948	1.0113580	0.0000000	0.0000000
6950.0054985	8650.0009853	8649.8120117	-0.3999466	-4.8000000	0.0000000	3.3452246	1.0097064	0.0000000	0.0000000
6950.0054985	8650.0009853	8649.8120117	-0.6000867	-4.8000000	0.0122827	3.3309998	0.9957538	0.0000000	0.0000000
6950.0054985	8650.0009853	8649.8120117	-0.7998933	-4.8000000	0.0000128	3.3224048	1.0131091	0.0000000	0.0000000
6950.0054985	8650.0009853	8649.8120117	-1.0000334	-4.8000000	0.0000000	3.3291064	0.9918329	0.0000000	0.0000000
6950.0054985	8650.0009853	8649.8120117	-1.1998399	-4.8000000	0.0000140	3.3554657	1.0072638	0.0000000	0.0000000
6950.0054985	8650.0009853	8649.8120117	-1.3999800	-4.8000000	0.0000079	3.2847284	0.9815851	0.0000000	0.0000000
6950.0054985	8650.0009853	8649.8120117	-1.6001201	-4.8000000	0.9664905	3.2997180	0.9995123	0.0000000	0.0000000
6950.0054985	8650.0009853	8649.8120117	-1.7999266	-4.8000000	0.0000690	3.3260181	1.0034814	0.0000000	0.0000000
6950.0054985	8650.0009853	8649.8120117	-2.0000667	-4.8000000	0.0000000	3.3602924	1.0026819	0.0000000	0.0000000
6950.0054985	8650.0009853	8649.8120117	-2.1998732	-4.8000000	0.0000000	3.3274103	0.9902771	0.0000000	0.0000000
6950.0054985	8650.0009853	8649.8120117	-2.4000133	-4.8000000	0.0000012	3.3253522	0.9880878	0.0000000	0.0000000
6950.0054985	8650.0009853	8649.8120117	-2.6001534	-4.8000000	0.0000244	3.3091296	1.0016815	0.0000000	0.0000000
6950.0054985	8650.0009853	8649.8120117	-2.7999600	-4.8000000	0.0000452	3.3307922	0.9825037	0.0000000	0.0000000
6950.0054985	8650.0009853	8649.8120117	-3.0001001	-4.8000000	0.0183130	3.3129657	0.9852429	0.0000000	0.0000000
6950.0054985	8650.0009853	8649.8120117	-3.1999066	-4.8000000	0.2680908	3.3125604	0.9696368	0.0000000	0.0000000
6950.0054985	8650.0009853	8649.8120117	-3.4000467	-4.8000000	0.6094141	3.3315308	0.9979279	0.0000000	0.0000000
6950.0054985	8650.0009853	8649.8120117	-3.5998532	-4.8000000	1.6780841	3.3211633	0.9875153	0.0000000	0.0000000
6950.0054985	8650.0009853	8649.8120117	-3.7999933	-4.8000000	1.8300281	3.3122693	0.9725806	0.0000000	0.0000000
6950.0054985	8650.0009853	8649.8120117	-4.0001334	-4.8000000	2.7513220	3.3447510	0.9925195	0.0000000	0.0000000
6950.0054985	8650.0009853	8649.8120117	-4.1999400	-4.8000000	3.4501263	3.3176544	1.0018774	0.0000000	0.0000000
6950.0054985	8650.0009853	8649.8120117	-4.4000801	-4.8000000	4.9444019	3.3218890	1.0067487	0.0000000	0.0000000
6950.0054985	8650.0009853	8649.8120117	-4.5998866	-4.8000000	7.7462177	3.3012915	0.9973145	0.0000000	0.0000000
6950.0054985	8650.0009853	8649.8120117	-4.8000267	-4.8000000	6.0287817	3.3343829	0.9775800	0.0000000	0.0000000
6950.0054985	8650.0009853	8649.8120117	-5.0001668	-4.8000000	5.5886682	3.3394586	0.9994000	0.0000000	0.0000000
