6950.0054985	8650.0009853	8649.8120117	2.0000667	-2.4000133	0.0016156	3.3292285	1.0820367	0.0000000	-2.4000000
6950.0054985	8650.0009853	8649.8120117	1.7999266	-2.4000000	0.0000000	3.3738446	1.0908282	0.0000000	0.0000000
6950.0054985	8650.0009853	8649.8120117	1.6001201	-2.4000000	0.0000000	3.3392438	1.0848083	0.0000000	0.0000000
6950.0054985	8650.0009853	8649.8120117	1.3999800	-2.4000000	0.0048096	3.3456073	1.0939252	0.0000000	0.0000000
6950.0054985	8650.0009853	8649.8120117	1.1998399	-2.4000000	0.0000000	3.3531653	1.0853809	0.0000000	0.0000000
6950.0054985	8650.0009853	8649.8120117	1.0000334	-2.4000000	0.0000934	3.3640332	1.0832214	0.0000000	0.0000000
6950.0054985	8650.0009853	8649.8120117	0.7998933	-2.4000000	0.0015955	3.3662036	1.0858862	0.0000000	0.0000000
6950.0054985	8650.0009853	8649.8120117	0.6000867	-2.4000000	0.1401758	3.3619012	1.0992291	0.0000000	0.0000000
6950.0054985	8650.0009853	8649.8120117	0.3999466	-2.4000000	0.0000000	3.3195874	1.0913727	0.0000000	0.0000000
6950.0054985	8650.0009853	8649.8120117	0.2001401	-2.4000000	0.0000000	3.3689069	1.0823553	0.0000000	0.0000000
6950.0054985	8650.0009853	8649.8120117	0.0000000	-2.4000000	0.0000281	3.3415759	1.0887134	0.0000000	0.0000000
6950.0054985	8650.0009853	8649.8120117	-0.2001401	-2.4000000	0.0000665	3.3498407	1.0871143	0.0000000	0.0000000
6950.0054985	8650.0009853	8649.8120117	-0.3999466	-2.4000000	0.0045764	3.3565729	1.0911212	0.0000000	0.0000000
6950.0054985	8650.0009853	8649.8120117	-0.6000867	-2.4000000	0.0737006	3.3493176	1.1057831	0.0000000	0.0000000
6950.0054985	8650.0009853	8649.8120117	-0.7998933	-2.4000000	0.3663318	3.3643573	1.0908392	0.0000000	0.0000000
6950.0054985	8650.0009853	8649.8120117	-1.0000334	-2.4000000	0.4424744	3.3539636	1.0946136	0.0000000	0.0000000
6950.0054985	8650.0009853	8649.8120117	-1.1998399	-2.4000000	1.8564014	3.3242261	1.0999402	0.0000000	0.0000000
6950.0054985	8650.0009853	8649.8120117	-1.3999800	-2.4000000	2.7649133	3.3410828	1.0981812	0.0000000	0.0000000
6950.0054985	8650.0009853	8649.8120117	-1.6001201	-2.4000000	2.7288983	3.3303638	1.1020679	0.0000000	0.0000000
6950.0054985	8650.0009853	8649.8120117	-1.7999266	-2.4000000	4.8588086	3.3612714	1.0866833	0.0000000	0.0000000
6950.0054985	8650.0009853	8649.8120117	-2.0000667	-2.4000000	7.3175653	3.3704486	1.0987830	0.0000000	0.0000000
6950.0054985	8650.0009853	8649.8120117	-2.1998732	-2.4000000	7.2759314	3.3474353	1.0957715	0.0000000	0.0000000
6950.0054985	8650.0009853	8649.8120117	-2.4000133	-2.4000000	6.7421320	3.3259412	1.0943011	0.0000000	0.0000000
6950.0054985	8650.0009853	8649.8120117	-2.6001534	-2.4000000	7.1189655	3.3234607	1.1018066	0.0000000	0.0000000
6950.0054985	8650.0009853	8649.8120117	-2.7999600	-2.4000000	6.0211938	3.3455194	1.0998633	0.0000000	0.0000000
6950.0054985	8650.0009853	8649.8120117	-3.0001001	-2.4000000	3.7519855	3.3461615	1.0959857	0.0000000	0.0000000
6950.0054985	8650.0009853	8649.8120117	-3.1999066	-2.4000000	3.6572186	3.3626996	1.0945697	0.0000000	0.0000000
6950.0054985	8650.0009853	8649.8120117	-3.4000467	-2.4000000	1.7746704	3.3427698	1.0944519	0.0000000	0.0000000
6950.0054985	8650.0009853	8649.8120117	-3.5998532	-2.4000000	1.9984967	3.3424890	1.1063385	0.0000000	0.0000000
6950.0054985	8650.0009853	8649.8120117	-3.7999933	-2.4000000	0.8745117	3.3333350	1.1007965	0.0000000	0.0000000
6950.0054985	8650.0009853	8649.8120117	-4.0001334	-2.4000000	0.1888965	3.3470129	1.0894006	0.0000000	0.0000000
6950.0054985	8650.0009853	8649.8120117	-4.1999400	-2.4000000	0.0081750	3.3386499	1.0860968	0.0000000	0.0000000
6950.0054985	8650.0009853	8649.8120117	-4.4000801	-2.4000000	0.0011768	3.3570038	1.0971594	0.0000000	0.0000000
6950.0054985	8650.0009853	8649.8120117	-4.5998866	-2.4000000	0.1874237	3.3462195	1.0969519	0.0000000	0.0000000
6950.0054985	8650.0009853	8649.8120117	-4.8000267	-2.4000000	0.0000000	3.3110651	1.0975983	0.0000000	0.0000000
6950.0054985	8650.0009853	8649.8120117	-5.0001668	-2.4000000	0.0705646	3.3481250	1.1130072	0.0000000	0.0000000
