6950.0054985	8650.0009853	8649.8120117	2.0000667	-3.5998532	0.0000073	3.3295007	1.0186676	0.0000000	-3.6000000
6950.0054985	8650.0009853	8649.8120117	1.7999266	-3.6000000	0.0000000	3.3246881	1.0184088	0.0000000	0.0000000
6950.0054985	8650.0009853	8649.8120117	1.6001201	-3.6000000	0.0000330	3.3330774	1.0233643	0.0000000	0.0000000
6950.0054985	8650.0009853	8649.8120117	1.3999800	-3.6000000	0.0000000	3.3455701	1.0191382	0.0000000	0.0000000
6950.0054985	8650.0009853	8649.8120117	1.1998399	-3.6000000	0.0000000	3.3146979	1.0326556	0.0000000	0.0000000
6950.0054985	8650.0009853	8649.8120117	1.0000334	-3.6000000	0.1713055	3.3225958	1.0295044	0.0000000	0.0000000
6950.0054985	8650.0009853	8649.8120117	0.7998933	-3.6000000	0.0006653	3.3408325	1.0293439	0.0000000	0.0000000
6950.0054985	8650.0009853	8649.8120117	0.6000867	-3.6000000	0.0164355	3.3164099	1.0439581	0.0000000	0.0000000
6950.0054985	8650.0009853	8649.8120117	0.3999466	-3.6000000	0.0000000	3.3336658	1.0443213	0.0000000	0.0000000
6950.0054985	8650.0009853	8649.8120117	0.2001401	-3.6000000	0.0000000	3.3504272	1.0356177	0.0000000	0.0000000
6950.0054985	8650.0009853	8649.8120117	0.0000000	-3.6000000	0.0001428	3.3616791	1.0430176	0.0000000	0.0000000
6950.0054985	8650.0009853	8649.8120117	-0.2001401	-3.6000000	0.0000000	3.3218915	1.0393494	0.0000000	0.0000000
6950.0054985	8650.0009853	8649.8120117	-0.3999466	-3.6000000	0.0000000	3.3365900	1.0303094	0.0000000	0.0000000
6950.0054985	8650.0009853	8649.8120117	-0.6000867	-3.6000000	0.0000128	3.3267596	1.0393304	0.0000000	0.0000000
6950.0054985	8650.0009853	8649.8120117	-0.7998933	-3.6000000	0.0004773	3.3382849	1.0383057	0.0000000	0.0000000
6950.0054985	8650.0009853	8649.8120117	-1.0000334	-3.6000000	0.0000006	3.3231659	1.0297552	0.0000000	0.0000000
6950.0054985	8650.0009853	8649.8120117	-1.1998399	-3.6000000	0.0146429	3.3543652	1.0239905	0.0000000	0.0000000
6950.0054985	8650.0009853	8649.8120117	-1.3999800	-3.6000000	0.0000208	3.3377594	1.0264856	0.0000000	0.0000000
6950.0054985	8650.0009853	8649.8120117	-1.6001201	-3.6000000	0.0045697	3.3144769	1.0530731	0.0000000	0.0000000
6950.0054985	8650.0009853	8649.8120117	-1.7999266	-3.6000000	0.1376447	3.3088348	1.0510193	0.0000000	0.0000000
6950.0054985	8650.0009853	8649.8120117	-2.0000667	-3.6000000	0.4016333	3.3429492	1.0371753	0.0000000	0.0000000
6950.0054985	8650.0009853	8649.8120117	-2.1998732	-3.6000000	0.5821759	3.3552985	1.0372925	0.0000000	0.0000000
6950.0054985	8650.0009853	8649.8120117	-2.4000133	-3.6000000	1.1426886	3.3422955	1.0377161	0.0000000	0.0000000
6950.0054985	8650.0009853	8649.8120117	-2.6001534	-3.6000000	2.5250018	3.3207330	1.0352869	0.0000000	0.0000000
6950.0054985	8650.0009853	8649.8120117	-2.7999600	-3.6000000	3.5761945	3.3409045	1.0395264	0.0000000	0.0000000
6950.0054985	8650.0009853	8649.8120117	-3.0001001	-3.6000000	3.6098389	3.3085132	1.0232684	0.0000000	0.0000000
6950.0054985	8650.0009853	8649.8120117	-3.1999066	-3.6000000	6.7401093	3.3510199	1.0435602	0.0000000	0.0000000
6950.0054985	8650.0009853	8649.8120117	-3.4000467	-3.6000000	6.1055194	3.3381854	1.0298651	0.0000000	0.0000000
6950.0054985	8650.0009853	8649.8120117	-3.5998532	-3.6000000	8.1085291	3.3392157	1.0424963	0.0000000	0.0000000
6950.0054985	8650.0009853	8649.8120117	-3.7999933	-3.6000000	7.4234247	3.3140790	1.0327917	0.0000000	0.0000000
6950.0054985	8650.0009853	8649.8120117	-4.0001334	-3.6000000	5.7200446	3.3032373	1.0182617	0.0000000	0.0000000
6950.0054985	8650.0009853	8649.8120117	-4.1999400	-3.6000000	3.9162341	3.3511945	1.0283569	0.0000000	0.0000000
6950.0054985	8650.0009853	8649.8120117	-4.4000801	-3.6000000	2.1402625	3.3496790	1.0313361	0.0000000	0.0000000
6950.0054985	8650.0009853	8649.8120117	-4.5998866	-3.6000000	2.0391864	3.3205127	1.0506744	0.0000000	0.0000000
6950.0054985	8650.0009853	8649.8120117	-4.8000267	-3.6000000	1.4224658	3.3121295	1.0387811	0.0000000	0.0000000
6950.0054985	8650.0009853	8649.8120117	-5.0001668	-3.6000000	0.1600916	3.3507446	1.0386688	0.0000000	0.0000000
