6950.0054985	8650.0009853	8649.8120117	2.0000667	-1.3999800	0.0000000	3.4157922	1.0657806	0.0000000	-1.4000000
6950.0054985	8650.0009853	8649.8120117	1.7999266	-1.4000000	0.0000000	3.3930609	1.0802161	0.0000000	0.0000000
6950.0054985	8650.0009853	8649.8120117	1.6001201	-1.4000000	0.0000000	3.3692114	1.0672791	0.0000000	0.0000000
6950.0054985	8650.0009853	8649.8120117	1.3999800	-1.4000000	0.0006366	3.3932288	1.0670276	0.0000000	0.0000000
6950.0054985	8650.0009853	8649.8120117	1.1998399	-1.4000000	0.0368518	3.4066895	1.0653076	0.0000000	0.0000000
6950.0054985	8650.0009853	8649.8120117	1.0000334	-1.4000000	0.0000385	3.4231775	1.0571198	0.0000000	0.0000000
6950.0054985	8650.0009853	8649.8120117	0.7998933	-1.4000000	0.0000305	3.3650470	1.0761633	0.0000000	0.0000000
6950.0054985	8650.0009853	8649.8120117	0.6000867	-1.4000000	0.0034369	3.3632300	1.0672278	0.0000000	0.0000000
6950.0054985	8650.0009853	8649.8120117	0.3999466	-1.4000000	0.0207269	3.3740802	1.0806909	0.0000000	0.0000000
6950.0054985	8650.0009853	8649.8120117	0.2001401	-1.4000000	0.3318518	3.3670685	1.0596729	0.0000000	0.0000000
6950.0054985	8650.0009853	8649.8120117	0.0000000	-1.4000000	0.8161017	3.3917438	1.0594916	0.0000000	0.0000000
6950.0054985	8650.0009853	8649.8120117	-0.2001401	-1.4000000	1.0506445	3.3550946	1.0738757	0.0000000	0.0000000
6950.0054985	8650.0009853	8649.8120117	-0.3999466	-1.4000000	2.8851715	3.3756531	1.0703430	0.0000000	0.0000000
6950.0054985	8650.0009853	8649.8120117	-0.6000867	-1.4000000	3.5660718	3.3743201	1.0547845	0.0000000	0.0000000
6950.0054985	8650.0009853	8649.8120117	-0.7998933	-1.4000000	5.8935229	3.4134521	1.0441278	0.0000000	0.0000000
6950.0054985	8650.0009853	8649.8120117	-1.0000334	-1.4000000	6.5787201	3.3711884	1.0678827	0.0000000	0.0000000
6950.0054985	8650.0009853	8649.8120117	-1.1998399	-1.4000000	5.7160638	3.3748334	1.0338544	0.0000000	0.0000000
6950.0054985	8650.0009853	8649.8120117	-1.3999800	-1.4000000	7.5718732	3.3803613	1.0516815	0.0000000	0.0000000
6950.0054985	8650.0009853	8649.8120117	-1.6001201	-1.4000000	7.8726001	3.3874969	1.0546338	0.0000000	0.0000000
6950.0054985	8650.0009853	8649.8120117	-1.7999266	-1.4000000	4.9019995	3.3797845	1.0624072	0.0000000	0.0000000
6950.0054985	8650.0009853	8649.8120117	-2.0000667	-1.4000000	3.9722394	3.3578229	1.0470697	0.0000000	0.0000000
6950.0054985	8650.0009853	8649.8120117	-2.1998732	-1.4000000	4.4294055	3.3561792	1.0621710	0.0000000	0.0000000
6950.0054985	8650.0009853	8649.8120117	-2.4000133	-1.4000000	2.4436340	3.3654614	1.0642603	0.0000000	0.0000000
6950.0054985	8650.0009853	8649.8120117	-2.6001534	-1.4000000	0.9343573	3.3814136	1.0533563	0.0000000	0.0000000
6950.0054985	8650.0009853	8649.8120117	-2.7999600	-1.4000000	0.6764673	3.3869592	1.0725916	0.0000000	0.0000000
6950.0054985	8650.0009853	8649.8120117	-3.0001001	-1.4000000	0.4147021	3.3713593	1.0495068	0.0000000	0.0000000
6950.0054985	8650.0009853	8649.8120117	-3.1999066	-1.4000000	0.0003381	3.3655408	1.0504102	0.0000000	0.0000000
6950.0054985	8650.0009853	8649.8120117	-3.4000467	-1.4000000	0.0001831	3.3600897	1.0391980	0.0000000	0.0000000
6950.0054985	8650.0009853	8649.8120117	-3.5998532	-1.4000000	0.0000000	3.4154382	1.0598248	0.0000000	0.0000000
6950.0054985	8650.0009853	8649.8120117	-3.7999933	-1.4000000	0.0017645	3.3889142	1.0483252	0.0000000	0.0000000
6950.0054985	8650.0009853	8649.8120117	-4.0001334	-1.4000000	0.0000000	3.3609442	1.0601703	0.0000000	0.0000000
6950.0054985	8650.0009853	8649.8120117	-4.1999400	-1.4000000	0.0000000	3.3882544	1.0298877	0.0000000	0.0000000
6950.0054985	8650.0009853	8649.8120117	-4.4000801	-1.4000000	0.0027960	3.3748096	1.0382880	0.0000000	0.0000000
6950.0054985	8650.0009853	8649.8120117	-4.5998866	-1.4000000	0.2678210	3.3951703	1.0399127	0.0000000	0.0000000
6950.0054985	8650.0009853	8649.8120117	-4.8000267	-1.4000000	0.0000171	3.3840338	1.0422974	0.0000000	0.0000000
6950.0054985	8650.0009853	8649.8120117	-5.0001668	-1.4000000	0.0000043	3.3845856	1.0639630	0.0000000	0.0000000
