6950.0054985	8650.0009853	8649.8120117	2.0000667	2.0000667	0.0032544	3.3723895	1.0559882	0.0000000	2.0000000
6950.0054985	8650.0009853	8649.8120117	1.7999266	2.0000000	0.0064191	3.3818335	1.0504022	0.0000000	0.0000000
6950.0054985	8650.0009853	8649.8120117	1.6001201	2.0000000	0.0004150	3.3587408	1.0606702	0.0000000	0.0000000
6950.0054985	8650.0009853	8649.8120117	1.3999800	2.0000000	0.0000586	3.3541888	1.0598639	0.0000000	0.0000000
6950.0054985	8650.0009853	8649.8120117	1.1998399	2.0000000	0.0002753	3.4094360	1.0305176	0.0000000	0.0000000
6950.0054985	8650.0009853	8649.8120117	1.0000334	2.0000000	0.0014166	3.3510663	1.0585590	0.0000000	0.0000000
6950.0054985	8650.0009853	8649.8120117	0.7998933	2.0000000	0.0000000	3.3789447	1.0532422	0.0000000	0.0000000
6950.0054985	8650.0009853	8649.8120117	0.6000867	2.0000000	0.0000000	3.3578107	1.0405841	0.0000000	0.0000000
6950.0054985	8650.0009853	8649.8120117	0.3999466	2.0000000	0.0000000	3.3582660	1.0501685	0.0000000	0.0000000
6950.0054985	8650.0009853	8649.8120117	0.2001401	2.0000000	0.0000000	3.3546289	1.0549561	0.0000000	0.0000000
6950.0054985	8650.0009853	8649.8120117	0.0000000	2.0000000	0.0220563	3.3562274	1.0370654	0.0000000	0.0000000
6950.0054985	8650.0009853	8649.8120117	-0.2001401	2.0000000	0.0189264	3.3903210	1.0504309	0.0000000	0.0000000
6950.0054985	8650.0009853	8649.8120117	-0.3999466	2.0000000	0.0361810	3.3517822	1.0388501	0.0000000	0.0000000
6950.0054985	8650.0009853	8649.8120117	-0.6000867	2.0000000	0.0000000	3.3715607	1.0415704	0.0000000	0.0000000
6950.0054985	8650.0009853	8649.8120117	-0.7998933	2.0000000	0.0000317	3.3452325	1.0430853	0.0000000	0.0000000
6950.0054985	8650.0009853	8649.8120117	-1.0000334	2.0000000	0.0000000	3.3856451	1.0414795	0.0000000	0.0000000
6950.0054985	8650.0009853	8649.8120117	-1.1998399	2.0000000	0.0000000	3.3668292	1.0420148	0.0000000	0.0000000
6950.0054985	8650.0009853	8649.8120117	-1.3999800	2.0000000	0.0000049	3.3397034	1.0379956	0.0000000	0.0000000
6950.0054985	8650.0009853	8649.8120117	-1.6001201	2.0000000	0.0422058	3.3711267	1.0206592	0.0000000	0.0000000
6950.0054985	8650.0009853	8649.8120117	-1.7999266	2.0000000	0.0015668	3.3643060	1.0421222	0.0000000	0.0000000
6950.0054985	8650.0009853	8649.8120117	-2.0000667	2.0000000	0.0000861	3.4018842	1.0281720	0.0000000	0.0000000
6950.0054985	8650.0009853	8649.8120117	-2.1998732	2.0000000	0.0000018	3.3333246	1.0342816	0.0000000	0.0000000
6950.0054985	8650.0009853	8649.8120117	-2.4000133	2.0000000	0.0000000	3.3284662	1.0369958	0.0000000	0.0000000
6950.0054985	8650.0009853	8649.8120117	-2.6001534	2.0000000	0.0000000	3.3598273	1.0106775	0.0000000	0.0000000
6950.0054985	8650.0009853	8649.8120117	-2.7999600	2.0000000	0.0090607	3.3787140	1.0393915	0.0000000	0.0000000
6950.0054985	8650.0009853	8649.8120117	-3.0001001	2.0000000	0.0000262	3.3448199	1.0291083	0.0000000	0.0000000
6950.0054985	8650.0009853	8649.8120117	-3.1999066	2.0000000	0.0000000	3.3577002	1.0274652	0.0000000	0.0000000
6950.0054985	8650.0009853	8649.8120117	-3.4000467	2.0000000	0.0000000	3.3306378	1.0218109	0.0000000	0.0000000
6950.0054985	8650.0009853	8649.8120117	-3.5998532	2.0000000	0.6529980	3.3192572	1.0184509	0.0000000	0.0000000
6950.0054985	8650.0009853	8649.8120117	-3.7999933	2.0000000	0.3007153	3.3705878	1.0109650	0.0000000	0.0000000
6950.0054985	8650.0009853	8649.8120117	-4.0001334	2.0000000	0.0444336	3.3798352	1.0407574	0.0000000	0.0000000
6950.0054985	8650.0009853	8649.8120117	-4.1999400	2.0000000	0.0000000	3.3788568	1.0225977	0.0000000	0.0000000
6950.0054985	8650.0009853	8649.8120117	-4.4000801	2.0000000	0.0000409	3.3728259	1.0104645	0.0000000	0.0000000
6950.0054985	8650.0009853	8649.8120117	-4.5998866	2.0000000	0.0000000	3.3718231	1.0141522	0.0000000	0.0000000
6950.0054985	8650.0009853	8649.8120117	-4.8000267	2.0000000	0.0000067	3.3706604	1.0254980	0.0000000	0.0000000
6950.0054985	8650.0009853	8649.8120117	-5.0001668	2.0000000	0.0000000	3.3892493	1.0277594	0.0000000	0.0000000
