6950.0054985	8650.0009853	8649.8120117	2.0000667	-2.0000667	0.0000000	3.3503625	1.0342328	0.0000000	-2.0000000
6950.0054985	8650.0009853	8649.8120117	1.7999266	-2.0000000	0.0002655	3.3376086	1.0229486	0.0000000	0.0000000
6950.0054985	8650.0009853	8649.8120117	1.6001201	-2.0000000	0.0000000	3.3465015	1.0252985	0.0000000	0.0000000
6950.0054985	8650.0009853	8649.8120117	1.3999800	-2.0000000	0.0123969	3.3287268	1.0413416	0.0000000	0.0000000
6950.0054985	8650.0009853	8649.8120117	1.1998399	-2.0000000	0.0070117	3.3717657	1.0439117	0.0000000	0.0000000
6950.0054985	8650.0009853	8649.8120117	1.0000334	-2.0000000	0.0000287	3.3477039	1.0331348	0.0000000	0.0000000
6950.0054985	8650.0009853	8649.8120117	0.7998933	-2.0000000	0.0000000	3.3164624	1.0275287	0.0000000	0.0000000
6950.0054985	8650.0009853	8649.8120117	0.6000867	-2.0000000	0.0000751	3.3540662	1.0377301	0.0000000	0.0000000
6950.0054985	8650.0009853	8649.8120117	0.3999466	-2.0000000	0.0000000	3.3057379	1.0397980	0.0000000	0.0000000
6950.0054985	8650.0009853	8649.8120117	0.2001401	-2.0000000	0.0000854	3.3135522	1.0292047	0.0000000	0.0000000
6950.0054985	8650.0009853	8649.8120117	0.0000000	-2.0000000	0.1596405	3.3508826	1.0328906	0.0000000	0.0000000
6950.0054985	8650.0009853	8649.8120117	-0.2001401	-2.0000000	0.2129431	3.3404816	1.0337018	0.0000000	0.0000000
6950.0054985	8650.0009853	8649.8120117	-0.3999466	-2.0000000	0.8196606	3.3208557	1.0275061	0.0000000	0.0000000
6950.0054985	8650.0009853	8649.8120117	-0.6000867	-2.0000000	1.9027246	3.3220593	1.0412909	0.0000000	0.0000000
6950.0054985	8650.0009853	8649.8120117	-0.7998933	-2.0000000	1.7307227	3.3172888	1.0305804	0.0000000	0.0000000
6950.0054985	8650.0009853	8649.8120117	-1.0000334	-2.0000000	1.7922534	3.3101874	1.0272681	0.0000000	0.0000000
6950.0054985	8650.0009853	8649.8120117	-1.1998399	-2.0000000	3.0997382	3.3648590	1.0255975	0.0000000	0.0000000
6950.0054985	8650.0009853	8649.8120117	-1.3999800	-2.0000000	5.4588849	3.3485394	1.0376324	0.0000000	0.0000000
6950.0054985	8650.0009853	8649.8120117	-1.6001201	-2.0000000	5.7965192	3.3412805	1.0574359	0.0000000	0.0000000
6950.0054985	8650.0009853	8649.8120117	-1.7999266	-2.0000000	7.2894867	3.3351166	1.0567926	0.0000000	0.0000000
6950.0054985	8650.0009853	8649.8120117	-1.6638313	-2.0000000	8.5300684	3.3479681	1.0331354	0.0000000	0.0000000
6950.0054985	8650.0009853	8649.8120117	-2.1998732	-2.0000000	7.4088312	3.3187195	1.0440479	0.0000000	0.0000000
6950.0054985	8650.0009853	8649.8120117	-2.4000133	-2.0000000	4.6741071	3.3294250	1.0544781	0.0000000	0.0000000
6950.0054985	8650.0009853	8649.8120117	-2.6001534	-2.0000000	3.9912512	3.3452698	1.0532098	0.0000000	0.0000000
6950.0054985	8650.0009853	8649.8120117	-2.7999600	-2.0000000	3.5339581	3.3405054	1.0519836	0.0000000	0.0000000
6950.0054985	8650.0009853	8649.8120117	-3.0001001	-2.0000000	1.9456342	3.3320325	1.0388159	0.0000000	0.0000000
6950.0054985	8650.0009853	8649.8120117	-3.1999066	-2.0000000	1.3512329	3.3145740	1.0506818	0.0000000	0.0000000
6950.0054985	8650.0009853	8649.8120117	-3.4000467	-2.0000000	0.3945624	3.3107422	1.0355511	0.0000000	0.0000000
6950.0054985	8650.0009853	8649.8120117	-3.5998532	-2.0000000	0.0681329	3.3611188	1.0531207	0.0000000	0.0000000
6950.0054985	8650.0009853	8649.8120117	-3.7999933	-2.0000000	0.0065356	3.3235583	1.0516370	0.0000000	0.0000000
6950.0054985	8650.0009853	8649.8120117	-4.0001334	-2.0000000	0.0043573	3.3432770	1.0570172	0.0000000	0.0000000
6950.0054985	8650.0009853	8649.8120117	-4.1999400	-2.0000000	0.0000000	3.3208661	1.0358734	0.0000000	0.0000000
6950.0054985	8650.0009853	8649.8120117	-4.4000801	-2.0000000	0.2278748	3.3203070	1.0452289	0.0000000	0.0000000
6950.0054985	8650.0009853	8649.8120117	-4.5998866	-2.0000000	0.0000000	3.3153522	1.0465912	0.0000000	0.0000000
6950.0054985	8650.0009853	8649.8120117	-4.8000267	-2.0000000	0.0000000	3.3757190	1.0542194	0.0000000	0.0000000
6950.0054985	8650.0009853	8649.8120117	-5.0001668	-2.0000000	0.0000000	3.3271686	1.0563190	0.0000000	0.0000000
