6950.0054985	8650.0009853	8649.8120117	2.0000667	-1.1998399	0.1311432	3.3654333	1.0779108	0.0000000	-1.2000000
6950.0054985	8650.0009853	8649.8120117	1.7999266	-1.2000000	0.0018945	3.3800995	1.0791339	0.0000000	0.0000000
6950.0054985	8650.0009853	8649.8120117	1.6001201	-1.2000000	0.0000000	3.3407233	1.0866260	0.0000000	0.0000000
6950.0054985	8650.0009853	8649.8120117	1.3999800	-1.2000000	0.0000000	3.3287189	1.0916107	0.0000000	0.0000000
6950.0054985	8650.0009853	8649.8120117	1.1998399	-1.2000000	0.0000000	3.3683649	1.0925696	0.0000000	0.0000000
6950.0054985	8650.0009853	8649.8120117	1.0000334	-1.2000000	0.0117596	3.3710767	1.0810468	0.0000000	0.0000000
6950.0054985	8650.0009853	8649.8120117	0.7998933	-1.2000000	0.0022095	3.3803320	1.0893683	0.0000000	0.0000000
6950.0054985	8650.0009853	8649.8120117	0.6000867	-1.2000000	0.0714185	3.3560144	1.0782178	0.0000000	0.0000000
6950.0054985	8650.0009853	8649.8120117	0.3999466	-1.2000000	0.0628064	3.4098120	1.0708514	0.0000000	0.0000000
6950.0054985	8650.0009853	8649.8120117	0.2001401	-1.2000000	1.1478827	3.3696082	1.0805792	0.0000000	0.0000000
6950.0054985	8650.0009853	8649.8120117	0.0000000	-1.2000000	0.8020923	3.3707068	1.0812531	0.0000000	0.0000000
6950.0054985	8650.0009853	8649.8120117	-0.2001401	-1.2000000	1.6541809	3.3690607	1.0820947	0.0000000	0.0000000
6950.0054985	8650.0009853	8649.8120117	-0.3999466	-1.2000000	3.1890533	3.3666162	1.0960760	0.0000000	0.0000000
6950.0054985	8650.0009853	8649.8120117	-0.6000867	-1.2000000	4.4063458	3.3720190	1.0887714	0.0000000	0.0000000
6950.0054985	8650.0009853	8649.8120117	-0.7998933	-1.2000000	6.0719879	3.3815924	1.0712610	0.0000000	0.0000000
6950.0054985	8650.0009853	8649.8120117	-1.0000334	-1.2000000	6.8721906	3.3760937	1.0823560	0.0000000	0.0000000
6950.0054985	8650.0009853	8649.8120117	-1.1998399	-1.2000000	6.1699792	3.3962732	1.0802155	0.0000000	0.0000000
6950.0054985	8650.0009853	8649.8120117	-1.3999800	-1.2000000	7.1564551	3.3675122	1.0866473	0.0000000	0.0000000
6950.0054985	8650.0009853	8649.8120117	-1.6001201	-1.2000000	6.3232275	3.3558099	1.0809900	0.0000000	0.0000000
6950.0054985	8650.0009853	8649.8120117	-1.7999266	-1.2000000	3.5302869	3.3497040	1.0566669	0.0000000	0.0000000
6950.0054985	8650.0009853	8649.8120117	-2.0000667	-1.2000000	3.1640955	3.3979797	1.0533307	0.0000000	0.0000000
6950.0054985	8650.0009853	8649.8120117	-2.1998732	-1.2000000	4.1809839	3.3577551	1.0663770	0.0000000	0.0000000
6950.0054985	8650.0009853	8649.8120117	-2.4000133	-1.2000000	1.3065662	3.3774969	1.0858240	0.0000000	0.0000000
6950.0054985	8650.0009853	8649.8120117	-2.6001534	-1.2000000	0.7167523	3.3784076	1.0782111	0.0000000	0.0000000
6950.0054985	8650.0009853	8649.8120117	-2.7999600	-1.2000000	0.1606750	3.3993433	1.0694708	0.0000000	0.0000000
6950.0054985	8650.0009853	8649.8120117	-3.0001001	-1.2000000	0.0138831	3.3720087	1.0897058	0.0000000	0.0000000
6950.0054985	8650.0009853	8649.8120117	-3.1999066	-1.2000000	0.0000446	3.3623303	1.0943536	0.0000000	0.0000000
6950.0054985	8650.0009853	8649.8120117	-3.4000467	-1.2000000	0.0010175	3.3522333	1.0917133	0.0000000	0.0000000
6950.0054985	8650.0009853	8649.8120117	-3.5998532	-1.2000000	0.0001001	3.3747632	1.0784753	0.0000000	0.0000000
6950.0054985	8650.0009853	8649.8120117	-3.7999933	-1.2000000	0.0021295	3.3776556	1.0839453	0.0000000	0.0000000
6950.0054985	8650.0009853	8649.8120117	-4.0001334	-1.2000000	0.0000000	3.3797754	1.0870941	0.0000000	0.0000000
6950.0054985	8650.0009853	8649.8120117	-4.1999400	-1.2000000	0.7127563	3.3676495	1.0888617	0.0000000	0.0000000
6950.0054985	8650.0009853	8649.8120117	-4.4000801	-1.2000000	0.0000159	3.4376282	1.0587854	0.0000000	0.0000000
6950.0054985	8650.0009853	8649.8120117	-4.5998866	-1.2000000	0.0000000	3.3904291	1.0809650	0.0000000	0.0000000
6950.0054985	8650.0009853	8649.8120117	-4.8000267	-1.2000000	0.0030737	3.3763239	1.0641791	0.0000000	0.0000000
6950.0054985	8650.0009853	8649.8120117	-5.0001668	-1.2000000	0.0000000	3.3958655	1.0601617	0.0000000	0.0000000
