6950.0054985	8650.0009853	8649.8120117	2.0000667	-4.1999400	0.0000000	3.3798346	1.0869855	0.0000000	-4.2000000
6950.0054985	8650.0009853	8649.8120117	1.7999266	-4.2000000	0.2252899	3.3134888	1.1017731	0.0000000	0.0000000
6950.0054985	8650.0009853	8649.8120117	1.6001201	-4.2000000	0.0000140	3.3374371	1.0904486	0.0000000	0.0000000
6950.0054985	8650.0009853	8649.8120117	1.3999800	-4.2000000	0.0000000	3.3226703	1.1005194	0.0000000	0.0000000
6950.0054985	8650.0009853	8649.8120117	1.1998399	-4.2000000	0.0001837	3.3924695	1.0902960	0.0000000	0.0000000
6950.0054985	8650.0009853	8649.8120117	1.0000334	-4.2000000	0.0000000	3.3787573	1.0901129	0.0000000	0.0000000
6950.0054985	8650.0009853	8649.8120117	0.7998933	-4.2000000	0.0000000	3.3708362	1.0871466	0.0000000	0.0000000
6950.0054985	8650.0009853	8649.8120117	0.6000867	-4.2000000	0.0000000	3.3119824	1.1119983	0.0000000	0.0000000
6950.0054985	8650.0009853	8649.8120117	0.3999466	-4.2000000	0.0342358	3.3596307	1.0925690	0.0000000	0.0000000
6950.0054985	8650.0009853	8649.8120117	0.2001401	-4.2000000	0.0000000	3.3927490	1.0930127	0.0000000	0.0000000
6950.0054985	8650.0009853	8649.8120117	0.0000000	-4.2000000	0.0103735	3.4088177	1.0823846	0.0000000	0.0000000
6950.0054985	8650.0009853	8649.8120117	-0.2001401	-4.2000000	0.0000635	3.3476202	1.0848230	0.0000000	0.0000000
6950.0054985	8650.0009853	8649.8120117	-0.3999466	-4.2000000	0.1668604	3.3406061	1.0959521	0.0000000	0.0000000
6950.0054985	8650.0009853	8649.8120117	-0.6000867	-4.2000000	0.0001532	3.3511768	1.1003204	0.0000000	0.0000000
6950.0054985	8650.0009853	8649.8120117	-0.7998933	-4.2000000	0.0000000	3.3638556	1.0870636	0.0000000	0.0000000
6950.0054985	8650.0009853	8649.8120117	-1.0000334	-4.2000000	0.0000000	3.3675201	1.0662177	0.0000000	0.0000000
6950.0054985	8650.0009853	8649.8120117	-1.1998399	-4.2000000	0.1112067	3.3716223	1.0652948	0.0000000	0.0000000
6950.0054985	8650.0009853	8649.8120117	-1.3999800	-4.2000000	0.0000000	3.3700177	1.0903754	0.0000000	0.0000000
6950.0054985	8650.0009853	8649.8120117	-1.6001201	-4.2000000	0.0000000	3.3647620	1.0853894	0.0000000	0.0000000
6950.0054985	8650.0009853	8649.8120117	-1.7999266	-4.2000000	0.1340833	3.3455426	1.0659851	0.0000000	0.0000000
6950.0054985	8650.0009853	8649.8120117	-2.0000667	-4.2000000	0.0000000	3.3542566	1.0953693	0.0000000	0.0000000
6950.0054985	8650.0009853	8649.8120117	-2.1998732	-4.2000000	0.0005908	3.3477924	1.1069885	0.0000000	0.0000000
6950.0054985	8650.0009853	8649.8120117	-2.4000133	-4.2000000	0.0883112	3.3420947	1.0939136	0.0000000	0.0000000
6950.0054985	8650.0009853	8649.8120117	-2.6001534	-4.2000000	0.1288257	3.3406970	1.1007574	0.0000000	0.0000000
6950.0054985	8650.0009853	8649.8120117	-2.7999600	-4.2000000	1.5899463	3.3964508	1.0875195	0.0000000	0.0000000
6950.0054985	8650.0009853	8649.8120117	-3.0001001	-4.2000000	1.5129395	3.3759149	1.0760089	0.0000000	0.0000000
6950.0054985	8650.0009853	8649.8120117	-3.1999066	-4.2000000	2.1832642	3.3487634	1.1075690	0.0000000	0.0000000
6950.0054985	8650.0009853	8649.8120117	-3.4000467	-4.2000000	3.2841083	3.3586182	1.0871478	0.0000000	0.0000000
6950.0054985	8650.0009853	8649.8120117	-3.5998532	-4.2000000	4.1131512	3.3874951	1.0703149	0.0000000	0.0000000
6950.0054985	8650.0009853	8649.8120117	-3.7999933	-4.2000000	6.3571313	3.3485083	1.0891736	0.0000000	0.0000000
6950.0054985	8650.0009853	8649.8120117	-4.0001334	-4.2000000	7.8183185	3.3698938	1.0775085	0.0000000	0.0000000
6950.0054985	8650.0009853	8649.8120117	-4.1999400	-4.2000000	8.3214392	3.3626038	1.0799487	0.0000000	0.0000000
6950.0054985	8650.0009853	8649.8120117	-4.4000801	-4.2000000	7.0831329	3.3755682	1.0698358	0.0000000	0.0000000
6950.0054985	8650.0009853	8649.8120117	-4.5998866	-4.2000000	4.3642725	3.4183838	1.0640991	0.0000000	0.0000000
6950.0054985	8650.0009853	8649.8120117	-4.8000267	-4.2000000	4.5339343	3.3732635	1.0908820	0.0000000	0.0000000
6950.0054985	8650.0009853	8649.8120117	-5.0001668	-4.2000000	2.9980261	3.3618762	1.0861707	0.0000000	0.0000000
