6950.0054985	8650.0009853	8649.8120117	2.0000667	-0.2001401	0.0355188	3.3210126	1.0332111	0.0000000	-0.2000000
6950.0054985	8650.0009853	8649.8120117	1.7999266	-0.2000000	0.0081329	3.3616107	1.0177203	0.0000000	0.0000000
6950.0054985	8650.0009853	8649.8120117	1.6001201	-0.2000000	0.0000000	3.3244928	1.0209296	0.0000000	0.0000000
6950.0054985	8650.0009853	8649.8120117	1.3999800	-0.2000000	0.0302405	3.3124841	1.0259961	0.0000000	0.0000000
6950.0054985	8650.0009853	8649.8120117	1.1998399	-0.2000000	0.0029114	3.3020044	1.0194794	0.0000000	0.0000000
6950.0054985	8650.0009853	8649.8120117	1.0000334	-0.2000000	0.0003778	3.3083643	1.0152576	0.0000000	0.0000000
6950.0054985	8650.0009853	8649.8120117	0.7998933	-0.2000000	0.0691541	3.3305408	1.0132642	0.0000000	0.0000000
6950.0054985	8650.0009853	8649.8120117	0.6000867	-0.2000000	0.3854993	3.3449719	1.0207611	0.0000000	0.0000000
6950.0054985	8650.0009853	8649.8120117	0.3999466	-0.2000000	0.5453229	3.3061902	1.0150189	0.0000000	0.0000000
6950.0054985	8650.0009853	8649.8120117	0.2001401	-0.2000000	1.4267346	3.3177563	1.0274463	0.0000000	0.0000000
6950.0054985	8650.0009853	8649.8120117	0.0000000	-0.2000000	1.9747003	3.3276245	1.0186560	0.0000000	0.0000000
6950.0054985	8650.0009853	8649.8120117	-0.2001401	-0.2000000	1.7685895	3.3451758	1.0187805	0.0000000	0.0000000
6950.0054985	8650.0009853	8649.8120117	-0.3999466	-0.2000000	2.5345416	3.3383887	1.0138904	0.0000000	0.0000000
6950.0054985	8650.0009853	8649.8120117	-0.6000867	-0.2000000	2.7772174	3.3158215	1.0348199	0.0000000	0.0000000
6950.0054985	8650.0009853	8649.8120117	-0.7998933	-0.2000000	2.4529364	3.3251807	1.0329272	0.0000000	0.0000000
6950.0054985	8650.0009853	8649.8120117	-1.0000334	-0.2000000	1.8711865	3.3164642	1.0315729	0.0000000	0.0000000
6950.0054985	8650.0009853	8649.8120117	-1.1998399	-0.2000000	0.9921619	3.3449103	1.0186438	0.0000000	0.0000000
6950.0054985	8650.0009853	8649.8120117	-1.3999800	-0.2000000	2.3738049	3.3316333	1.0062823	0.0000000	0.0000000
6950.0054985	8650.0009853	8649.8120117	-1.6001201	-0.2000000	0.5264307	3.3085480	1.0297504	0.0000000	0.0000000
6950.0054985	8650.0009853	8649.8120117	-1.7999266	-0.2000000	0.0270526	3.3265228	1.0295697	0.0000000	0.0000000
6950.0054985	8650.0009853	8649.8120117	-2.0000667	-0.2000000	0.0286975	3.3492340	1.0270428	0.0000000	0.0000000
6950.0054985	8650.0009853	8649.8120117	-2.1998732	-0.2000000	0.0000934	3.3584845	1.0366882	0.0000000	0.0000000
6950.0054985	8650.0009853	8649.8120117	-2.4000133	-0.2000000	0.0016016	3.3303589	1.0224152	0.0000000	0.0000000
6950.0054985	8650.0009853	8649.8120117	-2.6001534	-0.2000000	0.0000000	3.3159845	1.0249725	0.0000000	0.0000000
6950.0054985	8650.0009853	8649.8120117	-2.7999600	-0.2000000	0.0015271	3.3234210	1.0165369	0.0000000	0.0000000
6950.0054985	8650.0009853	8649.8120117	-3.0001001	-0.2000000	0.0001416	3.3279498	1.0340881	0.0000000	0.0000000
6950.0054985	8650.0009853	8649.8120117	-3.1999066	-0.2000000	0.0002325	3.3522504	1.0524066	0.0000000	0.0000000
6950.0054985	8650.0009853	8649.8120117	-3.4000467	-0.2000000	0.0000000	3.3396130	1.0260577	0.0000000	0.0000000
6950.0054985	8650.0009853	8649.8120117	-3.5998532	-0.2000000	0.0000037	3.3137189	1.0284973	0.0000000	0.0000000
6950.0054985	8650.0009853	8649.8120117	-3.7999933	-0.2000000	0.0000000	3.3290497	1.0236334	0.0000000	0.0000000
6950.0054985	8650.0009853	8649.8120117	-4.0001334	-0.2000000	0.0995923	3.3214746	1.0394727	0.0000000	0.0000000
6950.0054985	8650.0009853	8649.8120117	-4.1999400	-0.2000000	0.0001941	3.3400665	1.0280969	0.0000000	0.0000000
6950.0054985	8650.0009853	8649.8120117	-4.4000801	-0.2000000	0.2166791	3.3520093	1.0270740	0.0000000	0.0000000
6950.0054985	8650.0009853	8649.8120117	-4.5998866	-0.2000000	0.0149243	3.3191199	1.0347900	0.0000000	0.0000000
6950.0054985	8650.0009853	8649.8120117	-4.8000267	-0.2000000	0.0000000	3.2928699	1.0349622	0.0000000	0.0000000
6950.0054985	8650.0009853	8649.8120117	-5.0001668	-0.2000000	0.0000165	3.3545502	1.0254449	0.0000000	0.0000000
