6950.0054985	8650.0009853	8649.8120117	2.0000667	-0.3999466	0.0000000	3.3556744	1.0250104	0.0000000	-0.4000000
6950.0054985	8650.0009853	8649.8120117	1.7999266	-0.4000000	1.4889685	3.3311328	1.0329205	0.0000000	0.0000000
6950.0054985	8650.0009853	8649.8120117	1.6001201	-0.4000000	0.0000000	3.3026398	1.0464520	0.0000000	0.0000000
6950.0054985	8650.0009853	8649.8120117	1.3999800	-0.4000000	0.0000000	3.2831317	1.0530029	0.0000000	0.0000000
6950.0054985	8650.0009853	8649.8120117	1.1998399	-0.4000000	0.0002655	3.3160223	1.0090997	0.0000000	0.0000000
6950.0054985	8650.0009853	8649.8120117	1.0000334	-0.4000000	0.0111548	3.3276550	1.0291614	0.0000000	0.0000000
6950.0054985	8650.0009853	8649.8120117	0.7998933	-0.4000000	0.0011426	3.3336615	1.0324646	0.0000000	0.0000000
6950.0054985	8650.0009853	8649.8120117	0.6000867	-0.4000000	0.1893549	3.3095276	1.0298871	0.0000000	0.0000000
6950.0054985	8650.0009853	8649.8120117	0.3999466	-0.4000000	0.9235840	3.3012628	1.0347467	0.0000000	0.0000000
6950.0054985	8650.0009853	8649.8120117	0.2001401	-0.4000000	0.6998358	3.3301068	1.0368494	0.0000000	0.0000000
6950.0054985	8650.0009853	8649.8120117	0.0000000	-0.4000000	2.2809064	3.3654755	1.0214978	0.0000000	0.0000000
6950.0054985	8650.0009853	8649.8120117	-0.2001401	-0.4000000	2.3619550	3.3368951	1.0362512	0.0000000	0.0000000
6950.0054985	8650.0009853	8649.8120117	-0.3999466	-0.4000000	2.2980383	3.3095105	1.0355658	0.0000000	0.0000000
6950.0054985	8650.0009853	8649.8120117	-0.6000867	-0.4000000	2.5653052	3.3525208	1.0377417	0.0000000	0.0000000
6950.0054985	8650.0009853	8649.8120117	-0.7998933	-0.4000000	3.0795764	3.3641620	1.0495435	0.0000000	0.0000000
6950.0054985	8650.0009853	8649.8120117	-1.0000334	-0.4000000	3.0457654	3.3640161	1.0451526	0.0000000	0.0000000
6950.0054985	8650.0009853	8649.8120117	-1.1998399	-0.4000000	2.1956555	3.3414886	1.0439264	0.0000000	0.0000000
6950.0054985	8650.0009853	8649.8120117	-1.3999800	-0.4000000	1.2929980	3.3240973	1.0430957	0.0000000	0.0000000
6950.0054985	8650.0009853	8649.8120117	-1.6001201	-0.4000000	1.5740076	3.3493579	1.0367328	0.0000000	0.0000000
6950.0054985	8650.0009853	8649.8120117	-1.7999266	-0.4000000	0.6118848	3.3252777	1.0453302	0.0000000	0.0000000
6950.0054985	8650.0009853	8649.8120117	-2.0000667	-0.4000000	0.0218591	3.3163330	1.0507562	0.0000000	0.0000000
6950.0054985	8650.0009853	8649.8120117	-2.1998732	-0.4000000	0.0016669	3.3414722	1.0472394	0.0000000	0.0000000
6950.0054985	8650.0009853	8649.8120117	-2.4000133	-0.4000000	0.0165991	3.3197418	1.0564233	0.0000000	0.0000000
6950.0054985	8650.0009853	8649.8120117	-2.6001534	-0.4000000	0.0000000	3.3166736	1.0422803	0.0000000	0.0000000
6950.0054985	8650.0009853	8649.8120117	-2.7999600	-0.4000000	0.0000000	3.3295422	1.0474432	0.0000000	0.0000000
6950.0054985	8650.0009853	8649.8120117	-3.0001001	-0.4000000	0.0009644	3.3310394	1.0555823	0.0000000	0.0000000
6950.0054985	8650.0009853	8649.8120117	-3.1999066	-0.4000000	0.6268726	3.3255280	1.0279663	0.0000000	0.0000000
6950.0054985	8650.0009853	8649.8120117	-3.4000467	-0.4000000	0.0000000	3.3240784	1.0447174	0.0000000	0.0000000
6950.0054985	8650.0009853	8649.8120117	-3.5998532	-0.4000000	0.0000000	3.3323328	1.0462469	0.0000000	0.0000000
6950.0054985	8650.0009853	8649.8120117	-3.7999933	-0.4000000	0.0000000	3.3231470	1.0522833	0.0000000	0.0000000
6950.0054985	8650.0009853	8649.8120117	-4.0001334	-0.4000000	0.0000000	3.2980298	1.0506860	0.0000000	0.0000000
6950.0054985	8650.0009853	8649.8120117	-4.1999400	-0.4000000	0.0000000	3.3211761	1.0458514	0.0000000	0.0000000
6950.0054985	8650.0009853	8649.8120117	-4.4000801	-0.4000000	0.0000049	3.3264539	1.0589612	0.0000000	0.0000000
6950.0054985	8650.0009853	8649.8120117	-4.5998866	-0.4000000	0.6145325	3.3365332	1.0444440	0.0000000	0.0000000
6950.0054985	8650.0009853	8649.8120117	-4.8000267	-0.4000000	0.0000000	3.3296417	1.0508319	0.0000000	0.0000000
6950.0054985	8650.0009853	8649.8120117	-5.0001668	-0.4000000	0.0000000	3.3188922	1.0480560	0.0000000	0.0000000
