6950.0054985	8650.0009853	8649.8120117	2.0000667	-3.1999066	0.0001727	3.3874445	1.0450122	0.0000000	-3.2000000
6950.0054985	8650.0009853	8649.8120117	1.7999266	-3.2000000	0.0000000	3.4247620	1.0183813	0.0000000	0.0000000
6950.0054985	8650.0009853	8649.8120117	1.6001201	-3.2000000	0.1556482	3.4146014	1.0267407	0.0000000	0.0000000
6950.0054985	8650.0009853	8649.8120117	1.3999800	-3.2000000	0.0018304	3.3818475	1.0557928	0.0000000	0.0000000
6950.0054985	8650.0009853	8649.8120117	1.1998399	-3.2000000	0.0000000	3.3957410	1.0507971	0.0000000	0.0000000
6950.0054985	8650.0009853	8649.8120117	1.0000334	-3.2000000	0.0000000	3.3964233	1.0501794	0.0000000	0.0000000
6950.0054985	8650.0009853	8649.8120117	0.7998933	-3.2000000	0.0180579	3.4052301	1.0560980	0.0000000	0.0000000
6950.0054985	8650.0009853	8649.8120117	0.6000867	-3.2000000	0.0000000	3.3883966	1.0724963	0.0000000	0.0000000
6950.0054985	8650.0009853	8649.8120117	0.3999466	-3.2000000	0.0320496	3.3678125	1.0658386	0.0000000	0.0000000
6950.0054985	8650.0009853	8649.8120117	0.2001401	-3.2000000	0.0000116	3.3399976	1.0659894	0.0000000	0.0000000
6950.0054985	8650.0009853	8649.8120117	0.0000000	-3.2000000	0.0000159	3.4053235	1.0448218	0.0000000	0.0000000
6950.0054985	8650.0009853	8649.8120117	-0.2001401	-3.2000000	0.0000000	3.3820264	1.0582397	0.0000000	0.0000000
6950.0054985	8650.0009853	8649.8120117	-0.3999466	-3.2000000	0.0000000	3.3889056	1.0554517	0.0000000	0.0000000
6950.0054985	8650.0009853	8649.8120117	-0.6000867	-3.2000000	0.0000000	3.3967786	1.0545508	0.0000000	0.0000000
6950.0054985	8650.0009853	8649.8120117	-0.7998933	-3.2000000	0.0000000	3.3677185	1.0529034	0.0000000	0.0000000
6950.0054985	8650.0009853	8649.8120117	-1.0000334	-3.2000000	0.1261530	3.4044580	1.0388000	0.0000000	0.0000000
6950.0054985	8650.0009853	8649.8120117	-1.1998399	-3.2000000	0.0000848	3.3930609	1.0409851	0.0000000	0.0000000
6950.0054985	8650.0009853	8649.8120117	-1.3999800	-3.2000000	0.0147742	3.3807666	1.0497729	0.0000000	0.0000000
6950.0054985	8650.0009853	8649.8120117	-1.6001201	-3.2000000	0.6533710	3.3729108	1.0632788	0.0000000	0.0000000
6950.0054985	8650.0009853	8649.8120117	-1.7999266	-3.2000000	0.5008710	3.3423999	1.0752631	0.0000000	0.0000000
6950.0054985	8650.0009853	8649.8120117	-2.0000667	-3.2000000	0.9423816	3.3641302	1.0583295	0.0000000	0.0000000
6950.0054985	8650.0009853	8649.8120117	-2.1998732	-3.2000000	2.7569550	3.3964209	1.0603497	0.0000000	0.0000000
6950.0054985	8650.0009853	8649.8120117	-2.4000133	-3.2000000	4.0552557	3.4068134	1.0588611	0.0000000	0.0000000
6950.0054985	8650.0009853	8649.8120117	-2.6001534	-3.2000000	4.4313727	3.3640015	1.0684790	0.0000000	0.0000000
6950.0054985	8650.0009853	8649.8120117	-2.7999600	-3.2000000	5.5773950	3.3713336	1.0551306	0.0000000	0.0000000
6950.0054985	8650.0009853	8649.8120117	-3.0001001	-3.2000000	7.9878052	3.3936078	1.0615198	0.0000000	0.0000000
6950.0054985	8650.0009853	8649.8120117	-3.1999066	-3.2000000	6.7474023	3.3977588	1.0476196	0.0000000	0.0000000
6950.0054985	8650.0009853	8649.8120117	-3.4000467	-3.2000000	7.6798523	3.3882922	1.0444617	0.0000000	0.0000000
6950.0054985	8650.0009853	8649.8120117	-3.5998532	-3.2000000	4.8691766	3.3763452	1.0520142	0.0000000	0.0000000
6950.0054985	8650.0009853	8649.8120117	-3.7999933	-3.2000000	3.5150946	3.3748553	1.0673230	0.0000000	0.0000000
6950.0054985	8650.0009853	8649.8120117	-4.0001334	-3.2000000	2.2833112	3.3642340	1.0474805	0.0000000	0.0000000
6950.0054985	8650.0009853	8649.8120117	-4.1999400	-3.2000000	1.8691272	3.3704968	1.0515167	0.0000000	0.0000000
6950.0054985	8650.0009853	8649.8120117	-4.4000801	-3.2000000	1.5164508	3.3834180	1.0625391	0.0000000	0.0000000
6950.0054985	8650.0009853	8649.8120117	-4.5998866	-3.2000000	0.5623889	3.3748981	1.0483142	0.0000000	0.0000000
6950.0054985	8650.0009853	8649.8120117	-4.8000267	-3.2000000	0.0869049	3.3908282	1.0415833	0.0000000	0.0000000
6950.0054985	8650.0009853	8649.8120117	-5.0001668	-3.2000000	0.0018591	3.3692426	1.0503094	0.0000000	0.0000000
