6950.0054985	8650.0009853	8649.8120117	2.0000667	-1.7999266	0.0000000	3.3555414	1.0213538	0.0000000	-1.8000000
6950.0054985	8650.0009853	8649.8120117	1.7999266	-1.8000000	0.1057434	3.3265906	1.0188617	0.0000000	0.0000000
6950.0054985	8650.0009853	8649.8120117	1.6001201	-1.8000000	0.0000000	3.3110937	1.0173950	0.0000000	0.0000000
6950.0054985	8650.0009853	8649.8120117	1.3999800	-1.8000000	0.0000000	3.3007715	1.0245404	0.0000000	0.0000000
6950.0054985	8650.0009853	8649.8120117	1.1998399	-1.8000000	0.0000000	3.3874152	1.0167816	0.0000000	0.0000000
6950.0054985	8650.0009853	8649.8120117	1.0000334	-1.8000000	0.0000177	3.3789258	1.0335107	0.0000000	0.0000000
6950.0054985	8650.0009853	8649.8120117	0.7998933	-1.8000000	0.3234692	3.3265900	1.0203510	0.0000000	0.0000000
6950.0054985	8650.0009853	8649.8120117	0.6000867	-1.8000000	0.0000000	3.3233435	1.0127380	0.0000000	0.0000000
6950.0054985	8650.0009853	8649.8120117	0.3999466	-1.8000000	0.0000122	3.3761212	1.0275049	0.0000000	0.0000000
6950.0054985	8650.0009853	8649.8120117	0.2001401	-1.8000000	0.0022729	3.3362531	1.0254608	0.0000000	0.0000000
6950.0054985	8650.0009853	8649.8120117	0.0000000	-1.8000000	0.0623065	3.3223914	1.0160944	0.0000000	0.0000000
6950.0054985	8650.0009853	8649.8120117	-0.2001401	-1.8000000	0.5295386	3.3314539	1.0041193	0.0000000	0.0000000
6950.0054985	8650.0009853	8649.8120117	-0.3999466	-1.8000000	0.6105139	3.3338208	1.0081793	0.0000000	0.0000000
6950.0054985	8650.0009853	8649.8120117	-0.6000867	-1.8000000	1.1154114	3.3496149	1.0220905	0.0000000	0.0000000
6950.0054985	8650.0009853	8649.8120117	-0.7998933	-1.8000000	1.5338025	3.3503979	1.0074396	0.0000000	0.0000000
6950.0054985	8650.0009853	8649.8120117	-1.0000334	-1.8000000	2.9740118	3.3624823	1.0183417	0.0000000	0.0000000
6950.0054985	8650.0009853	8649.8120117	-1.1998399	-1.8000000	5.6161188	3.3264886	1.0186560	0.0000000	0.0000000
6950.0054985	8650.0009853	8649.8120117	-1.3999800	-1.8000000	5.7375427	3.3226099	1.0216278	0.0000000	0.0000000
6950.0054985	8650.0009853	8649.8120117	-1.6001201	-1.8000000	6.2417651	3.3317383	1.0053455	0.0000000	0.0000000
6950.0054985	8650.0009853	8649.8120117	-1.7999266	-1.8000000	8.4997150	3.3755786	1.0227344	0.0000000	0.0000000
6950.0054985	8650.0009853	8649.8120117	-2.0000667	-1.8000000	6.8261682	3.3398511	1.0268011	0.0000000	0.0000000
6950.0054985	8650.0009853	8649.8120117	-2.1998732	-1.8000000	4.3793524	3.3475140	1.0159039	0.0000000	0.0000000
6950.0054985	8650.0009853	8649.8120117	-2.4000133	-1.8000000	3.8940753	3.3244385	1.0326385	0.0000000	0.0000000
6950.0054985	8650.0009853	8649.8120117	-2.6001534	-1.8000000	3.5097205	3.3051758	1.0234320	0.0000000	0.0000000
6950.0054985	8650.0009853	8649.8120117	-2.7999600	-1.8000000	1.5710010	3.3148029	1.0184247	0.0000000	0.0000000
6950.0054985	8650.0009853	8649.8120117	-3.0001001	-1.8000000	0.7545020	3.3496887	1.0290131	0.0000000	0.0000000
6950.0054985	8650.0009853	8649.8120117	-3.1999066	-1.8000000	0.6674030	3.3716608	1.0238348	0.0000000	0.0000000
6950.0054985	8650.0009853	8649.8120117	-3.4000467	-1.8000000	0.0743732	3.3344019	1.0332446	0.0000000	0.0000000
6950.0054985	8650.0009853	8649.8120117	-3.5998532	-1.8000000	0.0128778	3.3511469	1.0318439	0.0000000	0.0000000
6950.0054985	8650.0009853	8649.8120117	-3.7999933	-1.8000000	0.0696240	3.3699915	1.0323279	0.0000000	0.0000000
6950.0054985	8650.0009853	8649.8120117	-4.0001334	-1.8000000	0.0001221	3.3694165	1.0306494	0.0000000	0.0000000
6950.0054985	8650.0009853	8649.8120117	-4.1999400	-1.8000000	0.0000000	3.3602051	1.0194495	0.0000000	0.0000000
6950.0054985	8650.0009853	8649.8120117	-4.4000801	-1.8000000	0.6888202	3.3446637	1.0241888	0.0000000	0.0000000
6950.0054985	8650.0009853	8649.8120117	-4.5998866	-1.8000000	0.0000000	3.3528986	1.0524213	0.0000000	0.0000000
6950.0054985	8650.0009853	8649.8120117	-4.8000267	-1.8000000	0.0000000	3.3827057	1.0270447	0.0000000	0.0000000
6950.0054985	8650.0009853	8649.8120117	-5.0001668	-1.8000000	0.0440070	3.3553076	1.0105829	0.0000000	0.0000000
