0.000000	1438.848921	1.000000	1438.848921	1.000000	6950.317946	200.022812	0.000000	200.047462	0.000000	-0.000256	-0.000027	-0.003838	-0.000196	NaN	NaN	NaN	NaN	NaN
1.000000	1438.848921	1.000000	1438.848921	1.000000	6950.317946	200.022812	0.000000	500.055009	0.000000	0.007255	-0.000026	-0.000061	-0.000208	NaN	NaN	NaN	NaN	NaN
3.000000	1438.848921	1.000000	1438.848921	1.000000	6950.317946	180.075679	0.000000	180.033616	0.000000	0.005187	-0.000025	-0.000788	-0.000195	NaN	NaN	NaN	NaN	NaN
4.000000	1438.848921	1.000000	1438.848921	1.000000	6950.317946	170.068756	0.000000	170.026693	0.000000	0.008431	-0.000026	0.000701	-0.000200	NaN	NaN	NaN	NaN	NaN
5.000000	1438.848921	1.000000	1438.848921	1.000000	6950.317946	160.128546	0.000000	160.086483	0.000000	0.014288	-0.000024	0.003640	-0.000208	NaN	NaN	NaN	NaN	NaN
6.000000	1438.848921	1.000000	1438.848921	1.000000	6950.317946	150.054911	0.000000	150.079560	0.000000	0.016472	-0.000026	0.004572	-0.000210	NaN	NaN	NaN	NaN	NaN
7.000000	1438.848921	1.000000	1438.848921	1.000000	6950.317946	140.047988	0.000000	140.005925	0.000000	0.006431	-0.000028	-0.000206	-0.000193	NaN	NaN	NaN	NaN	NaN
8.000000	1438.848921	1.000000	1438.848921	1.000000	6950.317946	129.974352	0.000000	130.132427	0.000000	0.014785	-0.000027	0.003854	-0.000196	NaN	NaN	NaN	NaN	NaN
9.000000	1438.848921	1.000000	1438.848921	1.000000	6950.317946	119.967429	0.000000	120.058792	0.000000	0.003739	-0.000027	-0.001492	-0.000205	NaN	NaN	NaN	NaN	NaN
10.000000	1438.848921	1.000000	1438.848921	1.000000	6950.317946	110.027219	0.000000	110.051869	0.000000	0.009759	-0.000027	0.001603	-0.000211	NaN	NaN	NaN	NaN	NaN
11.000000	1438.848921	1.000000	1438.848921	1.000000	6950.317946	100.020296	0.000000	99.978233	0.000000	0.013379	-0.000027	0.002934	-0.000198	NaN	NaN	NaN	NaN	NaN
12.000000	1438.848921	1.000000	1438.848921	1.000000	6950.317946	90.080086	0.000000	90.104736	0.000000	0.009159	-0.000025	0.000970	-0.000204	NaN	NaN	NaN	NaN	NaN
13.000000	1438.848921	1.000000	1438.848921	1.000000	6950.317946	80.073163	0.000000	80.031100	0.000000	0.021051	-0.000027	0.006486	-0.000194	NaN	NaN	NaN	NaN	NaN
14.000000	1438.848921	1.000000	1438.848921	1.000000	6950.317946	69.999528	0.000000	70.024177	0.000000	0.026146	-0.000027	0.009228	-0.000199	NaN	NaN	NaN	NaN	NaN
15.000000	1438.848921	1.000000	1438.848921	1.000000	6950.317946	60.126031	0.000000	60.083967	0.000000	0.034660	-0.000025	0.013413	-0.000209	NaN	NaN	NaN	NaN	NaN
16.000000	1438.848921	1.000000	1438.848921	1.000000	6950.317946	50.052395	0.000000	50.077044	0.000000	0.033476	-0.000025	0.012792	-0.000202	NaN	NaN	NaN	NaN	NaN
17.000000	1438.848921	1.000000	1438.848921	1.000000	6950.317946	40.045472	0.000000	40.003409	0.000000	0.037579	-0.000025	0.014763	-0.000186	NaN	NaN	NaN	NaN	NaN
18.000000	1438.848921	1.000000	1438.848921	1.000000	6950.317946	30.105262	0.000000	30.129912	0.000000	0.050775	-0.000025	0.021173	-0.000187	NaN	NaN	NaN	NaN	NaN
19.000000	1438.848921	1.000000	1438.848921	1.000000	6950.317946	20.098339	0.000000	20.056276	0.000000	0.061474	-0.000027	0.026598	-0.000193	NaN	NaN	NaN	NaN	NaN
20.000000	1438.848921	1.000000	1438.848921	1.000000	6950.317946	10.024703	0.000000	10.049353	0.000000	0.091194	-0.000025	0.041020	-0.000206	NaN	NaN	NaN	NaN	NaN
21.000000	1438.848921	1.000000	1438.848921	1.000000	6950.317946	0.017781	0.000000	0.109143	0.000000	0.123639	-0.000025	0.056779	-0.000208	NaN	NaN	NaN	NaN	NaN
22.000000	1438.848921	1.000000	1438.848921	1.000000	6950.317946	-9.922429	0.000000	-9.897780	0.000000	0.174991	-0.000025	0.081505	-0.000220	NaN	NaN	NaN	NaN	NaN
23.000000	1438.848921	1.000000	1438.848921	1.000000	6950.317946	-19.929352	0.000000	-19.971416	0.000000	0.213036	-0.000023	0.100190	-0.000210	NaN	NaN	NaN	NaN	NaN
24.000000	1438.848921	1.000000	1438.848921	1.000000	6950.317946	-30.002988	0.000000	-29.978338	0.000000	0.250088	-0.000022	0.118186	-0.000226	NaN	NaN	NaN	NaN	NaN
25.000000	1438.848921	1.000000	1438.848921	1.000000	6950.317946	-39.876485	0.000000	-39.918548	0.000000	0.284102	-0.000021	0.134315	-0.000209	NaN	NaN	NaN	NaN	NaN
26.000000	1438.848921	1.000000	1438.848921	1.000000	6950.317946	-49.950121	0.000000	-49.925471	0.000000	0.283124	-0.000022	0.133953	-0.000223	NaN	NaN	NaN	NaN	NaN
27.000000	1438.848921	1.000000	1438.848921	1.000000	6950.317946	-59.957044	0.000000	-59.999107	0.000000	0.284141	-0.000022	0.134256	-0.000213	NaN	NaN	NaN	NaN	NaN
28.000000	1438.848921	1.000000	1438.848921	1.000000	6950.317946	-69.897254	0.000000	-69.939317	0.000000	0.290342	-0.000022	0.137498	-0.000216	NaN	NaN	NaN	NaN	NaN
29.000000	1438.848921	1.000000	1438.848921	1.000000	6950.317946	-79.904177	0.000000	-79.946240	0.000000	0.270848	-0.000023	0.128197	-0.000223	NaN	NaN	NaN	NaN	NaN
30.000000	1438.848921	1.000000	1438.848921	1.000000	6950.317946	-89.977812	0.000000	-89.953163	0.000000	0.303513	-0.000021	0.143198	-0.000220	NaN	NaN	NaN	NaN	NaN
31.000000	1438.848921	1.000000	1438.848921	1.000000	6950.317946	-99.918022	0.000000	-99.893373	0.000000	0.302054	-0.000022	0.142849	-0.000213	NaN	NaN	NaN	NaN	NaN
32.000000	1438.848921	1.000000	1438.848921	1.000000	6950.317946	-109.924945	0.000000	-109.967008	0.000000	0.299501	-0.000021	0.141722	-0.000217	NaN	NaN	NaN	NaN	NaN
33.000000	1438.848921	1.000000	1438.848921	1.000000	6950.317946	-119.931868	0.000000	-119.973931	0.000000	0.295296	-0.000021	0.139574	-0.000218	NaN	NaN	NaN	NaN	NaN
34.000000	1438.848921	1.000000	1438.848921	1.000000	6950.317946	-129.872078	0.000000	-129.914141	0.000000	0.290851	-0.000022	0.137525	-0.000224	NaN	NaN	NaN	NaN	NaN
35.000000	1438.848921	1.000000	1438.848921	1.000000	6950.317946	-139.945714	0.000000	-139.921064	0.000000	0.296054	-0.000021	0.139904	-0.000211	NaN	NaN	NaN	NaN	NaN
36.000000	1438.848921	1.000000	1438.848921	1.000000	6950.317946	-149.952637	0.000000	-149.994700	0.000000	0.276554	-0.000022	0.130832	-0.000228	NaN	NaN	NaN	NaN	NaN
37.000000	1438.848921	1.000000	1438.848921	1.000000	6950.317946	-159.959559	0.000000	-160.001623	0.000000	0.276884	-0.000022	0.131562	-0.000221	NaN	NaN	NaN	NaN	NaN
38.000000	1438.848921	1.000000	1438.848921	1.000000	6950.317946	-169.899769	0.000000	-169.941833	0.000000	0.263143	-0.000022	0.123929	-0.000220	NaN	NaN	NaN	NaN	NaN
39.000000	1438.848921	1.000000	1438.848921	1.000000	6950.317946	-179.973405	0.000000	-179.948756	0.000000	0.254774	-0.000023	0.120690	-0.000199	NaN	NaN	NaN	NaN	NaN
40.000000	1438.848921	1.000000	1438.848921	1.000000	6950.317946	-189.980328	0.000000	-190.022391	0.000000	0.255234	-0.000021	0.120644	-0.000205	NaN	NaN	NaN	NaN	NaN
41.000000	1438.848921	1.000000	1438.848921	1.000000	6950.317946	-199.920538	0.000000	-199.895889	0.000000	0.238118	-0.000021	0.111878	-0.000210	NaN	NaN	NaN	NaN	NaN
42.000000	1438.848921	1.000000	1438.848921	1.000000	6950.317946	-209.927461	0.000000	-209.969524	0.000000	0.236693	-0.000022	0.110876	-0.000219	NaN	NaN	NaN	NaN	NaN
43.000000	1438.848921	1.000000	1438.848921	1.000000	6950.317946	-220.001097	0.000000	-219.976447	0.000000	0.243574	-0.000022	0.114543	-0.000230	NaN	NaN	NaN	NaN	NaN
44.000000	1438.848921	1.000000	1438.848921	1.000000	6950.317946	-229.874594	0.000000	-229.916657	0.000000	0.245203	-0.000022	0.115873	-0.000221	NaN	NaN	NaN	NaN	NaN
45.000000	1438.848921	1.000000	1438.848921	1.000000	6950.317946	-239.948229	0.000000	-239.923580	0.000000	0.246489	-0.000023	0.116139	-0.000211	NaN	NaN	NaN	NaN	NaN
46.000000	1438.848921	1.000000	1438.848921	1.000000	6950.317946	-249.955152	0.000000	-249.997216	0.000000	0.241291	-0.000025	0.113503	-0.000225	NaN	NaN	NaN	NaN	NaN
47.000000	1438.848921	1.000000	1438.848921	1.000000	6950.317946	-260.028788	0.000000	-259.870713	0.000000	0.231021	-0.000023	0.108012	-0.000216	NaN	NaN	NaN	NaN	NaN
48.000000	1438.848921	1.000000	1438.848921	1.000000	6950.317946	-269.902285	0.000000	-269.944348	0.000000	0.233936	-0.000023	0.109792	-0.000225	NaN	NaN	NaN	NaN	NaN
49.000000	1438.848921	1.000000	1438.848921	1.000000	6950.317946	-279.975921	0.000000	-279.951271	0.000000	0.227405	-0.000022	0.106394	-0.000211	NaN	NaN	NaN	NaN	NaN
50.000000	1438.848921	1.000000	1438.848921	1.000000	6950.317946	-289.982844	0.000000	-289.891481	0.000000	0.218591	-0.000024	0.102796	-0.000212	NaN	NaN	NaN	NaN	NaN
51.000000	1438.848921	1.000000	1438.848921	1.000000	6950.317946	-299.923054	0.000000	-299.898404	0.000000	0.219838	-0.000021	0.103668	-0.000214	NaN	NaN	NaN	NaN	NaN
52.000000	1438.848921	1.000000	1438.848921	1.000000	6950.317946	-309.929977	0.000000	-309.972040	0.000000	0.219025	-0.000023	0.102855	-0.000214	NaN	NaN	NaN	NaN	NaN
53.000000	1438.848921	1.000000	1438.848921	1.000000	6950.317946	-320.003612	0.000000	-319.845537	0.000000	0.223450	-0.000023	0.104521	-0.000214	NaN	NaN	NaN	NaN	NaN
54.000000	1438.848921	1.000000	1438.848921	1.000000	6950.317946	-329.877110	0.000000	-329.919173	0.000000	0.217811	-0.000022	0.102059	-0.000223	NaN	NaN	NaN	NaN	NaN
55.000000	1438.848921	1.000000	1438.848921	1.000000	6950.317946	-339.950745	0.000000	-339.926096	0.000000	0.219912	-0.000022	0.102859	-0.000221	NaN	NaN	NaN	NaN	NaN
56.000000	1438.848921	1.000000	1438.848921	1.000000	6950.317946	-349.957668	0.000000	-349.999731	0.000000	0.216575	-0.000022	0.101991	-0.000216	NaN	NaN	NaN	NaN	NaN
57.000000	1438.848921	1.000000	1438.848921	1.000000	6950.317946	-359.897878	0.000000	-359.873229	0.000000	0.219771	-0.000023	0.103118	-0.000219	NaN	NaN	NaN	NaN	NaN
58.000000	1438.848921	1.000000	1438.848921	1.000000	6950.317946	-369.904801	0.000000	-369.946864	0.000000	0.222234	-0.000024	0.103902	-0.000219	NaN	NaN	NaN	NaN	NaN
59.000000	1438.848921	1.000000	1438.848921	1.000000	6950.317946	-379.978437	0.000000	-379.953787	0.000000	0.215576	-0.000024	0.101538	-0.000215	NaN	NaN	NaN	NaN	NaN
60.000000	1438.848921	1.000000	1438.848921	1.000000	6950.317946	-389.918647	0.000000	-389.893997	0.000000	0.218493	-0.000022	0.102660	-0.000214	NaN	NaN	NaN	NaN	NaN
61.000000	1438.848921	1.000000	1438.848921	1.000000	6950.317946	-399.925570	0.000000	-399.967633	0.000000	0.224010	-0.000021	0.105547	-0.000221	NaN	NaN	NaN	NaN	NaN
