0.000000	1503.759398	1.000000	1503.759398	1.000000	6650.255167	199.973632	0.000000	200.122031	0.000000	0.007359	-0.000027	0.000209	-0.000193	NaN	NaN	NaN	NaN	NaN
2.000000	1503.759398	1.000000	1503.759398	1.000000	6650.255167	190.100134	0.000000	190.115109	0.000000	-0.000435	-0.000025	-0.003650	-0.000197	NaN	NaN	NaN	NaN	NaN
3.000000	1503.759398	1.000000	1503.759398	1.000000	6650.255167	179.959786	0.000000	180.041473	0.000000	0.019169	-0.000025	0.005929	-0.000200	NaN	NaN	NaN	NaN	NaN
4.000000	1503.759398	1.000000	1503.759398	1.000000	6650.255167	170.019576	0.000000	170.034550	0.000000	0.001342	-0.000026	-0.002622	-0.000188	NaN	NaN	NaN	NaN	NaN
5.000000	1503.759398	1.000000	1503.759398	1.000000	6650.255167	159.945940	0.000000	160.094340	0.000000	0.017834	-0.000023	0.005200	-0.000186	NaN	NaN	NaN	NaN	NaN
6.000000	1503.759398	1.000000	1503.759398	1.000000	6650.255167	150.072443	0.000000	150.087417	0.000000	0.009585	-0.000024	0.001118	-0.000195	NaN	NaN	NaN	NaN	NaN
7.000000	1503.759398	1.000000	1503.759398	1.000000	6650.255167	139.998807	0.000000	140.013781	0.000000	0.000737	-0.000025	-0.002976	-0.000196	NaN	NaN	NaN	NaN	NaN
8.000000	1503.759398	1.000000	1503.759398	1.000000	6650.255167	130.125310	0.000000	130.073571	0.000000	0.019814	-0.000026	0.006142	-0.000187	NaN	NaN	NaN	NaN	NaN
9.000000	1503.759398	1.000000	1503.759398	1.000000	6650.255167	120.051674	0.000000	120.066649	0.000000	0.000960	-0.000025	-0.002582	-0.000179	NaN	NaN	NaN	NaN	NaN
10.000000	1503.759398	1.000000	1503.759398	1.000000	6650.255167	110.044752	0.000000	110.059726	0.000000	0.006804	-0.000027	-0.000291	-0.000197	NaN	NaN	NaN	NaN	NaN
11.000000	1503.759398	1.000000	1503.759398	1.000000	6650.255167	100.104542	0.000000	100.119516	0.000000	0.003469	-0.000025	-0.001728	-0.000195	NaN	NaN	NaN	NaN	NaN
12.000000	1503.759398	1.000000	1503.759398	1.000000	6650.255167	90.097619	0.000000	90.045880	0.000000	0.000896	-0.000025	-0.003057	-0.000191	NaN	NaN	NaN	NaN	NaN
13.000000	1503.759398	1.000000	1503.759398	1.000000	6650.255167	80.023983	0.000000	80.038957	0.000000	0.017150	-0.000027	0.004878	-0.000198	NaN	NaN	NaN	NaN	NaN
14.000000	1503.759398	1.000000	1503.759398	1.000000	6650.255167	70.017060	0.000000	70.098747	0.000000	0.013861	-0.000025	0.003479	-0.000191	NaN	NaN	NaN	NaN	NaN
15.000000	1503.759398	1.000000	1503.759398	1.000000	6650.255167	60.076850	0.000000	60.091824	0.000000	0.022555	-0.000026	0.007473	-0.000187	NaN	NaN	NaN	NaN	NaN
16.000000	1503.759398	1.000000	1503.759398	1.000000	6650.255167	50.069927	0.000000	50.018189	0.000000	0.038222	-0.000025	0.015123	-0.000187	NaN	NaN	NaN	NaN	NaN
17.000000	1503.759398	1.000000	1503.759398	1.000000	6650.255167	39.996292	0.000000	40.011266	0.000000	0.027635	-0.000027	0.010069	-0.000202	NaN	NaN	NaN	NaN	NaN
18.000000	1503.759398	1.000000	1503.759398	1.000000	6650.255167	30.122794	0.000000	30.071056	0.000000	0.036026	-0.000026	0.014248	-0.000194	NaN	NaN	NaN	NaN	NaN
19.000000	1503.759398	1.000000	1503.759398	1.000000	6650.255167	20.049159	0.000000	20.064133	0.000000	0.051535	-0.000026	0.021526	-0.000216	NaN	NaN	NaN	NaN	NaN
20.000000	1503.759398	1.000000	1503.759398	1.000000	6650.255167	10.042236	0.000000	9.990497	0.000000	0.074505	-0.000024	0.032413	-0.000209	NaN	NaN	NaN	NaN	NaN
21.000000	1503.759398	1.000000	1503.759398	1.000000	6650.255167	0.102026	0.000000	0.117000	0.000000	0.097086	-0.000024	0.043924	-0.000195	NaN	NaN	NaN	NaN	NaN
22.000000	1503.759398	1.000000	1503.759398	1.000000	6650.255167	-9.971610	0.000000	-9.956636	0.000000	0.130659	-0.000024	0.060082	-0.000205	NaN	NaN	NaN	NaN	NaN
23.000000	1503.759398	1.000000	1503.759398	1.000000	6650.255167	-19.978533	0.000000	-19.963559	0.000000	0.159506	-0.000024	0.074390	-0.000216	NaN	NaN	NaN	NaN	NaN
24.000000	1503.759398	1.000000	1503.759398	1.000000	6650.255167	-29.985456	0.000000	-29.903769	0.000000	0.217072	-0.000021	0.101852	-0.000207	NaN	NaN	NaN	NaN	NaN
25.000000	1503.759398	1.000000	1503.759398	1.000000	6650.255167	-39.925666	0.000000	-39.910691	0.000000	0.266161	-0.000023	0.126330	-0.000217	NaN	NaN	NaN	NaN	NaN
26.000000	1503.759398	1.000000	1503.759398	1.000000	6650.255167	-49.999301	0.000000	-49.984327	0.000000	0.325203	-0.000024	0.154275	-0.000230	NaN	NaN	NaN	NaN	NaN
27.000000	1503.759398	1.000000	1503.759398	1.000000	6650.255167	-59.872799	0.000000	-59.857824	0.000000	0.341252	-0.000020	0.161253	-0.000222	NaN	NaN	NaN	NaN	NaN
28.000000	1503.759398	1.000000	1503.759398	1.000000	6650.255167	-69.946434	0.000000	-69.931460	0.000000	0.327538	-0.000021	0.155381	-0.000227	NaN	NaN	NaN	NaN	NaN
29.000000	1503.759398	1.000000	1503.759398	1.000000	6650.255167	-79.953357	0.000000	-79.938383	0.000000	0.337834	-0.000021	0.160137	-0.000217	NaN	NaN	NaN	NaN	NaN
30.000000	1503.759398	1.000000	1503.759398	1.000000	6650.255167	-90.026993	0.000000	-90.012019	0.000000	0.307697	-0.000021	0.145460	-0.000232	NaN	NaN	NaN	NaN	NaN
31.000000	1503.759398	1.000000	1503.759398	1.000000	6650.255167	-99.900490	0.000000	-99.885516	0.000000	0.315399	-0.000022	0.149849	-0.000221	NaN	NaN	NaN	NaN	NaN
32.000000	1503.759398	1.000000	1503.759398	1.000000	6650.255167	-109.974126	0.000000	-109.959151	0.000000	0.304079	-0.000021	0.144321	-0.000218	NaN	NaN	NaN	NaN	NaN
33.000000	1503.759398	1.000000	1503.759398	1.000000	6650.255167	-119.981049	0.000000	-119.966074	0.000000	0.296834	-0.000020	0.140787	-0.000213	NaN	NaN	NaN	NaN	NaN
34.000000	1503.759398	1.000000	1503.759398	1.000000	6650.255167	-129.921259	0.000000	-129.906284	0.000000	0.322732	-0.000020	0.152556	-0.000211	NaN	NaN	NaN	NaN	NaN
35.000000	1503.759398	1.000000	1503.759398	1.000000	6650.255167	-139.928181	0.000000	-139.913207	0.000000	0.293249	-0.000022	0.139107	-0.000222	NaN	NaN	NaN	NaN	NaN
36.000000	1503.759398	1.000000	1503.759398	1.000000	6650.255167	-150.001817	0.000000	-149.986843	0.000000	0.327472	-0.000022	0.154594	-0.000221	NaN	NaN	NaN	NaN	NaN
37.000000	1503.759398	1.000000	1503.759398	1.000000	6650.255167	-159.875314	0.000000	-159.927053	0.000000	0.320514	-0.000021	0.151936	-0.000232	NaN	NaN	NaN	NaN	NaN
38.000000	1503.759398	1.000000	1503.759398	1.000000	6650.255167	-169.948950	0.000000	-169.933976	0.000000	0.312989	-0.000020	0.148645	-0.000209	NaN	NaN	NaN	NaN	NaN
39.000000	1503.759398	1.000000	1503.759398	1.000000	6650.255167	-179.955873	0.000000	-179.940899	0.000000	0.310053	-0.000022	0.147217	-0.000226	NaN	NaN	NaN	NaN	NaN
40.000000	1503.759398	1.000000	1503.759398	1.000000	6650.255167	-189.896083	0.000000	-189.881109	0.000000	0.277932	-0.000022	0.130994	-0.000213	NaN	NaN	NaN	NaN	NaN
41.000000	1503.759398	1.000000	1503.759398	1.000000	6650.255167	-199.903006	0.000000	-199.954744	0.000000	0.285014	-0.000020	0.135096	-0.000222	NaN	NaN	NaN	NaN	NaN
42.000000	1503.759398	1.000000	1503.759398	1.000000	6650.255167	-209.976641	0.000000	-209.961667	0.000000	0.263056	-0.000021	0.124268	-0.000216	NaN	NaN	NaN	NaN	NaN
43.000000	1503.759398	1.000000	1503.759398	1.000000	6650.255167	-219.850139	0.000000	-219.901877	0.000000	0.261884	-0.000022	0.123848	-0.000217	NaN	NaN	NaN	NaN	NaN
44.000000	1503.759398	1.000000	1503.759398	1.000000	6650.255167	-229.923774	0.000000	-229.908800	0.000000	0.263736	-0.000021	0.124635	-0.000216	NaN	NaN	NaN	NaN	NaN
45.000000	1503.759398	1.000000	1503.759398	1.000000	6650.255167	-239.930697	0.000000	-239.982436	0.000000	0.266073	-0.000022	0.125528	-0.000215	NaN	NaN	NaN	NaN	NaN
46.000000	1503.759398	1.000000	1503.759398	1.000000	6650.255167	-250.004333	0.000000	-249.989359	0.000000	0.264301	-0.000020	0.124580	-0.000228	NaN	NaN	NaN	NaN	NaN
47.000000	1503.759398	1.000000	1503.759398	1.000000	6650.255167	-259.877830	0.000000	-259.929569	0.000000	0.255809	-0.000021	0.120252	-0.000222	NaN	NaN	NaN	NaN	NaN
48.000000	1503.759398	1.000000	1503.759398	1.000000	6650.255167	-269.951466	0.000000	-269.936492	0.000000	0.257444	-0.000021	0.121198	-0.000218	NaN	NaN	NaN	NaN	NaN
49.000000	1503.759398	1.000000	1503.759398	1.000000	6650.255167	-279.958389	0.000000	-280.010127	0.000000	0.253301	-0.000020	0.119776	-0.000216	NaN	NaN	NaN	NaN	NaN
50.000000	1503.759398	1.000000	1503.759398	1.000000	6650.255167	-289.898599	0.000000	-289.883624	0.000000	0.244706	-0.000022	0.114936	-0.000222	NaN	NaN	NaN	NaN	NaN
51.000000	1503.759398	1.000000	1503.759398	1.000000	6650.255167	-299.905521	0.000000	-299.957260	0.000000	0.244762	-0.000021	0.115720	-0.000228	NaN	NaN	NaN	NaN	NaN
52.000000	1503.759398	1.000000	1503.759398	1.000000	6650.255167	-309.979157	0.000000	-309.964183	0.000000	0.238909	-0.000021	0.112791	-0.000220	NaN	NaN	NaN	NaN	NaN
53.000000	1503.759398	1.000000	1503.759398	1.000000	6650.255167	-319.919367	0.000000	-319.904393	0.000000	0.242895	-0.000022	0.114287	-0.000221	NaN	NaN	NaN	NaN	NaN
54.000000	1503.759398	1.000000	1503.759398	1.000000	6650.255167	-329.926290	0.000000	-329.911316	0.000000	0.242931	-0.000022	0.113979	-0.000216	NaN	NaN	NaN	NaN	NaN
55.000000	1503.759398	1.000000	1503.759398	1.000000	6650.255167	-339.933213	0.000000	-339.984952	0.000000	0.237822	-0.000023	0.111691	-0.000221	NaN	NaN	NaN	NaN	NaN
56.000000	1503.759398	1.000000	1503.759398	1.000000	6650.255167	-349.873423	0.000000	-349.858449	0.000000	0.230209	-0.000020	0.108726	-0.000215	NaN	NaN	NaN	NaN	NaN
57.000000	1503.759398	1.000000	1503.759398	1.000000	6650.255167	-359.947059	0.000000	-359.932084	0.000000	0.234843	-0.000020	0.110003	-0.000219	NaN	NaN	NaN	NaN	NaN
58.000000	1503.759398	1.000000	1503.759398	1.000000	6650.255167	-369.953981	0.000000	-369.939007	0.000000	0.241361	-0.000022	0.113642	-0.000217	NaN	NaN	NaN	NaN	NaN
59.000000	1503.759398	1.000000	1503.759398	1.000000	6650.255167	-380.027617	0.000000	-380.012643	0.000000	0.233452	-0.000023	0.110102	-0.000217	NaN	NaN	NaN	NaN	NaN
60.000000	1503.759398	1.000000	1503.759398	1.000000	6650.255167	-389.901114	0.000000	-389.886140	0.000000	0.232707	-0.000022	0.109369	-0.000227	NaN	NaN	NaN	NaN	NaN
61.000000	1503.759398	1.000000	1503.759398	1.000000	6650.255167	-399.974750	0.000000	-399.959776	0.000000	0.231136	-0.000021	0.109178	-0.000218	NaN	NaN	NaN	NaN	NaN
